2.2836741471353132, -3.3919039892416323, 1.3834958335807874, True
4.266217900508563, 4.053610296797904, 0.49471577900549946, False
2.782453819278217, -3.7281238357077284, -0.0770774940167942, False
-4.7554191643379085, 0.07417333579542529, -2.684996147119277, False
-0.8446089798262131, 1.3223001164952564, -0.210263389511415, False
2.031671085241852, -4.531068669347918, 1.0915353702301829, False
-6.277804982596844, -1.0472048714405249, 0.3148981422846018, False
-5.119201167275081, 5.4185836367675595, 0.19786084250577796, False
1.3231297471826169, -2.655097016716348, -1.3570804450984721, False
-0.35986250790417795, 1.5473987553589996, 2.3317728602876704, False
3.333680413989633, 4.689604726067731, -1.9253176227390443, False
3.5468599389456923, 3.007639797288652, 1.7091851923952772, False
-3.183847053526194, 4.6929316607994185, 2.582579015641225, False
6.038545274780274, 0.28568611712558134, -1.30463356994699, False
-3.1766582338052167, -4.195056085059924, -2.421047539114694, False
-2.03481575349649, 4.539454014701656, -2.1819676498643825, False
-0.3253250267629575, 2.70987798104451, -2.654705329208854, False
3.972530299738743, 0.4457007572090168, -3.120627440102664, True
-3.0651214986768993, -1.6422273250851127, 0.5942388755883568, False
-0.8752316978622545, -2.609455746258049, 0.03673850319728311, False
-0.29910992134492354, -2.896335704227927, -0.004394427351932517, False
0.722523779894396, 6.234286061164523, 1.8265470577506528, False
1.6584204111562482, 5.3288103789539285, 0.2577631978437127, False
2.355705813013948, 2.786795732742833, 0.1847268740770609, False
5.491356433240432, 4.948193471486373, -1.391824082185298, False
-2.910806998624888, 1.9591211445177859, -1.62932912956306, False
2.7786655537551432, 6.220069811759794, -1.8250888574241402, False
-0.48931874504059447, 2.813999976661499, -0.2684265751390349, False
5.363388580835194, -5.3064990625559325, -1.5813838525686459, False
0.70939999289324, 5.187180137276334, 2.4121100579463803, False
1.0358804114960218, -5.263984982599368, -0.8562481962807764, False
-5.9533198316178595, 5.315032207842194, 2.7254673735218544, False
3.7421573428943145, -0.661405541554827, 0.9473769554482621, False
1.9776772956290962, 6.244194885892863, 0.6873888326406572, False
0.7928333066877471, 6.12799984694005, -2.6693509686690837, False
-5.964516798760179, 5.892308926002688, -1.3405969429715974, False
3.6676984752420463, 1.1657874385400024, 1.859454888601447, False
2.1183830601419, -1.1537177780665804, -2.0203947559713202, False
5.661773577947475, 1.071750704691497, 0.5303853488331343, False
2.1415467561252406, 5.010756227683956, -2.5958854252285315, False
-3.5570425231069893, -4.18165041282036, 2.1720534489096712, False
0.4391585026847835, 5.168469001352053, 2.401741678373166, False
0.006076403547992548, 4.458146841642375, 3.0090381995198037, True
2.8351226513474543, -2.601962471545011, 2.416761979951662, False
-0.5109299122810986, 1.9847239551999678, -0.6257661522284339, False
4.96920273878086, -2.2779942191403606, 0.26050820019034004, False
-3.1456329769139995, -2.596768387700566, -1.3474887131828748, False
5.477647317449431, -0.9425147523474964, 0.8236982786407441, True
-4.355557112762472, -3.741317955488407, 2.450498482923, False
-5.725764593541685, 3.478281578055247, -1.048474262829997, False
5.9201225706172345, 3.2701946822788504, -0.7666965415551186, False
-0.7349250951085873, 5.8877332607737305, -0.37550014549257194, True
-3.6177532372542394, -3.5381170271875946, -0.04800114242986231, False
5.9647502998669335, 2.471151020364779, 2.0930525429797298, False
-1.5228143549296727, -0.6298046542858176, -2.6179839012821082, False
1.5371716734575536, -0.12186618811876304, -0.9299914670016052, False
4.770061748230738, -5.89032405324903, -2.487531008696267, False
-1.2770739326847051, 4.856263688009882, 1.7505408261964766, False
0.7390885824413331, -2.3617856505838204, -0.08025184304096733, False
-4.343253388154409, 5.460143246409686, -2.405254806148253, False
-3.4390444131874616, 3.0291555472499283, -0.8343780556732017, False
2.5210583033479512, -4.863919564880887, -0.171389128942673, False
2.6830598709923272, -0.2812286553824297, 3.062038090882141, True
-4.350378121331625, 5.275399689466408, -1.727811474054324, False
0.2373529936962857, 4.987867132102117, -2.0678222109812046, False
-5.749574500309935, 3.146300220248344, -1.1197360080686405, False
4.13753045246839, -5.127882601960103, -1.9105517800270884, False
1.3253255949995992, -0.22301744404229407, 1.0650318512543349, False
-0.9987003732175124, 2.5889271339012474, 0.0191615762429187, False
3.8467748875398584, -2.9110543896722056, -0.1186496963456678, False
-3.0974912937838406, -5.088233862101767, -0.08479057892845443, False
0.9938874284912833, -4.88692704249281, -1.5035868667425834, False
5.188704075434531, -5.9350790118553585, -0.831888580759657, False
-2.98097404950441, -6.264942768383176, 2.351024428691187, False
-3.7199646316874815, 3.3066496884803325, 0.9175263284632154, True
0.35139936731421884, 2.3888405688494156, 2.753156947476903, False
3.6958667301086123, 3.4332722104411832, -2.7027891414515945, False
4.871646908252325, 2.0798955971626754, 2.411748434769035, False
-2.0058003485007143, 4.758794131914442, -2.0767991216829635, False
-3.5003842101621596, -0.19461517031164988, 0.7952947603155831, False
-5.93036913541721, -5.094324578977919, -1.8838941625549102, False
-1.9205392314998235, 2.8487589450436612, 3.0199156484537113, True
4.128913564025529, -2.2490670784145523, 0.7752748282560824, False
2.370741621294842, 4.650514348084263, -0.15359580990204424, False
-3.7809128829017697, -0.7631831081750367, -1.9003268305727958, False
-3.4211651577532827, 2.6102419580174985, 0.10304916970266786, False
-6.05770553630091, -2.714306641332685, -1.3655018586580447, False
-1.3275519255941557, -3.346924804993853, -2.354115785705756, False
5.063880319989032, -4.108864542936072, -1.892779119993137, False
-1.1227176281383855, -5.497479313390203, -2.9837129358211003, True
6.271065247960763, -1.3114441820304492, 2.5681072074741342, False
-3.586181164722406, -3.7263419057251648, -0.294089852990044, False
1.3670639187986158, -3.892335587041758, 0.12425263545347232, False
-6.219465592086932, 5.228115258276427, 0.23096765217898563, False
0.21817437233332626, -2.301575014599357, -2.308301587046093, False
5.673316733249443, -5.393838884631272, 0.6168968412846749, False
6.1282716956782775, 6.277611468460103, 2.9569369008027904, True
-5.374510770583409, -5.664673765737785, -0.6779309942748557, False
0.863329154290339, 5.603065373246311, -1.540711002968775, False
-5.5894685554262935, 5.261913215256749, -0.191640066210494, False
-3.0769874628232965, -2.1213414696431157, 2.59691001670112, False
-1.0155128333067918, -4.467509249850794, -2.470617374568856, False
5.883428067510291, -0.8215022326410804, -0.680191842639581, False
-2.163690920259664, 4.597556500043494, 2.571305056804012, False
-4.387190557955557, 0.02695446191044404, -0.9188482974468628, False
5.35974707179343, 5.676269456207983, 0.8785698137988778, True
-4.6284626471518235, 1.2082492882395126, -1.7858069509298053, False
1.0376890669841385, -1.3539951360577351, 2.2031001091553035, False
1.7914869840970962, -4.234680272535078, -1.4938428446051861, False
5.385893830457984, 1.8657886719400878, 2.761967645787026, False
-1.4047734019608518, -0.5590629836226482, -0.5423965316859887, False
1.569380649262249, -6.124212380422767, 2.4286949555191493, False
-6.182282429321808, 6.055568767738809, -2.47663910974257, False
2.93057228436302, -1.2594078022027526, 0.30051669294407723, False
-2.7413867001904046, 3.0973070904088225, -0.13440424458400457, False
-2.3893167810481493, 2.0072165205829062, 0.2084101102905791, False
-0.466667604478995, 3.2426743600418284, -2.641663905915321, False
-3.128966915382023, 1.4879820325436386, -2.698508997244821, False
-4.061304309315272, -6.179885842895352, 1.2462850454975092, False
4.160114512105716, -0.8973281361987384, -0.5994229785271412, False
3.44969407669579, -1.351787675237146, -2.8351035575464176, False
-0.3746431372492882, -6.255771419013162, 1.3812234815157636, False
-3.838043067209975, 0.32848159962006296, -1.7334752370554305, False
-4.980889372706801, -3.2605508257430382, -1.2697343344190213, False
-2.3731185249990228, 5.701378052153451, 0.3502083802445015, False
-3.9446550446868565, -1.370143065969959, -2.316062492316235, False
-0.8965841960076872, -0.1440537084173208, -1.9106237017166676, False
2.521269248162188, -0.26756927938880093, -1.3124261385606786, True
2.3066926895289424, 0.13590997027998863, 1.2810135156135765, False
-0.23146486056468962, 4.820296463258538, -0.10121281348365141, False
1.1730211077774664, -3.77207287004612, 0.4642560944991039, False
1.4970334689290636, 3.9032261104645283, 2.0638049399468548, False
6.274716741509483, -4.578693771160515, 1.809337718013766, False
-3.3277208596726555, -4.382674477548092, 0.14371377258186202, False
0.5937735647463187, -0.7847769964627895, -1.7592491402931925, False
0.7283278467811138, 0.8965879350362931, 0.027225935477394714, False
4.311774500618217, -2.1924926524073154, -2.293610019170055, False
-4.000013470223907, 2.62049701337871, 1.8591302945217656, False
6.0417329797100265, 2.5793871093550713, 2.6767878141607744, False
-1.929278504177069, -3.169876219926247, 0.4731860853657368, False
1.5180793908396444, 1.6006661423977588, 1.95548834634313, False
3.383149442333343, -1.9376150297882946, 2.6660821496632297, False
-0.8844999186279088, -2.3206243626503467, -1.2821425946907237, False
4.05238196475287, -6.022761065928187, -3.1395450662367925, True
4.665741886004508, -4.287689297287019, -1.3993054720052325, False
5.899124053338761, -5.698051603207697, 1.9047284349875397, False
0.5762000572288235, -2.806942182920369, -2.729352720824594, False
4.088297554376572, -5.719115295267877, -0.3109301653618948, False
4.26302021671296, -0.9206339748930947, -2.0627005996837693, False
4.045929920598649, 0.6336692312380299, 0.601845215205715, False
4.266380275009588, -6.0336762147246, -0.5099330803812094, False
-2.0812033602670557, 1.8746854671629016, -1.4378729139597193, False
1.3286798690748727, 2.6360930178035282, 0.09840587778149734, False
5.5635929147238254, 5.519618920742861, 0.9815655480157028, True
3.909474498468237, -5.069451693082952, -1.4532799993962133, False
-5.516096733959287, -5.816799466139831, 0.8958022116498174, False
-1.6941844718589296, 3.143923059468884, 1.8728219956786143, False
-4.770448628399144, -2.3002627227085997, -1.2805838473439863, False
0.1153586268782103, -2.0285178669077997, -0.6765855028862857, False
-1.4892155839307533, 0.9982041655668548, 2.8339061566083696, False
5.330690535524116, -3.822920634832099, 1.3430985310023322, False
1.3603610871970577, -3.327296886164561, 1.7278681105452574, False
5.8938984787243776, 3.0325809960034285, 2.7223673709997582, False
-5.3413599653682695, 0.10854105649191226, -1.319633524681644, False
-2.1559434675977283, 4.87326872124628, -2.062619239557258, False
0.8011726431330208, -0.6462292889877421, -0.2612424204633208, False
2.828098113226016, -3.798689026134709, 0.4076634828756496, False
1.6695361802971265, -5.544126701699617, -1.5220783520511936, False
3.4671521145819177, 5.1089931095277805, 0.6003057554525246, False
-4.419488061637039, 4.503884142736927, -2.8079062612941414, False
3.0549223432653907, -2.517035584227731, 2.3879294689826347, False
-1.12767563529445, -6.132851931422215, -0.9369195150594729, False
-2.032227572926147, -5.242152430701132, 0.7615131161178263, False
-5.244302165094825, -4.427399684376326, -0.03666293253119468, False
-4.918179688082218, -5.855394518765194, -1.3017935077702714, False
-0.8051264598288821, 3.8492217520513883, -0.4066942492970842, False
6.1952237874505585, -0.7071498819939537, -0.6074742857191953, False
-0.5936705744787085, 5.974595800692686, 2.0939401454224624, False
5.987747606007998, 0.9794513369433826, 3.0261395056559772, True
3.578920617928283, 1.1508416518490066, 1.8964024090283553, False
-3.9385317013603687, 1.9271637921650626, 0.04726717030525496, False
2.3511485052647263, -1.8451895750096003, 0.846526277165311, False
-1.4717988232244377, 1.3757231579690368, 0.9079824356393322, False
1.7038327016850392, -4.768194459349509, 1.7137014952568403, False
-3.9777686569572483, 4.8282120743176, 2.640421512867877, False
1.874721562130084, 2.4328177932740775, 2.914856430456328, True
-3.8914937820016635, -1.4355170680251277, 0.8677837263853245, False
-5.384055392638497, -3.494680309148781, 1.557167488543314, False
4.68482611691042, 1.7667688669407369, 1.8546546223719034, False
2.6331074462304223, 4.123608250645466, 2.6881412612416433, False
-4.33414815053664, -2.015115837508806, -1.7775833509317933, False
-2.302816379618398, 1.9407407760903972, -2.5608089124280915, False
4.159015820948657, -4.100789417398567, -1.1418835294361178, False
3.3205814651940635, -1.679539513431373, -1.5870870787026379, False
1.620720763935351, 3.6621915648028462, 1.27747960755529, False
2.5520146230097485, 2.858217916397466, -1.461715001303159, False
5.227522064425621, 5.013872998174918, -2.0742449438770394, False
-4.8980983530912585, 2.589689690534705, 2.999219019387131, True
-2.596868058679295, -0.8917561613289715, -2.6763011123062377, False
-3.0856471686582565, 6.099899989049133, -2.617557179822062, False
1.5169739285308896, -0.49024464504387755, -0.9583415049556305, False
2.8404983509631823, 2.241227747131161, -2.3973450009466757, False
5.173987365596011, -3.1282595282265273, -1.051930886124885, False
-0.05315852546088351, 3.0206895978525043, 0.27878079256979094, False
-0.6483898412533886, -0.8099086681297933, 2.6671653443159045, False
-2.65227792719784, -4.582752583614654, -2.519365293529077, False
-2.7404081997005423, 3.8925587909382102, -2.2651892964334532, False
0.15473879861397943, -5.820902094465255, 1.603486885013778, False
-0.46992481230852157, 1.6540827148687978, 2.8165259733845422, False
-4.043425704021903, 1.3935672670594332, -0.35099139862646256, False
-5.019001800676799, 6.167928138539539, 2.795887127970266, False
-0.7291355011509113, 2.4329872118647966, 2.842318276284721, False
-6.013745329130028, 4.3387254186789015, -2.7016007399336424, False
3.1533946464089624, -4.61454927289642, 1.886324162521392, False
3.9942025997933985, -0.8894426873654302, 0.37939909148412987, False
4.458444073658878, 2.0961804159656197, 0.9203723141646831, False
4.549183525202727, -1.3525249319512787, 1.8967787942426773, False
-4.832073797964732, -4.754472025978191, -0.7348143443186932, False
-0.28832902087891643, -4.59560694852416, -0.11374106444297594, False
5.927358045023368, 5.94838650152807, -2.6470533549747763, False
5.179707412091057, -0.42098229716681956, -1.8030051006780277, False
-0.719201186507938, -5.221064751370827, -0.3535520051074159, False
-2.3950398124202352, -5.299530623464307, -2.3337778755115206, False
0.824755991697967, 4.661736064432393, -2.299940081891241, False
3.020588443006325, 4.113400780052299, -2.0893388057253883, False
2.1565139107851383, -4.504552310330824, 0.03828633784410007, False
-0.8145622999155178, -1.2267653852092772, 1.6549712589278673, True
-0.22699042644241008, -0.5129391671769312, 2.2159153379510776, False
-4.25629975500239, -1.2405445155773949, 2.555969040023527, False
2.208916785890091, -6.142905366808354, 1.3409202078200444, False
-1.258586526760757, -0.039256939347637854, 1.4530850960373103, False
1.274596435546096, 2.6934588240509036, 0.7994631798518914, False
-5.966724051312436, -4.753292524659297, -2.658666410094155, False
-0.021868001306801332, 3.7740181176553627, 0.13612352759342627, True
-4.353387256275883, -4.975066127540362, -1.5260476721749168, False
-5.170655241985619, 6.225076414454598, 1.0318262827561693, False
-4.949956786977367, -0.44771704233550924, -3.0758389864714886, True
-5.155217574342169, 6.222856264599088, -2.5910188704172405, False
-3.014011232065326, -4.2325508633901805, 1.6826489493834211, False
-5.856527608843201, -1.5219371551668326, 0.08479668504690885, False
5.06111409120455, -1.2462712125810178, 0.868352062561593, False
1.9348009921038756, 3.6771780297553143, -2.2142239215200497, False
2.336687238995692, 2.9955246823656516, 1.3412992077424306, True
-0.710923821258489, 3.8494810615137265, -0.6899038249187743, False
5.98692200956763, 1.5506690675337094, 0.9028211312198016, False
-3.46119251123578, -6.2798683404236195, 0.13673500775454261, False
-1.5337925892234523, 2.2617342100495392, 0.2531762916823648, False
-2.713352574010804, -4.738727573176774, 0.5013624112726913, False
-4.076735323726868, -3.992393284283686, 1.639235955865808, False
3.757602987811522, -2.1697488302324217, 0.9226240546119895, False
2.183953295557938, -0.7329357744986327, 0.706025378640796, False
-5.595039663574575, -1.2368357265597076, 1.853083536016035, False
-1.5434300444542757, -3.686425750963992, -1.3278119692099764, False
-5.543769989174777, -6.009916013846432, 1.7140424159792387, False
6.160631119520797, -1.1965114654975126, -2.6224712227308147, False
-5.003692179078885, -0.6913315479334843, -1.4750748847338093, False
-6.126167546069578, 4.462913691125575, -2.654423708565508, False
-2.5024345580973035, 5.576465857044983, 2.081911076174377, False
-5.828025955561549, -2.0546337040507723, -3.0274179048386114, True
0.3170792787234449, -5.565401423199401, 0.017592251477907883, False
-1.8673511787744532, 2.5318441094729547, -0.7172559622920205, False
-1.5882783656639958, -3.0985540820882242, -0.31789152245840135, False
-1.7284600422654064, 6.211628569967051, -0.45922865140045754, False
-6.071964265011663, -3.550527750879554, -2.1133377352755205, False
0.3053342682668392, -3.709497643914942, -3.0507062148380895, True
-5.327849615595837, -0.35380165152159915, 1.931279517245355, False
-3.125008937997112, 0.747663262539862, -2.2783273713508416, False
0.4671788504402832, -2.475164037685618, -2.9334421225370364, True
2.786297119881535, -3.7199641652069753, 1.6155050777942757, False
-3.597317028663474, -3.6100255976242113, 2.718236413513572, False
2.959399462683608, 3.75677494967848, -2.872165771859689, True
0.589527011930147, 2.9386532658649056, -1.5426741137138213, False
-2.41509534187267, -1.2222146506420941, 2.491964059287217, False
-3.4611610338513814, -2.2559311234544337, 0.30048306648160894, False
-0.7294011802712266, -3.2294276229841814, -2.588171851115149, False
-2.517034289746408, 5.993576819769231, 2.3930251690780313, False
-4.987281952083736, 0.1362656021070512, 2.3938068599432487, False
-5.332776946583859, -3.80531124627099, 2.3978949503301115, False
0.04947263157909365, 6.279044246738334, -1.8604226575594998, False
-3.9869188266819395, -5.512220500150308, 0.5724803239092133, False
6.119921284027576, -1.4923828256837597, -1.8864955327203174, False
-4.360236445612088, 1.3552984594191981, -0.847982245294594, False
-5.480532512613444, 4.162987731125217, 1.6819675087459176, False
1.4768084427143684, 1.614454939504153, -1.5116911734386926, False
0.07187750898628753, 2.6755254136805817, -2.346665506050048, False
-2.83419885402444, -6.084478532160132, -0.675385591715981, False
5.158435485888077, -5.488235210396507, -2.248952238288491, False
-1.9346255960104433, -5.711040530829891, 1.9126177888371583, False
2.9581020890562097, -4.826174799404579, 2.636826662424764, False
4.353880530197852, -5.897225585399931, -0.9097739037430053, False
2.545198729943566, -0.5397895226833658, -0.2303403633993475, True
5.560296410309039, -4.855893590596757, 2.2106302447035535, False
-4.2609856046553105, 3.364833453749961, 0.8077899498410268, False
-1.0014122128256098, -1.4097866335665383, 1.7575188033748619, False
-5.548212877126301, 3.9897070259457745, 2.5636548582174674, False
0.8188087702867639, 2.800269884550657, -2.1122893123407236, False
-4.950456133350428, -5.154549639988889, -2.0231730646851545, False
-5.59623699087394, -1.2650188592128124, 2.9050681318181972, False
-0.09153555386590817, 2.064193104097509, 0.516980203078361, False
-4.505845453894629, -1.2910599870789126, -2.25894692209745, False
-4.4184157219087385, -5.720128481670216, 2.5624839728458433, False
-4.291827016183778, -5.755548202056434, -2.397679951528135, False
1.695314857027955, 5.83274221254724, -0.6712865080434964, False
1.5901269229021464, 1.838928617018487, -1.9561278139097729, False
5.386912822758482, -2.4679867366670503, -2.6983995503834852, False
-3.873128771609053, -1.715831797808777, 1.742346368185351, False
3.5730571112458325, -5.683852293012472, -3.082338721251623, True
1.7494597621964427, 0.4646800101403423, -2.7226843307442814, False
2.6431731190671517, -0.8575998238479441, 0.9395815869932704, False
-2.073269737841507, 1.8739422781494142, -2.7328535675441232, False
-4.819290047733594, -4.2167250076161515, -1.006205601185893, False
-5.35572921180003, -0.4142151493838879, 0.031428716274443325, False
1.328720069025926, 5.89537467011999, 0.9056940937503697, False
4.2725532538363264, 1.1262170716154847, 0.06783653871902162, False
-4.44409362810795, -5.556683908238439, 3.106699515848807, True
-4.59441843246477, -6.077377992482842, 2.4366129833433643, False
5.733597634434112, -4.698553352063387, 1.093012200530083, False
-0.4652577817944854, -3.5361562013813876, -1.0835380498949818, False
1.979684351985659, -5.487712630666557, -0.08084219129301173, False
-5.1848773045884835, -4.3517917085070925, -1.9852974187334005, False
-2.1378235429003745, 4.929328725096035, -3.084599923884083, True
-2.3007854522392233, -5.136067034298765, -1.895642556671925, False
-5.393672357517541, 4.6718792334024055, -0.8040577030397507, False
0.5773522646705391, 3.8444487508254888, -2.1557873294916785, False
-1.88689467165654, 3.0173124836814136, -0.7373627367362463, False
0.02463348113889907, 4.506352781436977, 0.3316532786367352, False
-2.057520236285992, -0.5015208585842572, 1.4428600724976572, False
1.8808688035395882, 1.7814147475555764, 0.16604768452786312, False
-2.069137249036566, 3.183054090675663, -0.7467898339953116, False
-5.966929825758121, 6.029971777887448, -1.2556982718455774, False
-0.870548440941449, -4.5858897657903785, 2.0871317940837963, False
0.41854430840969314, 4.637327405894112, -1.454404301967807, False
-4.4722252934091165, 2.088900331507217, -1.005937056022446, False
-1.267172923365691, 1.568954093027993, 2.534507715978636, False
-1.9662561647942267, -2.6982851655616935, 1.803013030762063, False
3.5975088052605706, -1.3011111377850382, 0.21787126695658454, False
5.210978208514414, 2.289386371865726, -0.48529361306156416, False
-5.011026903304181, 3.1186716699067603, 3.130403983181112, True
1.3003676763628738, -1.4849241610642894, -1.9228180975818425, False
0.46598711950716876, 3.893135833597606, 1.867264572896163, False
-3.9490745898877955, -6.065332967828612, 1.2827635987750883, False
2.4142208235604787, 5.997060019372059, -0.8188530528246014, False
6.149235969950299, -6.259314779626858, -2.6795761155851943, False
-5.064015454670541, -6.0234713420194295, -2.459104709817429, False
0.6519882646547348, -4.557395074116152, 1.323129740955812, False
2.0412853467249423, 0.5658879864013473, -2.4667537875936896, False
-0.3961283557818689, 3.496837715275962, 2.2466814598494302, False
-2.00835748409761, 4.552572056774588, 0.489962063155887, False
-4.508588259996326, -4.551254692969479, -0.5405333017287504, False
-3.761163722632599, -4.616687755859658, -2.459566893783371, False
-6.104853944833941, 0.9102702727112115, 1.0421887583347287, False
2.6528700588719314, -0.656111206973252, 2.224750505895173, False
-3.932653321677056, -1.0623261231434658, 2.1204785076676114, False
-3.0456303427270073, 5.840521527585315, 0.21729078194140072, False
-2.4107384498406232, -0.2070576838877649, 0.22173891751249597, False
-3.697314648023108, -4.2771902713734455, -0.18338710880860365, False
0.15961641224458134, -2.8004387289332464, 1.3286138890461574, False
3.209814975635517, 4.800368869371415, 0.0513545550394503, False
4.001459937635399, -0.5608244073838957, 0.8746098370293156, False
0.5461667079789931, 1.8548347547987287, 3.044521402125585, True
2.818714524508028, -0.0026930164398022427, -0.6177769271852291, False
-3.755396965008623, 5.390794289982805, 2.5039180828127616, False
-4.121632339291911, -0.13461991960400876, 1.0235032834486146, False
-4.547657927184178, 0.9950987713134873, -1.5140136950130372, False
0.14644151657688376, -1.1975658482796927, -1.00921857277539, False
0.20734911535250067, -2.17903509620922, 1.411561017341124, False
-0.6671274834966203, 2.0124789762399597, 3.1172564569129904, True
1.6384396812378021, -4.899871336825601, 1.856666625870738, False
4.912153154387267, 1.010436952660032, 2.2998333741102304, False
0.5042801428912638, 4.05921552944273, 1.606903609955718, False
2.0697727292909534, 4.035410441342162, -2.6594064460080338, False
3.8662803519731987, -5.506815698945662, 0.5080379099906969, False
-1.7376611744864086, -5.162355138377357, 0.07434560331508067, False
-5.476641840827193, 0.17993867517741968, -1.0246414737366316, False
0.3447508473162406, 1.4789685579076544, 1.066228964904119, False
5.395461018186847, 3.896783984176743, -0.10610694835930357, False
-3.8916290307269357, -4.251123719171085, -2.1409695996439884, False
4.927274269182524, -1.7341988024966453, -2.141223267077172, False
3.8852577314615537, -2.315644510396293, 0.020705186406674958, False
-0.8640771554569131, -5.0394323616286, -3.0821506473558693, True
5.1397558654076505, -0.7922475456912101, 2.9453793048775143, True
6.256569113656651, 2.1451229838330192, 0.0026470987453097727, False
-5.769164459560328, -5.081749042054406, -3.1172021406889527, True
-2.9245666712182143, -1.5212695946070829, -2.053375123112993, False
4.508528747438895, -5.7295639466938235, 2.414472891233041, False
-4.883869462089417, 1.227095393594296, -1.842246250276711, False
2.9745924595750175, 1.8444500434353426, -2.087447154654365, False
-3.2338874397040946, 5.310646238132852, 1.622444200288749, False
-5.703553104862654, 4.5079336762832725, 0.9724745913833308, False
1.2338629222510304, -4.012696948156784, 1.1912185499327395, False
1.1350728345596055, -0.5723954704333272, -2.097136501602516, False
-1.7537457742621347, -4.106640695814553, 2.1279687522594086, False
-1.4977482290189812, -1.4657601931084292, -1.823754175162107, False
-2.529124692222909, 0.817444473889668, 0.5235584835859015, False
3.8322786355366585, 4.2514731542935245, 1.8784904050035038, False
2.054725911907836, -2.380642967414174, 2.347417382746136, False
5.884146143537198, 4.907195840170401, -0.9825886828189545, False
-0.8461080552490454, 2.8911323879633173, -1.3692387166795996, False
0.14071191439000952, -2.807036240722407, 1.3993084007202814, False
-0.3897304494210365, 4.647826106332717, -0.45682344920422313, False
-1.0849430118018235, 2.941140614478991, -2.885052216428741, True
-5.562215217099905, -0.3336909579236069, -0.9485553311046586, False
4.727017396525834, 1.9802170773636423, 1.8669565185164618, False
6.180693776484713, -4.811382209580151, -0.8807082412192195, False
6.1275657854751095, 3.5764678069801317, -2.750588932164085, False
-1.9070906257679345, -4.82131819001308, -2.351390567399615, False
3.054157060593038, 2.116226931306757, -2.5713547423993504, False
3.3414542440214774, -0.2941480979060591, 1.3773548235949855, False
-5.275756034716769, -0.9283968845405361, -1.6496246112607789, False
6.0700843866203815, 5.743923656934298, -0.5495906927973699, False
-5.357654976727892, 5.950776969278753, -1.057087930616897, False
-2.504945232729361, 1.894584695625129, -2.1538385180483806, False
-4.544190660493821, -4.04244903823293, -2.501998102315376, False
-4.020935984004394, 5.041725903105926, 1.703572741520306, False
-2.769210430716155, -1.5480116932012882, 2.8082458917652495, False
4.537100400081316, -0.2890110231388814, 0.39223832276027704, False
-3.7959449634645224, -3.304749703060481, -1.5679418781469923, False
-2.2111270344964344, 1.700106420428594, 0.026798191363781587, False
1.4759631491292424, 0.1353024245096659, 0.7333944101630254, False
0.7305294661303092, 0.48390021026118646, -1.7919292262196107, False
-1.6882776435934295, -1.1617501761793045, -1.7306246205634839, False
-0.7277576608117764, 2.024640363075063, -1.5746823295605796, False
3.09063478970668, 0.37839619424819837, 1.3308569818993394, False
1.6979498916240905, 3.2720784386940345, -1.7341015136692395, False
-5.9598342988871345, 0.710354458267644, 2.3970887489099173, False
-1.6233536269683881, -1.7193595703543343, 1.4586718470404767, False
1.4871233061946638, -0.47913753412574334, -2.404528668396718, False
-1.511411100254647, 2.9353587156425167, -0.2727900207692011, False
-3.732543988378413, -1.8134272959028044, 0.8964741715945026, False
3.0869311725294697, 1.3694378507400078, -2.4409175016110867, False
5.065539083785463, -1.1130257195418753, 0.23174803699727908, False
-5.543277940306776, 5.5298828827446425, 2.617600045720751, False
4.796919333170621, 5.3080433584043565, -1.7449414524074693, False
-0.864092864177203, -5.942287829508243, 0.8344535460562321, False
2.1831075846145698, -2.8822985459362576, 2.661464389820882, False
-4.779728760949519, 2.7569935627303046, 2.402224716117991, False
-1.7223322502984715, 4.354693466075336, -2.832630481038211, False
4.187141992617805, -1.7603562346346795, -0.03145276967858868, False
2.0842493831746065, -2.5007458506261755, -1.0841534449204855, False
2.705608667357671, -0.9760500931795599, -0.2184181009495938, True
1.0855641740339301, -0.5440976595723903, 1.4958133446310464, False
5.230306393486776, 0.49168290996686004, 3.089579874571049, True
-4.73994719671677, 4.116154501347127, -1.3292277427545538, False
-0.08693697608954931, 4.757098183502967, -0.2406966140115352, False
5.824778764104064, 2.0402487693562374, 1.2072526088598403, False
0.35013913364516913, -4.21872901280408, -2.2375353666659574, False
-4.698379977665912, 0.9149032978687233, 2.1729005754002095, False
-1.1409430167369505, 2.7421828876462744, -0.5893423573295795, False
4.329994781749027, 2.7091324153010596, 2.578372055775632, False
-6.133698781927385, -5.552357976951384, 0.8453892147696465, False
4.953434434311635, -0.7913399715058507, 1.5063492903872824, False
6.236220470363232, -2.920484006933618, -3.1407469988230865, True
1.5098023341233482, -2.844606224214396, 1.3778683349830425, False
-0.0955789466998942, 0.10878048645732363, -0.28836329225527013, False
-3.656454901371614, 0.0645799724078362, -1.823520000159179, False
3.3688972201414487, -4.631844552275491, 0.38158723704574626, False
4.98807981893817, -5.71120572501649, 1.4008902400330951, False
4.441490006902752, 1.563992954371015, -0.6258843379714469, False
5.2588517637600365, -4.856700167735435, 1.6753262072629145, False
1.6314525854197788, -4.217578526092147, 3.086869915999637, True
-3.248089869682767, 5.018237981493469, 0.5574864390971461, True
5.652481921554749, -0.6874369216067544, 0.9812863879335545, True
-5.817243897921205, -5.417917972507493, 2.272899644162716, False
3.579961874072758, 3.566245800100898, 2.961539481237989, True
2.681883559980365, -0.26241785454071476, 1.3310212359764195, False
0.5383261029550894, 3.3339710689921773, 2.867457515228871, False
4.238022446398844, -4.12161724440673, 1.9113564835764931, False
0.4886493748614269, 0.24486750253143175, -1.3786687831491216, False
-0.9548826346337771, -5.712706816954415, 0.8199502468930402, False
-4.337789257073754, -0.7728654033510214, 1.2714217266538599, False
1.5718040168656948, -2.431122510795292, -1.3346527687252725, False
-4.476366311059876, 2.5001921446774524, -2.571065148414174, False
3.054186876418253, 3.9563760122070644, 0.3817235158564749, False
-0.8776724565101546, -2.9003339341682173, -1.3149857807053034, False
2.513600632952407, 2.274854484721585, 0.1438828510385055, False
-5.480613509546296, -5.618788420524343, 2.7840988538562534, False
2.7705520281590754, 0.2523289465377534, -0.41260398294814005, False
2.575142125045316, -6.019403412359512, 1.5310209584798313, False
1.1420766456808513, 2.0606368527064056, -2.951900908581324, True
-2.056040430793609, -1.1878461754478513, 0.6619220832925228, False
5.425806203697217, -0.26593901007694054, -1.5232948911512332, False
-0.8566096814875248, 3.0316706641719833, 2.6139546335110575, False
-4.889779848368542, 5.438042726707451, -2.532989604650341, False
2.405561012334326, 0.5771262808085593, 2.0958794955397915, False
-3.1276817973958346, -0.9036097598622943, 2.1998550266865013, False
-5.062001065773528, 4.157253879835354, 2.8246230705691486, False
-4.072700155354976, 4.200236737780152, 0.3626966729765613, False
-0.07730007083459434, 4.337342654184061, -2.6507577412486873, False
4.446261995026012, -3.881550910309027, 1.7577313426267134, False
5.432844415426969, -1.920875451392762, -1.6621696477109196, False
6.258788840073894, 4.794881388273156, 2.580874415187039, False
-3.237856203924518, -1.045113179627772, 1.693798087913053, False
3.7976838752586257, 0.24029479025051437, -1.957757299989652, False
-1.915155446773011, 0.5988853117663284, -3.0315426772153464, True
-1.4575925174098385, 1.255177376589061, -3.0472739862362492, True
-4.4544986145000305, -3.981297011203544, 1.2443834633788615, False
4.520406844272001, -3.164603328979032, -2.031582934812434, False
-3.156464651655551, 4.966053950845481, -0.04834527754136353, False
0.8168985653106908, -6.245289084054873, 0.5587632223980519, False
5.713358686993379, 2.4879070515609243, -1.5462278414121557, False
4.988875789246162, -6.228774129450086, -3.0982681057576293, True
-5.538480268166617, 5.712500120228121, 2.6211655484892455, False
2.5435493914392886, 2.998180348136282, 1.0714900964857765, True
4.557955003717451, 5.957994707365243, -0.45373501790218596, False
5.928842166581667, -6.180870004562345, 1.2238787627808385, False
-2.318103205609495, -2.887929007232907, 2.835115665454401, False
-0.6935817202403678, -5.3934065895965535, 1.2661245532001049, False
-5.668361367020706, -2.078654051277204, 1.6611148638602478, False
6.007787611976184, 4.211982082851717, 2.962374557404348, True
2.4208763591558995, -5.1065086909845245, -2.932715682721222, True
-4.908068536738453, -5.23634239111585, -0.2532754008768845, False
5.245918388366363, 1.7339179338115436, 1.41012696576533, False
4.057759680927605, -1.141350340552501, -1.6377251384482137, False
-4.846881980598808, -2.8582906819833087, 2.8544301194895363, False
-1.3569010191449173, 2.03827088241656, -2.990414852125755, True
1.1627206343564804, -1.6353171320975965, -0.08720069445310985, False
2.774026116663352, 2.13677037538854, 2.358516922124555, False
-1.4279983486272414, -2.3141481874420853, -1.824587026066403, False
0.976698884205824, 4.655375800874696, 2.1658911693422045, False
-0.24980556639468254, 5.704515284232949, -0.6992207581441532, False
5.947829051412967, 5.585402656753681, 2.619061890890846, False
2.788288404958635, 1.239594053141353, 2.825156801939218, False
1.4721982724652527, -3.461505450781677, -2.7959898177455456, False
-0.4054653232546155, 5.392880627414179, -2.345026586308676, False
-2.635170861487008, 1.0496796202662058, -0.9169412613317514, False
2.23148453155223, 5.892718094735708, 2.548577086275645, False
-2.978434071195367, -4.912717001731737, 1.3780065345644932, False
-0.29280667097769264, 2.20970332734832, -2.1126056920414973, False
0.08286312290041664, 2.2417677766115336, 3.05348677383986, True
-2.3918677945590754, -5.613804481696655, -0.36486934846248564, False
-3.2886506675897293, 4.658720205048722, -1.2464480660406727, False
-4.509477716456394, 2.2375564861891846, -0.3528469227313238, False
3.4496693119901902, -3.8615142711059844, -2.0254734635098597, False
-4.0276146829877515, -3.596027522428988, 2.432417484825587, False
4.384320942346186, 4.080144056243604, -0.024766392256165837, False
4.729438309377066, -3.342752204143088, 2.729782367893896, False
-6.229790944186617, 4.862085767041407, 1.8306428517936508, False
-0.2333582747183245, -5.6081035386976295, 3.1209301956006827, True
-5.450490384705609, 4.558851830685519, -2.81002151999139, False
4.328861685440483, 0.06633683598360385, 2.7935586073393797, False
3.1401104255810566, -5.532288722929595, 0.3908189943715694, False
-3.004323590468353, 1.014686413572563, 0.3693716548680892, False
0.30452602383617045, -2.1993849033418256, 1.3894617468797383, False
-1.583180502265992, -2.2729482495159985, -1.809661398816059, False
3.7503678439163135, -5.631382199544283, -0.4330243564241849, False
-2.7295190604124695, 3.2148242510883414, 2.132348157947436, False
-3.2762407823744732, 4.0296614195952944, -2.5977836769153577, False
3.4691718818381343, 3.367888996933438, 1.1271263175814576, False
-2.6298519507918265, 0.396376850751901, 0.2273192681334235, False
-2.507364853458207, -2.204666679826081, -0.216334289576408, False
-3.6744229936822346, 0.5790017414968496, 1.8439064816030957, False
4.998202016938757, 5.429344626158439, -0.7655714586647417, False
-4.0536305188239306, -1.2898715357266095, -1.6549232802849478, False
4.109298871364858, 4.735218083803785, -1.2752297078682509, False
-4.143761063126719, -3.7273373510473724, -2.580360373478863, False
-1.415504773418613, -5.037793301641431, 1.4658995367451864, False
-0.040724336687699036, -2.89732186942693, 1.0601104445837217, True
-5.641004111707797, -5.090539505543134, -3.093942978137807, True
-1.7653623065457573, 5.546895560129418, -0.6640349425580068, False
-3.537753561226258, -1.8473240230482135, -1.0744474363292023, False
-3.5350667709454235, 0.7060178108883823, 1.004330765530895, False
5.967778475066352, -0.10281995415527323, -1.7451734366836156, False
5.949987581519659, -0.12059533721438154, -2.211575511829852, False
-3.7190355328269704, -1.3125963852585585, 0.7452608511357535, True
0.8173863298898283, -4.3841927621354815, 0.2701646001043727, False
1.815035926336785, 3.106109993148035, -1.7867591687090916, False
-2.8316231481804994, 1.6640085004300635, -0.08744875841922228, False
0.8260965770851234, -2.5438279068720315, -2.4010788499248408, False
-3.165765120314952, 0.5700641290060879, 2.626759039386383, False
-2.0457775624167835, 3.9009796591531405, -1.1232560781363086, False
-4.859130692389451, 1.9467387898352317, 0.8679513144838467, False
2.074483558704964, 3.313282325420479, 2.334612033266497, False
5.282573392597621, 3.424500543648376, -1.64579708380801, False
-3.964911461017615, -4.601669858927736, -2.3113626580377744, False
1.5542615022293145, 1.0048737008140165, 0.9353225319854284, False
-6.20248606884727, -1.5334536958929652, 2.944963369869961, True
6.2409654647686175, 4.283613349472143, 2.1106715809864234, False
-5.198986438486456, 2.7169830870735403, -1.0032111333838687, False
-4.78871085343248, 0.924655626760182, -2.0626587681926596, False
2.4823082059561052, -4.765776609268133, 1.0413810969906043, False
1.0156849013946738, -2.8929100521668802, 2.7493125330018904, False
2.8161578533888108, 1.750488506546061, -1.2046662604694274, False
-2.5554135035235475, 0.13717696040892946, 2.962727979436913, True
-1.2066298008499867, -2.8234894697144166, 0.25022396464916996, False
0.2633519858152269, 0.4732860260723797, -1.1167123575325757, False
4.426589520236975, 3.9581239975698335, 1.7149545647079885, False
4.828592912492173, -5.350134591672745, -1.6411717519216473, False
3.993460203069567, -5.403253717966525, 0.9686136842261872, False
3.1377652653545045, 3.1224873916824514, 0.13244420418706637, False
5.983395726715351, 4.552274793640832, -0.6692543841231688, False
-0.6404587700420663, -5.237579626132438, -3.0695813383841983, True
-5.251430435225944, 4.060334679390303, 0.7937592191935439, False
2.8252354780573867, -1.1291180595108017, -0.37002270304626883, False
-2.5804160265983067, 2.5821393020687644, 1.4219281579312577, False
-4.030668602163221, 2.532325955132892, 3.0279336188806374, True
-2.9623938333271687, 5.002890087276471, -2.2559988681855554, False
-4.720511533181511, -4.598268864010385, 2.6327517899097055, False
2.58354879000267, 1.775495728910407, 1.5245811065006958, False
-0.2071566925675299, -4.022284808883032, 0.20923878476022217, False
4.771665679932559, 4.3203560176593925, -1.0375303721132982, False
-4.869175988642103, -0.10550558289502909, -2.5607227334754388, False
6.217451502091384, -5.5648783543207605, 0.06064956452516457, False
-3.7745456808921958, 5.68055368862901, 1.8098995532955966, False
-1.95501770333314, 2.1248109818515033, -0.9088360067067742, False
0.42761147279073786, -4.170801823278561, 1.743323541108035, False
2.5170990918034377, 4.995537065642262, -0.47832070578163677, False
4.870477194620699, -3.85549435199123, 1.1540659672442901, False
-1.5186618933609362, 4.429431392423213, 0.9080473352822436, False
-0.6732978586640535, 4.544610887013675, 1.4571989702896984, False
-3.685253063206377, 3.3310998687411804, 1.3309293748787496, False
-1.8536489277640102, 6.219386953755851, -0.7666473287303255, False
2.4652796714082363, -0.5819064601801598, -2.8755949606629865, False
-3.551610302284643, -6.129117060034083, -0.7293951735835282, False
-5.589144030974603, -6.024228789490423, 1.3988750847937919, False
-0.604238485683342, 4.394179154532498, -0.9885583562708438, True
5.04426625413484, 1.07599308879389, 0.037606359741110484, False
3.3346649864680877, 5.207695957762693, 1.5692342346040293, False
-5.141979043641948, -5.208732868749233, -2.9083804120502688, False
-0.21124847968034377, -4.4776481594474165, 2.8936739019369675, False
-4.836583221651791, 2.372698941649638, -2.4402261140242523, False
-5.979810446664937, 1.1547231727662997, 1.3206093706868076, False
-4.625299603664215, -3.297261594155266, -1.2414918723552577, False
-1.17287825083507, 1.5873408326559222, 1.517644931703603, False
-0.6128968303187685, 4.163529937223547, -0.5968758388915152, True
-2.119372131235302, 1.9843870077341208, 0.627087946294111, False
0.16236368849329796, 5.0897157284448085, 1.6423491614388377, False
0.3047604077103365, -3.5258206710757247, 2.9517131385635302, True
-1.6029908874719663, 6.065181415123103, 0.9412812922661988, False
5.056947439589052, 2.696942770325599, -2.779857797664488, False
-3.37109307431347, 4.5641192157830694, -0.37802759661952257, False
4.918764992865711, -1.428704188149359, -0.11034475618030282, False
-3.127052480840894, -5.402448949431976, -0.5296455740777621, False
1.8450330251022962, 4.735766999848595, 3.0327141535425177, True
1.1571911402302986, 5.3724110353496695, 2.7063835602932267, False
-0.36189958179336923, -2.885478111245608, -2.8671918569774837, True
-2.4470305851728584, 2.5660766582642793, -2.7623245384227135, False
4.748715069064206, -4.563487388270352, -2.1877857013724906, False
5.322678037386991, -5.362805276867814, -1.751778165806205, False
4.1079024205343, 5.854876044504781, 1.5401268238014945, False
0.03671652756030497, -5.911189606515634, -0.7962315345080433, False
3.4780612059748535, -2.3642576133097735, -1.383266269214093, False
5.851849519212786, 1.2369444470347117, 0.3914172583243145, False
3.3895352096546674, 2.3225031579036575, -0.773710670457413, False
-4.56993667632747, -0.8919946227987214, 1.9206364701400194, False
-0.4086263700012198, 1.2230587637135049, 2.185388618903601, False
-3.060118187474432, -0.7095178118107777, 1.0359341148180956, False
-5.701910754505573, 1.8698589585257164, 0.49809893626755875, False
-5.1511784513257695, -3.2760179076913225, 0.3763778804886053, False
-0.6760904027143804, 1.1100210092594978, 2.782332101961047, False
-2.2491049825330194, -3.4142008527930945, 2.3744937396617436, False
-0.13468247768000463, -1.121611138724167, 3.1236453946634803, True
-5.815246785822315, 1.5911231262655594, 2.9905782361130067, True
2.8368736851128222, -3.265005070599042, 2.2650169135097933, False
1.4474998881904186, -2.014880498254648, -1.9904377042468124, False
1.2109093258423709, -0.2229198031789581, -1.524379780174303, False
-1.396674809416413, -0.12555943626709087, 0.4590475212395635, False
-5.837460025763165, 1.4876399019276594, 0.5920113292241038, False
-0.5022659801075751, -3.5168719069652865, 1.7926927068269745, False
0.9446749735711357, 0.6588711412556778, -2.9494168950263737, True
5.789637426087014, 4.439591129941329, -0.24565948837530316, False
-5.995840313437745, -1.0853034052963508, -0.42736997269438115, False
-4.8438360005867365, -3.6624401408716136, 2.735638992054338, False
0.9953692580348008, 4.043898745637664, -1.476047995112773, False
2.0948392380066547, 1.9115337375829213, -2.5700585777653253, False
-1.569484599415282, -5.266263605166529, 2.7540748487692426, False
-0.28916157132113973, -1.5268750157141984, -2.102528872449941, False
-4.911457704562103, 6.011570222537342, -1.2998229398135641, False
0.24649834254222824, -6.084425373261708, 1.6827385764442484, False
2.9345230490588285, 4.464613688777391, 3.036412503465683, True
-5.761858394690114, 0.6786214764716014, -2.94531897156112, True
-4.268920220374941, 4.216124015057268, -1.1489949966481858, False
3.8999864407136364, -4.477605716142136, -2.0425877917727258, False
-0.917246284539698, -0.1918996525140333, -0.550264269780131, True
-6.220742368467612, 0.726252807276798, 2.064364245691512, False
-3.8037072420262628, 0.8013118772984233, 2.521240440163237, False
3.879908687614183, -4.7088695879091365, 0.9995233936225825, False
-5.294374693612896, 0.44879764030848257, 2.05368917483033, False
-3.190896765369936, 5.5960675216132305, -1.2833564828759971, False
-2.7300842523508138, -4.589571841963998, -0.058768544417370006, False
1.5965229721783132, 6.22047515361287, 0.104150241126725, False
4.1653071824088315, -5.390823096693058, 2.237174185323771, False
0.032641938439546436, 3.9866470430203105, 0.09854536669664471, False
-2.9378820279233815, -4.364495917004284, 2.23236627695447, False
-3.110569264414241, 1.076821102104728, 0.776416341160004, False
1.9853870387134158, 3.144983266588575, 2.8070784027787656, False
5.198453334540826, -4.495524991282279, 1.6755354332662895, False
4.639454656735593, 5.324995041596779, 2.523487747241192, False
-5.67928969274769, 3.9832225434572113, -1.4545245541021692, False
-6.032204850809842, -1.6104477512086914, -1.2280955112473237, False
0.4254960304041999, 3.238507715203763, -2.36195490277019, False
-4.799756628355341, -0.09753398050599227, -0.9778762962654217, False
-1.5265327612321329, 2.1288798769771304, -1.2799435002633366, False
-2.1625184945270677, -3.2377825146031562, -1.1358413937658884, False
-3.893620808471787, -1.5329208946022836, -0.3449507135251788, False
-2.968610415614459, -2.524852301138174, -3.017104446806431, True
3.896470849768159, 1.5497523225970866, 2.5263472823611908, False
-5.693216661599941, -0.1363879388758269, -2.74645282243517, False
-3.3692132463412556, -3.3889662511494834, -2.2768337407454133, False
4.964411680346245, 3.8166440990414383, -2.9386901370956418, True
-1.0504177685786287, 4.025506259768434, 1.9433159726698852, False
0.4359659045373192, 1.7932594770850798, -0.41548102644915685, False
-3.1605975860646005, -6.227084089785432, -0.39927920280381235, False
-2.587531689370404, -3.2823504372479833, -2.459074471609439, False
-3.3442172884033066, -5.633674965747329, -1.5397413193798855, False
5.6707264608802, -1.2724381287909479, -0.4648195751602251, False
-3.8722158036389036, 1.8491299442737574, 1.8667831441683491, False
-3.0106461222853103, -5.851363581772057, -0.5122703445975088, False
-2.547646449134404, 6.063959794206568, 2.8993219389732383, True
-5.746986525005336, 2.0537387036375065, -0.9923211309418014, False
2.7029826275586206, 0.6236374133261577, 2.819919770829369, False
-3.090735807872994, -0.29565807062440896, 0.28340584739776453, False
4.678133220795495, -4.463182459107118, 1.13384711122342, False
-2.8952557643433665, -2.0185907360952253, -0.8128117630033036, False
0.6098006937100902, -3.518752882798996, 1.210507932972523, False
-3.6416927835134394, 2.046783403280182, -3.044807682969607, True
4.572294285944199, 5.667127568869313, -0.3617615176467788, False
4.697399401887333, 0.32214626209258146, 1.1979237937967007, False
-3.1202664679678365, 2.0105885128895196, 1.8125043514925725, False
5.372340801364992, 3.1416927995230814, 2.2010263751922494, False
-3.9318544859571922, 0.5145056182766377, 2.579502408164889, False
3.1800110458556254, 4.804589072181251, 1.8858546651221664, False
3.449173975954073, -4.2214359625294335, -0.5732735886330209, False
2.638544544719064, -4.308451610793633, -0.6008065152528168, False
0.19627997567566968, -3.0020105148606038, -2.0196698284045382, False
-6.017088992704291, -4.952764234391225, 2.8470669401869317, True
-3.5378249091750376, -1.3374805391748534, -0.9971836894959929, False
-3.744792956504775, 1.0597546096473955, 2.8042652418782215, False
0.7733776115386419, 6.205091932412946, 0.814455162887056, False
0.9176443116291892, -0.6733273612568658, -1.3340050333771898, False
3.9364533518040137, 0.35623509870096015, -1.3618325328147525, False
5.272236667899605, 3.155294993622997, 1.789051572814234, False
5.407600048378329, 4.218019399192773, -1.434981932793094, False
4.0553376381758905, 2.4317926697334418, -1.6962244516187561, False
5.272209169683576, -3.1539359553110367, -3.010083081505665, True
-5.997076073521985, -1.1886965696814524, 0.08429235318837858, False
-2.1309896249976026, 3.529724105378108, -0.43190564326719816, False
6.135445625895898, 0.7958339742523419, 1.7593973461122019, False
-2.6020057945128565, 1.1573762809526675, 1.6308613667134741, False
-0.714875946666786, -2.043478533542678, -2.1398548174080716, False
-3.7970828312051164, 3.8195242488604304, 2.9149963097461304, True
-4.994696692621755, 5.378841232279779, -0.9037829784408369, False
-0.9693599620681779, 5.278313994090414, 3.084971687528804, True
4.801334609017182, -5.38025113420016, -2.2861978793877746, False
-3.663833788776831, 4.28885275810614, 0.9376950830851287, False
-1.565990936255396, -5.652363213273679, -2.7936481288996844, False
-3.6628694693440895, 4.855439013699227, 1.8782888769280195, False
4.026683596189637, 2.1575341851831986, 2.4464403514519253, False
-4.8745066178525, 2.981245154543899, 2.104150409902952, False
-4.434705760198884, -2.497728491780078, 2.6253538434315242, False
-4.974633920357155, -1.251862583299265, -2.189193545794953, False
-5.32825060517694, 5.931905714273054, -2.926179878511579, True
-2.2041804438156083, -1.4877435597566304, 0.97070293329657, False
1.3391402515059587, -4.469883682068568, 2.6891096917973334, False
0.7881270078669838, -5.164184837235557, 3.073408756462256, True
-6.098996033911523, 0.26493562892866596, -1.0825746277059505, False
5.535024226300013, -2.381219697914831, -0.7182859104076997, False
-5.116383775730039, -5.934449755630074, -1.8591716303183379, False
-1.3462242605236234, 1.4814242110882851, 0.8833573651739641, False
2.049657279992383, 2.3187575545177577, 1.4460426573640577, False
-3.6721190548995155, 4.5576751627868415, -1.3815952437802894, False
3.6494698057185815, -4.155607967200923, -2.989567040686806, True
-0.08405159449025934, 3.0300601299624343, 1.877500239580285, False
6.148583593578929, -4.980511443594646, -2.755238961842539, False
1.1475578144340712, -2.4498334505835313, -0.0623895624564863, False
-3.084057244023856, 3.773899322696348, 2.7636139085457874, False
-4.549553302985306, -1.0721800079197932, -0.4892124382417884, False
6.129147928581162, -1.0204592012488698, -0.6290280294525372, False
-0.038088518113932324, 0.34663952749049987, 0.8805153952738731, False
-5.320069259289591, -6.203017265021244, 1.4327993492796844, False
-0.1715707812139593, -1.8669272738779723, 1.7229108437851677, False
-0.2756557923049101, -4.648507494712461, -2.1169816327875512, False
1.9892826615014219, -5.665008045199119, 3.0504217679467684, True
-4.716698846241531, -2.9032936882432616, 2.1827528949374857, False
-2.7218878660726444, -4.465398800454577, 0.028273885443606428, False
-5.986704185284021, -0.02753802952653661, 0.5712825876283967, False
1.7443445321106186, 5.161602346559034, 3.069620630079082, True
-0.45995978328816367, -3.7493472288093366, -0.4822143474485667, False
5.361346011329276, 3.7476969565402243, -0.7992071857857006, False
-1.1171090197533307, 0.48864024106962134, 2.574531408845913, False
2.022386640499157, 0.6537509121624066, -2.740798634291259, False
-5.45648732610947, -2.6287260499226655, -2.6721243457507424, False
2.5750395141638194, -1.2058848921257415, -2.0680431106322654, False
-2.54015096024167, 4.781425215312783, -1.577247492859781, False
5.681931848646862, -2.825455495295849, 1.9443199463711665, False
5.535763882581762, 0.9321043827642992, 1.732443594516785, False
-3.6879431571178927, -1.0942170211095412, 1.4101819794212087, False
4.7996144728546675, 5.930731245886733, 1.060117885790648, False
-5.996035474272991, 0.43058219276163534, 0.8813187865909438, False
3.9340310593386913, -2.5649004580225148, 0.8197030754279684, False
-3.0745597766456556, 3.8043171909457385, 0.7515788785774506, False
-2.46751821081614, 3.6114998697419125, 1.6383519980367485, False
-5.0668352232471054, 5.683290065088915, 1.4472199937724897, False
-5.016230526027682, -0.5136050179683496, 1.8271087542129765, False
4.184992253927069, 1.3353773190658842, -0.03571648024737106, False
-4.879706636065501, 5.0094973040470645, 1.2545257186523786, False
-3.79017201790551, -1.0280308710749226, 2.602336326026607, False
5.179644388970248, -4.7116035225136885, -2.731827336649206, False
-3.343335505416932, -3.773238225242776, 1.4125010109827683, False
4.131419497914925, 1.2807118918031017, -1.6717287190156793, False
3.848196327216252, 6.071141346774507, -1.958783220596247, False
3.021724656681382, -4.909529411091998, -1.2223462021113394, False
4.195668617029758, 5.020641645225332, -2.5194278524866838, False
4.342200890009437, 3.860750238106853, -0.4598957294385837, False
4.6062870360862735, 0.24510741529438462, 2.3389925416765953, False
-1.6970676556823543, 4.163046955939306, -1.8853777642118446, False
5.863188973226022, -3.5045931630400204, 1.5386799249186387, False
0.6076325103043327, 5.853477246053735, -2.1265031035024142, False
-5.6762682460391485, 0.4819477270408914, -0.21862425195909418, False
-5.0242450478440865, -2.216595692222021, 2.4771716877645042, False
-4.435173707986195, 4.820035266199465, 0.6799491867852057, False
5.285914959364023, -5.523098755328299, 0.9780605478950788, False
-1.3033529632674856, 3.2199108703034707, -2.5232829424905168, False
-4.4215950939947195, -0.2517253976311391, 0.1336645034272319, False
2.4063935510271453, -4.6015446085500935, -2.3891173279844415, False
3.173200049759547, -6.075120244417378, -3.03434829558678, True
4.376458642074363, -1.190961995519861, -1.1721258171231557, False
-3.754369307456647, -0.08010639822562915, -1.254997670175482, True
-3.3920892808735115, 5.042290191946185, 3.020791131670885, True
-3.1898251961266086, 4.052352014060425, 0.8781317209309192, False
0.5394244397498023, 3.082408688494663, -2.0683686250401565, False
-1.1557842160314715, -0.5376672061519194, -0.03424151778077977, False
-2.7384270939687174, -1.0624682574862998, 2.3855380468761407, False
-4.1748073081501635, 5.818099555097524, 0.4473799591056129, False
1.2147478705763506, 0.32871589342015284, 2.507688132046632, False
4.219250635519204, 5.059427330458314, 2.4928920712574882, False
1.5812855333835643, 2.2557224764013437, 2.357137255023253, False
-3.4156637915259687, -2.0539291926721255, 1.875980953783979, False
-3.7235590441648307, -3.3504947029959617, -3.0503743638462613, True
-3.9733581337892345, 2.90447505599397, -0.7744411617479088, False
5.12031814004604, 0.9527914743843482, -0.7030880192083853, False
0.11982692086988145, 0.11362229863407602, -2.6539596250190076, False
2.0291074763927366, -0.9836085838492119, 3.103696254035272, True
4.16077360477504, 0.5328583482361413, -2.9295625426686764, True
0.4899834817535069, -3.9569736851289936, -0.30105375075498353, False
-5.958275298020824, -2.0111018342494704, 1.537648509246229, False
1.6966186664355298, 5.58535467858421, -0.11833677901994699, False
-3.9730231951823107, 5.716546975523007, -0.8109802855738044, False
-5.027377362427567, 5.620188866135058, -1.2582105772124261, False
3.64864015984916, 2.1301602504355586, 2.365790954469502, False
-3.4379050550886543, -0.21366070528871806, -1.0370570478035899, True
2.0298837536708945, 4.958466963147265, -2.7403118495259347, False
-2.5419551188899763, 6.037941015480202, 3.0663383113471356, True
-1.2794999727163372, 4.617140265334589, -2.8116345841209456, False
0.4376957715321801, 4.14201827558456, -1.9382034445897482, False
-4.826298710151358, -0.5505642680559601, 0.5401769117230306, False
-4.421429434515061, 0.16621176283750216, -3.123688226210319, True
-3.4765468126530465, -0.6452678762490782, -1.637020657385882, False
4.302695605642626, 0.7678208415418801, 1.2544708806323426, False
-2.576625887115067, 4.6572872181796665, 2.8076240668215515, False
-5.454597419608653, 3.128656297744797, 0.5553593577718403, False
1.1654915424477776, 5.630639555190646, 1.2910028068730206, False
-5.101182819978769, -4.427574405731482, 2.894996909220014, False
-4.15355553139255, -1.8114309234484391, 1.4418522024079197, False
5.084240732465476, 3.9589195055893853, -0.2746717900615745, False
1.8264900829572799, 5.272985371884204, -2.7026352423603677, False
2.289677544809212, 1.1349027405603813, -3.140328491609894, True
-5.566268352465245, 0.12122641691864189, -2.094326741270457, False
-4.0552980659149815, -0.9993621042885303, 2.5708945373396137, False
4.294138686721881, -4.559468586485043, -0.2907635001828872, False
-6.151564331127179, -3.5979263828306647, 1.637083266869074, False
4.488920042108754, -3.2144915622150845, -0.15013525453864718, False
-4.496396697073409, 0.9678145529124453, 0.07748489735358577, False
4.677677341521331, 3.308437647551898, 2.4065428958309747, False
5.932930337771921, 0.3444114870150674, 0.5461006721085377, False
-3.9703040270045236, -2.9816592981778185, 1.3347087192076277, True
-1.1248873959923849, -4.763828216457904, 0.8138849229741725, False
-4.350220549237985, 5.225865324468044, 1.00845538408013, False
-3.8949514847774065, -1.7968095561692268, -1.9216169183356002, False
1.301186160784015, 4.091007164747339, -0.6711208889129185, False
4.1041407822895195, -1.4904502868690805, -1.6428741093180723, False
1.2506383944719968, 5.0975870855564125, -2.6757201570929916, False
5.128952397817324, -0.8464773231458995, 1.2119615220153168, False
-5.944787258043693, 3.516887278553572, 1.7377607489594036, False
-4.467372778240299, -4.42948653805439, 0.2011044299328808, False
-0.05856736232178594, -0.5961072755841004, -0.663819544641111, False
-4.461077733904565, 4.05985069861331, 2.400494758532334, False
-5.769906648935922, -1.2890666047159316, 1.5372453621373356, False
4.063579970528661, 5.715433376079279, 0.9510005715885894, False
-3.0258016692402085, -1.9950436945717964, 1.1370297070866533, False
2.863720029230951, 4.3085731053235605, -1.2439650612410131, False
5.760157987743963, 4.683162608429287, -0.08888428567331363, False
0.622876830992614, 4.946229602231005, -0.9898318148789209, False
-0.39327560746653134, -4.524556440178739, 2.595068021472807, False
0.7209681852077718, 3.6484469924865497, 2.350714182039389, False
-3.8008864890567415, -4.2829029897214035, -1.1418503031283935, False
2.158233933377568, 0.13714633416416344, -2.623161805571158, False
-2.2179800186649086, -1.4520283885797758, -0.5616891550202681, False
-1.5311210227452943, 0.4347398730432239, -0.9123416747781747, False
1.2743420828956014, -1.2101411139630995, 2.519881670959742, False
2.2818794873678723, -2.7627154420758235, -1.7375248475024512, False
-2.0600210880057093, 5.395962812550696, -0.6504232478261498, False
2.6071800789956203, 5.611906446910023, 1.3777024408297454, False
0.7457479293632447, -3.3536540282765834, -1.7042299253720372, False
5.206907595127978, 0.5873542405132408, 2.75732862832992, False
0.683755562929524, -4.510734266055355, 0.27539643295998717, False
-0.5646230477686789, -1.1306352504758488, -0.7423354285546382, False
4.705362542867876, -1.663781254422144, 0.3149342519644187, False
-3.0863210833797385, -1.5221832063766731, 0.47909887446096766, False
-4.307080122014655, -2.308711325063704, 1.8604592839625775, False
4.1053015704597, 5.799177198905335, 2.4629185389088173, False
-2.1150903760036392, 6.062335766404896, -2.481997104699717, False
0.3957500281875346, 3.937638952635906, -2.400778986077174, False
-5.719525412919904, 2.767570001863799, 1.0175463712382182, False
2.170703539599108, 2.6019999325075567, 2.5929483891941842, False
4.817615675561427, 5.308749599466092, 0.3738853327525491, False
-1.6045580504703016, 5.9936504108825375, -2.4497569161784596, False
3.317136534283163, -4.963062541004178, -2.833365114058485, False
-0.5078943966884575, 2.1513281873821057, 2.8569209563649904, False
2.892076989964501, 4.044755443714898, -0.41629972022554274, False
-3.182144914951114, -4.7872306144352645, 0.029883788035024228, False
-1.5606232321408084, -0.19509466526943076, 0.6681116842473434, False
0.14360882002689568, 4.239326767687528, -0.5097325482397195, False
5.694502910063411, 4.389657346177421, 2.132052873525754, False
-5.117059394273407, 2.944400975560873, 0.6379189144534303, False
-5.6985780052777955, -4.809781298570671, 3.128186864357926, True
-2.8830055947216104, -2.6341575049303185, -1.0149563614480432, False
5.865922363390565, 5.514377413729619, -2.28310636734993, False
0.5847927597123324, 1.9806078928442243, 2.093098030792312, False
-1.7692288841790669, -5.415661974594102, 0.3420765009673361, False
1.9778888361072884, -1.5929807706392722, 1.1866943567896673, False
3.5003789449159246, 0.422272934631426, -0.8439292254632997, False
-6.230503025441551, -4.520499394919278, -2.147860403196046, False
-0.3465320791693056, 0.40499146298966515, -0.8290070965962197, False
-0.7917738312093823, -4.726910871380967, 0.6764759956844539, False
-5.630166718400044, 0.8880227644457666, 1.8024606263928202, False
3.8559921397413497, -0.996040775637792, 2.445537639125064, False
-2.6359333641478297, 3.0566127566848262, -0.35649426335101086, False
2.900027830201511, -4.193696100600359, -0.12785052388450868, False
-3.2079463901728587, 0.3966868755755879, 2.43146377173598, False
0.863077150459679, 5.718633046739397, 1.2038426606713157, False
-2.028626541687803, -1.8265552336771531, 2.517597381309643, False
1.276672865381986, 5.395067199483583, -2.5191421660036677, False
5.359676778045779, 2.3253230909092792, 2.5077964000763506, False
0.06351260998818198, 4.126238406234265, -3.125018750443248, True
5.277968456326111, 5.910989717086162, -0.07116811141239143, True
-4.033263391769579, -4.9176977173484975, 1.2243977550083178, False
2.974434798840546, 3.5319127208156473, -3.0643302032437556, True
4.828437751879987, 2.4388615355270264, 2.884318533794649, True
-4.39772298062702, -2.6659887168125698, -1.8574967912553724, False
-5.075513360955546, -5.800729089242118, -1.5459544525747537, False
0.09135772188737246, -3.9386387060074677, 1.7959505342279147, False
-2.823032452215249, -5.349013413716663, -1.746146862585333, False
2.6015908539949137, 1.4026529628431605, 1.4835965891868073, False
-1.146499237703841, 4.831157814381976, -1.691123411740531, False
-1.3878070756637273, -1.3961802040627136, -1.3703084897926963, False
-5.057968606096539, 1.355743997918859, -2.558816510503986, False
-3.0997948597183465, 0.11955321376784944, -1.3149489487960884, False
-4.041791079116807, -6.056212043808712, 1.5457334069976438, False
-0.33704478669604576, 3.3879487743816483, 0.12924500285449714, False
0.23173574302377187, -2.291435516698803, -0.3679507676074487, False
5.450982917362921, 5.763916007471337, -0.5041089780987056, True
-3.6204679992558595, 1.8464316004643067, 1.3673422009890048, False
-5.60656663254142, 4.200827119606595, -1.9031957591746689, False
3.5203178688785357, 1.5368729348709422, 0.9718765215277934, False
-3.5700353133985696, -5.470175104786546, 0.15481006094440097, False
-4.305387453941464, 4.5940823296461755, -1.694162528543901, False
-0.9247476475063907, 4.996911053868896, 1.0700643205497027, True
4.377371793336451, 1.0109792850520325, -1.1536018255118115, False
-2.2808772910081396, -3.4683554267665215, 0.6842608168208533, False
4.230877345472674, 3.506190336549645, 1.791996401617526, False
-0.28654159535083235, 3.827258738193171, -2.353035657625467, False
3.4179074171056723, -4.423021756762823, 0.008873034303025662, False
-5.727403146610013, -0.4025710767544517, -0.5859646954914592, False
4.812060722008226, -1.3703904982579207, 2.8107792323095113, False
-6.216061924290986, 1.6061770694141817, 0.3315028957110333, False
4.24527487405223, -2.217981625615467, -0.0612553195392227, False
2.6573030791107133, -2.7385510569054983, -1.9233429513759828, False
0.07132048270983216, -4.815925519456439, 0.9358577499613929, False
4.483491697823069, -4.675085565277775, -1.126152898740568, False
-1.4238113108030523, -0.2926363918306345, 1.5112100981704417, False
1.7152295012231553, -1.3608990838480457, -1.5687522416039434, False
-5.873478463595407, -3.8179533669301557, -2.1872913613728784, False
-4.7570673630453815, 3.677071008437057, -1.0676957146908244, False
1.6333835905808423, -5.991663536765192, -0.48912813739508554, False
4.099765818887953, 1.985009921698234, -1.1269703081690965, False
1.8540419815981544, -4.650536335909988, -0.36752397060839614, False
-1.8200111970162727, -6.101044173461444, -2.8809344582537073, True
0.28081159453618376, 5.845704127493583, -1.6073412048050217, False
1.1552613351771752, 1.2601998830150878, 0.21577925296445555, False
-2.400776949960773, -4.270770511467935, -2.9370436521389895, True
-1.2167904853351583, -5.23120026340711, 1.4057877317974476, False
1.5800663611922818, 0.9349655075658756, -1.2753500933596564, False
5.867205157287346, 3.688450325667443, 3.0412867064433513, True
1.7221778102300913, -6.277642835897393, -1.4259216260079988, False
-3.4421467205612952, -3.933307488737817, 0.8383629916883093, False
-0.5814186554602117, -1.418655621494823, -1.2093454916587856, False
1.9568233558168142, 3.273744562859843, 1.595311693126896, False
-0.04034095841226115, 5.88099081182137, 3.061753718244848, True
4.394871009673201, 6.235080972740599, -1.1902164327224003, False
1.9562784561143651, 1.9638439295064654, -2.039168643000562, False
3.1485397794356764, -2.3317969767485973, -0.7128413343488051, False
5.1823380096004215, 4.003451095143239, -0.4826192771987574, False
-3.125597693390123, -5.741666735191627, 2.2229921394403647, False
-0.36004064562191385, -0.8441620735328597, 2.0172285052649084, False
4.317603539737039, -5.3800977654922395, 2.5834571293868036, False
3.126167059322329, -4.373793737955529, -2.9152928950505324, True
3.1024816982565877, 1.1209061871749464, 2.9618019644555984, True
0.9330953369710313, 4.0322910221554, -2.328503327661493, False
-4.955803068197419, -2.658141206598996, 3.052576119089615, True
3.1967061394512317, -4.082344431249352, 3.1399037698059065, True
