5.3594505015078955, 3.3710266955081085, -2.9386618330624685, True
3.176093202545692, 5.748471500541829, -3.0977310886064657, True
-4.550807868719106, 3.591755955664606, 2.7324754065519317, True
-5.726648778784801, 3.3681844516681085, 2.267262106608534, True
0.48901154324384954, -3.032750859545737, 0.0008077934136152543, False
-0.26907269073018814, -0.7723897376853683, -1.122662859320759, False
2.5651536686450864, -1.9670975547722724, -3.116367654255944, True
-3.565447081537768, 0.03594799753672895, 2.6016344891228282, False
-5.337628742945324, 2.238103241797033, -1.555289585556982, False
5.76512819854115, 3.4130033287284487, 1.8730326239354165, True
0.3468564110768275, -0.5069993913053858, 0.9906511688251651, False
-1.2890696906701091, 4.107654332332057, -1.0279304156069595, False
0.12303774769353915, 3.2942036558760606, 0.07787934646312644, False
-3.5798710423847204, 5.60535325993828, 1.2704395113245104, True
5.4759905034750105, 4.036408717958336, 0.3958491412575933, False
1.0535414353918782, -3.572248752478453, 0.26571740474097894, False
-5.053277822359766, -4.441209753484168, 0.39104441706291837, False
-6.065663146599916, 5.572813038915887, -1.984290017410185, False
3.1393148621493427, 1.9984772103040758, 0.8667793343085624, False
3.268795391638669, 0.44334483830621974, -0.7172065132149061, False
4.205620760445655, -3.95018634169269, -2.465414819310422, False
1.7339397148110898, 1.8105389641603882, -0.6901376557363639, False
2.5709526204788276, 5.442966720911821, 0.8478482299086925, True
5.800121130493963, 0.2890711791214464, -1.956432145761141, False
5.367729005185648, -5.356724366250578, 1.0544445457564544, False
-1.6364183039437386, -1.737856754975427, -1.7020018362549247, False
1.2547341258788824, -3.7955188020041635, -2.4514603123148673, False
2.0764592905162207, -1.1634518542378034, -1.9301856179806667, True
-1.1687464561734986, 1.6904586507051746, -2.4265124486022533, False
-3.0606232832931592, -0.06375315950230931, 1.2591744136222296, False
3.44072357122616, 0.8880542330655903, 3.131281256427397, True
-2.2907218249773527, 0.8213454580125905, 2.4095411791023755, False
3.479224698693324, 4.463222683590502, -2.8391101882670995, False
-4.936075942686918, -2.074122083800389, 2.520174256458094, True
4.167048260898223, -3.9913757158551015, 2.9013588936426746, True
-1.0901505024013778, 0.1631901541177534, 1.121718513519169, False
3.229284610271282, 1.5041957860918043, -3.0426654909708004, True
-5.327921152817305, -3.6232126017030657, -1.0032591656829064, False
-2.4264763096521924, -0.5281799951522688, -0.6138097358889234, False
6.127175717603128, -2.518784586766028, 1.9134979574909066, True
1.98750864593433, 1.1994271090270328, -1.3395557689552546, False
-1.7244041713778993, -0.41960129640709276, 0.03333683030548906, False
-5.417594656235927, 2.513669049982413, -2.566255144084619, False
3.800391475486734, -0.5924091076990292, 2.559726343555525, False
4.342353071236792, 3.024428605163884, -0.36243745521376836, False
-2.8889612493977572, 6.141451405381378, 2.7145587097709605, False
-1.432327006561934, 4.7775130324834425, -1.6727008951763729, True
-5.310334748734961, 5.6205396903227705, 0.9329058037558093, False
-4.0080672500140935, 0.9390804724963777, -0.1158948246408853, False
-0.8425739941783315, -2.675449356587922, 0.7530554324468204, True
-2.138847689064245, -2.4662262961308987, 2.1099459907156346, False
-4.025086862944857, -1.9933948848870644, -0.46048532713897794, True
0.6936946285983234, -2.356109348254678, 1.5603687483413697, True
-1.8462599051363187, -0.4957058320592216, -2.7096985791132457, True
-2.6636294485575025, 3.913102232154243, 1.5310445806663715, False
3.9281219015685824, -2.7636310893147473, -2.1116685016245196, False
-4.423956618212472, -3.215981305366596, -2.822998048161161, False
3.336591688778645, -4.757637631908266, 2.066012371910883, False
-1.9441460622206712, 1.8905880145232121, 2.331112402885722, False
1.0397240094923337, 4.2563538020871405, 3.0382113606305596, True
-0.20760708624548752, -3.6683221343637165, 1.5658046537288772, False
0.12311074526632115, 3.0998737279540354, -2.4203648379002694, False
0.6840123587791007, -6.170758880842506, 0.2540691259957355, False
1.9664709574696069, 2.00912477183871, -1.2672947811655715, False
-4.843943538818685, -4.618568119701668, -2.8341748033875938, False
-6.183921950879377, -0.4302223699586438, -1.8554464943032563, False
4.546245044833496, -3.240844910387242, 0.053193663731819996, False
-1.4330434471139348, -6.138173304262035, 0.4631062379289541, False
5.370947663009481, 1.125253377357165, 2.290754506057813, False
3.6024636051828605, -0.13036663029933493, -2.1459384008829883, True
-5.672124687164795, -5.2948903696928795, 0.06984900923764625, False
-2.6274804186376586, 1.879243260871526, -1.1639246129400114, False
3.9968491528403387, 0.26390503785823505, -0.5663341951515592, False
5.110916173907045, 0.19077628734888208, 2.0755636330931813, False
0.9296351100446953, -4.781253361667623, -2.5422133872760972, False
-3.4111387770779604, -2.1368010228427545, 2.246607051436806, True
-6.218003554342212, 4.8170614202765805, -0.34060216938656396, False
-2.346784898078772, -0.582211296889124, 2.5379162074189168, False
-2.839267310424661, -3.740467889561554, -1.7128740516772982, False
5.142283339865921, -5.77839596817493, -1.9370612990506935, False
-3.3152211171671597, 2.0637904434251393, -1.4919909354808543, False
-0.6182170156576907, -1.6279349580505675, 0.6391465654338195, False
5.910851581775997, -1.1086326663656711, -2.893709869537153, True
-3.253338688224505, -4.933842174116849, 2.006738855311105, False
1.6665528276409587, 6.008190964870607, 0.8901211475096478, False
1.2729495459806186, 4.591922594213893, -2.467453984970228, True
-3.277905649377861, 5.9034576115919, 1.5929176444160573, True
-0.09690853932431231, 3.8516343689195143, -3.0831091194123945, True
-5.2123739472827015, 3.7146260915566724, 1.4270537544813697, True
-3.766061886510036, 4.768479673969145, 0.22500042910101525, True
-1.2194734933516465, -1.2155000251851416, 1.2966900123822604, False
-2.4849063074228144, -4.205303051957181, 0.506720706321127, False
5.997399551573427, -5.250676356574879, 3.1080078283518073, True
-2.7592677948611253, -5.25266945869915, 1.1693945552870533, False
-5.671885296511274, 5.764901740690439, -1.1335472513240372, False
-4.999011292444752, -2.1235157852504463, -0.050382465256328945, True
3.090736791157239, 2.966938363936846, -2.8141280207927544, False
-5.61323031512365, -4.274744155706028, 0.856027645447258, False
3.8629409823234866, 4.649186259904262, 0.8357324894212081, False
-0.8427931206690742, -5.390897224941728, -2.6827392035529756, False
3.33488974968974, -3.4086554239587206, 0.31082762524808993, False
2.254755575697482, 1.3930102336423458, -1.6067213577071982, False
5.379992575640578, 3.9931857992316147, -2.6489632582878344, False
-0.35758942734446464, 2.9579905600021554, 0.6343826159232462, False
-1.3432089309830708, 5.802609248551864, 1.0124829580150694, False
-2.5776601394384686, -6.108945895937059, 3.129747316683005, True
-3.760147303559725, -5.360482291400015, -1.1681960422907638, False
3.9678892769275595, 5.120128898992647, 0.6057007611098109, False
-1.7116388491836139, -1.362630462900512, 0.9574788571408615, False
-1.0994118630929712, -2.3773868360093, -0.11939532294017985, True
-6.026081706070304, -5.983904899105111, 0.4732176826274639, False
2.565324216257748, -0.19732705009355023, 1.8226833731135077, False
-1.4186751597530955, -0.094294363157851, -0.8358722782801058, False
-4.0226367856149725, 4.182742712376578, 1.0296231180996127, True
3.070185098877829, -1.8153620405234747, 0.6743497201937014, False
3.929446016569191, -1.601955576655973, 1.2985908628116762, False
4.521951689585048, 4.035883388699311, 2.9804164892313336, True
1.4713513015892001, -2.8460493676572023, 2.1437511826497264, True
4.758024069015638, 0.10046862233819276, -0.7874132082638483, False
-1.4005095492133384, -1.9899857327143886, -2.8342528116278976, False
-0.7415882142272752, -1.4301734882446953, -1.1638552341972777, False
4.493936577460046, 1.0088842881556204, 2.762707801363363, False
4.092122807445264, 0.3742408385390945, -1.2975408717939252, False
-5.534151565142604, 1.7279934077220993, 1.6418211167258745, False
-0.7479666134315037, 4.36140260520647, -1.684440116084714, False
0.3326190275376657, -2.4834001055124224, -1.1219360382519348, True
-5.5417247923620305, 3.6881729535174888, -2.6844299505915785, True
-2.961041494291422, -1.4839362284615527, -1.2961607406763263, True
2.7854248560795316, -0.6629175665113713, -2.0613885546054957, True
-4.5039666088607415, 4.85066652506957, -1.1739559997130085, True
-1.5876650879000174, -1.7967193216838817, 1.4092962466492587, False
3.2467546198113517, -3.1758845221181113, -1.5330365651418028, False
-4.464909897259596, 2.5211690593488854, -3.0991116687394045, True
-3.4063229778241557, 4.029753897225675, -0.46261538455589646, False
-1.2622732343058516, -4.765458502726118, 1.4164754446586008, False
-4.112847646084234, 2.1360493069287543, 0.763954943597867, False
-4.817689274706067, 3.659026625476331, -1.3961720693400008, False
-2.7393345469738963, 5.294912011887689, -1.410161998236669, True
-4.338214851832321, 4.897817384579078, 2.7460387822264716, True
0.7347671736593684, -3.3691891450555507, -1.0551967780297198, False
-2.1769017450914685, 6.215354196023487, -1.736940803624258, False
3.2319644644187555, -3.585569136753193, 0.14772721732916194, False
-3.3449049484140345, 1.492212430426914, -2.245768074387323, False
-2.3300046027979535, 4.166714785684295, -0.08848484333903839, False
-4.317240962042442, -2.2464197554715017, 0.2329986778060067, True
1.3588728955343319, -5.609065178371958, 2.761077662979244, False
-5.42089886585805, -3.2581401749465044, -2.2592552522153033, False
-1.057233640473287, -5.884872337812874, -1.4251185274638325, False
4.730681433076654, 3.772983175184603, 1.168227074191611, False
-5.951398258495927, -3.9538735702267043, -0.13691635226955334, False
-1.1729800636779926, -2.2483164615381765, -0.2786809154674801, True
5.421449194620717, 1.7878544610661997, 1.7263994333322712, False
4.236712346041655, -6.184752401245629, -3.04055763429489, True
-5.1440011738638685, 3.854252195983605, 1.731101420576815, True
0.24301547826838554, 2.250423525905136, -2.7813759009993153, False
-1.7918528256003814, 1.6679566042232228, 0.0341208602692884, False
0.5071498124404963, -4.172640128254322, 1.6277931874444063, False
-1.8641913493168403, 4.628330824511524, -0.6593898578161608, False
-2.6317326267877994, 2.0083528498888565, -1.5836912290005467, False
-5.492324090554806, 1.5214987582024193, -3.1158358554377146, True
0.4302682294088571, 0.9702120688866103, 2.4163690428452895, False
-3.8968215889052913, 4.635135872269604, -3.0060561858181507, True
5.599969993594927, -0.21129975287288172, -1.3889538974508713, False
-2.2260676949619196, 2.8038415163856776, -2.943750553046257, True
-6.234615361148091, 3.6946664949158112, -1.5687922849706855, True
-2.9794270242218857, -1.5321470562634874, 2.8509680827918125, True
1.8769758353985218, -2.386378741435395, 2.9808638720857417, True
-0.912575382899619, -1.4439719488883016, -1.5214225638501322, False
5.492262006689668, 0.2658188631971061, -0.657937935402948, False
-0.19413594330245765, 3.8113959004960307, -0.4429535365672872, True
-2.2581429688934973, -3.5158474025932946, -2.6118894028320376, False
-1.8536413998984616, -1.8545339645324397, -3.14052378089394, True
5.29923049031105, 4.465182294634101, 2.1870427948789164, False
5.717336853000239, 6.034532949272494, -1.4755695005614622, False
1.1442372978514763, -5.340609478183919, -0.9709305385142288, False
-4.231030243674882, 2.0051339589008847, 0.15733423262226198, False
0.9447581201885793, -5.127261579943576, 3.0563757650302463, True
-5.676431535898023, -2.977601616887293, 2.616068053572514, True
5.924998741545231, -5.54550279065211, 2.9784163658969565, True
2.6671212799447908, 3.6219175187832864, -2.908642450296064, True
-2.378593798854807, -4.509385964424593, 2.1007898296173435, False
2.2362056963713197, -1.8385403511032115, -0.2788788551789301, True
4.68178798674734, -4.655317097520358, 0.48757888228680546, False
-3.8731313256029636, 5.815491066121922, -2.436700443217314, True
5.692490808584891, -4.543816690771018, -0.5626985329189922, False
3.472571514624807, 0.3291727794189052, -2.869715156584369, True
-5.004918490868331, 1.6977987200313747, -2.1613694901833655, False
0.2507011231173557, -0.36183078858440165, 2.707866895595794, False
-1.5513319744341318, 5.183075881706385, -1.027996594102703, False
-4.533934582584982, 0.4254286402899963, -0.10193265128030093, False
-4.846412070848761, -3.310335942216697, 3.02033571829394, True
2.421206705504364, -5.717820797293472, 2.417057818837475, False
3.78657156505359, 2.538417111004229, -1.0876761828905428, False
4.685189510989206, -4.750658795865221, -0.9937456298849869, False
-2.9387822096113183, -3.3027218722671945, -1.3182455330099305, False
2.0386071104986208, -3.048678965917529, -1.0713969172086402, False
4.741949041851253, 1.46513687929163, -3.012931013686388, True
5.704406983759007, 4.917836317225703, 2.5160218816905946, False
-4.904132840001258, -0.37750938961695635, 1.8795341343541692, False
-4.850541173092463, -1.2720453660032858, 2.5755283138391967, True
-5.81113052246248, -5.522793020130388, -0.5991789100612834, False
-5.478966943681764, -3.396899220129525, -1.9339000730793072, False
-3.68518938131003, -1.5463313061626174, 1.4187266931624745, True
-0.5079391738204455, -5.951172414485769, 0.6722215620277927, False
-4.427855344752912, -3.5898351985697365, 2.219232304745769, False
4.498918102177038, 1.8585206878487668, 2.731849875969118, False
0.9502080055972595, -5.499868075399289, 2.9371620020640226, True
2.4184404445040695, 3.4323882934554604, 2.3512988545593254, False
-3.1009714239502215, 0.5525430822805264, -1.3860691644941154, False
-1.526530749666664, 5.2427747697238996, 1.8570041548500207, False
1.6432656766486406, -0.9747387293041605, -1.4957598035004833, True
0.9685864824733859, 1.4428721983666968, 2.540286704291547, False
2.303462287346779, -4.0046552971697995, -0.03900569203933735, False
-6.235212233261054, 3.9715266288311124, 1.0386705797260163, True
3.0530208722107606, 2.8495973188851664, 1.0186353331984783, False
5.215198365781566, -4.567584063848855, 1.0673768565303199, False
-4.023089942535243, 3.876960287303085, -0.9218318746329981, False
0.4850725279604813, -5.484578149458719, -2.9177467962687356, True
1.8478409242607228, -5.610313581392318, 1.7988983830941416, False
-4.805618157105469, 5.475492942536903, -0.11286840824384026, True
5.193338858139297, -1.1826164974605193, 2.7141419964683253, False
-5.236707902150777, -5.837527535418543, 0.016067678841597655, False
4.808868749462677, 2.8113201370987255, -1.7286683721451714, False
1.5750895407140533, 1.311400370096246, -2.9109175381291004, True
-6.223758556547584, -0.22941262349990588, 2.64428816984044, False
5.047224587766378, 4.6364232658133115, 0.3418632037448761, False
3.611065304391822, -3.9793074434552564, 2.6743719952154734, False
-4.150305907400828, -2.7142599207914553, -2.384886512824333, False
4.8654923505777905, 2.5580140590454725, 3.1130720275266333, True
-5.867506218815524, 4.426436893526764, 2.2451331651010076, True
-0.7796336487486926, 1.0826786111545745, 2.2895326304573578, False
-3.188289777282946, 5.254940577284682, -1.3423389245914898, True
4.379545516712382, 5.472707826513188, 3.0693661264803085, True
4.560023967184369, 2.482966083213988, -0.5983742618682171, False
0.08715722406230242, 2.8652220718495958, -1.2585606898042148, False
1.3691609882419398, 4.287244386259584, -1.6851370034817066, True
6.003050234135914, -4.263952911175709, -0.8002021560641599, False
-3.5290572932639326, 2.817297126587725, -1.7658265889199496, False
-3.493349620144841, -1.581892228898079, -1.8547132634835786, True
0.3257449062466753, -0.43425089461959754, -1.7706976598857647, False
5.51530275565929, -1.8146656649579533, 0.058584954924914445, False
2.1406494820177393, 4.085069991533052, -1.0967614297954364, True
-2.0845715007409815, 0.7897134301079412, 1.3414660722952467, False
2.0742325119852794, -4.0845355042131395, -1.9274151474168533, False
-0.29072545851918186, 5.571032971400452, 0.5333095418317066, False
1.1047318553583754, 0.24195100920693768, -1.0713556789766625, False
0.3068968369660592, -0.5565015318404978, 0.14274330965764737, False
-2.226933473669823, 5.566857426262352, 2.115643129091888, False
4.686183802244376, -2.7855238432557434, 0.9109292310254657, False
-0.7114889451235067, 2.542060858768563, 1.4066966330336035, False
5.466010897603008, 1.1539116308772304, -0.7439082117006155, False
-0.7440695902585821, 1.4917306827590746, -3.013433963762117, True
2.4783873131478895, 2.4255755526321536, 1.3268521393874275, False
-0.6796911840016024, 3.620566764067533, -1.5981102049597757, False
1.100764482145232, -5.649146851578883, -2.9168879315861695, True
2.2681209345712787, -4.578557359025265, -1.0727148398563737, False
-6.098505836092187, -2.3626700606945303, 1.9224623541362824, True
3.910938232499481, -1.4902907997066155, -2.6937034718294406, False
-1.7380716545852568, -3.8491429647952504, -1.811834047237122, False
5.583538981990076, -3.780311663438075, 0.9072779793760626, False
-3.947512629181612, 0.09068638633336334, 1.902841172270377, False
-3.94172172179322, -0.804776487117417, 0.7869754283130228, True
0.6755038749385491, 4.9417049072781705, 1.6985304440033948, True
0.2995180614216508, -1.9388153802372647, -2.669795138100697, True
1.203549381081582, 2.9843039327056786, -0.6956835629584668, False
2.856256218938098, 3.0922616250216155, -1.6346809513911311, False
-2.1709989779620553, -2.4284304909645646, 2.620620800249137, True
4.055581576675557, -1.4781258927765455, 1.6420287649491545, False
-6.016329983393756, -5.018352002480728, -2.32781344887526, False
-2.3612334793171876, -6.084124291986352, 0.7233029461743752, False
-1.1480536771105578, -0.4670555003848973, 2.2242318700167303, False
2.248450226675745, 4.504239785685119, 2.2580945026334565, True
2.8185335354741827, 4.411874672375982, 0.14941509981127155, False
2.748547640834266, 4.454822770750031, -0.4789917755794266, True
0.43326190874971715, -0.8172258610204777, -0.3989969434112153, False
-3.5363995357125977, -6.09942292001464, 1.7115937176627085, False
-1.2314750957663438, -3.5898402364019386, 2.1083779079234883, False
5.423659008601058, 3.1797683552157405, 2.334436438907, True
3.237651859072537, 4.20118855754667, -0.5009871779011363, False
4.108818196382327, -1.7363968985809377, 1.1065538680125702, False
1.4433735621021038, 0.9879804531238143, 2.9066253784970835, True
-0.7956346009748154, 2.0630735896543673, -2.8710638968543427, True
-5.510915761737957, -6.270103548167953, 0.6167150255399552, False
-5.379150003491418, 4.741830325337016, -1.0495151825554272, True
0.3194904094674227, 2.748109589360247, 0.8995506853262807, False
3.735096670212643, 5.639490278097762, 1.361916381096167, False
0.9650289064216588, 2.1739585383889395, 0.9964619639494661, False
3.8290945506913445, 0.09683888937864449, 0.45515364645692635, False
-0.26672129836648395, 5.736656330521022, -2.080765644269521, False
-0.45393746847663063, -3.8827581732485634, 2.7974653510826712, False
4.372352070809152, 4.5485872193287005, -2.055289553142221, False
3.483965580856312, 3.22776287488224, 1.7885139442844897, False
4.930261101811537, 0.348045834646209, 2.280241077357111, False
-4.692474870547208, -2.0283147055028827, -0.07928846860271577, True
2.6751999080689792, -1.140855235633686, 1.6986546351148544, True
5.259382951135766, -0.8334840255847817, -0.6383920737732978, False
4.272618975769319, -6.034008556915396, 2.30039123437182, False
-6.063820264637066, -1.476261347949631, 0.5225977157218713, True
2.213389862001476, -5.150254831665273, 2.471847870678534, False
-2.2836251562852388, 0.8343859959919637, 0.5102118699305191, False
3.545801560228062, 0.011466876922395564, -2.128361777597443, True
-2.499546878725524, -5.225992276701299, -2.689920731133302, False
-5.2275351638671435, 4.3016275949105545, 2.4302258671467953, True
-5.688336118904943, -0.4246961105344198, -1.9075075293529313, False
-2.4015973592126763, -5.3423736815214635, 2.0682481331145546, False
1.5795515399523499, -6.156609821257633, -2.367825723525386, False
-0.32050787953759663, -4.453190852125699, 0.8012835142556503, False
4.102357248034938, -5.482227560953623, 2.1568233534265673, False
1.3709310493004665, -2.5144666175986172, 2.756115186838252, True
-0.015597787864638057, 1.2022674174404582, -1.8567626271046263, False
-0.05123576818325848, -1.4636765953112567, -1.2588902309226069, False
0.420898028449467, -5.498260472887187, -0.06463292798921483, False
0.04504990341463433, 6.207785962216041, -0.409209409386309, False
3.124962620543405, 3.0406354048276487, -0.7088663932689223, False
-5.236246821088162, 2.1351623142155454, -0.1780691765303808, False
-5.390107986189527, -2.093350356835871, 3.034535202658306, True
-4.829685976814389, 3.1459932974869016, -2.311012920683421, False
-5.4746699358805975, 1.5517761688374394, 2.8023245646684813, False
-1.4012746039191786, 2.3534857041924386, 0.8634766257091222, False
-4.360348380741657, 2.623853183376644, -2.1855127174869726, False
-1.7383132442413558, -2.246780099881355, 0.7579905642228084, False
-0.1724537666735717, 1.9459842984107887, 0.171253732438434, False
-3.63706505385586, -1.821503761414677, -1.31115562376648, True
-2.5361476293328504, 0.6303799769215619, 2.2358697206912783, False
-4.892854355376351, 5.817550605498679, -1.5203536811578555, False
-4.513698098190698, -5.658306817271949, -0.4712669490242667, False
-3.72233231097829, -0.480298743430736, -0.48238859753498176, True
-5.097298247183998, -5.283295244078953, -1.9051673222925125, False
-3.4719352683071727, 4.087652090668849, -0.7859794238367614, False
-1.8268930148319882, 2.4140847295000505, 0.734890815454138, False
0.01777519626098112, 5.852748940011383, 0.9799709253420703, False
-4.192779619387313, -3.595171128790643, -2.9518639593177642, True
-2.183703576393758, -4.41860989441044, 3.0840597538726398, True
4.13168385946911, -0.4428764794924982, -1.5545654537178115, False
5.7473800833476485, -6.079140249291928, 0.5363227798336223, False
3.0736585952322955, 3.914942784964312, 2.1639890756080282, True
-3.984912760389527, -0.07428475724779382, 2.3357380728010364, False
2.7220103847233386, 5.144140106542727, -3.139668434951579, True
5.701530975504163, 2.7832324101182344, -1.8902777991473352, False
-2.6521698509991842, 0.9507480607993388, 1.0571851468577362, False
-5.752167252429071, 4.087385744131636, -0.3329593851176491, True
0.94570532768918, 4.253340915485952, -1.4734284627430014, True
0.35980218375871065, -0.812441361732561, -0.31195070797876756, False
-0.7307608177744083, 3.8519544688287652, -2.6440695732378168, False
4.827450247975737, 4.1182081776721695, 1.8536403954938958, False
-2.884360232841912, -1.2817504696507918, -2.058538267500466, True
5.232669323205698, -2.587588032045888, 1.3463499058712403, False
4.666644991573969, -3.6723006136712923, 2.1597724345112654, False
-3.334206337580069, 4.837736341210336, -0.868201142611861, True
3.1204195593506743, -1.274620353832443, -0.8977030653789093, True
-0.021030562314537704, -3.559555905757751, -2.3353254890906037, False
-5.877191907082702, -3.18537116666909, -0.8943148470604187, False
3.348429967021323, -6.237768826072936, 2.7426400729596274, False
-2.491754878575925, 3.975045572487165, -2.8498116112958387, False
-2.041238323384613, -1.7351108655817589, 2.1299157326381994, True
5.852700338544528, -1.5954482194575217, -2.890631462178639, True
0.17414300053300824, 6.065211354761816, 2.2339069620543057, False
-0.9145182417141537, 2.3306320439135977, 2.3197456730498702, False
-1.7145868741625092, 3.7788245244173737, -2.7572322918718735, False
-5.009021611814718, -3.3550055425569, -1.7058091247106675, False
-5.857530993084394, 0.6682497254010542, 2.7676602362364715, False
-4.687497195720182, 2.817508981422165, -0.21332864524195116, False
3.5436472497618947, 2.9507553077663946, -3.0294199972832043, True
-3.148716154073804, 5.0709766264904985, -2.0202238578478147, True
5.906567600048096, -1.79388195289612, 0.8172207457931822, False
5.506201802533196, 5.0939416585095785, 2.1054544052295974, False
-2.4978702378145377, 4.483542890978855, 0.16469089276076954, False
-6.029137839226732, 5.313422921698409, -0.2735619783130918, False
2.325551965483614, -0.26014104433862695, -1.0291775388226112, False
-5.498364384998725, 0.9075398571984286, 2.3190239623545823, False
3.605399100281108, 2.9219726874960816, 3.022791553576357, True
2.4687772165642556, 4.528994674505, 1.3769962387686023, True
0.46721975958427553, -0.9953655779674726, 1.299330328270079, False
2.441823731514736, 0.06492967937378857, -0.6115373385645566, False
-3.664038631222438, 4.347821215174918, 1.1162069702034838, True
5.543366014963208, -0.5762128263364001, 2.2735576416134586, False
-1.6661549183682078, 1.1296441363166725, 0.8704140311639845, False
-2.2693942990842544, 3.6463713826926742, -1.162062876724184, False
3.4467241676596654, 0.8797707174487392, 2.6952782272762317, False
3.421792869096766, 5.793288824100264, -2.6552780653261574, True
5.311473546405521, 2.913358839387133, 2.9074052994329085, True
-1.9358220826661583, 4.4793764147666995, 2.6347428594648763, True
5.00222486268761, -0.5492694135012943, -0.759967913774056, False
3.8937933511094336, -5.045773651771456, 0.3048910826887101, False
-4.943921632028248, -0.6525300042131494, -1.5621012837142065, False
5.070113609122236, -2.9078185137292336, -2.051206722851753, False
-0.6786143809659793, -1.2034327926463995, 2.7036874200722147, False
2.1097249082898006, 1.6215647140696898, 2.5916792292422004, False
3.417123749037353, 1.8792971470896767, 2.090585527648332, False
-0.32123159734377094, 1.292365095174409, 0.042028587237089354, False
2.0569494531248544, 0.2966732680981128, -0.9523729503545013, False
-4.354017403514417, -0.5919886512320014, 0.8191371014577404, True
6.049181427943045, 1.7021008997757603, 1.0562605265175282, False
-5.849010031560738, -1.5516597193060733, 2.262619861286728, True
2.167708561519145, -1.2045877124387587, -1.0542854601068332, True
4.093383433117886, 5.391165585912356, 1.3219892495402616, False
-1.38428429078545, -1.0783584553770424, 2.4078723906082553, False
-4.273633384040484, -4.349863712224181, 0.8942326926436612, False
-2.237608996791254, 2.099362131988185, -0.9225851269614149, False
2.0905491040863318, 0.9357910696517155, -0.22583614870143043, False
-5.721928480410165, -5.49002751908687, 0.12384537869724088, False
5.40573147956329, -2.3663645310189887, -2.202682578256207, False
-2.393326579961426, 0.8108495726927583, -0.7724948198720312, False
-0.7242838773475349, 4.703318545599609, -1.4815433060269758, False
4.774435940998448, 2.6511981330401024, 2.5403823165239183, False
5.041519816361761, 6.156134427945792, 0.06421055776377749, False
1.8778568101400666, -3.140946942918363, 1.6851128978443919, False
5.985346345281799, 5.786831707254114, 2.3760516598341503, False
-2.6667533417406797, -0.5190491973939171, 1.2946839382584745, False
1.1258697718579107, 2.0145127147082835, 0.4030969071455073, False
-4.127210854079214, -0.14968462646315484, -2.5174250782560565, True
2.026361677930865, -2.6129047748939733, -0.949546581797716, False
-6.131786477414162, 4.62737338261363, -1.3156026360090842, True
3.889702787431519, -5.2948701259644855, 2.368916242885734, False
0.2908949670586418, -5.36029957369927, -0.9196391373720423, False
-6.088060769495286, -3.9277411715176354, -0.6983080380980775, False
-1.8966345719020463, -2.875597676203156, -1.3881516638679776, False
-0.2918264466824496, 4.1356059298597, 1.4222724652846024, True
5.808268983884226, -5.678153658306277, -0.18884943561487244, False
-3.0001067185883628, 3.8167202307640444, 2.333582712525451, True
4.110556453630716, -4.830880838518299, -2.4599184781597923, False
1.3799270195157218, -2.323878979993944, -0.47215535107581186, True
-2.5108623696602073, 1.4210896740505987, -2.289630325602476, False
-6.275602470907623, 0.42772041348972945, 2.7337101236982697, False
-6.065776640952961, 3.231289179486076, 0.6992679946220899, False
4.021880615047817, -2.64900342280398, 2.586662777580665, False
2.8010212141666475, 1.1691550209703063, -2.8008096897365315, False
-4.054154281961795, -3.128073752003792, 1.97582840015557, False
-5.059209501242552, -4.4623350833123645, -3.035949715045224, True
4.852664897324955, 5.642828224488984, -3.10203390712361, True
-4.903325027481522, 0.8999289015342793, 1.7069308397467742, False
5.361079166010958, 2.1346244359172477, -2.917640039805836, True
-1.0458122374499688, 6.0859448334028965, -0.6262842954874546, False
0.4968889274866628, 2.6234735589658733, 0.8081603548853327, False
0.864207973827706, -5.511707240053819, 2.258130353387523, False
6.119744099986907, 4.660915248604848, -2.598463767775466, True
-5.729635538797708, -0.7631708192942002, 1.719216130042379, False
-2.8680126420340857, 3.364053955322092, -1.884235663411707, False
-4.568427146916295, -0.9992181467747931, -1.3758280267849925, True
-1.6294546508752372, -1.2820368946794813, 2.336456461003949, False
1.6355854663841178, 1.3200402282085912, -3.1384897792611413, True
-3.0513422871625595, -6.026389702493015, -2.9396960764038953, True
0.825546935740201, -5.948374613996431, -0.03722833106044021, False
5.992394241167984, 4.850416727353979, -0.08124569710093832, False
3.451554976721736, 3.62831369429127, 0.6230856792157469, False
-5.792985099498835, -1.114040848836325, -3.069372636902231, True
2.581729638205214, 4.612663329767116, -0.2568239745618528, True
2.626677189775723, 0.1890449996006902, -1.2499040500743859, False
-4.843172674936275, -5.519703007169815, 1.9895134593337565, False
3.2920680238824716, 3.20622070014616, -0.09765515556058801, False
-6.195049303420641, 1.3400292549743353, 1.8716824461945878, False
0.7428984302679389, -3.7529506660856655, -2.427010730054204, False
2.6874326905096417, -3.5011745074860325, -0.4980022617525619, False
4.196098299200173, 3.74173651588368, 2.549278354121572, True
5.340941514899832, 2.336577628733174, -2.216105497136505, False
-3.6823400521838496, 4.382236546662439, -1.21600021043613, True
0.1975153877566349, -5.82453731064836, -2.4775618218215802, False
0.16607386130545088, 4.339689797511316, -1.0560263550902578, True
-5.596808710464546, -5.922687297780434, 0.5879192734308738, False
-3.0836913367964613, -2.1069848161090547, -2.077096692446471, False
2.9011833514766927, 4.3677663322385545, -1.354872258682728, False
1.1734372733226417, 4.105287335123791, 0.510404715826172, True
-5.673100314222203, -5.637390175249359, 1.1899096596057515, False
-3.6037485043711914, -4.601126232411201, 1.606915180315121, False
4.465835528913281, 4.003418985566849, -2.5099611087391773, False
4.669784093827449, 4.177736542598103, -0.8946798843663801, False
-3.7064048016494, -3.99207594910625, -0.29491877657383325, False
0.2647384469089822, 5.746226278581448, -2.843455856281809, True
5.807162851130883, 4.524852230814261, -2.2161176359456487, True
-1.3401323218444894, 0.779162042595793, -2.4450149599401305, False
-3.234516490853641, -3.402053393652604, -2.9932070709812626, True
-6.245328568195079, -2.6858720928937716, -2.0556284981608695, True
-1.7735995698370495, -4.1437413177836095, 2.923763442355276, True
0.6401749870330118, 0.6933698747945201, 0.06511857905493645, False
-4.8273570011596885, -3.3379763656357913, 1.1885685733719455, False
-5.034343743566236, -2.6719340448373217, 2.577140559613733, True
-2.268392486279801, -3.5348410547912845, 3.0305780111940557, True
4.6389517181027475, 0.9034888828664451, 3.1389803198957758, True
-5.972537152029186, -0.38241558856408364, 2.8659568931038937, True
3.4554731063476876, -2.2493697928341145, 0.6780974867878711, False
-1.6341826300576878, 0.7114775266742486, -0.32160292620542474, False
0.7005214407408813, 1.7075269049439488, 1.6203225985072267, False
-2.9523762386662993, -1.1198577764164908, -2.6313993366833133, True
6.00474590353044, 4.781252597392331, -1.5052582476317824, False
2.959762261227729, -4.137787857460292, -1.5383718238051998, False
-0.13193009052213434, 2.804003776326576, 2.8977948015975397, True
-3.3951333986713865, -0.8473565795405067, -0.04834771656513981, True
-2.5693862381640655, -0.1423375441504886, -1.1051104046787943, False
-3.9683752249241824, 5.001809241828413, 1.3155279067950145, True
1.0277990598766422, 1.453605645351181, -1.4011910236051406, False
-0.798085659659832, -0.9504137594461497, 2.4470891177996075, False
1.950466237698162, -0.41719618406496206, -1.2344281569476605, True
-1.0794753182015304, -2.2991703847809632, -2.3801347370569115, False
-6.105174816823013, -4.4435771401750905, -0.227375858840821, False
1.22346733057985, -6.135444493568072, 2.851193300085151, False
5.161105816123467, -5.403199761510725, -0.20240237428247632, False
2.440862173386595, -1.131284294999868, -0.6631322317458039, True
0.7123928839973415, -2.635212719722862, 3.0235627579244735, True
4.655284527743639, 2.0734856892680824, 2.4427318149495507, False
0.6734557104945091, 1.827122554810055, 2.6088862599344314, False
-1.3813098710849365, 2.8772385573932944, -2.0060529506030234, False
5.469482088817465, 3.5771432231061056, 2.028950385869156, True
4.710047684841587, 1.5404897764887755, 1.5987928842331893, False
-2.0268561549530713, -4.838350540812017, -0.8335356854239695, False
-1.061036621118621, -5.281295457414443, 0.11011783985405676, False
3.120959690510455, 5.310466823510229, 0.2862846972951485, True
-0.41328377522417625, -1.0959644907206023, -2.6562356407930414, True
3.33812676025633, 1.0801615659212365, -1.8775308244648148, False
1.6876910422868248, -1.4161921534440118, 0.2266516209369276, True
4.170214650198687, -3.479151219766921, 2.1098029050978973, False
-5.399510587333498, 6.017087205162415, 0.3264810891127796, False
1.5360459948652423, 2.0323446785715333, 1.2391911916659497, False
3.3917733970239734, 6.059408397629937, 1.0491739937159021, False
2.0651585672030084, -6.033283754574889, 1.3092179812703781, False
-4.163029808769293, -0.3628451583011465, -1.7634799100395706, True
-1.5146716643202547, 2.5302214045063245, 1.7423153384408456, False
-1.411591388199481, -2.843278748132829, 1.5744598465045563, True
4.8946474999684, -1.053877968787468, -1.688106275636359, False
-4.82369989032634, -2.275875233679325, -1.8457555327589636, True
0.6422373155354109, -3.0522948503527982, 2.0301675885903636, True
1.5383336952850746, -1.1626465684233613, -0.023285170094085927, True
1.4215462233531921, 6.243624443363098, 2.760834613187428, False
3.7068905167410335, -5.760331905360843, 2.2456016177631763, False
1.7607875733671658, -4.091258022682075, -2.9475769049024008, True
-2.7571662848474303, 5.217690731291864, -2.47765737061113, True
3.250644638040903, 2.17745818711807, -2.3976946581253173, False
4.924070998730796, -4.4049697947196185, 0.6471842537271693, False
5.545914039544334, 1.3161422048928708, 2.5052201511137158, False
-2.1353951568402607, 3.1390087680350884, -0.2991574197447111, False
-1.1520022878443328, 2.9526028896143313, 0.1236877232850131, False
-2.652404131204021, 2.89822938192669, 0.8922004308913003, False
-4.153077881396109, 3.173846771998532, -0.12645086257794347, False
2.014783418435158, 2.3399795799521144, 2.967473765710765, True
5.85087072495247, -1.0508564122685637, -0.6629909734593218, False
-2.524827031103752, -5.880434211577487, 2.0405518921151753, False
-5.903042233746113, 0.3002136073167785, 2.839893438384271, False
-2.467616776168147, -5.457423918216352, 2.077719698044782, False
-2.7742361378476237, -1.403092393796479, 2.51871636366762, True
0.27204700314511676, 1.5956256092692804, 2.8144327963004443, False
-0.6212205971071283, 0.8377489247730878, 0.26282373091271527, False
-0.35296788746460805, -4.797846384402536, -2.3948276394537706, False
3.47450845881626, -0.7308049959557747, -0.09206061924951747, True
4.937163249636532, 4.1388912662349835, -1.9720602410172197, False
3.902042579708807, 4.3823110609472185, 0.014501534974333374, False
5.4649200842194805, 5.0479955519610336, 1.3865440553791455, False
-6.013542134098896, -3.4341474410510955, 0.09460296418818848, False
-3.567814985551507, 0.7695156112383952, 0.7625653677583442, False
-1.1859134204855044, -4.25613048473625, 1.8373642038991296, False
2.347554923660649, -3.815915921640392, 2.5715938012831074, False
1.4197882214426674, -6.26895417067507, 1.8653453356024006, False
2.149740858248242, -4.104052906444689, 1.1365019946257293, False
-4.623486406887295, -2.8355181576815185, 2.4197598257063317, True
-5.339899729530235, 4.315527106716781, -1.0230142812951661, True
4.659479049256687, 5.963293160765176, 0.1733323790142287, False
-4.958459457662062, 5.564636406529601, -1.3346278244128746, True
2.4542184980244244, 0.8894248689866417, 0.14717076748627456, False
-1.924187171091086, 5.440489456412992, -0.6429283752621453, False
0.11604952088731757, -0.23939014947087411, 0.31472723079224574, False
-3.5448591748054428, 3.915060215831529, 1.6701428074647593, False
-0.38570807753504077, 2.2000790635802687, 1.0567227032198314, False
-2.036247801182351, -0.08747355504208887, -1.8205109327937836, False
3.552322470677975, 4.114495630368779, -0.25734731020758783, False
-1.811606997810701, -4.322325636141746, 0.08031723863182005, False
5.992278361684361, -0.14105092838792377, 0.30093275080565096, False
5.599059525228627, 4.3203454539385024, -1.1398063245088217, False
0.4015506477498887, -0.15447558015827223, -2.4305898434118887, False
-1.7537292247796685, -2.7030389639902195, 1.1304286347809382, False
-5.814191985535562, -4.091250704019628, -0.2334372382262675, False
-2.2824339135291574, 2.5656004069872935, 0.8518416185022066, False
4.14437552403561, 4.355973617218668, -2.2809562912490584, False
2.9354087215872227, 3.0678825557541245, -3.1220181152775788, True
-6.1676912458355115, -5.718530172781311, 1.1777126018515425, False
-3.073034866500364, -0.9519454820757414, -0.7012401999780096, True
-0.5832205228622147, 5.57770843966034, 3.036435712070399, True
2.5555594751267936, 1.8621422802222884, 2.773898132708024, False
0.4272008496849642, 3.325912526761263, -3.1351049401251836, True
2.521627847866439, -4.906657263559199, -0.3746059727603477, False
3.2477357556336166, -2.232369323599875, 2.251854599459067, True
-2.8689290257290776, -0.3545692480329823, -2.9656782898467267, True
3.037378306861898, -5.860358594008668, -2.091581781223477, False
5.328100726316158, -0.7420551761091803, 3.056912682757747, True
2.8734726813980505, 5.0078932971381, -3.1047353658994603, True
3.087583637630388, -3.5279656081918676, -2.667526703674501, False
-2.0621721858845357, 5.147341188901315, -0.9020863610687244, False
5.826051349115284, 2.8131194942318825, -1.3156364549327015, False
3.1686447340184962, -1.746556053105217, 3.024860662137015, True
6.227672352967151, 4.021325802362073, -2.039095015486627, True
-3.362541857668046, -0.16507863085371355, 1.5960099565830026, False
-1.7765162696986865, -4.418883305021742, -1.8612147095107778, False
4.69407802979655, -3.2654611058879675, 2.4535328142389066, False
-1.5405075839177709, -2.2620131313555136, -1.3113773531269886, False
-2.07835999367724, -1.9709889442398056, 0.8183159391821588, False
-0.11069602483111574, 0.2414131837228286, 3.1250031912638834, True
-1.3813264881288188, -5.017285567040167, -3.004466360777065, True
4.543650632601839, 0.7806915756794179, -1.0629394109525192, False
3.4695057700189214, -5.9502600004402915, -3.082950265290286, True
5.034875036035279, -4.6662662203596845, 1.117651015076067, False
5.372346544777969, -1.3686495347433931, -1.1074860236530455, False
3.0067905002451134, 2.498019233079747, 2.918436887899981, True
-5.003089690795557, -4.357059057808067, 1.7273938133281606, False
-4.800424567490031, 2.8405848418206485, -1.71083535368655, False
-4.840552888352281, 1.760377744934999, -0.2027729184169429, False
1.0600551060222614, 5.477744551828678, -3.0834057189520867, True
1.1171729464242253, 2.8878628920960256, -1.1289870176478076, False
-2.668510661414335, -0.7571389982682186, -0.737868610424719, False
-0.0012105095023118295, -1.4925166541732464, -0.6900083771963046, False
-0.7537969335832289, 2.859894130964788, 0.3275171138083346, False
0.9103683565476981, -0.22529540617881771, -1.4492471969347167, False
-2.699638730956487, -2.5459166594695017, 1.5698947517230062, False
-2.178122043041646, -4.496766895789465, 2.8700701192800633, False
0.8793415847302377, -5.290861885553966, -0.11158216466096604, False
0.2980310608949859, -4.693997232797017, 2.690717333269567, False
1.7243783224634601, 4.497859107089274, -1.6642394039412778, True
-3.2945572406060655, -3.98792776922155, 2.094963370051336, False
-3.959729050322201, -4.266886015038873, -2.1540680667847067, False
-3.1680677901085184, 0.5358989562473857, -0.8067410080242583, False
-2.3714840769516545, -3.6620403797703416, -1.057105801873886, False
-5.817781220258437, -2.0714004087025266, -0.16613584696257755, True
-3.455541058445877, 0.34889064999143127, 1.6220211457538296, False
-5.539892431035943, 0.3164696776146565, -0.0931335854637485, False
4.877610566972564, 0.039070098382529395, -1.368142483493598, False
-2.641890787857067, -5.7685553707693815, 2.558715109068852, False
-1.5546178886310438, -2.541464644647893, 2.583292593479638, False
3.389383108537425, -2.30844177847724, 2.12037112796835, True
-3.7663426848267996, 5.656928443328367, 2.6748691451305744, True
0.7925805143444968, -1.8862497000505245, 2.8083190975361605, True
4.906514377146236, 0.7857127096672514, 1.8244021403411717, False
2.817428758014959, 2.786019925033054, -1.4147458088546825, False
4.503006754075539, 4.269044988854063, 0.48945625627737543, False
0.66599385718746, -3.7699441829291844, -1.2241672471817964, False
-0.14452930841819, -0.2871796499196133, -1.631011599768545, False
3.348563634611768, 1.871549667405814, 0.20001539940038882, False
-0.3886332907213479, 4.384949872768596, -3.035418861703346, True
5.4525831538826655, -4.658798465245956, 2.1728744546014624, False
-3.270016372385956, 3.51837654285948, -2.2907281762119496, False
3.6079134998134474, -0.7486116868995678, 2.071103938058977, False
0.1994571088931778, 0.9255152174197594, 0.8344583130099212, False
-0.8361257484871567, -6.060433156519139, -0.6648442672045087, False
-2.0068158131765017, 2.480021400768363, -0.8028499890564658, False
-5.459928517987997, -5.363750786622438, -1.3854515380275267, False
-5.045100628589955, -0.7492487101742142, -2.687979003936746, True
5.508887700820766, 1.4671420118777032, 2.793432117840977, False
-0.7622035742901732, 1.2600727454558216, -2.3308752194838593, False
2.4716783466818573, -5.711209881030333, -0.9119743642383238, False
2.9588068350859533, -4.4553071838362, -1.289553208140053, False
-5.427304553426885, -0.8863064181468685, 2.8936964486186465, False
-4.845441600902907, 0.026842807119725975, 0.34183263380008677, False
-1.8187793408753983, 3.096131374754778, 2.409938739073538, False
-0.2523571068243857, 2.744619811227052, 2.712624970397102, True
-0.70991172227615, -0.4782397821357245, 1.9162980881511347, False
-1.775757988923222, -5.43105309528838, 0.6082692232751437, False
1.042574746525628, 5.474776757600216, -2.8915738998046057, True
-5.449649181555994, -3.7702451370893924, -0.23911038072106905, False
-0.6204770823990904, 4.283005204127626, 1.549873932768084, False
-3.427450108954282, 0.8878325577908521, -2.38741901791266, False
-2.0422607541867013, 1.3035843705251882, -0.01823926368187223, False
-3.8775414154640973, -3.3621661900502375, 1.7981907493619165, False
5.062188648012063, 4.47972577119962, -0.0976378256846191, False
-5.851887699144691, 0.4678763577537204, -1.5680432964661088, False
3.2206348670175213, 2.342590300781639, -0.40741156705244563, False
-4.064872151152511, -5.07564960274383, 2.8696734018993038, True
-5.8993836077226165, -2.1073224743284342, -3.062846949227609, True
1.1919664405712984, 4.574677153449102, 2.052263662449799, True
5.33297791831961, 5.295079396963745, 3.0624760732194165, True
-4.675855038842865, -0.3338730104999801, 2.1039271374721835, False
-1.477458848671433, -3.986687784620652, -0.24385446680665535, False
-3.8592083081864157, -0.9401659097156951, 3.134301198996896, True
-3.6104979858709454, 1.1723486244571921, 2.295125227521888, False
-0.12329048799020548, -0.22778700049264433, -0.11505794328096375, False
-3.459171837669464, 5.755325615760729, 2.1611263046218046, True
-0.6935590589948806, 1.267518527803797, -1.464289409659126, False
2.6683858831403597, -4.00128265145846, 1.0003305541281717, False
1.0295090825140152, 1.3013116578113006, -2.3810920069860235, False
0.5730672978763982, 4.3725497534160755, -2.6995863546707626, True
0.37330427238017716, 4.785228169616229, 1.3853246402122474, True
3.1416509692129555, -4.606733228285663, -2.0981995722093094, False
-5.806664655095725, 2.7368375475595634, 0.8973309392250322, False
6.144435178688134, -4.647395985076022, -1.7089236776198313, False
2.6685259221367392, 4.041256008019319, -0.4328342396355782, False
-1.7872120505436984, 0.5604427431140753, 0.5054270550880529, False
-4.39895632844276, -2.840935750211303, 2.5434742538135904, True
-3.0943926130552386, 3.340207524570584, -1.9356404576987756, False
-2.7135358281617483, -2.5311941891715826, 1.3664925878486738, False
3.2505392097144625, -4.698070737147583, -2.399100563868012, False
5.21345597646317, -5.328017815964149, -3.0979503272513935, True
1.1426468751834191, -2.6628057464601764, -1.0478720353021225, True
-5.384413094159706, -2.545220208805553, 2.9295908501287418, True
1.7463949974377346, 3.3169489363446676, -2.1629098821012267, False
-0.29159303716921947, -2.403420492659974, 2.706944119991924, True
-5.930761129254487, 3.421722684179972, -0.522996188833353, False
-1.0177958213540625, 2.341967602107669, -2.2317706986338544, False
3.9083644436142233, 4.882071572513835, -2.9111164236859906, True
-2.867840895328737, -3.3693554448227694, 2.545275756761341, False
5.444895008315031, -2.0457598831341635, 2.179632748289115, True
-6.153275167321143, 0.22322645968057397, -3.1171209732326495, True
-4.112048517997451, -4.59291867682704, -2.8572949807963153, True
-3.535834499231633, 3.254758696483659, -1.7922402669101793, False
1.2883032063752315, 4.389503858308554, -1.0608783407726468, True
2.37952939884444, -5.894266072774737, 1.2082124343035643, False
4.922535472243451, -5.243582913412398, -1.9022013210383675, False
-1.7656941055567392, -4.878439322046614, 0.3738312210920971, False
-5.952380583750743, -3.220892958308199, 2.5425989481168827, True
5.843684319660495, 1.2089929924058378, 2.7381940245647636, False
-4.282603649042653, 5.158439588229349, -0.6360981755761705, True
1.2620671814649391, 0.3028544078862936, 2.689128229533587, False
4.024783478286858, -6.229289421462264, -0.11918967555336657, False
-2.9750206611571293, -5.510484599681897, -0.34063857421346144, False
2.5509242433447703, 0.0022219552643418794, 0.17684911902823597, False
-2.3802815705590894, -0.1351399306189096, 0.7615272533938402, False
3.063172575446769, 4.620411458104439, 1.7502872446602558, False
2.851832317984078, -2.377044658662486, 2.2516034965637806, True
0.7130082503098425, -0.7540674072249276, 1.5451960471503998, False
-5.345917371017622, -0.7141870863678736, -3.10811501617812, True
-4.604835227524972, 4.260208134980765, 2.6838226099708944, True
-0.39068672661531956, -6.064979011708429, 2.3562572823627113, False
0.023474093483194736, 5.234701339332505, -0.23149059452673182, False
-3.097755008202832, -2.3215271897592475, -0.02388764830296486, False
2.5985184244210764, 6.107890476528887, 0.38377323234639027, False
0.2539726222189307, -1.3498441520082807, -0.6699586297568936, False
5.534909576198453, 2.050927127058033, 0.89875043306197, False
-5.614924638384987, 0.2795737235514366, 0.6596357008204574, False
-5.134915843524726, 2.1546127932580035, 2.0159285733097434, False
-3.356266904663614, -0.7663034088463165, -2.2654410219333565, True
-0.5588048029215944, 0.7494576919989449, 0.0451809831259018, False
6.172411298574659, -0.22682965189860038, 1.248342845391047, False
-5.035524733173877, -1.1262232611958112, 1.548114530625055, True
2.3844427466323435, -1.385023451013394, 0.9653247125499185, True
5.431030444489545, 1.1100682792263736, 1.896842122572938, False
-5.182771639858547, 5.589648451039942, 0.49033286311773017, False
0.9931257348428417, 2.6044498874474282, 2.4351285302921495, False
3.233548620731419, 0.2527550461656345, 1.3547842584854433, False
2.782674147863254, -0.5720505797730446, -1.743054615545748, True
5.665288872930448, 2.3510302868214907, -1.350880500893145, False
3.93441260994498, -3.045230698582324, 0.08346480744620921, False
-2.720666626337293, -3.178277728956095, 1.9729879745168732, False
-5.603907843537245, 1.2989803550678802, -2.2383868448025392, False
-3.0828437301497567, 4.969125392403839, -2.4063585654105877, True
5.3742238781016525, -5.648194496384891, 0.2186732875517392, False
-0.34215806468313925, -3.037234472848913, -0.5062952978230641, False
1.0251539774993628, -2.516850227358111, 2.7490604049708356, True
1.1788042180480272, 1.5189173135374956, -0.7522716774868776, False
-6.18455941685947, -1.736898785136792, 1.3981497849485018, True
4.1134604493501925, 5.6837008477173345, -0.8945601272566552, False
4.66908088784492, 1.441725220931498, 0.3215625710954275, False
2.449263033471569, -4.760630377553259, -0.8950355455926688, False
1.8232684076651289, 2.2929223545063966, -2.8363981761863477, False
5.742473076419341, 4.630592958017944, 2.8816526087609793, True
1.8240445908080751, 2.4839999177349448, -2.3935386087169297, False
-3.3495132796576, -6.078631959057932, -0.9005387851498563, False
-4.70017107752702, -5.192477517770743, 2.4860410403292814, False
-3.615856282769036, -5.593772695958057, 2.5644507247486565, False
1.818643155876492, 1.3141465514819188, -2.155839841202997, False
-3.762176986697482, -1.7150114767616866, -1.3640136349607963, True
-2.701497680862067, -3.851015978371637, 0.8573772391349022, False
-2.66723966117875, 3.277870375980955, -2.6638936541314564, False
1.2247485530615174, -0.29448742316912124, 0.428632103454599, False
-2.803654558282717, -2.5831490055223814, -1.6689299355746294, False
-5.410264685671864, -0.5001656837718667, -0.9823737437746813, False
-3.96535105916124, -4.590202113106323, -1.21870106367834, False
-1.947154957767621, 2.604290633580895, -1.7371597986678613, False
2.7560850541789446, -1.8474853876737214, 0.21040125331483406, True
3.656383985956724, -6.182757721698248, -1.02014765520895, False
2.5287510811599976, 5.697805894733531, 1.4007427746684549, True
2.3084757717975464, -4.161768547892269, 2.958312808041173, True
6.01034959148801, 0.12951138918274907, 2.368805118112027, False
-5.862015057923297, -5.031740663252061, 2.0838412415712178, False
2.400049450198315, -0.4246123877767918, 2.020617914722818, True
-4.254263314492276, -5.914714175981448, -1.7486372543733013, False
-3.0766797117130835, 0.14225753472679425, 3.1293902209894098, True
-1.271235654094883, -3.3819007624273527, -2.336992760042879, False
-4.4740710039625595, 4.622215993793008, 2.7782035612704057, True
-1.3625375618378417, 1.9469187896461477, 0.6897499448253592, False
-3.205197095846233, -1.0057093298204398, 0.6440988273543642, True
-0.13657629246985348, 0.8900009279508012, -2.103667131427389, False
4.163118362473513, 0.9280015077159689, -0.8010999775407881, False
2.5021356185161494, -5.80111852344634, -1.606470286851313, False
-1.2351883525294918, -1.6688066687675, -1.4860807669450489, True
-3.2872291658690473, 0.254244245702675, -1.729237095760718, False
4.343440318488289, -5.0876344168241125, -0.19221331065676717, False
1.0497266852778893, -5.3868705311866485, -1.7460627860017186, False
-3.542583483275373, -0.395748279067516, 1.8402350849087794, True
1.349427154167273, 0.2775793931189634, -2.8092380020885823, False
0.36656020875033857, -4.051070910563087, 3.1387813470351107, True
0.5203589940442264, 5.74694040106483, 0.3735626016323801, False
-3.6316294237187368, 4.39686698920219, 0.991299499203655, True
5.988695134627795, -6.050459129023789, 2.2199554438398215, False
5.525451297968736, -3.802763659117569, 2.7293616039448363, False
4.13806455649641, 5.822415760940913, -2.634125437958363, True
3.2415637290812356, 5.109144191054996, -3.0279077609615976, True
-5.679106116915083, -2.016140201270156, -0.16569796035081152, True
6.164428653317925, 5.749910805135045, 2.2734518975438522, False
0.9592478843996828, -0.13369113553443857, 0.8705586969996073, False
-4.111081154788061, 4.169449814952548, -2.543917971801954, True
1.8686318494396996, -4.063364400381301, -1.783189546158212, False
3.060824875849466, -1.8115625757204281, -1.411301538776496, False
1.7183416857232885, 2.6664273712876856, -1.796386262099379, False
-3.57675906078426, -2.4175542564141947, 0.552895573515304, False
4.290964233797682, -5.75396052511339, 1.6756764280200862, False
4.349585892147214, -0.9569196766722152, 1.2472447869258332, False
-3.2628544957516334, 4.396921134370599, -3.1050391846294634, True
2.580968807815987, 3.400412599358976, -1.5522414997993317, False
-1.7641432504144685, -3.747648105017596, -2.5058519790838885, False
-6.034727846789627, 2.484220524055461, 0.7088728764841834, False
3.045178081309597, -6.224841245223914, 1.7172749209283467, False
2.3553292517232833, 4.212307194149071, -2.2086140921297055, True
-3.01942667973706, 4.232682533772222, 2.9219138630881645, True
-0.07099966348189657, 2.80223705847253, -2.0495011619095806, False
5.751334685013633, -5.5294522135622435, -2.6598898280160395, False
6.170546988480382, -3.80489046875785, 1.4077259201703587, False
-2.511964960722587, 4.172112116212023, -1.7061239419518868, False
1.800382476725126, 5.653661878390075, 1.4502758241816318, True
0.9798898032712371, -3.928859365851345, 1.6460405051952245, False
3.678912940851383, -2.508030679840492, 2.428664423074437, True
-3.0037239032172796, 5.837737872234884, 0.6558784767813584, True
1.6257259691627288, -6.0776966982362, -0.08960811998738416, False
-0.20110407681920162, 0.3448757960776847, 0.15324045873540815, False
-2.1888109847945296, -2.6397545897803307, 0.11456959716335069, False
-5.76675639137057, 0.7500375419517376, -2.9405499547586333, True
-2.8401866864093033, 0.05197797562476936, -0.15406484727080283, False
-3.304846836734379, 4.412278076425261, -1.5138220494665102, False
-5.328095542812847, -4.354976214942447, -1.8565443937897017, False
1.6986173420842157, -5.593027565258884, 2.610484250762264, False
2.6109586265767533, -4.230743824882893, 0.9784230330910946, False
-2.064496959907773, 3.4501814492283707, 0.19645248415681582, False
6.02155950939037, -0.08979090301725812, -0.520869044702772, False
0.2502329786502866, -1.3699494004338844, 1.2089659507442558, False
-1.728931018954877, -4.360047506948158, 0.868383156313187, False
-3.0091115640755004, -4.856264177813555, -2.1175938072426916, False
-0.7248430732953013, 0.21405632705601896, 2.032149238862341, False
-3.133468165274366, 2.2543324541807657, 1.620809192169376, False
5.427669723560728, 0.8110072046531771, -1.6514843816317815, False
3.8793997515148746, -5.378111078293709, -1.3221614997408822, False
-0.7168245836108404, 4.768658632568444, 2.3878430494251965, False
2.974107972057503, 3.6177328613450346, -0.48663885986170863, False
3.9503745287332137, 4.947059665127023, 2.650961422038817, True
6.020295834226907, 0.747914771775112, 2.7072896405414424, False
4.18571661424542, -0.5940459208743105, 0.8501016966577915, False
-2.5829588537167676, -5.596368535762442, -0.2897256266652839, False
-6.221582084345358, 0.8279604109959502, 2.353643604100614, False
2.904398963804873, -0.0527443559317442, 0.7213068168965675, False
-2.7595789142296754, -5.166413695320031, -2.3952186607546455, False
-4.116992808495367, -0.6431179339667406, 2.6123176483746935, True
5.952719015918339, -2.942641382693961, -2.52550381578024, False
2.0217375780271656, 5.844562502334904, -0.008316535057733887, True
-0.9470150205823744, 2.0537267012856617, 2.2353149039028155, False
-0.9110816315701902, -3.866051032318745, 0.017494574092129955, False
-3.000227423601394, -3.7088950703315597, -0.4260088204355461, False
5.080604798061955, 2.394803868976183, -2.4151109963355832, False
-4.398225851238149, -5.559997672364851, 1.2632717172486512, False
-5.0772437715341905, -3.382994756521375, 2.213301642409407, False
0.3826490421320994, -1.778124177473761, 1.7942403219706966, True
3.0551820371379286, 3.08050124172801, -1.3391246540033475, False
-6.111202161698987, -0.047067282376688446, 0.1375701769155504, False
5.813995937967254, -1.9539264031600458, -2.7491607406869867, True
-1.3373505541217563, 3.943976465112053, -1.8890423889693546, False
4.536987836257577, 3.733448817457564, 0.0628280966979129, False
-3.8348794184872874, -5.370589896737106, -1.2752131654821999, False
3.2019604822297936, 1.8745392074294003, 0.5933145944541627, False
-4.446643671908404, -6.23059484581284, -0.45184030282119947, False
-3.4877102743451367, -5.720746477948465, 1.0914156646743622, False
0.7314086771020509, -3.2780713735713336, -1.6046360981275678, False
5.899393602114364, -6.215842352943614, 0.609280323762992, False
-5.270077922670688, 3.9000689902001664, 1.611472445581481, True
-1.1754936244606968, -2.2212641072121206, -1.8195351101837698, False
-2.9960104208834664, 1.5509059327133423, -2.302987134617391, False
-1.0625976204757626, 6.001020047393871, 1.651565687717972, False
-0.37574817304639563, 2.1546868148142977, 1.8181455087533074, False
0.5985727356769299, -1.137531657491473, 0.02328803446495087, True
-4.5355179298993225, -0.29173701255091444, 3.1332011390057533, True
4.72682398577053, 2.2910112285697046, -2.9506710886931007, True
3.3256707386934607, -2.390722451686723, 1.0986840450483948, False
-3.078173934014277, 5.933886583979872, 2.514924613453691, True
4.413545710963254, 0.6858475916666844, -3.03438300997705, True
0.2653863385997566, 4.340661379737821, 2.469251483793621, True
0.17940696428174885, 1.5858038822530274, -1.2126229010344536, False
4.038589297752354, -1.978446435121441, -1.173917502505096, False
-5.984939411498124, 2.7942643280477437, -2.0716303780844063, False
-4.177685687749763, 1.7961942716632464, -0.8436054119343583, False
5.005795472891389, -2.965323827972559, 1.9986745416673397, False
2.1390425514019658, -4.23477336639276, -0.05620358218052912, False
1.6655906322607663, 5.690630338354202, -1.2176776039578683, True
-3.070656820560338, -0.8901795813361488, -0.7612519945813423, True
-2.192795033753648, -5.451583802686998, 0.16382487750720864, False
-3.6106475908514426, -3.7271165455441304, -2.4336955645548364, False
-4.9424270899477225, -3.045711064525366, -2.282833114761379, False
4.100599985596684, 1.0469031717347077, -2.7029635744528555, False
4.156284409402044, 1.1568096053175143, -1.627962810905982, False
-5.782602082414193, -0.942389944772482, 1.507405427811138, False
2.359734758549317, 4.051623346175679, 0.20790209373598456, False
-5.896445154492441, -1.6429654255595292, 3.0500329707899434, True
-5.688303325172403, 1.0279432234052273, 2.716617399196039, False
4.252178217534343, -6.2422001034192816, 1.9877769958534603, False
1.2066392739410396, 3.8714942953385396, -0.46914660761518023, True
-1.2227558784336603, 3.2355126169004347, -1.3919733501843456, False
0.037401708871386496, -6.033821231843633, 1.7245645614001752, False
1.6988220346267138, 3.6377171258009326, 2.2052681492457555, True
-0.4588400154810346, 0.3646411037589017, -0.8979662967100319, False
-2.000813018761331, 5.971241716871026, -0.6376280866721187, False
1.2989987532540752, 3.6437651884604385, 1.625784334768901, True
-0.3781536862698536, 5.684965357963021, -1.8225285166551086, False
2.919120318336306, 5.094368152982806, -2.2414446949279263, True
-5.765833182552855, 2.6944242850994975, 0.465926708828607, False
-2.2576654687131876, -1.3715372195513824, -2.5543391974132965, False
4.651184552619984, -1.2876407323808792, 2.8475253087748023, False
-0.3242015931333464, -6.0343126931393165, -1.0428768090793294, False
-2.3457466858778853, -0.23342513499158102, 0.9599755411216275, False
-0.8925881643735245, -0.23174814135655541, -3.141295495997398, True
4.3879897065427045, 3.413715894604435, 1.7244620356461793, False
-4.4788661899154425, 2.4939218041407383, -1.0755656160057585, False
6.18163934564023, -5.86145602997333, 1.916357752755089, False
-3.104172841503173, 5.944622636656181, 0.607133940476003, True
-4.555689753950684, 6.104289485015489, 2.357096380356027, False
3.083845522175505, 4.04315975031111, 2.279667004538477, True
-4.2779585321580385, 0.427419041840011, -0.7988955400765478, False
4.128441460102458, 6.262139735117584, -2.3372167334653335, True
-3.250452424215711, 2.5329674423399524, -0.8941358815263332, False
1.3384996548525052, 3.380332809431719, -1.7750950678031072, False
-3.407161806566594, -4.224803851949611, -1.1216222375438591, False
0.5937378538712581, -0.6365859555356161, 2.666941039228602, False
5.268840121488383, 3.685391027586533, 1.580936978325778, False
-5.204042477752717, 0.08785810278927464, -3.077317931805152, True
-1.1914312766537378, -5.470844190156582, 2.608798621848786, False
0.454577019344403, -4.427462194357722, 1.0486224790111658, False
-4.274465708875789, 1.6375913835866367, -1.8216493206012845, False
-4.769205438872381, -3.2835955916836856, 1.1759091314580497, False
4.182410533191128, 3.112099147880045, 1.4653988297071319, False
-5.547515904046265, -3.653287600827485, -2.8071304802538983, False
-5.306773289752912, -3.719233402409444, 0.5810028252030199, False
-1.3377695135769292, 2.598692434588518, -1.795464407943972, False
-1.6187311670452154, 3.1932485818386986, -0.8332175293154016, False
-6.262504443511093, -5.3076864468158265, -0.4585710658741151, False
0.9986815709258323, 2.670194821915988, -2.3133165799259454, False
-3.801520376498372, -6.164494395966312, 2.775162983217964, False
4.069458826994298, -5.712856578418246, 1.4789514884287298, False
2.6754636800889653, -1.3008566762084275, 2.530897892152036, True
1.018997108058441, 2.621537200781292, -2.5721025904942603, False
0.9115249684587168, -6.134761309951681, -3.068744537862421, True
3.148713884372224, -2.7151673473495648, -0.8013422842815374, False
-4.472910908327834, -1.3563134617621282, -0.25765741227959404, True
-0.30745887666341964, 1.2181587587283893, -1.3727336323276604, False
6.204736527402936, 1.3103320267551144, -1.3925476752381927, False
-0.10317700453965184, -5.732453924451458, 0.3123399963474216, False
-3.0547725606414167, -1.853507416422901, -1.4323177925371584, False
3.8760583730279805, 0.019137520246515827, -0.9259587759649563, False
-1.682119737012072, -2.6606999147753116, 1.918400617861602, False
-4.901237792087297, 0.4406816817975461, 2.4047705334850074, False
1.7464424178461027, -3.8714597965323514, -2.4175814311459902, False
-5.661751526462, 2.9310849737929843, 2.159110996852803, True
1.590465797982997, -0.02571894958581833, 0.5710799632679824, False
3.8862421339151823, -1.3101109738552168, 2.58505734005137, True
5.125171168020064, -3.185176003867442, 1.5210448082950876, False
-5.150404604165479, -5.658833761470281, -2.327796993460189, False
2.7464042613754813, -3.7600569562190334, 1.2960713093451188, False
4.757400661052735, -3.7507898991301545, -0.08652182958723786, False
0.9447698210545745, -3.200721419910722, -1.0556378912396918, False
5.820807604537405, -3.097623094202416, -0.30700216455958085, False
-0.09296864801403704, -4.826022418072144, -2.297374155217291, False
4.372035744006686, 0.8415321595720178, 2.263544887635195, False
-4.839475117326989, -0.26140217671109234, -1.130840192053204, False
5.468399517817499, 3.2867267318087485, 1.1697379103860595, False
-0.6091567372785915, 4.085605662519569, -3.091328208324279, True
-3.2783664607171903, 0.8436010924566473, 1.7967677111197293, False
-3.837876398590126, 0.32432554838960836, 1.1615421015984824, False
2.5533966615187307, 2.8864172273761586, 2.7461294205828324, False
-5.912611522537208, -0.8396406949353583, -2.391216235304945, True
-5.672425857394183, 2.2730078425412863, 2.750975621950734, False
5.0031662960470555, 1.1965656883889366, -1.118166953564537, False
5.170564957283023, -3.748503708649982, -0.4532812836435389, False
5.906413008942293, 4.784062618358284, -0.9260753294308524, False
1.8491123788321318, -4.303441778066771, -0.6759222756778303, False
-4.861480205071134, 0.3407465225331414, -2.2453565719737845, False
2.458734490907265, -5.600517709508409, -1.9482647851425756, False
-2.5836929642810094, 2.4014697767572084, 1.680600760691056, False
0.5853262145073419, 3.783747909991236, 0.665985527380283, True
1.923709225339831, -5.773171014126744, 2.452513905717513, False
-2.4766638907510945, 1.1180298726010456, -0.7045891560221276, False
4.396817806517323, -3.573768838118464, -2.000955534563232, False
4.317005727675761, -1.4157712151764166, -2.4499602537421277, False
-0.9970303254627435, -3.639240095248074, 2.6843479585211245, True
1.2239510400851126, 1.8051281655434952, -0.07438232794034727, False
4.040266564355857, -6.061491248711406, -2.2270459697844225, False
-4.698279979162512, 5.411514881279329, 0.7845448330373852, True
6.279014416177288, 5.554345549048403, -0.6010538187320469, False
-6.079067847861059, 3.916681863614979, 0.8244185575777561, True
-5.237899575855663, -0.7596871324226049, 1.492797917822191, False
-6.079393608007569, 4.658817251231882, 1.5814853133401234, True
-3.8519708976823526, 1.9382756915910981, -1.2661510026980454, False
-5.825966035363846, -4.883196001903775, 3.0571934292395326, True
0.17815056405279783, 0.4741967390104733, 1.8622519158725082, False
2.036212158175685, -0.9836039650376058, 1.3426626908116477, True
4.456470065937468, -0.058608767782876825, -1.4400032174190287, False
-4.427344995647011, 1.4467638967704906, 2.92377437072122, True
-1.3587339940274337, -0.6834463972070282, -1.0347882233134356, False
-6.013886886211493, -5.249400038062757, -3.0446841390943034, True
-2.217815975127606, 5.660383807395025, 2.561657276878422, False
5.221754054947876, -2.073608363581404, 1.884280410266168, False
-4.255767534000271, -4.632840467319018, -1.1150433576827394, False
-4.057178163837893, 5.6281678135630475, 1.9676926362775422, True
-3.7391072199300965, -4.623984224253221, -2.938489489054922, True
2.94330969262025, 0.12845852103385447, -1.7357901040478023, False
