-6.239212911158068, -0.9397070230446563, 0.8504855731079735, False
1.1613794927541345, -4.903273969209561, -1.2570645731293628, False
-2.268700778518923, 1.938758141281415, 2.450123065677783, True
-1.4211887644218253, 3.5385032721185556, -1.257800997294759, False
5.971943490052771, 2.99998019405815, -2.1102543759274575, False
2.5827250651780975, -4.423350760648713, 2.6946716045117496, True
-5.1979695367414545, 5.7022975337965605, -3.0530870699674733, True
-4.024136499793016, 3.9435719953727233, 1.0869895922018564, True
4.322281378111882, -2.4680279842637605, 0.8493615195038666, True
-5.477334420181569, 2.4727192890557674, -0.6905167212506056, False
-2.4062682952299723, 3.717635785373494, -1.5398184518958495, True
-4.04804309329822, 3.1295287200885795, -1.1260915480975626, True
-3.6735567340916266, -0.14281216672818786, -0.8057635843537927, False
-2.0016686042666993, -1.2199732818432656, 1.6727388561286514, True
-5.607246561729145, -4.61938429044918, 1.4912383448745707, False
-6.105627273581074, 2.8796503298242033, -0.818390092527244, False
0.7030357285078308, 3.8650925729935413, -0.5073875546203608, False
-1.426893667924987, -4.1437588940799195, -0.8686299098479959, False
-0.4520521361135028, 3.983144952831923, 1.1821437083955209, False
1.773648126086215, -0.1495328338866333, 0.06575103119792303, False
-2.9196338889796754, 2.2664282467573695, 0.13361270766908984, True
1.9902755502599039, 4.688008614596653, 0.14022957804747405, False
-5.47954108074595, 1.1163897992805314, 1.5011893599276238, False
0.24460508973991324, -2.0183887670710616, 1.096856610280942, False
6.1931459811265, -3.2720444741302055, 0.6463876250176366, False
-2.2003238655838304, -2.7471096607426406, 1.6649060242426366, True
1.6167397104109043, -4.167214188594691, -1.2119599817574032, False
5.15955442078487, 5.145014566104514, 2.58229410659425, True
6.139182211578149, 4.098096344752609, -1.3317772724332635, False
-2.570263862998569, 3.7950821947637987, 0.7704968879469973, True
4.988574909182136, -3.573984981159945, 0.16530380576358095, False
4.558754895994502, -6.125877727823129, 0.04810980793932007, True
4.237934372647052, -2.9891843547997636, 0.5810893465418729, True
1.0275512634562745, 0.05393117709442752, 1.5539428610503228, False
3.3214773365851897, 4.377327324503003, -0.975947214000648, True
-5.536419791304432, 4.106354294646723, -1.5201816364623684, False
-3.5023356344836793, -5.301197142154321, -1.8359986498092715, False
-5.680577410604659, -5.642709307942337, 0.9015797543156197, False
2.304042010924661, -4.833741204750567, 0.5797515495953287, False
3.45318944423496, 2.5209772985344827, -1.1263245902321746, True
-1.543239974428242, 1.6671626201961338, 1.4457094899138871, False
-1.6653865588831342, 1.82308199567691, 0.34609910185169745, False
-3.1634746412436416, -2.9080361693342787, 3.003363426580748, True
4.77537827787463, 4.096353719476685, 0.3198528935427487, False
2.61211663750386, 6.1759623035804925, 1.0958615368806877, False
-0.3632000508875386, 2.300466300124258, 0.273634958249501, False
1.325081198290956, -5.012587124046196, 2.225808801353107, False
-6.267813010850343, -1.391235302007332, -2.3736587352016487, False
0.6696591376676855, 2.6502341890564125, 1.6223550404680074, False
-4.316962626521129, 2.608574105176295, 1.247567647553196, False
-4.588686335919667, 6.256988007402271, -2.5160355138802313, False
-5.643561590747228, -4.063935092690566, 0.371857666796819, False
5.879635828350224, 5.355482913529867, -0.27845526546786425, False
0.48143595108084636, 0.05921554894247549, -1.3256793500731312, False
-5.9889933650080485, 3.8636192801441673, 2.5300295055606608, False
-3.2864586239647244, 3.071524282357709, -1.4654949383345948, True
-0.15478448103761533, 4.954309515944786, 2.164194575635584, False
0.9123796177322587, 5.695622113415791, 2.014889059382593, False
-3.414971727639379, -4.1457377991882876, 1.289455609905506, False
-2.4921109678977533, -3.4259327208070025, -0.3299933104458739, True
3.3955432861875465, 6.21946391777721, -0.18401686174148058, True
3.9848670428868704, -2.348627611896784, -2.4287667663008286, True
1.2773082922237249, 0.04033842537644983, -2.4301335685263954, False
0.05163856901896313, -1.7296517569682628, -0.21812032409773163, False
2.9900909166871177, 3.4350909198250683, 0.07500770408632551, True
-0.940603886838109, -0.0743222080073398, 1.1447467575731123, True
5.3449735138617065, -2.3901717379789984, -1.367043463953261, False
-1.468188968695169, 0.8846934623332618, -0.4011217224688095, True
-5.478925057440623, -2.236426050099926, 2.9330284109797837, True
-0.40574211021026585, 6.033391277671994, 0.7372913041989961, False
-5.255380870197529, -0.7100193803792667, 2.205334467762513, False
-0.6753165481262888, -1.130753883208084, 0.008234122327912097, False
2.5048899455639493, -4.826111631818712, 1.9441236626563105, False
0.3841049687834559, 2.485126077677135, 2.7237988687327714, False
-1.262244480243254, -2.976521773706572, -2.772004519580244, False
5.444633277462401, -4.642651387677981, -2.6342856042827067, True
-1.137759645281915, -0.6468462389753356, -1.8890583763594957, True
-5.095010962358499, -1.2642861831850922, 2.590866755191364, False
0.8952577073215258, -4.30406139616826, -2.0091494162738615, False
-1.6094271758915042, 4.712073045325187, 2.6056711210967896, False
-1.7942581950117669, -5.629917427151483, 2.453086826904613, True
-2.703031701693614, -4.514031892870063, 0.7808524198648539, True
-0.7351055795886232, -1.464575335352273, -0.21115101768243427, False
-5.752906540240191, -0.519622918681355, 2.8206639252395593, False
5.740576594849214, 1.9875294916691928, 1.0124084968300107, False
3.4873317977268616, 6.258175295379152, -1.8251613791642047, True
-0.09922662083508005, 1.8201048364281665, -2.5422607612417667, False
4.054435504902404, 0.22251636932163876, 2.1915865603794575, True
1.4399189139697466, 3.4131555048402085, -0.04608254859976446, True
-3.917139321323592, 1.444315002743429, -1.3460917302758701, False
5.325718431928037, -0.25953784960533266, 0.9494865930593797, True
-2.1907250799589573, -3.2508456570061104, -3.044659079629431, True
-1.7710039634053034, 3.4837859489503398, 2.567714119761959, False
-3.2817936944346844, 4.440971758095019, 2.2776657672053657, False
-3.0283598678623123, -0.1850553677132405, 1.5530481266654377, False
1.8588031348816774, -5.029957779912529, -2.6360295763383075, False
2.774030835539463, -5.869780642564808, -2.796407091094326, False
-1.985664944776027, 0.9142052833718326, 2.1646155577223105, True
4.115780966582301, 5.243533899681525, -1.7344804801788558, True
1.7401242726384183, 1.9287006215220455, 2.5726800045428524, False
5.972377840904986, 5.787568737675011, -1.1679997009117282, False
3.6095757592643665, -5.903886224927713, -1.0135748112237164, True
6.203178612651277, 1.381519220046929, -0.20734011140209319, False
3.9508259432732853, -4.3442240410423905, -0.4563546122286706, True
2.406227913068321, -2.5613523911987177, -0.008352081454201521, True
-6.056540784134236, -4.105545890174129, 3.1319371396646822, True
0.32485659825376345, 4.894897323177142, 1.640894259148192, False
5.1819191239649065, -3.89142247009555, 2.3291018760815128, False
-3.8752329116030015, -5.674375223822292, -2.757897840990127, False
3.3289737654503515, 6.077630603938312, 1.1169978241039855, False
2.9780642166904254, -3.3088598348878366, -2.8709580855732444, True
1.9255026804696875, 0.9014966735979666, 2.312945715686933, False
-2.347184771919781, -5.489725613242895, 2.9127941509154303, True
4.729848344588072, -4.075670985786655, 1.0137010938280602, False
-0.5958883042615915, 1.5764192908611552, 1.0703929079750498, False
-1.9640376862189033, 5.715956122133909, -0.33839894299953777, True
-1.4397696671574698, 6.059879296327333, -3.1211221682925596, True
-0.6327840622025924, -4.4204169242391655, 1.4451817342858595, False
5.347068677735933, 4.161800212559854, -2.0776123682220966, False
-1.2536302318298889, -4.645826318243115, -2.8699866218154746, True
-5.124846025803286, 4.80130155603346, -2.292640613752842, True
-5.621791953433941, -4.4806520844898134, 1.1338628040510512, False
4.7597978502874945, -4.585207969189602, 1.413639064804065, False
4.58016758331704, 0.8268502021224542, -1.9559512763460403, True
6.057336538067151, -6.232963688651349, 0.6653548616928222, False
-4.5564316104208435, -5.338327392028227, -3.0373320478215224, True
2.246312288980887, -1.5861087515064556, 0.2956775785877226, False
-5.874186489542841, -5.776597925358052, 0.640732756191337, False
-4.615650610212469, 1.0446646479988662, 1.620795174266017, False
4.304078199126041, 6.2218874175457, -3.040532943127236, True
4.476504846085298, -4.254756702639001, 0.15074016019379055, False
3.5873442292110447, 3.286021524082747, -0.3489706758770832, True
-3.098199960898943, 1.7475030641670042, -0.5160088249008901, False
5.110716129927134, -2.70563507336399, 0.980082146345131, False
5.019305313454792, -4.272799516730475, -2.6928357466800885, False
1.1389716164857235, 2.136193644107923, 2.75380761793687, False
2.397980424806196, -3.772763910799116, 1.9091975765954539, True
4.552905990210659, 5.278190772795567, 2.7588864959210015, True
-4.813251189531106, -2.301156910769112, 0.08624455356913963, True
0.6024945134800648, -3.857313174715095, -0.6693992384788592, False
-3.05173111796853, 2.0887161581050737, -2.3532489950096305, True
2.15408594594666, 0.20964377501489295, 2.3833134195216745, False
-1.6750551879690683, 5.433112787489236, -3.0473943118666806, True
3.5757332947300124, -5.369492550156691, -2.2916444350911576, True
-4.505862357956134, 2.830064179585058, -0.19031907444067464, False
3.2902657199073815, 3.5126423237242115, -1.8718892455408123, True
-5.90780263778516, 0.6544764051797403, -0.1710323001642018, False
5.26223278299665, 4.906869452731705, -1.3895828446316645, False
4.379249469683858, -2.3471937187178584, 0.017933855852614755, True
-4.3042728229503675, -0.1235530976733008, -1.56211692618329, False
-1.7135993887539493, -5.067190840503615, 2.8415781778057863, True
5.593805982439678, 3.564230534883203, -2.1927944895309004, False
-3.256178912538262, -5.958822442512337, -0.21388405025947987, False
5.358239444693247, -4.967218104936213, -3.02437587001545, True
0.9703175356023932, -2.376970361176488, 2.0903950341012587, True
-2.975120243094747, 2.1173696483757425, 2.35096362965791, True
4.010871592603447, -2.733198395004854, 0.46545880684964835, True
-4.2940302183598265, 5.997871392055291, 0.7422342488604183, False
0.6088499153120699, 2.411068632995047, -2.900707496754453, True
6.235509421776879, 6.216338448172015, 1.304384134923274, False
0.24534264743423861, -6.011674193674271, 1.0425053873609018, False
0.5774203590627902, -2.9462791372540686, 1.1302979619548887, False
-4.934315261126551, -1.6365838947148177, 1.6856841969394445, False
-0.4371336878129819, -0.16754767704869344, -1.8882087100513514, False
0.4274230782648143, -3.1888789225123055, -0.705831806879007, False
-2.2658393277404594, -5.632005325592804, -1.057955092916529, True
4.573160230894501, 1.371882290802895, 0.6617005505767275, False
-0.813211994161466, -0.6934652436393547, 1.577035843302112, True
-5.061733673404453, 1.8888447561888757, -0.3802150935831796, False
-4.697318287721192, -2.4698142225392696, 3.0004344228381212, True
4.790233388049371, -5.689305737679463, 1.8926712398865995, True
2.3326471775255975, -6.070890601840437, -1.2753738190169215, False
4.557499293607929, -4.884136073572498, 1.9860413285097671, False
4.315530303500706, 0.42888038712652055, -1.0104816977316076, True
-2.5985511033842554, -0.9180799454916535, 0.7502147093098754, True
3.8351294992728704, -0.7042999444494997, -2.6935540855806455, True
-3.9121445798833143, -1.7722830790028947, -1.6587487100441125, False
-1.3427704394570243, 5.904397220135952, 1.7029537538354633, True
-0.6475094409795545, -5.851795924168698, 1.282605467035812, True
4.437949388131379, -2.527714903108214, -0.19835702081087936, False
4.252658529923728, 0.18269161136673695, 1.7824165444319275, True
-5.280917714842794, -0.8161342915813936, -0.4547017787868399, False
-0.7019441799101118, 0.8264299512071993, 1.86591028228825, False
5.37871294994736, 5.621824478553213, -0.4503941275404735, True
-5.18991777906737, -1.5202264527468818, -3.0515179016752616, True
-5.483103049293247, -6.077749258340751, -2.8092195339203707, False
1.3034604676934336, -4.334655294870514, -3.091521096560006, True
2.457808142076571, 5.120748307003154, -3.0860356138150262, True
-1.9957595207715464, -0.7735905636134444, -3.0398481093167833, True
-2.2356851510876004, 2.4886963432697957, -0.055452695548099395, True
2.5433540139106885, 2.4214655861220127, 2.0322722973822493, True
0.721111171655914, -3.2932488804095748, -2.23368323059241, False
3.251930319973404, 2.078918206463932, -0.4457776789070209, True
-2.1642355948178205, -0.6161925161045225, -0.19156803211761186, True
3.5604947268808775, -4.441863091388322, -1.1276961536114936, True
0.28795130218148657, 4.005841968615394, -2.1050168426628493, False
-2.9599382035028365, -0.700187387883088, -2.710088148003018, False
-6.08800864040527, 5.739330206435831, -0.0769932311433692, False
3.600879302662257, 5.458676640816824, 1.249413788888491, True
-0.83140601420493, 0.270864461169916, 2.8311705435987706, True
-5.2462984589765655, -1.551266463274886, -0.996508006793754, False
-3.742758415138475, -4.32246974385954, -1.6095405973055452, False
-2.542518111138896, 0.4933213396661973, 1.3327098260200065, True
5.007478353769303, -1.596998844197853, 2.4012706109046604, True
-3.274108104056497, 4.340715257774134, -1.4239031972338696, True
-2.708666254728601, -4.0405775448287535, -2.9176776397830535, True
-1.7106632644681037, -5.577303129408392, -2.1900822481367395, True
-4.6131446392182145, -1.048090338548331, -1.1224394627423981, False
0.4759213406624898, 2.8059601476180287, -1.9599688918804203, False
4.512485640161998, 0.6074042731656588, -1.1282568504174502, True
1.6547884968492568, -5.550802051461614, -1.811723598023682, False
-2.76232981491333, -5.599984380185926, -0.17212115214001988, True
2.9904852976795038, -2.5218902783312713, -0.5773832582563458, True
-5.195546222160178, 0.09634765534984968, -2.5071665167276462, False
6.18397194433191, -1.6324002014677328, 0.6305723989719767, False
1.285766224924921, -6.159546544822396, -2.397721086937698, False
-5.563020379623613, -1.761169321374001, 0.239526317709982, False
3.8180171635281965, -6.006967345719714, -0.2008635096753837, True
-5.753619126940863, -1.552997294974931, -0.11632969611394417, False
-1.8305613404517258, -4.325628780773817, -1.5395183541771487, False
0.06870534035805775, -3.8654215456381107, -2.1543299241402742, False
2.2593103871050744, 0.27491949555730155, -2.062398983585592, False
2.7350251212432823, 3.235777626333416, -2.284957254082489, True
1.732815219077434, -5.250274119779255, -1.5458762008920692, False
4.0757911631345, 4.379644154117306, -2.566287289932829, True
-0.9244907553607975, -2.457635693500776, 2.3678836066197313, False
5.450657107747572, -3.627091512418005, -1.3285600550205292, False
-1.235751259470435, 6.164266594638102, 0.25552153390636745, True
-3.4304662322276105, -6.257060581919885, -1.5740867081503165, False
3.6702622653967722, 5.781487716758511, -3.0821884987075143, True
1.012920952822733, 2.3862312806613275, 1.3728076014117478, False
4.549691561183684, 2.7074364948888903, -2.0843901533070532, False
2.7931965429593113, 3.2994811122018035, -2.7814961396552165, True
0.5818204333334673, -3.723342359355629, -1.9078366027075249, False
-6.128185366514931, 4.027574918427783, 1.2274337668367847, False
2.591180001982865, 5.52846072509551, 2.8413048215484684, False
6.170206466205579, -3.126288475166065, -1.3036900615640787, False
-5.279618968576568, -3.2248286528948964, 2.602674064474865, True
6.133221713140506, -2.3952721332508267, -1.9096893556611219, False
5.403411911058601, -1.4817385966230203, 1.8431147310393783, False
-1.2719904816338001, -5.432146295074968, 2.740576303230209, True
3.514628738031867, 0.6709788613712915, -0.33895075412918363, True
-4.101433732429426, 1.5738514539935, 0.6513393406707473, False
1.3870754009055473, 0.6668768510414296, 1.9109398916172422, False
-4.905904967994017, 3.822993410704786, 2.5323161827863565, True
1.4862444021907217, -3.6650165995883777, -1.9642774184308964, False
-2.268395367632597, 1.0882638460596805, 2.5176349637855946, True
-5.793995097077765, -5.853647723725896, -2.5002755722080345, False
-3.3257867990405208, 5.753277418021074, -0.303004246859496, False
1.7415123037491647, -3.2621704629850012, 1.6067802922665164, True
-5.062081622637489, 1.7888832463291386, -1.187447302224918, False
1.903210445113345, -4.605257110976784, 1.8759044401743736, False
1.8923976791491572, -5.127121597789221, 0.9141725642251135, False
-3.631563942236395, 3.593724396575645, -0.7918219323243392, True
-4.420788497215329, -3.5456126881543266, -0.1335726935476682, False
-0.5332599271425496, -2.876228242839132, 1.9759470874803347, False
-0.923035951311129, -3.869931808400171, -0.4325555048263996, False
-4.332157749819916, -5.982526849228834, -0.6929391717635984, False
-3.2835804701227853, -3.714070845087113, 2.773929115221166, True
-5.790737665756373, 6.033760177165606, -2.5529198980895917, False
4.053282927466359, -1.487544296433513, 1.6478320076943191, True
0.9818310896874021, -0.6332201316893418, -2.8887341357005463, True
-3.195455664259119, 1.2890640483442546, -1.5081097141713329, False
-1.040719209887163, 4.6568047076491546, 0.16697871858414892, False
1.7757318233496928, 5.669664250881768, -2.4418131197180637, False
4.713472681305886, 0.15395715536582966, 2.0624953992648924, True
5.829823951054207, -4.321936286035591, -0.8232818152764905, False
0.5387508988536309, 5.471751231539164, -0.3472777534440552, False
-0.6896761906035316, 3.8256624883257793, 1.197663372066211, False
4.362746518314845, -4.78237162195428, -2.225628548317595, True
-0.5144525088373308, 5.866075830230617, 3.0378518676798674, True
5.977973022377805, -6.168710693875295, -0.5562838621141877, False
6.026289262991437, 3.165927961043783, -2.875268810289314, True
-2.6664409722544824, -3.0583874714815122, 3.0323563760136363, True
-4.063554042339933, 1.97544307484298, -2.3380481175372774, False
0.3520904192735941, 4.934268357147253, 1.1802732808736422, False
3.7767317632095505, 0.22070424973956904, 1.071032445524371, True
-3.4252236292222897, 3.4088412949722144, -0.6496785405348677, True
0.8905281746442464, -3.979140299330138, -1.655978015615674, False
5.124237007952994, 2.5077873940583544, 2.217256871267951, False
-2.390827578411224, 4.900339007340596, 1.8336505653082122, True
0.9407547146262498, -2.8229522014918356, 0.38219119449375727, False
-5.8106346159028055, 4.1808202429728425, -0.9067606922650784, False
-4.88007456910861, 3.9887605737937424, 1.3578901238548848, True
-2.233309722479291, -2.3037845060431437, 1.0841674203066312, True
-3.052020734110596, -4.102442562562858, 2.342185775818156, True
-5.233661486298663, -0.39281484829931124, 3.040996816858624, True
5.030582355437966, 2.800197889731482, -0.4384841841371552, False
-1.4338949562419048, -2.380001701955444, 2.333240799304656, False
4.337944559370449, 5.128436451537892, -1.8635045249477198, True
-1.309328639290558, 0.8624290035415658, 1.0884971541934618, True
1.1769371786942342, 4.697071536747144, -2.158166246140156, True
2.9345733103744003, -5.850265512533347, 0.9106800485985378, False
5.142208235717828, -3.9006584625402496, 0.5772382222233139, False
-0.6357330338987381, 5.581258541319231, -0.9697026821599368, False
-5.365908204355773, 3.4809019667631613, -0.23784379358938956, False
-1.837173062029752, -0.31801319987818655, -1.867375858750367, True
-3.1293777075650753, -2.9975683621531846, 1.3387650247701828, True
-6.255076147485483, 3.497065224765036, 3.1321306815442442, True
-2.452199037450635, -2.401934437229449, -1.8210179103608484, True
-0.019998272004212225, -2.164315886119857, 2.6894288067061627, False
-5.876572141809017, -2.3269095756157077, 1.889920082622921, False
1.896828105888364, 5.660822445426238, -1.0086779416760017, False
3.0106713290479163, -0.26959109630204825, -2.317059868698725, False
5.94967664798758, -2.62134397170118, 1.1573977796769244, False
0.9465964720588138, 0.29702273253482936, 1.5804060044502455, False
-5.3360325072398265, 3.5335404911304256, -2.1057526638767508, False
-3.306958677253272, -1.9629486897187158, 0.8255298709828045, True
4.277106591082513, 1.1466549013455465, 2.084075927996281, True
-4.819089291852156, -1.0078154266654966, 2.4319678499745905, False
0.8363857423084973, -5.8160975090926135, -2.095630700879151, False
-4.5331896176091835, 2.105320877285095, 1.9747044841146932, False
-6.036481525190314, 2.030914664171723, -1.4116722285595837, False
1.0249366174818864, 4.5154531215250255, 2.1544756649432877, False
-3.9376115157212026, -2.215980068400457, 0.23979440803901353, True
5.312369139121408, -2.9194843552663094, -0.5007563017214434, False
1.611824056283286, -2.0948257800826244, -2.4050576896934017, True
3.778913117207564, -0.830332114152819, 2.907281153114509, True
0.23681869055128146, -3.1300066246161355, 2.3627773385420614, False
-5.398161385248412, 0.9960632920080901, -1.1475173685663875, False
-1.5292219459286072, 1.5741914746157741, 2.069251823583661, False
2.2579044806712965, -6.131074981557894, -1.6896876343240386, False
-2.162774550949404, -4.813410701743839, 1.5295329552315833, True
-2.535306826023289, -4.434699893556288, -0.8768649923902174, True
-3.222583049873109, -1.5733044082189167, 0.28730523844859635, False
2.979789508661339, -6.10335444423209, 2.950261024174938, True
1.7530476324620423, 2.644005487078518, -1.5262418177515833, False
-3.9810320531938377, 2.5806102990668194, -2.0405351000925984, False
-6.15089497931636, 3.0371405494833237, 0.7317181905048797, False
-3.4965205251511264, 3.0953156266364363, 0.22364958912921384, True
-2.8114168087543683, -0.5996593271228994, 2.692380288507202, True
0.008593241293522347, -1.3023073561012666, 0.5122174233596177, False
-1.8169552184601327, -6.095469873428031, 0.42976276293159854, True
5.581608101664731, 2.6038916101006038, -0.3202522833505381, False
4.499273756980916, 0.6070993641122113, -1.5502605533383622, True
2.9462578289819827, -3.526570052609423, -0.26993772436674934, True
-3.1534852840839793, 2.7380436334399185, 2.597150038673276, True
-2.353575407935379, -2.484253816480672, 2.7227038557152845, True
-1.1435423654535946, -4.242014327342482, -1.8022016102099463, False
-0.6371347647289731, -3.917379549263289, 1.5024937586653193, False
-3.105621077580093, 3.9005105088688286, 3.013474505021139, True
4.733346118585793, 4.723401671198003, 1.9780454531310205, True
2.1150799716632154, -3.654587406422892, 1.4994454061490785, False
-3.292903702608614, 1.8105582173370767, 1.1431937154563103, False
-0.25845135422064835, -5.54941190243381, -1.4083453816155374, False
4.393808086653372, -3.3034222179014394, -1.02125553151909, True
6.056007466546518, -5.339069387715959, 1.0011912168729555, False
-2.9188073506880077, 4.773303395965625, -0.2802196503392058, True
1.5915387818518738, -0.35460478014127084, 1.2275239948993937, False
-2.427095053819874, -2.0711037556833016, -0.7354196553200025, True
-5.785210925310791, 5.939627210226954, -1.973337335511024, False
0.9709606710435468, 0.25908412470893705, 2.946322505310273, True
5.019476356623278, -0.3712027329960401, -2.2113992691181954, True
-2.8243172496601634, 3.427004601391472, -1.5360150038705287, True
4.193556331720348, 0.08828096659854978, 1.231635094051935, True
-2.1507959882071646, -4.5026301359644, 2.4844459139196573, True
-2.587367319074108, 2.387831682057641, -0.9804259017828594, True
5.7276997088320485, -3.327698660412391, -1.7417474290574868, False
0.027509719163218094, -5.007008933815515, -1.1083669731592098, False
6.1230584049286225, 0.26530246396647694, -2.9070581611887363, True
-4.432648340279888, 4.884243346325826, 0.8967853209854786, False
3.7695731071777114, 3.1476497900962794, 2.543992573728956, True
-3.421236063159699, -2.36128013959059, -0.15801866319130653, True
3.4817098186645783, 3.943730429907543, 1.6971416315034515, True
-0.37929606967930063, -2.487539074586809, -1.189724072497423, False
-5.789436975359999, -2.6172868792783435, -1.7049157331649785, False
1.422419404787381, -5.914080374044527, -0.38938467886662087, False
-4.1599216219318995, -0.5040500644882835, -0.12870458629449377, False
-0.6060783624091002, 6.281797454552841, 2.8864729221831347, True
-3.7301658967314846, 5.42023348123241, 1.2120435895815884, False
-5.910749144614787, -3.154303309205689, 2.830975145908215, False
4.145211163596626, 4.583828947788479, 2.055653846141281, True
-1.4293310657243117, 2.4467095958077874, 2.784488627252262, False
1.0376312321639487, -5.931961057511106, -2.5483503881495033, False
1.6971831379028952, -1.0562278792705504, 2.7706593689628587, False
4.979563745880432, -6.189159936267806, 0.16071869433475428, True
5.544572874349949, -1.5475646857124277, -2.6473233644059606, False
-0.21832023474955697, -1.3370556465139414, 0.3288895058910577, False
0.01589057997862131, -6.030935773198239, -2.3208836092049925, False
-6.045442360468055, -4.328581676271842, -2.1543052535710543, False
-2.0057455104872624, 1.3564782592563622, -1.9626989300542306, True
2.5425111479760503, -0.14749237368924195, -2.0016285691553097, False
6.0863219181935495, -1.5506159009070366, -2.822487214414577, False
5.293259278008254, 4.4359988733916875, -1.5005162360145938, False
1.5480763976972174, 5.6973138561538885, -0.5757192389613333, False
4.089738400120577, -0.9542331995611422, -2.4045846105644317, True
3.724729989921883, -4.1387593137859415, -2.9343719175743277, True
2.537716679610128, -5.471945043115913, -1.901843845000246, False
0.46381906245957705, 2.5088940540907156, 1.2887081453675622, False
2.1356579567016283, 0.7969382811970025, 1.4313867493094374, False
0.48578972098101314, -3.8599266984954874, -0.7611016434746869, False
-4.382980969090189, -2.344220019204683, -1.8070881575728441, True
2.5173248406348367, 5.703551430714867, -0.9577080816508734, False
-5.695446301596574, 0.815958974139618, 2.976473981694337, True
-0.5690044827636216, 3.8630717770893597, -2.889761119526174, True
-5.1813302394825795, 2.9228298152367405, 0.6579843855426635, False
-0.8664139688644443, -2.815207465348931, 0.5614551209074161, False
-0.4593239001683438, 5.9147292933913675, -3.0418955820968803, True
-2.026120967511555, 3.1326790016786514, -1.670117581224367, True
-6.247537570230224, -3.4608421834232566, 0.5625123491477346, False
-6.001197264349613, 5.31379915152586, -1.6299911270146774, False
1.0663844265156488, -6.273579262743248, 1.4526377324148791, False
-2.3494931182892116, 4.017247522049422, -0.5030942315117177, True
-1.209505144865564, -1.0221949192862612, 0.7618673374431593, True
3.9800709580906304, -3.7179705446880686, -1.711537605284545, True
3.8654036426748295, -5.814050337690215, -0.6692031168488763, True
3.7331875231022114, -5.097884938489589, 1.993504263866254, True
0.8835563356641867, 2.4118232340498604, -3.1287177578486993, True
-5.982517231985508, -1.2990067884219707, -0.4051630771826251, False
-0.17011297437652217, -6.2569144991271335, -2.6458171464650633, False
1.0153105878515198, -0.24216471892407654, -1.880535037681583, False
0.9363343985283628, 4.610487366417853, -2.5287394473638543, False
-0.7823981016794317, -4.73776302350425, 2.9599762594297427, True
-5.578026427404787, -4.079280166534596, 1.2101845152291064, False
5.534840940165262, -6.029761278441892, 0.8062255841225636, True
-4.686591696865108, -4.398592130508017, 0.020897923860570877, False
5.083628464978558, -1.9025237907245192, -1.7699539498437837, False
-2.4896551673818066, 2.1109747661565645, 3.081221987248937, True
5.050480872102151, 0.7086638956336104, 0.9694262482248632, True
3.7774596320271048, -1.3272786178980516, 1.7745253003827983, True
0.024708337661564883, 0.9828931544237003, 0.04566307463064012, False
-5.764198942303338, 1.1371728080740384, 1.2111073893453277, False
-0.7131546111544473, -6.014658843587448, -0.6623212311953344, True
4.92530022619802, 4.974205922430642, -0.18125893609228028, False
5.377388365289214, -5.781771756776288, 2.657756640146733, True
4.148427322627235, 1.5356799309384215, 0.5122367255425044, True
-4.174391103829522, -3.963283057086992, 2.1148205786307894, True
-4.541870879139932, 2.9470659401456807, 0.4489874004545382, False
-4.345762373516922, -4.609575285481973, 1.188546069109785, False
-2.3257162542833294, 3.1377041022879126, 2.961502024145135, True
-1.4029606874688163, -5.486553113346969, 1.318614444391783, True
6.0990527546237665, -3.9371139476993338, 0.25594589440380755, False
2.1166663181424283, 2.435877569970682, -1.4641085777050875, False
4.557836142370361, 6.269702874430646, 1.0279538496099843, True
5.40807710023603, 2.1611101009966145, 2.066966854611091, False
0.30035828143952426, -5.6805008999855975, -2.3242464683852004, False
6.011822081360606, 1.3956672535882975, 1.3871061170441354, False
3.88263526832635, -5.553771204862009, 0.12766094714718745, True
4.545933600022456, -0.5691070107719876, 0.3243536250999526, True
1.341354602829914, -0.3109243151614347, 1.28339430543745, False
0.09863428793750817, -4.621669650523696, 2.9894457402044505, True
-1.3478417065284196, 2.3765407044714273, -2.1830612402443554, False
-6.0913872280583, 4.141573875303324, -0.39969857298683964, False
5.374745699137906, 4.825542800750451, -0.4411555380132257, False
5.323004192904936, -3.125984340762737, 2.528709144311664, False
5.374627631892089, 3.61658627604681, -1.809361828254682, False
2.553467795278392, -5.670683809561851, 1.1252895547952466, False
-0.36327344313721266, 2.3764210479885097, 1.5817157054980084, False
6.020311729022598, -3.626290988454937, -0.3832473062546278, False
3.0489452770824332, -6.139180690805401, 2.281148052861589, False
-3.3788949359943983, 2.6045840223423387, -0.37569829277206557, True
2.696562737772908, 6.018716225960992, -0.8612873815617959, False
0.9851328541657507, -5.455315083876237, 0.3445527775087478, False
1.2841697643592243, 0.5938652860575253, 2.4938337199302714, False
4.051451745511017, -3.6753316444231596, 2.2584655341182067, True
0.8215009291737472, 4.39216982236262, -0.6203993853600638, False
-2.601697780844924, -3.961334843493661, 1.9371911541364835, True
2.0685158317579955, 2.176646920170503, -1.9284828984193787, False
0.32225068128739665, 5.185719792498929, 2.944231143550885, True
-3.491334003056387, 1.6232823711786777, -0.7721472164960934, False
-2.2090855106302207, 2.225353068803038, -0.1756337070932812, True
0.8767084540882832, 0.18131579670386433, 0.8687202999681869, False
-0.568877501676841, -0.809016128654461, 1.7518840084100384, False
1.5771815484168847, -2.9862297368566284, 2.070623646498311, True
-1.4338747088392347, 4.7237269171985545, -2.302835083175192, False
-0.36604888569590255, 0.6874073223012589, 1.477347148780555, False
-2.4137919114959794, 5.660054375952413, -3.0778855208216314, True
2.35386173160763, 2.3504514342594547, -1.7281656049266223, False
-5.807623255988129, 4.593877581785934, 0.2596984232186399, False
1.4050011651678682, -1.9723464297620241, 2.4807331805949895, False
1.1946461165158064, 1.1164491766599554, 3.0092917180706893, True
3.829447809781323, 4.560885549094992, 1.0894829028332493, True
-1.1278191158244075, 0.7113392189556169, 1.7769060680979782, True
6.207691311402771, 1.4822347091120838, 3.140795728375446, True
3.021475215527646, 0.890251024571346, 2.2163833363327763, False
5.303237652367326, 0.9112897819404786, 0.5587234583232159, False
3.1516810264457185, 2.9521277136859823, -1.9720774814750854, True
1.4992575115653155, -5.038018281920625, -0.5757721589341167, False
-2.541865418857223, 0.666343802088817, -2.037415116467832, True
2.2610762812857583, -2.809716125351479, 1.9287500347172593, True
1.7250610440887542, -4.902523662907155, 1.0758349904958955, False
-3.4037056207740517, -2.279568282194032, 0.09845290957636665, True
-4.964755456007667, 1.012587230103117, 1.9992078276725973, False
3.1643863983342815, -4.6473006694370635, -0.29674840847714856, False
-1.3977456819062182, -1.7462139155461829, -1.9735148774682258, False
2.1779664093926208, -0.9716593437764054, 2.396973300343597, False
5.760767997654039, 3.9939700863477157, -1.2520167176716697, False
3.814907370292479, 6.232664352934066, -2.863294989326616, True
0.9325854540642915, 1.0141174454615713, -2.641056544499946, False
-5.7674862257677, -4.564925952201609, 0.2719125936656597, False
-3.0301817662711454, 1.175729916855217, 0.4548449117280198, False
4.674994432542798, -2.0540364589421465, 0.8980474061999617, False
3.545767638807712, 1.8442823593599993, -0.051871422294710534, True
3.822272242374698, -3.684522896549975, 1.2947909888510658, True
-1.569130713849507, 1.1723474668889393, 2.4351896691222024, False
-1.7130093761197411, -0.9575355851343454, 2.1566553733841944, True
-5.7382037991691925, 1.3571242901954577, -1.1819986702206162, False
-3.614196921758283, -0.8363319359272259, 0.8813995971374524, False
-2.561982875223821, 3.548743599445867, -0.1563940926111238, True
-6.223913973987656, 1.8507852445409494, 1.6084995722613167, False
5.982517004087626, 0.8679988588798864, 2.74404693227046, False
-4.550621659274718, -0.6259873222258738, -2.8616240126380297, False
1.224176024750797, 4.75616505115757, -2.006122687343146, True
0.22074567586639837, -0.7567982787215071, 2.4356265299394817, False
-1.3787551020517421, 3.2740977667153377, -0.23109986919322933, False
0.4930702130681208, 1.713055276319622, 2.2418016998972323, False
-1.3192917798057477, -3.77079469768776, -2.189271113629821, False
-5.338420867076845, 3.870486925266402, -1.375356320829204, True
-3.5972149164970735, 1.4835673310546547, -1.0492024846247094, False
-5.256092006805852, 5.864041648329001, 0.9237097476382834, False
4.731199002730715, 6.148373310036957, 2.92716692319377, True
4.185971142714006, 0.06602213367044385, -1.2596554184759143, True
4.288511762028998, -2.8381072779954044, -1.5110971267248254, True
-5.26806148300535, 4.740160898017242, 1.6816615115369595, False
-3.7409664147205697, -0.801197260590528, -0.7117673506472526, False
0.1759209278373728, -2.4296665835090083, 0.9799604247294029, False
-2.1486228275335613, 6.248859169742589, -0.018703718392130142, True
-2.9699453865517014, -4.1534327836440985, -0.8938170844950326, True
3.8974495557085227, -6.069097737034565, 1.6705500256039798, True
-3.938926023860309, 4.723625301534943, -0.7056125620589837, False
5.0402224826189705, -4.960817788185681, -1.1471772306739436, False
2.705185386582979, -3.5289125454324477, -1.9939293423417346, True
-1.762857248779425, 2.9981140912188415, -0.1612945330017217, False
-1.8313333551140651, 0.8423170009283245, 0.9216537761103467, True
0.34401160203789427, -1.9357175891246348, 0.8445928819435697, False
1.7152996480217944, -1.3099151471444577, -2.024066639125139, False
-3.522051335916202, -4.619396695172649, 1.5636963065945935, False
-0.04321168454025237, -1.7095220396353765, 1.809239249832392, False
5.092911241992288, -0.3845657289205029, 3.116701634289261, True
-0.7647562042486395, -3.4446541969182944, -2.6586664541688956, False
0.637959522240882, -5.1825671355525245, 2.52705649023007, False
-3.4288268159337427, -2.6863260833686065, 1.226624568161757, True
6.253353323481525, 1.3529299737646783, 0.9335149765162836, False
2.865385043781165, -3.1835400970744425, 0.3156940602353848, True
3.7182054770825417, -1.128724201965456, -2.914626381462951, True
3.308249797892298, -1.3452688549653828, -2.8315821745736427, False
4.60889233252699, 1.8673802960499568, -1.8365182259652244, False
0.027510173030374396, 4.178877974576295, 0.847034325754719, False
2.1281704043757887, -3.5790631598640763, -0.17877770134034066, False
0.4320108636454991, 1.5049523422505082, 1.4838129628885328, False
-0.7009897078481728, 0.7219420370884038, -2.9007155478373767, True
6.238371128925351, 3.3790586335487305, 2.717067440959478, False
-4.788054655223673, 4.268940248091832, 0.9417691378292403, False
4.166504105959932, -2.782186559199103, 0.22824495639947795, True
3.9744748707999022, 2.5081146642608054, 0.35816013226700294, True
-5.358458760424056, -2.985566406493014, 1.3610729655854916, False
0.4531837790669453, -2.611767427481481, 2.1573545057497006, False
4.021601473196313, 0.09206021321981073, 1.9682830535597047, True
-3.2359748711098955, -4.0214616658011355, 1.2574348495425243, True
2.7277855042123083, 1.7127532170401407, -1.5450992517094218, False
-5.934968125918148, 3.773566024127769, -2.3973337496318226, False
-3.5307955229435275, -0.6389696102211859, 0.48500825384033996, False
-0.6087206970332781, 1.4440133442934258, 0.31445227570602485, False
-4.706758142718573, 2.2411858714866, -0.6568103206378524, False
4.063365528263242, -5.1261190695235745, 1.1422021747049254, True
-5.3698064561124035, -4.268945000079275, -2.5782187837812156, False
1.8242836806442835, 3.3845313400499144, 1.9212303610294184, True
-2.739654006117043, -3.111533724359014, 2.6872448748783366, True
2.4593574899315307, 5.239486502161386, -1.5495120230697137, False
-1.6907480504490975, 5.326214771551486, 2.5989943880919295, True
-2.288037292215684, 1.2542380252339997, -1.9078101660874844, True
2.034666049811774, -0.6669318194019072, 0.4158914196117576, False
4.467828038858039, 5.5869021312203895, 2.5161723466117776, True
0.9682090356653266, -5.808250906521237, -1.65526904085404, False
0.3911528995811864, 1.4023690893987197, -1.9796312299797485, False
-0.04870242627344279, -2.092703142866644, 0.2474478362439294, False
3.397964588842674, -0.8606892122536829, -0.5727052830753592, True
-1.8419989682161466, -1.4752964207871644, -0.9983710743027867, True
2.028507464213593, 3.650765481209138, -2.4060329569593035, True
-0.26319172898507937, -0.7363594720688429, -1.9609983730450988, False
4.674570051518074, -0.12446773903602626, -2.9818715778256895, True
-4.799659569318862, -4.357148853229442, 1.3374790261882765, False
1.759021134456864, 3.1425566657851256, -1.9148411210002585, False
5.60447552011553, 2.8547590353506216, -3.0939192147045627, True
-2.7054146885693493, 3.698909758012867, 1.3885555722423675, True
-4.068295416090382, -2.8361343963080823, -0.7834071752902165, True
-5.351612188711726, 4.673655237955929, 0.5448827193118984, False
-1.274612474458471, -5.924670845367521, 1.6418238263883973, True
0.5101382564260328, 5.276720449083907, -0.8979526413475543, False
1.9551045676499363, -0.609871631246155, -1.0837889627670259, False
-4.241526180531112, 5.288204757053677, -2.10639108878195, False
-3.109149226192911, -5.25756276509635, 1.2162662869497964, False
6.056563199453507, -2.075464597972757, -2.129172660022506, False
-2.5410506465226623, 4.671427050747829, 2.6497480013862242, True
2.2303710987812924, -3.186991157816537, 2.434741738201044, True
3.0053180686736827, -2.5853675877460396, -0.4309180466691944, True
3.7874955672584107, -5.50928023943049, 1.7965426761806764, True
1.131769521623128, 4.08753996209782, -0.37252189284469006, False
-1.188212829739669, -5.9348836902175774, 0.4527746277887519, True
5.690236078789058, -1.5300221452058516, 1.5158920308237862, False
4.0743947626988035, 5.619130559794323, -0.8961941166968148, True
3.5129329913908993, 0.05595817179103779, 2.946185192656939, True
1.7138964372365937, -4.294193251375563, 2.3385756027054585, False
-0.7155331402731662, 0.38216439931093493, -2.7758496666155765, True
1.3793046289239532, -3.5957406474738667, 2.8442412785514612, False
0.5665162665407815, 1.5536523681653938, 2.7077415971622054, False
-2.1906710729015284, -3.135988098907494, -0.35485229341186075, True
3.9519134617281715, 0.8306995061950229, 0.16393382098908793, True
2.818519856025034, 2.938261076945544, 0.8116704795327485, True
-3.918326055314047, 5.783529689248047, -2.4991728766106314, False
4.011050254017315, -3.059248865440022, -1.918061165893451, True
-3.0216410565967955, -3.733896341033657, -1.7086881663031348, True
-0.631497299131607, 6.0119783130882976, -1.9222015838369129, True
-0.7275217226370723, -5.355905011280784, 3.0564045381489846, True
-5.468596070551808, -0.2544264807190064, 1.8874641960013578, False
0.2632694885523339, 4.495387498770468, -0.8658920143046163, False
-4.456720468349891, 4.051658891749268, 1.1297612460595552, True
2.4058958882461106, -4.451598192393232, 2.4566774688701853, True
-1.5841432394667647, 5.532984651241705, 1.611692596379104, True
-2.3457655775984496, 2.7931207384963006, -2.5039134420816063, True
0.20789057925579701, -5.426661134111685, -2.1074485637439944, False
1.4538836661505243, 4.183897381522447, 2.910449265647017, True
6.192668109778177, 6.137756366476513, -0.41780176194216434, False
-1.3004904157082722, 1.3829894395568534, 0.062397500107699955, False
-2.0011887954557492, -1.2205515273591114, 2.385817539146382, True
0.1551819337249638, -5.392170357707089, 1.3396036624865166, False
-6.163500448606885, -5.984850985735911, -1.2085840508471763, False
-5.876052948403106, -3.28982157298169, -1.2806682870788957, False
-2.43118503143019, -3.0236839437800915, 2.745206957336559, True
0.4238312533440389, -4.220009435926745, 0.3279605619887951, False
4.814576440280685, -4.036355196690321, -2.2746146698229612, False
-1.003348285534286, -0.5324307072052017, -2.1529647619218744, True
0.28790028262582634, 5.186877943737409, 2.2152141762945767, False
-6.185965822760705, -3.942333121203055, -0.4229622509820201, False
0.17847082437548067, -5.152065147535595, 1.0808899924592197, False
1.2524982842825167, 1.6798313786103547, -1.7793156276972202, False
5.033645027394977, -1.7223960808348, 0.470031324481464, False
2.1631910251182678, -4.385889616466406, 2.066434489056274, False
3.81801643994436, 3.578732595500057, -0.8087991392639413, True
6.080990098455548, 1.0132511126037054, -2.026992545046163, False
-3.164351529930707, -3.278020002183285, 1.5986971317298817, True
1.1936359253762552, 0.45163551387858814, -1.2693679413805534, False
-3.6145522690198923, -0.4694717894189786, 0.9487560782085902, False
2.6260468398572847, 1.5920817411403165, 2.564544612094699, True
2.546269338808939, 1.8023671889095034, 1.4725277417697686, False
6.244279983509825, -4.189284336419246, -0.7336989879556843, False
3.9788640750684294, -1.7667784220084348, -0.27557307752695026, True
-4.316883030533223, -4.172689072656789, -0.3239646581222062, False
-3.4947910705150007, -0.25671235745236576, 3.054949882868468, True
2.331628917696264, -1.1907880235222708, -1.5745924121436943, False
4.017192060708291, -6.232170257931776, 1.238642272094813, True
-2.7204585284484497, -6.059141859572849, -2.120732846086921, True
-2.428820405496014, -4.980802884252253, 0.3397553528167374, True
-2.2169632263852206, 1.6348161348685197, 2.224596654168127, True
5.424068652028474, 5.589787150092977, 0.3382132464298886, True
-2.283339168325219, 3.4951493344823756, -2.847545365796453, True
0.718076994234127, -4.144024004444167, 0.5162448737374294, False
0.23385309675185972, 1.5455297918270663, -3.1324520804828375, True
2.489368283413665, -1.8225682523262874, -0.7589634725104242, False
1.9531068164073133, 1.287158489832498, -2.11274260710468, False
4.147947048259045, 0.34089180507268324, 1.52508685216422, True
3.0471409858969256, 4.711244744046509, -2.2726847960967094, False
3.1031406783452233, -1.7989446489406067, -2.964790176218216, True
3.351566313353679, -5.681220904037719, -2.8449446925397197, False
-2.6280182466432445, -1.627837082544156, 0.559082073727458, True
2.6897588026029755, 5.451142520843842, 2.450568515653213, False
-0.9436333192729194, 2.706821113307617, 0.7031601425761314, False
4.25233080518502, -3.0661437104053215, 2.3062256338977907, True
-4.192736044033076, -1.1525523600731464, -2.5358703985341675, False
2.443499449750135, -5.421971967986072, -2.3086157627524897, False
2.9485696262606087, 4.66617357324227, 1.1152042037940442, False
-3.8143387004556306, -4.010181390015422, -2.3707999695695445, False
0.32087938736736366, -4.971087314568363, 1.4316098876439582, False
-1.014183713792855, 3.954107878162956, -1.6208602407530817, False
5.423384346962834, 2.970015672330655, -1.4881352867039284, False
-3.0973797430411776, -0.21591277501122708, -0.6373500351483323, False
0.39785566960485763, -3.0209630244225174, -1.9734265477148731, False
3.4788725011728463, -2.608588250133236, -0.41813068127030606, True
1.8972822096264093, -4.267287809483405, 2.256769492377056, True
1.577354219467396, 5.776427217008118, -2.545378428198421, False
-2.67679927825266, 1.2387242469219268, 2.7618084630527937, True
2.1620545474545256, 5.220783675490409, 1.5666123422350182, False
5.762085863979252, 2.1557250387830056, -1.19208077313977, False
-6.096943820731572, 4.652025044613843, 0.7243225586943325, False
-5.672670916647609, 5.4192798140028575, -1.0506240534843032, False
2.1657833972398155, 2.739234794339824, -1.2207122228696108, True
4.107649219667904, 4.183241150415771, 1.8476724910691917, True
-1.3541429225500599, 1.8302630000430966, -2.4681633400542555, False
-3.9118636418497923, 4.943791845599778, -0.5318060207216497, False
-6.251928874053379, 3.229613296542137, -0.30023317497607094, False
5.117033995786699, 0.4486525345585406, 0.8930721801342916, True
-0.35100685882788785, -0.5534613144687981, 2.0472013668279034, False
5.396747914224685, 3.306443332356313, 1.1390414760758647, False
-3.898334998226128, -4.016809998787127, -0.40947130721019853, False
-0.1675329394771321, 5.029830409489959, 0.9293500850035716, False
-3.2368190775610386, -0.0655969058793433, 1.7568652470428523, False
1.1589813313374258, -2.41254124138696, -0.4476246727004658, True
-3.4597443685819087, -4.833656715561027, 3.121686268976794, True
1.7902633859148622, -3.6704925068934133, -1.2444727290177624, False
-4.75984594322606, -4.1613431723246395, 0.29564078980786324, False
1.7494572915594322, -4.663433813718778, -0.3548963696573799, False
0.12590651184662427, -1.5637264596435214, 0.7784300504764596, False
-3.5739713560361346, 5.763001938412529, -0.2564918961908109, False
-0.5911497829806809, -4.214902702788939, 1.6772167326361709, False
-2.048873397553705, -2.8701599827914466, -1.2200257173464037, True
-3.2400100547623203, -5.994738608614851, -0.9290763432772078, False
2.7744895433884675, -0.46090407534863065, -1.3523179740231137, False
2.6364673945955204, 4.280084343786413, -2.2246220957260747, True
3.867115473590868, 5.023564245092201, -2.8868107983614193, True
5.540097897410186, -4.749939422690881, 2.5799813594292633, False
-3.2812264890057303, 5.770151202932411, 1.6042974003888908, False
-0.8415828311402436, -3.4353422441503696, 1.2635037848521025, False
-4.950547567022854, -4.615217481487849, 0.866479036359677, False
3.5912832590596615, -5.915606590867178, -1.2687920519794789, True
-3.7149978180341456, 1.6917428697224963, -0.7083423176709323, False
4.627498361945083, 4.89811022658812, -0.4618303138031381, False
3.887873727249957, -3.1057138717970663, -1.4467391888742642, True
1.3154593288675196, 4.034505464776112, 2.5759601359330118, True
1.7022523057432624, 3.880539204129713, -0.5041654293707305, True
-2.2968043015722674, -2.2191797312586576, -0.11927073470731075, True
1.1736765206933883, 1.7288130591041089, 0.5583726976408281, False
0.501177844313835, -1.9089375348179862, -0.20377697134326977, False
-3.5552425140941044, -0.5914348199357056, 2.2589093537555085, False
-3.2816159054321727, 4.379019148943199, 2.7504076572643132, False
5.8736520470947635, 0.32295557606899195, 1.5841175977877402, False
3.5897404633285745, 3.588200554804226, 2.3969762625404796, True
4.941377867335504, -2.7623383137301074, -0.1051899363064428, False
4.178617032774184, 2.446833636590929, 1.0397350310817037, True
5.659940612386839, -3.8928637066225233, -0.29491577364965194, False
-2.882822595125869, -5.927768994341809, 0.9939526011120909, True
5.28392755368742, 1.381224291694683, 1.9905358799573882, False
-4.489671011290335, -5.020079148590082, -3.054696865462654, True
3.177013571552001, 3.3966362049533227, -1.7437550550403815, True
4.156052672103243, -5.697200757153588, -1.7987795026104267, True
-1.1930020575909595, -0.6496255104136495, 2.7166890762868663, True
0.4551316868259532, -1.2971153904713209, 0.6859956897420472, False
-0.5552904824348168, 0.3312749565398816, -1.9653223093227676, True
2.9223153058057605, 2.791924832739122, -0.5482127655144842, True
2.738211180635309, -3.80615533933682, 2.007988449364655, True
-5.058469900489552, -3.8056946531504936, 0.5402358683506443, False
0.37938969319098614, 4.475870336180941, 0.7393092219805366, False
0.1398800442981356, 4.582597225161361, 0.9909643100313748, False
6.2150548823875535, 5.783048851545354, 2.10971317839647, False
0.17792768490568456, -5.19829489584266, -2.6917803878981643, False
1.6331952997043002, 0.8366708751011087, -2.929682201672211, True
-2.3953442684424733, -5.642484846110058, -0.5817387118801824, True
-5.343986193675495, 4.328039892066991, -0.9046448462264705, False
-1.3559618294057616, 5.952392567811572, -0.5284775230883252, True
-5.350147762334407, 0.32376336556131236, 2.998716496517585, True
0.05531865497668864, -4.863133639580303, -0.1927265550518329, False
2.804762049892524, -2.816270197699873, 0.8619595835927365, True
-3.615938202150378, -5.172332293971295, -1.1914926876697143, False
2.182849711363108, -2.6271048208891816, -2.581275056000665, True
-0.005526514102895952, 3.8946104695657446, -0.39324594280834413, False
-4.0063015257399375, 1.472793507788003, -0.8410914768380904, False
-1.2511080390280211, 5.596848948950774, -2.5527481269096333, True
2.8964958584805203, -1.3626488622629873, 2.4568896470543384, False
-3.9360358445865233, 5.461821009176392, 0.19784647411544043, False
-5.966803324038479, -0.9423626073908222, 1.1144555601842647, False
-3.135693681739282, -3.3582615703954457, 0.780255146940442, True
-0.8639853735516327, 1.0316767600538208, -3.018505109707761, True
-3.258598255937058, -2.13095782379201, 0.19129754293939216, True
1.6409677263128142, 1.3257952710228658, -2.3815189902048326, False
6.036647588425888, 2.72378063334029, -2.092791933057418, False
-2.8737895658355974, -4.781780603380943, 2.6103299864832303, True
0.5251493026124212, 2.500386786840078, -2.1981930597500305, False
1.9919819955122815, 3.484993498394674, -0.728472184996217, True
-3.301782496268574, -1.5792914029059615, -1.7152560445618448, False
4.13969410636556, -1.2714458530429065, 2.2301475215826283, True
3.1278514506093913, -4.290983261462181, 2.9955724059856434, True
-0.7379703464247882, 5.229643677330799, 1.9139837783763731, True
-4.732200412883212, -0.9040149121836896, 2.11232748391219, False
-3.5107677191039888, 3.5118332311169116, 0.6629356447880759, True
-5.752238688395618, -4.794793419673846, -2.1237866962982404, False
-3.5543235043668733, 1.9449107328751616, 2.6630138107916332, True
-2.01025133690207, -5.398721947708291, 0.18259743758599356, True
-4.248698519085233, -3.5517181068329404, -1.8900303464039447, False
3.293058930888801, 2.0699177063784724, -2.143512911163474, True
-4.216909261408643, -6.088454498552471, -0.9399630213277645, False
2.1943071519253365, -5.654721312925192, -0.13953737352163076, False
3.7697579787251225, 4.995057040093297, -2.7522040779925123, True
2.677190201416188, -5.843352846332119, -1.229222425595304, False
-0.807738486205138, 5.311176802927376, 0.5039061098418527, False
3.3238426621601818, -2.5008338625672613, 1.7636941759208975, True
-3.809267192257611, -1.897836133776746, -2.0821251502964087, True
3.6703469702311047, -3.5744206342477733, 1.95931597122161, True
-0.6672226716716017, -1.0973546960855538, 1.933609172861357, True
4.751233791060084, -0.08883940132431789, -1.479019599812093, True
-4.563367614569359, -2.771241235730181, 1.674084364816176, True
5.659237970215935, -2.3422885523971386, 2.017049247631542, False
1.4375915496877205, -5.815273988164261, 1.9289647575157236, False
3.4956563735706787, -4.7297639070402, -2.083610753733469, True
-1.204948415793151, 3.663165985359811, 3.040023990594797, True
-0.05357833911382848, 1.9558750054700962, 0.3705613608766565, False
-1.2708085039632726, 1.8597909380310522, 0.04960749215018856, False
3.4179562008820827, -0.48591951441479964, -2.0258538387143403, True
-6.208138523251979, -1.7566970623612983, 2.6031379987068393, False
-0.7696047302703581, -4.387200234853827, 1.1974850542902677, False
5.7638995055927555, 4.941842378274616, 2.0788261468752616, True
-0.9454229381233459, 5.797400595304225, 1.763468868703617, True
4.468170717413653, 5.023797983507942, -0.41363106027438024, True
-3.462413697274449, 4.724034908715543, 1.8378080441203055, False
0.07004270262812629, 5.94598151518464, -0.6271109121189409, False
-0.9006462227271257, -3.8793559895355796, 0.8713036388522335, False
-2.1380942628464936, -2.9396802552274655, 1.6244063110339209, True
-6.151013902329796, 2.810784025740192, -2.3220296085375267, False
-2.2482966992984403, -3.439362122967527, -1.4788569618655503, True
-3.2123151420677543, -3.52004553081584, -1.5068793327495584, True
-1.0637058006363844, 1.8724639109662924, -0.13521985616023535, False
-3.729160430611445, 2.8944784543181274, -2.7682338555628805, True
0.13879634571402288, 3.6294540393538774, 0.022150445751460968, False
0.844625047052717, -0.6380992960183951, -2.265637645771063, False
5.7460201042687835, -5.908350926416844, -2.769113190446664, True
-2.5201948127454825, -4.324762120352548, 3.037236398494511, True
-2.49681689689798, 0.7601294342096399, 2.8748528617233102, True
1.2889270912329875, 4.166995140034947, 1.285843618439662, False
2.4563198378918667, -1.1763881640347424, -2.7954444284403, False
-1.1466692485687418, -4.27616342496485, 1.0577642720655955, False
-2.3554724534741984, 1.3980781771071848, -2.9830279962736794, True
-2.6163683657018906, -0.6615657181316612, 2.7877228811951227, True
5.249093583771112, 6.103186669576049, -1.6217588222404458, True
3.527602690566784, -1.6029678821012032, 2.1507048560524824, True
1.0214882970720636, 0.09796732589031265, 0.7956597030468102, False
5.365673868637986, 5.745701220169519, 0.22784650534808426, True
3.4950624420012257, 1.6770734324809968, 1.83527799337834, True
1.3789342521126313, -0.18516235277695703, -2.137276449748536, False
3.4237566613541155, 4.280985018876763, -3.08949124859246, True
4.992930381237922, -0.8979864764721688, 3.123035151639761, True
-3.8080477530102868, 4.409110475029685, 2.700124122550445, False
4.013826014594148, 1.4263621557223471, -3.0427839703734074, True
-3.474394339604892, -5.264981780471235, -1.8202061766680657, False
-3.1547355980827274, 4.677023700332274, -1.8103191455845895, False
-2.536446100559552, 6.184760059335334, 2.387416602697277, True
-0.5768865816693403, 0.9343779633378162, -0.8650812515285038, False
-2.569896838420653, -0.41209520932469434, -2.033097327686675, True
-1.6380756940612535, -2.399101610975598, -2.5809923837074273, False
-4.607312452113495, -4.282557624749973, 1.929431580216252, False
-3.4510022725864, -0.19145635087557888, 1.0250909651874345, False
-1.2997047162628066, 2.0433687533093785, 2.6697819906286675, False
1.669183358179077, 5.643026534952549, 1.1354377050844722, False
-4.274775960593706, 1.0739441262626945, -2.5163134563674237, False
-1.9700772732667051, 1.3359917350038604, -3.113573197648963, True
-3.9042527473496706, 1.1074675642876457, 1.1245243862905845, False
-0.13297560381043372, 1.1217328989151234, 1.2095700555432334, False
4.127032990944707, 0.5138671172908147, -1.0994442055936235, True
4.91289644192431, -5.486535757803685, 1.6492279239686392, True
2.4414535825348285, 3.041115816543435, 1.6676412064421324, True
-0.8247240878044773, -4.71299509521506, 2.5568839754274135, False
6.187014295754297, 1.021855220187125, -1.4291716679545623, False
0.7036217394534638, 5.854139257095872, 2.1900355811274768, False
1.9291067123972638, -2.1087977477964115, -2.5587367414196316, True
0.739099981879499, -2.267905036236712, 0.13377956150016734, False
-4.024023176047951, 4.514444768843278, -2.238431039021442, True
-5.490223396190142, 0.19131163858164335, -1.6815126897023966, False
2.811695218889076, -0.9181967498403507, -0.688232878907336, False
2.127843239411254, 3.780990370819847, 0.4825171155725476, True
-5.5150896802341975, -4.146020890699207, 0.45712252439346335, False
1.4384039564745619, -4.587290012379342, -2.5556143617382165, False
-3.9066842123525944, 3.798445670988851, 0.23138183153124814, True
-5.686380974603175, 5.233853830103818, -2.8570650015943415, False
-1.5499143276245402, -4.951489888244404, 1.7925600653011466, False
-1.7114212797750898, -3.5868681119300594, -0.10642249163198425, False
-1.3741773820916388, -6.198953577527833, 1.8183421415326508, True
-0.6972727047585483, 0.42575207110502866, -0.055983498080053096, True
4.201963504539274, -4.195052863358284, 1.635642855205992, True
2.2561962500531454, -2.4123870944523054, -1.7822643673911116, True
-3.4769031048986943, 4.208740135943694, 2.4700902567216847, True
1.7642133958742523, -0.2367671082909677, 2.0271895532858784, False
0.7007188308215362, 0.8575941379809127, 1.6643642545581976, False
2.0315672814732153, -1.3630524102446975, 0.9398518403841809, False
-2.0219686291312016, 1.841857051327013, -2.5200716626025264, True
2.112766942258297, 0.7163503729682885, -3.0298614784913576, True
1.6396316480802238, -0.5853974442728331, 0.3765541148183966, False
3.1543809760624537, -5.400565979305038, 1.3523177659125727, False
-0.3911243875371726, -0.7907178269578843, -0.04977784811857644, False
-2.8190459015367693, 4.153069490575472, 0.8442412363271274, True
4.4643677137164275, -2.130197527850081, 0.36555481531730605, False
0.42633236895025917, -4.916766744279556, -1.3453021126930693, False
3.5005598368519326, -0.4771742180454801, 1.6242410259034337, True
-6.024919448528392, -4.221690906709982, -2.1936460016430295, False
3.434886052140623, 1.1283669667120941, -0.8906004499733409, True
-1.4973773379221784, -3.651368845336114, -1.7909353169151574, False
4.197427108261129, -5.3081062464848, -1.4120693326163951, True
2.7540789935313743, 2.0657977458530574, 1.8037713265017947, False
4.447358306289821, -4.796374028824779, -2.9093113876084464, True
5.403955740918276, -2.209722537496824, -1.0726110496919974, False
-0.7577510907456526, -3.55216922082832, -1.274179815350299, False
1.8499921814519276, 3.812666023369067, -2.418049033462485, True
-1.256752438807644, -1.8926494327125356, -2.436022858736348, False
0.30554921862246687, -5.161898404440679, -1.0240839289341213, False
-0.33038776573942297, 5.590610469285991, -1.6594284163125255, False
-4.007027678208168, -5.878356846975693, 2.643676071766121, False
3.8387270637806665, -6.083997643727851, -1.6693026720886022, True
5.950492269453857, 3.2535334001087577, 0.29444228979518794, False
2.2063280318621565, -0.009278693967611495, -2.7312036153115007, False
2.441272711441311, -0.2430577715985347, -3.0118950717290818, True
0.1528216765908903, -1.4581116351328811, -0.5764529874305158, False
5.025628667988135, -4.623160055083648, 1.5619856652307398, False
2.885631318316472, 3.4666649945370036, 0.6871080899421731, True
-4.432550531976433, 6.077397376885941, -2.7749625705715064, False
6.283133804652641, -5.00231342693592, 2.9857915046560084, True
5.223742821061119, -4.137783961751004, 0.4248242011804484, False
0.9265363630227306, 5.548557613604292, -2.5705746379412187, False
-3.9551525261399205, -2.999754598906113, -2.0938099713290663, True
5.116736882674907, -5.726754523632601, 1.1474367648153123, True
1.2461774514633106, -4.473310347268901, 0.0857970945114439, False
-6.132864350670314, -4.085053936238056, 0.6345161446945231, False
1.4699174399465855, 4.420383975628685, -0.2212238557060333, False
-0.24313539076968738, 2.279088799418316, -0.8982549438626615, False
-2.703068239982316, -2.70514941251082, 2.4341381901630985, True
-3.505050095267973, 3.7236929189022465, -0.7175531377635189, True
5.806361793082788, 2.545441038991843, -0.13947194579302824, False
2.87437816228997, -3.1385275154092045, -2.8469816045821643, True
-5.684110569639943, -0.797241967071324, 1.0802321716486087, False
1.5502425435421419, 3.938090396203542, -1.0286958583604862, True
-5.834299857432041, 1.8228038732801277, 0.6726938185710716, False
-5.730032409944014, 2.7432451885951927, 0.984544775901524, False
-5.219929620246132, -2.4166725057236818, -3.005989096516223, True
-2.068939008901231, 3.8508456826092488, 0.710889847054561, True
-5.54165111054209, 1.956927867597443, -0.8116652367917405, False
-1.346137282712247, -5.232483700994586, 3.1272749946978493, True
2.666436719596975, 4.722221113664155, 1.7527906803978155, False
-0.3432815814077239, 3.907248981408989, -2.081595507209505, False
2.8229565060201214, -0.3884184855310968, 2.813306156376205, False
3.466153308193112, 0.697138295108382, 1.9538858657408413, True
6.2694331528681175, 0.6708675940568085, 2.94165219315813, True
-5.906433767850842, -4.746110818554377, -0.9374942400473967, False
-0.9341277262061203, 5.094875717836571, 2.4479649978285183, True
2.804687536108535, -4.404857994217425, -0.01852737525185999, False
1.7750275767966741, 5.369249055643781, -0.9604855457313235, False
5.832181814903805, -1.0351167313205805, -1.86644651772331, False
-5.997540780420199, 0.4179101600993951, 2.8143992434689418, False
5.996396262917177, 3.0082322138288777, 0.8678606881297535, False
-5.963225243347481, -2.028369242505999, 1.2724412662976228, False
-5.092720272517177, 2.846254259200135, -1.384087919635997, False
-5.018645324693335, 5.129664142821298, -1.6220560964368962, False
5.009890182712281, 4.458406730696224, 1.0929012516680636, False
-2.758485854195151, -0.8302691669080016, 2.3541266000153493, True
0.009948496314931887, 4.131093387532248, 1.361510867426345, False
2.7759071026311624, 3.933496512134516, 0.849170893369108, True
-0.6885624327366315, 2.885606852615741, -1.9474214950171322, False
-5.574059265747618, -1.4622561676774097, -0.9789398936115425, False
-3.036173266423673, 1.0350450921425134, -0.48423942642239304, False
1.545022155274336, -3.0577653568016037, 0.4371020251889073, True
-0.23788705652582998, 1.51151611793225, 2.7233442588742216, False
-4.667495396136886, 3.6473156824403876, -2.490775469586612, True
-2.6432806441675623, 4.03860278920353, 1.3843631685631141, True
-4.932627198925368, 4.396998307179086, -2.150665720064652, True
4.034722196498802, -4.259884660478877, -2.4391272696802506, True
-3.6905925266808, -5.386181385413265, -0.6613083195587648, False
3.588321079291397, -5.621311029924788, 2.4198017438031245, True
2.1973264813837954, 2.6032455920491007, -1.5942918035350846, False
0.6824058315182171, 4.548491583436711, 0.49018971013099355, False
4.1316366317659625, -0.9778269797274612, -2.0448206607566934, True
-0.653654883908378, -0.11148390239079653, -1.954894826095361, True
2.3841459302070405, 5.188878158604281, -1.7019274096165973, False
0.7248495814845173, -1.0917574391235982, -0.422932429342326, False
1.4181905332766123, 4.407327183510581, 1.0376542974814473, False
-4.913529216674899, 4.558083385023032, 1.3216487137663888, False
2.546800364353091, 5.4978409504316605, -2.7938036988221664, False
-1.1796178722711534, -6.2575783094672515, -1.010694836039697, True
5.940792341184313, -5.766510286780914, 0.01331391436785001, False
-1.8174335719991976, 5.177354221125617, -2.765361913298739, True
-0.6070521658809298, -3.432723253386572, -2.855875779505054, False
5.334082554038643, 0.7487234430837537, 0.0012732893077638252, False
5.070356026964328, -0.9818399490157157, -0.9772816736389798, True
-5.704787255730947, -2.9328516810322176, -1.9771613879933987, False
-1.5943139788488274, 0.3375255794286405, -0.43463430184090956, True
-5.617365856521274, 4.880372226945671, -2.7974116687848523, False
5.126701113579784, 0.586344662720836, -2.6539320534820363, True
-5.809838159224741, 2.398192143594734, 1.38901237054632, False
6.213596084640246, -0.08547050871823814, 1.9274996364662451, False
5.762401581256437, 5.343406864299171, 2.531473019060142, True
-2.7720516291697486, 0.37515582186528906, 1.8036475671501044, True
4.962126215908729, 2.3734416550434467, -2.4340827856396796, False
-4.431467308745151, 0.0036824206758847566, -2.6681647207205277, False
-2.205013951360904, 1.9187064818558621, -0.36373190070164085, True
3.410413996146973, -4.054548724263995, 1.1753917144651247, True
-3.6649130875495235, 1.0214294232416563, -1.8514572609019295, False
1.8583250130510311, 4.5461385677502655, -0.5018969436664698, False
1.6328716025841352, 4.456982616693319, 2.0910050507946316, False
-4.396137482299693, -4.7039470021430665, 1.2421084824960804, False
-5.368417305783531, -4.695541296671086, -0.9756589350549096, False
2.558636308029886, -4.69068472832557, 0.7140892660609719, False
5.53707461296513, 5.854329990816563, -1.8624202548242355, True
4.502005842822085, 5.154310939174339, 0.45925799446505877, True
-1.5388098448672274, 1.9689013221533074, 0.3565452383221732, False
-1.6992743069114846, -4.430859815881039, -3.025073874554086, True
0.31276359445869417, -4.306331520503028, -1.0599006052613764, False
5.138547821515161, -2.1119312630094695, -1.8226421172210676, False
-4.743121596805063, 4.602958533301178, -2.3771127556310647, True
-5.428607155783927, -2.2166988517233284, 0.7053052350431575, False
6.111296938177199, -1.3759390611225015, -0.7422355475514486, False
-3.667814992306572, -3.9335233625169983, 2.455393030595271, True
-1.5488807924076076, 2.577759138289167, -2.788700129210818, False
-2.426295772649459, -0.5293464786745377, 2.665896964251023, True
-5.762535600209783, -0.9483263650999225, -0.290837580915575, False
-2.445976784920016, 0.7982383361161753, 0.014722740218243047, True
5.726117352521541, -4.062265287686005, 3.0713573218875343, True
-4.680358283452693, 1.6166375295613822, -1.2458574507671043, False
3.6077703112230726, 5.509469753097532, 0.5212890190904123, True
4.558308990443241, -2.086236070960645, -1.5975632757369327, False
-4.159211091407293, 0.3672238592451098, -0.013605295713465804, False
-4.0049957064557695, 6.084349592247376, 2.0207516006984116, False
-6.135324001642725, -4.1884435483364, 2.7400741596558342, False
-1.2428628368073937, 1.8212465708361414, -0.6596845425284878, False
-0.7712051355309306, -6.272899440471931, -0.24814974186415384, True
-0.0137263452529659, 4.279668334759213, -1.921057376578652, False
3.4010971468266717, -2.2567244244578024, -0.49882731673342384, True
-5.071609225141063, -2.768417419103862, 3.1267007663261266, True
