-2.505453171584921, -1.8185362574400532, 1.7048372334311415, True
5.2865908455887105, -4.523350405419478, -2.7225180224933316, False
-4.556613490846389, 4.1787773629983285, -1.4004594402197206, True
-3.8366465479762963, 5.8296661931881975, -2.70578870684885, True
-5.3456889201652285, 5.644688256698593, 0.36474781992046035, True
5.707976451625004, 3.5212985449340604, 1.2489431647225029, True
-2.6008785954031786, 4.1617373632581725, 0.8676834881642019, False
-2.7581165930550138, 4.078043751031197, -1.1904688393693876, False
2.6338550501589175, 1.6166458079804844, -2.5319994512262456, False
-4.753510598811992, 2.6778972156816483, 2.5874283595195067, True
0.207383908747782, 1.0411635566532853, -0.45137928974730324, False
-0.5626300329723524, -6.0738633345660755, 0.6410047476894625, False
4.603925309844676, -0.8257951188412829, 1.4619358118920678, False
4.875641858095641, 2.223714537333878, -1.7400469283758617, False
3.2682594002462633, 3.8210115006196457, 1.4750199515972993, False
-4.859876557447626, -0.27512786822277935, -0.42002757375465105, True
1.55267563237713, -1.342765008746758, -1.8680097951783916, True
3.9112793800747934, -4.247112723949066, -2.8699910063863734, True
-3.729719401526776, 3.862197230865135, -2.5579479304124524, False
-4.84981552771779, 1.8171140282108649, 1.1376385449957889, True
0.7429377477637082, 1.0462839976084624, 0.026641624371662953, True
-3.533171460034079, -5.809819865145675, -3.0845363411917144, True
0.0681432351566853, 5.408586232786183, -2.8585205465628123, True
4.836152795153543, -1.8290923944610107, -2.4954138034231823, False
-0.015439631731673842, -3.575837538852133, -2.9869398025424685, True
0.42176128673719493, 1.8705766470594636, -2.1119212034044423, True
0.9715870057836318, 5.995097398750888, -2.5842278421719063, True
2.151163778617203, 1.3736599258589655, -1.447654344903432, True
3.400528608766356, 1.9513961100652608, -0.9018038096373764, False
-5.499280345931406, -3.016106575919797, 2.725224253022943, True
-0.782507427868496, -0.8230675879262375, -1.525079888405302, False
-3.1804716356753153, 2.495470352934536, -3.011126031606136, True
4.9758453770343944, -5.388075986082274, 2.9481382860382768, True
-2.9922019254358214, 0.929377159629234, 2.4319881604148987, False
-4.556763373525091, -4.406476882994159, -2.6442155046280402, True
-2.0189252548392247, 2.9399536873500427, 1.8584958421001163, False
-4.64050997323158, -6.130808800250814, 0.4994095109978054, True
1.207885015812944, 1.7259149838088828, 1.6751645295254098, True
2.7845818549998587, -1.8027803225941685, -2.3381782336759684, False
5.733319005260276, -1.1151690788692648, -1.9463573954033875, False
1.0230006663626794, 5.13732535111772, 2.478118702190068, True
-1.941734100327979, 4.446932421065483, -0.1264161697415913, False
-0.03976790704761868, 0.3350260277894854, 0.5309144781898887, False
-5.8616443310850705, -4.560071645408218, -2.002608380425345, True
-2.302700828154755, 4.263963751902519, 0.1461066061174252, False
-0.8435386804305907, 4.545020021634128, -1.4884048743174507, False
-3.9365475844925393, -5.713000177505322, -0.6721856132167257, False
3.1029998255381575, 3.996858790546101, -0.04599779057166664, False
4.909524779456202, 1.9118690968520617, 0.4082187560362005, False
-0.1290378239695471, -3.2704177596477826, -2.2711071699689818, False
-5.535988123471689, 1.4916587710476295, 1.4168576998867195, True
-0.24689929868939586, 5.6553689602845925, 0.32024438513479003, False
-4.607738447837005, 2.08419314200731, 2.5577839824707063, True
-3.817744671739821, -3.404393375118695, -2.1100130910645296, False
-5.081607199454091, 0.8064261090738887, -2.3005642797284103, True
0.6976570480262057, -5.436959108639092, -1.6768862675585732, True
-0.910488586490307, 6.158841552768884, 0.18381750724636525, False
-3.908857222933364, -2.527873096491225, 0.866632862076214, False
-4.917037804261735, 0.11259606570795544, 1.5248877862284518, True
5.880901582832779, 3.069360158872886, -1.3474082546582253, False
5.301413684124327, 2.2275635810440555, 1.8474624894831821, False
2.379234025901866, 1.2157581540725957, -1.6702831973556975, False
-3.864627415458949, 1.7790238403920302, 0.8287562401304638, False
-1.4885110236223476, 1.3175697166190652, 2.406995688585094, False
-4.77239213893149, 2.702202239831042, 2.2353670661591503, True
4.650906434825755, -5.708540041007854, 2.3530419832877563, False
-6.164575837273133, -0.6919550277984738, -2.822605748255436, True
-5.869980312317367, -4.732226395376745, 1.145852442962692, True
1.6581375215146146, -0.3859323923589093, -0.80384982270516, True
4.176065398731673, -3.354666062060255, 0.46318180675304665, False
5.517282745185151, 5.379797766505657, 0.5779780460429675, False
1.4098106972915305, -2.5235603639199975, -0.024288951154500804, True
-5.144612040889193, -5.430070850253652, -2.917107670596362, True
5.074757727469683, -6.216913705949542, -0.02474515078694628, False
-3.2259746209819715, 3.3844401353903812, 0.23607776833015892, False
-3.1689906012107367, -4.391796746286472, -2.7105689506132884, False
-2.6825140184938627, -3.2215925318903746, 0.7209397290219024, False
4.733481129614166, -2.6449492636188268, 2.4209605574753006, False
-5.092470646556394, 5.389362120066885, 0.3119548145817612, True
-0.7628333188498582, 5.186191707541115, -1.80448747053439, False
5.137648108061283, 1.946395490631211, 0.5957149180167605, False
0.23584589802883915, 2.827852435889227, -2.628632317850594, False
-1.3462979138301563, -3.8402471052513936, 2.212023779435799, False
3.670936577852073, 5.371331950936746, 3.0330533563338324, True
-4.770698644421163, -3.780290987974586, 0.29802144501125083, True
4.957428811927295, 1.0808848354720855, -1.0218872341497307, False
-5.859239597125182, -4.492962636810488, 2.951859730795527, True
-3.6565009686266787, 5.336292022369049, -1.688293213864675, True
3.018986454752957, -6.107294782366269, 0.6549769521790711, False
2.3121272372328363, 2.004850517567986, -2.6870740894070524, False
3.7822024849194893, 4.311808452022474, -0.9369383545300578, False
-0.004747332723691322, -4.475002311847823, 0.05838992373240304, False
-2.3088613556737565, -3.7042386522894195, 0.2235203431343158, False
-1.2372790189396676, 1.8723825957678368, -0.35741979746366637, False
-5.483319429491164, -5.911064271243852, -2.6939595531020233, True
-4.404255207250068, 1.6465693961724046, -2.9236405232978546, True
1.4397637360421198, 5.6228449886138705, -1.874326624278385, True
1.0284184378784405, -1.0071116864412604, 2.3346330115944687, True
-2.115830212280142, -1.0433626673217269, -1.2200902246944372, False
-2.562727632456981, -5.790629628210504, -0.4712264079142039, False
2.3393495700900058, -6.015016250728842, -3.0841696532343015, True
-4.012065894252261, 6.2103235001435095, -1.2368572039081824, True
-1.4105775556816749, 5.520872707572723, -0.31373551745126704, False
5.631054098936014, -5.49420975285764, -2.486028921740357, False
4.836155938480687, -0.32899768390166884, 3.1252486453235893, True
6.1566301414245785, -1.295606363823266, 1.354700975791487, False
4.14856901296587, -2.5026851261755816, 2.776834000229802, False
6.1845746581655, -6.152595718316787, -2.676764876199229, False
5.477463547304383, 0.8170408939305407, -3.0400498720129083, True
-3.8827459670698534, 5.741581278280206, 0.34591605797352365, True
2.7120808050414187, -0.15756437705655557, 0.3822940372708894, True
2.5249049174472766, -2.661842516507336, 2.6900306199192805, True
5.872653738801413, 4.614336809909961, 2.236513645299147, False
-5.917278273721488, 5.608861032393921, 0.8971897120091734, True
3.651010891484294, 2.5199812718798906, 0.2002098567121724, False
0.5519789439597025, -0.20541464103350382, -1.125012828764417, True
-5.965225963160472, -5.165031621120477, 0.3538375864238352, False
1.738033539363789, 1.8496446341075679, 0.8616558925120756, True
-1.1012726880310577, 1.1561512441833566, -2.6843895959319877, False
-0.7084788254066776, 0.3750982020865772, -0.8843624915329351, False
4.165300531136243, -2.002793159031632, 2.866206276549856, True
-2.7238323092617387, 0.7245252331433427, 0.5827114523560422, False
6.17877583414942, 0.9159240946708662, -2.6033337492654653, False
0.8845935702804972, 4.6035707732778235, -0.4167073669911914, True
2.621179355994146, -5.20449120537387, 2.3851347218736008, False
-3.899832830197507, -1.942580319716451, 2.288379767459997, True
5.5879734925875955, -5.452045855484053, 1.6349521346568245, False
-5.2244534421171664, 5.98582476110605, -2.123694804905934, True
6.102685179806533, 3.4202437615165238, 0.6978537564830369, True
-1.0396431631844036, 6.171231626469428, -0.09435376613424573, False
-3.9332161815641205, 5.208202823652989, -0.6393136114482614, True
-1.4798675748208527, -5.948441327080029, -1.561424514856461, False
4.6251558869037215, -5.186259971210964, 1.5372473105606215, False
-1.8653772891552318, 3.621770058114013, 2.081398157605907, False
0.899057232926566, -5.813031852114604, 2.0983271654873654, True
4.532961507084737, -4.851240941963482, -1.5625586340386732, False
-5.09221140800871, -0.18645135457604844, 1.3905290756517292, True
4.607804849625046, 0.7962355424285539, 1.1286563423624054, False
-2.248526744440304, -4.28023583552797, -1.6814462683431428, False
-0.8218198166111215, 0.3370208437345861, 1.4353586756622274, False
-3.5018101933633665, -3.2516903179340106, -0.7886340887253018, False
4.626010932405787, -3.7221821190881226, -1.7451710628655688, False
-3.8605238056609688, -4.565880860969678, 0.36774112913400403, False
-5.040266451006255, 2.8156806309261135, 0.9445546911424811, True
-4.524970145165643, -0.1183216027715499, 2.229854804478544, True
-3.20350434927317, -2.6772770371588765, -2.3608822587952405, False
-1.9279645567304389, 4.504341868394743, -2.4578848222431215, False
1.9865058653056487, -0.7073776826857605, -2.490645739266194, True
-0.8083706080542834, 1.9488426017682468, -0.02557933984815497, False
-4.895032730341846, -3.0943461449177, 0.43020869374438453, True
4.84530500682097, -5.6938814894332115, 1.6190501409012192, False
0.462609656580633, 3.9815276629560383, -0.15821665462479073, True
2.037525961414662, 2.0059138172387847, 0.7471545311802705, True
-0.8855642392040863, 4.31492961608979, 0.7830812457577916, False
-4.073781553565711, -2.257905245141515, -2.7389285496639895, True
3.6722095977403413, 2.4632062020806043, 1.404633607399819, False
-4.5456535039753705, -5.431413397333812, 0.5064547889044646, True
-4.726953551584469, -1.9698124961960843, 1.8093176979406236, True
-1.2116436607991101, -2.5726810176770445, 2.430458266013572, True
-0.9049583976324334, -5.588311351415714, 1.6276443929925204, False
-0.2980105619990203, -1.5779558994707763, 2.4315506590488845, False
-5.788259295275882, 2.558757169113223, 1.3199896508835796, True
6.039412141850841, 5.016540786835096, 2.0180455098712295, False
5.950950615278783, 2.805231038611268, 0.32677140886456923, False
3.4375783653679886, -4.903413116024472, -2.6960223253385687, False
4.831405103828535, 5.818798642813979, 1.7867592987567527, False
3.959400759200653, 5.999834658212599, -1.2206871154876242, True
-3.2390452455449195, 0.21739880725869654, -0.4279441983910459, False
5.561768301859326, 5.073659222132893, 1.4319443250256727, False
-3.9854846268927884, -1.2130801602238641, 3.0051063934073055, True
3.8531466942700128, 1.3176125276528996, -1.2878709062174014, False
0.6452250434766933, 5.225259771531315, 2.0814189790645177, True
-1.1911515201096456, 4.168267494179132, -2.150358622117614, False
-3.277107969885869, 2.3035667598689322, 0.3107485644615795, False
-5.548969646687358, 3.320097407256684, -2.3084417122699756, True
-5.023161642489437, -3.1501895191331823, -3.0658702215935123, True
2.0648892689432845, -4.740893739807045, -2.698830181062468, True
1.0145673300909142, 3.2141100428147453, -2.6582330412446287, True
2.1350198489125827, 1.7718871184870295, -2.9620657334750233, True
0.7586490392396987, 0.4376825267106552, -0.34872824367560495, True
-1.963043619042991, 4.5686632159183915, 2.402831690670869, False
-1.8632290781879277, -0.8775455771041356, -0.10576055126282613, False
4.125927274927188, 1.9672594905975789, -0.9254104888698045, False
6.253097604514414, -1.3912354255745436, 2.0160872852318015, False
-0.40923240477394085, 2.7668988575069715, 0.22262321882278568, False
-5.294232518483881, -3.9622218246932386, 0.500313158944532, True
5.235166483755048, -4.252977221247846, 0.649261657166829, False
-4.661483515541799, -2.602524850438015, 0.1339677638057437, True
-5.395009942982666, 2.6319510335730243, 0.23263542740741183, True
-1.1825716438264386, 5.255885369326981, -2.1508374665914762, False
2.2028927926527384, 3.265401582228886, -1.996137713748126, True
0.5310354405287487, -2.864587446835554, -2.526078668793253, True
-0.8929317280815807, 1.836985998667533, 1.009484247772292, False
1.4507921612812282, 4.408124647707565, 0.06606720019081536, True
-0.30815042579723606, -4.051602164471355, 0.2991433519639948, False
-0.9382605999591016, -4.45663715584021, 1.7239787622181613, False
5.7510635555286065, -3.3142606048715484, 2.857260501830214, True
-1.4896693724044034, 4.0129620418788186, -0.8353398319855181, False
-3.168467080262545, -3.799507447127483, -0.216143928825538, False
1.6805854837263423, 4.965921284406704, -0.9670308677894304, True
4.139202472289693, -2.772428727830242, -2.453081044549039, False
4.4360957570612864, 5.237529705309106, -2.797575673707839, False
-3.522554018150635, 1.6033265343182128, -0.20425074646459418, False
1.0975250676642085, -5.386364170664828, 0.9656056596463758, True
3.120173879053052, -3.575677561571131, 2.618811049494769, False
2.3111320608767123, -1.2863018561389294, 0.7107230394706332, True
3.0112692901810423, -3.94620995073947, -1.6276764350239163, False
5.00749629413143, -0.20222643881171987, -0.20849179661309236, False
5.645037049444149, 4.328866093772122, 0.2251789132863249, True
-2.2312719034015895, 1.4109007757979413, -0.3397784103471757, False
5.920039170994249, 0.7014849918357928, -0.9913166757736156, False
5.597890172586606, -5.436693727695027, -0.670288504062011, False
-5.507313313632722, 5.802755020277827, 1.865639612732715, True
-0.1042324180198646, -1.0708620610100015, -0.46003430381531674, False
-1.3452944146204162, -4.20695370113215, 1.8407783982021355, False
-3.0324640656986985, 0.9281812439022534, 0.794992009393725, False
1.687987210255498, -3.1747250008570322, 1.70985889959345, True
4.5469598882508535, -4.156211011483384, 1.1925640861254898, False
3.8793424929978197, -4.312564065316417, 2.365304892150382, False
-0.22151507808689885, 4.957202360839272, 0.20000453065245516, False
-3.23700151447555, 2.4217955882165345, -1.9905466169970085, False
5.977163723018403, 5.207348351416922, 1.9071062812364854, False
4.333481517195938, 3.2694227050077096, 3.0423564329529142, True
-3.739944100871204, -5.293578379750593, 2.7570668256696402, False
6.172377620582951, 1.3875587153370939, -0.752570921877104, False
1.730751794012411, -5.671466013192731, -0.06749925056901462, True
-6.045411156833568, -5.0127533314697805, -0.19683083916181143, False
1.6325586995469497, 2.9266505405937266, 2.376972671415605, True
1.626519621560937, 5.496518173303297, -0.381172044910973, True
-1.416653969310369, 1.179691900984599, 2.633318032603711, False
3.7631429770575373, 5.6575909499960275, 0.21015927939906165, False
1.9691777642149528, -5.495949167861787, -2.4201413532086384, True
2.5163152604446175, -2.8767036199769587, 1.1250814720919626, False
-5.750026690365907, 4.479634142440853, -0.6721159370910694, True
5.0743963148776565, -5.555347891454984, 0.8580589403523753, False
-0.0796096616434907, -1.0158555294014935, -2.064294931212042, False
-4.840184503722302, -1.5160601745932096, 1.0453864276391673, True
2.5369519982804007, -5.006218628809905, 2.5981797192162546, False
-5.7755982973693065, -4.772132074891626, 0.6942467426611376, True
-1.4828008979407565, 2.628078902855167, -2.5745385010269284, False
-1.9690505306025505, -0.38503331937674545, -2.2629000057603594, False
3.0977020653588063, 4.3368862956152245, -1.4184459308443838, False
-5.760160138369043, 5.522200435099887, 2.1736035083407055, True
4.912401848088841, -1.6163255354234307, 2.879358692217404, True
1.3806250382243146, 3.4733411371162113, -1.2909691339599436, True
1.8810562723818904, 0.27268679725523803, 0.6321157061485261, True
-0.2456509900317787, 4.046273218791843, -2.24521696709399, True
4.20079427822172, 4.827343962531971, -0.585051817668178, False
4.334223250646296, 3.221694097269065, -0.39135035741094804, False
1.1469797151788423, 6.250437603209747, -0.012254295542036608, True
-2.09669418476152, 0.6402962812946633, 2.9407576153574473, True
0.6630717638836376, -4.101094697462846, 2.32774169976644, True
4.931632012714504, 3.7788525901871513, 2.051756689506739, False
0.47984594922777823, -1.4609681887676391, 2.58991525224197, True
-3.9164008252658897, -3.6616674645759657, 2.3768361742020847, False
-0.5953922873903368, -0.8074154990226479, 1.1122972638650808, False
-1.2051336889143984, -3.2052280979786074, 0.5312172306876972, False
4.238890284465455, -1.0529473051171525, 3.063466521659657, True
2.858888469919121, 2.5771280872790836, -0.43710011688316586, False
-2.7948542365163607, -2.5727262637749657, -2.465494311489463, False
4.147245635106955, -3.452750263817089, 2.5809313657898407, False
-4.953393913778845, 6.234438678521991, 1.3637492052626872, True
-0.7407466326025833, 1.5649043881496363, -1.5522261828591188, False
4.737593361247349, 5.095802415449548, 0.98338325862888, False
-3.3532122738664825, -3.6484751367299086, 2.020561009195795, False
-0.7982516607001182, -2.411227322617347, -2.0888414053498807, True
3.2172350075964733, 2.9631190759656434, 2.066438865681877, False
-3.7735948924613307, 3.687012647118342, -0.38235853143650367, False
-5.877809566022108, 4.245714229732444, 1.6297294796389519, True
2.1300237937952993, -1.6630301339704152, -0.5333996908171104, True
-0.17117160076589144, 4.9132768256083, 2.3969306711485725, False
3.9487337264061697, -3.1742623441968743, 0.32467344183504654, False
-4.657582491129851, -0.40242852406757734, 2.6983608174836533, True
-1.2264633173961812, -5.805671248844145, 1.1531560140539634, False
0.26598493203010243, 5.718048800324871, 2.054693931042012, True
4.043689024357958, 5.893223826206722, 0.2910323981626206, False
-4.5741376817210435, 0.40543728417897107, -2.3283574822859148, True
-5.150929299499058, 5.142018248861241, -0.16796143122999085, True
-5.267027230969755, 4.315768213043089, 0.40114258674545944, True
-0.22236046604406123, 3.9013935868913183, 0.5562978692430085, True
-5.5557982155263685, -0.2832074381558849, -1.0072857674451634, True
-4.786922434823399, 2.3022897662965853, 1.7108915521380519, True
-0.15026268765302664, -1.1919674208667033, -0.5297810441484763, False
4.8676287001327925, -3.834627102464606, 0.17127769380518076, False
-1.2929976559410088, 4.305849421101319, 2.6388675370369334, False
-4.273538449202885, 5.402422881947956, -0.5527813735132607, True
1.6752636561456997, -2.3504846473499685, -1.9435017309183258, True
5.051934091039239, 1.550643847385965, -0.8748261903309476, False
4.415676284286594, -4.084597896780874, -1.2046997810857103, False
5.387022063110441, 4.300614135424768, 2.4790871180619627, False
-3.6191957588419785, 0.10330762168849716, -0.18013954836005786, False
-2.2713021298047593, 1.9264292754938044, 0.9121271750594788, False
3.8739906627786613, -5.497482355189199, -1.4750350827326253, False
2.9189050299855754, 3.5596953911844995, 3.0500759932443975, True
-4.325634547673562, 2.073512456849345, 2.3703931196720562, True
-2.6019205719078324, 6.022847275224873, -1.7409146172808483, False
2.8542213574552253, 1.5941119849726055, -0.305271441404928, False
6.130438963568627, 4.258897470448423, 0.9350197479159199, True
-3.006809752222724, -1.2815422650236874, 0.5366872417182509, False
-5.82702579973071, 1.8209547566233404, 2.99636390760965, True
-6.159269692577861, 2.217420563824115, 2.7100802409924487, True
4.319449658900782, 5.996136142242571, 1.9518410978120846, False
-0.3920361462540276, 3.8925716081248467, 1.30871335347896, True
4.633835327404503, -2.471523547851497, -0.38257881589754117, False
3.231837751043047, -2.8892201720460595, -1.1467079938353926, False
-1.2493707748912968, 4.2432348223129175, -1.6405346724235697, False
5.277394140971547, -0.8374487372068611, -2.174163429814019, False
3.1082922481284587, -6.220154727123392, -1.49865206447172, False
-2.8703417092119796, 0.3460876170860736, 2.3989007968534732, False
-1.7062075668255474, 3.324698059421216, 0.5223074563647048, False
2.2099713732698234, 2.2143974155023187, 2.9024274735035958, True
-1.3823778691292157, -3.8247569518549787, -0.6470456298157257, False
1.5710551242264037, -4.5118950891982585, -2.539293509610712, True
-5.115756756430755, 0.5597993706394577, -0.522645726044837, True
4.4008659072012595, -0.3024461520009565, -3.019706532344247, True
0.08885292060880534, -0.25486387817700784, 0.08205895391658968, False
2.586646517453687, 5.0623065801977525, -1.8777042367935597, True
2.786365993035133, 3.9323501249148514, 0.5315085305493121, False
6.041683505182721, 1.2295564662466836, 1.7725106419249332, False
-5.391000806969068, 5.207920376095631, 0.20158971002411397, True
3.2280740072779146, -5.552608581926237, 2.094724743114308, False
3.5847345519225833, 3.394108619875297, 0.7235569006334788, False
6.1851144366843585, 6.188269968490268, -0.6538711643619135, False
-5.5109141154772825, -2.6996485695221653, 0.4506875281406941, True
1.5506925269904448, -2.9256535300667896, -2.4034995355025206, True
-1.2407837246631823, -3.1145671421529477, 2.867736557453525, True
2.3195050363959417, 5.539170208431999, -0.8810656260266736, True
-2.275420556855962, -0.8841085427877164, -0.7338514224922004, False
3.289707642964812, 4.001658378094026, -0.34450786211356466, False
-6.255197314652675, -1.516610657406889, 3.131746440737957, True
3.3511161720711726, -2.4899082602407487, 0.19707095928826357, False
2.598624655082869, -3.311645687937509, -0.9524036266874973, False
-2.9074008503415785, 0.047928228900653735, -0.12076512995658861, False
-3.11772214134176, 6.257143383160335, 1.158151240635049, False
0.7843071540080233, 2.5661701690452077, -1.269436869301907, True
-1.5746842803689463, -3.729745527345289, 2.2198627925827346, False
-2.5693621420129715, 2.415587805332148, 2.5871748033967723, False
4.9362630596245225, 0.23964841598383835, 0.8093739260649055, False
-5.5104673631792425, 4.918611770728296, 0.7646641389838069, True
2.8209839394974843, -1.6392905233463448, -1.8094447512220746, False
0.44040421848581524, -0.829258716586259, 2.591272471527093, True
2.410574431931117, 0.41266167301479584, 0.7747871150414651, False
6.115661057479569, 3.5422843914263265, 2.3767926058589737, True
-4.0643515231456995, 4.952083691868081, 2.9293437081670914, True
-5.026198321932649, 3.0688770957136065, -1.9610295761901022, True
-1.5843405434709297, 2.4130640626721966, -2.885447845405208, True
-2.2640156042460573, -0.4130797098453822, -1.4135125328499458, False
-4.793405582690057, -4.597666905411019, 3.0725793375630923, True
-6.138196352542399, 3.067769789546995, 2.2086291514271403, True
3.824145564251909, -2.421010927388, -2.545621736909105, False
-6.029388219968888, -4.697014095377369, -2.558061339803671, False
2.595894843239689, -0.7373395804193468, 2.0801393753424975, True
4.5149447788521595, 1.1619384211223194, -2.0405858760435054, False
-4.170225355119273, -1.9955003650835472, -1.5106464741580121, True
-2.4622116888797194, 2.168871221855081, -0.4559989122518031, False
-5.509320326613788, -2.2143983706333135, -0.8882327705582833, True
-2.9601634427997734, 0.19108103794255893, -2.251020476731038, True
-4.969902594809287, 6.24070966457462, 2.812064236014665, True
1.7524476034690935, -6.278545816428265, 2.8692102142459124, True
2.9385355393132038, -4.908884088665406, -0.5200606138127428, False
-0.32061701104519624, 5.347146196085383, 0.0757611046604163, False
-2.545723659245113, 0.8251443151322553, -0.4661965874677665, False
5.266513745058084, 4.029147120038738, -0.9897366459108241, False
5.004943447209268, -4.765625994426159, -0.9944173575738455, False
5.73443243151282, -0.3610749412611476, 1.0457260211021584, False
4.785790304564884, 0.8606037530646109, -1.995711522955723, False
4.158411079281235, -2.4864954554679626, 2.339446248207083, False
5.1668318968088585, -1.44696461800757, 0.09920256763726476, False
-1.5400393655014852, -1.8084845126743208, 1.928900775793272, False
4.917654403710962, -3.839994281843424, 1.0687463477510306, False
-4.189212266949516, -3.9310636217165507, -0.6261588053854572, True
1.078226887109567, -2.424495423156845, -2.8427999485945143, True
-4.352073215798127, -6.1661741738937454, -1.60241358344667, True
0.5711177903097662, 3.5788184194008164, -1.507256605578504, True
-1.1706149226949902, -4.975791279337286, 1.179510147622862, False
-5.995889441886365, 6.2405060808687445, 1.2198386539181012, False
4.996285280376915, 6.030900183767811, 2.6253130276931147, False
3.971478491639516, 5.528657496012912, 0.2549715892305944, False
6.223413423392783, -3.8114094388264905, -1.6214636706318606, False
-1.756080359394078, 0.8783209077982725, -1.246507302605174, False
3.06017111584646, 2.9711687007862313, 1.9844658129430863, False
-5.9181846891347645, 4.536688946265473, -0.8361253719368409, True
-0.5142278818460984, 2.3393796789980357, 0.6160925294561599, False
5.33298419095051, 3.482211657163166, 0.5784422942460292, False
-2.200519480185738, -2.7473517378360786, -0.22630585551007165, False
-3.7686333702234664, -4.5389414262013466, 0.29344860306754006, False
-3.392571180750599, 4.549835188786901, 1.0655525364233887, False
-4.1524696970468025, 3.5422661508905797, 0.184590684689252, True
-3.8556966495101124, -1.4958745391660289, -0.6256331049355404, True
-2.93736352996068, 5.644397710500499, 0.0053950266305773376, False
-0.7200493741178216, -4.828735373503908, 2.716217023869736, False
-3.005065868302432, 5.625741309178153, 2.534921064576313, True
3.1196433937117973, 0.33074689113023403, -1.8078067129204622, False
1.4944151918176933, -3.1208508633816128, 2.172931957712083, True
3.32828666121568, -3.4679463949574854, -1.053397004978013, False
4.477177619425628, -5.5775851786200255, 1.4755983105359451, False
-0.8597463117904027, -4.4448656293891595, 1.4693347016376537, False
2.185615605408495, -5.539067931562265, 1.6910655229608658, True
4.780226315230154, 4.564432173178666, 0.41558572307055863, False
5.16128014397335, -3.44538046729063, 2.2649693879041166, False
-3.2743393299642514, -3.3918147715623737, 1.6528314132038915, False
-5.51674613486811, 6.052468847351422, 1.8454585748071404, True
-3.6189184044366187, 2.145047547470977, 2.2680248766304425, False
4.042406843644297, 6.11764034590923, -2.4848167748610934, True
1.3527024136509436, 0.3337026138317878, -1.048957401263837, True
0.3425526277089963, 1.06781364785315, 1.1204299799184465, False
-5.835339848140407, -3.933208054819084, -1.743964880058387, True
-3.9335242829066073, 3.0672155462240074, -1.8338796513552986, False
-4.610740058013272, -1.0010069213824595, -0.3716811015419723, True
1.7782776035108014, -0.8750835417354024, 2.6210076838319933, True
0.5183246958288992, -5.684457207246196, 0.554116164536997, True
-0.6415970892594682, 4.2873252367249, -1.85526844350149, True
0.09388545038458673, -1.610047513375041, 2.435644778570019, True
3.8785712887571364, -5.612704059486834, -2.840253347888049, False
5.901526386528758, 4.98449516566119, 0.8486691268928945, False
0.6029912757354499, 1.3870509736031194, -2.89487386161649, True
-6.13521122337899, -5.901471396510268, 2.607935582279281, False
-1.2055866472854397, 0.13881259668850987, -1.7798609723556083, False
-4.437170379421211, -5.297336566452756, -2.5206921898275496, True
6.104758663142151, 0.6563536938340615, -1.663180711972461, False
-2.2200591799781044, -3.726963062172351, -2.322995991292983, False
5.929368655515578, -5.335219791584241, 1.6402822537292359, False
1.5065890182073494, 5.999237299586044, 2.2145004901814156, True
-3.5074178005406687, 5.112850044503107, -2.7055617504305984, True
2.525347992441482, 0.7150791018643412, -0.837237565816519, False
-6.262265581627722, -2.845038254050682, 2.764858801403351, True
3.6005959760537074, 4.682448784174047, -1.5342907772246324, False
-3.893317930013665, -2.7729904789448705, -0.8890718185315443, False
-1.5060734106786553, -5.107040080516176, 2.6614815718239653, False
-2.0839079047821407, -0.9311518616208634, -1.9017816564841687, False
-4.116850543584155, 4.234139672577578, 1.1553714959610248, True
4.804596649682928, 2.6715880336156292, -0.9490631665570359, False
-1.3180392436007713, 1.5107681052560347, -1.6883070093745847, False
-4.120551015214092, 6.24356250996502, -0.2523200521013189, True
-4.974203284318785, -5.881640206559471, -3.0383691218229623, True
3.3925120104314512, -2.5433137799201617, -3.077926985758358, True
2.5049771048392646, 1.285990082845733, -1.821898018277803, False
-0.3400871980705178, -3.6442527149862713, 0.7743378167063462, False
1.0570632789399363, 1.2492064262916243, 2.4300940260837747, True
0.9071800127064931, 3.2194240763193527, -2.0504763550803387, True
-1.0465769618932343, -5.07800877015674, 0.19320688790960538, False
-0.2532839781239433, 0.30107262440318827, -0.4699335217333154, False
-5.171602893168748, 0.07059605815283909, -1.2310598278510327, True
2.5341286881572493, -3.0702365005905987, 2.810409133206149, False
1.8965949955810153, 4.609297197644622, 1.3096425207335853, True
-5.001860059126343, 0.871660399618376, -2.112563257389572, True
-2.636273488145947, 6.071040122031713, -0.7257171102499043, False
2.070514412240028, 0.9878003922809437, -3.0500289755641545, True
2.240130333583444, -2.099743450042201, 0.007190131286789914, True
-3.7870661854178786, -3.4223658182797005, -1.1536058615288696, False
3.9666815788040903, 0.0554236399059862, -1.7589128544506405, False
3.0069460216306343, -0.5449703979882692, -0.8319556057445427, False
3.816368691093645, -2.5406541325316008, -1.9301670858346494, False
2.8395859365980893, 0.1871901673478451, 0.8789191874317952, False
-5.563537384137328, 4.595476063366755, -2.430111440304107, True
1.0059363022095642, -4.5413756508478365, 0.7730212930970803, True
-6.2485497217712735, 3.030019942280516, -1.991422181504991, False
4.5805462049069074, 4.5191589833428605, -0.9113154206527434, False
3.459863979513772, 2.5741701324357447, 1.4515542243852462, False
-5.27648833630176, -2.7869717067995956, -0.184019789728457, True
1.0665325610858583, -1.1939801261725504, 0.821611454590339, True
-4.767281452018926, -5.358665301293895, -2.195291429176633, True
1.7174647500396336, -1.7735332876212082, -2.549652954909329, True
5.184573035566448, 2.9839537733498656, 0.4726922477305928, False
3.68238510297736, 2.553965255315177, -2.161508882524424, False
-1.3603393803669679, 3.2301363615957808, 0.46441359919820746, False
3.7427826779771944, -5.54184953744303, 1.2365318643242746, False
-0.3353532931047649, -0.969587048838572, -0.0847701843593609, False
0.43372722348544457, -5.974724338233514, -0.7299556634584974, True
1.6108999255652954, 5.951232080807793, -1.3087564115185193, True
1.2568862156606402, -5.4074184797675064, 2.6941764157053525, True
2.360434892981722, 1.6007592152111396, 1.9939768696568159, False
-3.618399713934247, -5.927100941198538, 0.06805547996710493, False
-2.6565921940982813, 0.576777091889598, 1.055342106384587, False
3.999518243109451, 4.246639176921006, -0.3452642572704625, False
-0.16457679136384762, 0.9600873949164859, 0.2132080085783401, False
4.994638549746336, 4.802568372904673, 2.4048352402396587, False
-1.8512096050527251, 3.9101853423481536, -1.423948250433628, False
-1.4743278594491134, -2.059061789464544, -2.481372037385203, False
-1.798353259330784, -2.1913052528239465, -2.437103866608428, False
-1.8505730400945595, -4.5779508993878055, -0.5909015943944946, False
-2.089829361011759, -0.3449390656731701, -1.4283448199072633, False
-4.017756248066934, -3.742467136026781, -2.630837262805269, True
3.7875146658753245, 2.182897951807469, 0.6405323276952752, False
-0.6800652195771288, 1.5313931837072987, -2.840493706431122, False
-2.6696075710906535, -0.018994168042512527, 2.3442753595071357, False
-0.6234447331398112, 1.4745689181387718, -1.7043778231160205, False
5.346565334685463, -1.3298124209196542, -0.8291621556785831, False
-1.3257291254866939, -5.871217655586269, -1.9435436269237882, False
-4.062697579094658, 4.189149152626213, -2.040150689905244, True
-1.6929203695539554, 2.585693036966566, -1.5274409170478258, False
-2.9309615205360604, -2.105910880776504, -1.371136231791307, False
-5.537094321477687, 3.2965873349023465, 2.9903275294785185, True
-0.5496111442540608, -1.335866175544373, -0.6707825339335112, False
4.35908326025975, -5.392976491439359, 2.951597130691578, True
1.7431171295826449, -0.07608681981902432, -0.25017415569841583, True
-4.7759538833326, 1.0410480059626845, 0.47901644319597736, True
-3.2914555746543237, 3.9455262173798307, 0.6824940412889062, False
-5.1094050755869, 5.168291634258448, 2.2891530014646255, True
1.4897556557912361, -4.207407084765654, -0.4046468725619552, True
5.818609767569589, 4.387684226266028, -0.9527764119706479, True
-3.4067148884592378, -3.8177148702984813, 0.03055029845570889, False
5.745667977751209, -3.4681343115311734, -1.8120797949430734, False
3.2141013788403203, -0.3708640373292882, -2.4858071726476596, True
-4.990343628365906, -0.9324452211499024, -0.19495071192034885, True
-3.138015514047192, -0.837817351517832, 0.05510797168781023, False
-2.076574170215313, 5.640269730645686, -0.43948684394531945, False
6.056297619212369, -5.729578265286183, 0.09319508716574232, False
3.7892673895092432, 3.573200009446335, -0.7431501313548021, False
3.1195246160748606, 4.602038625153675, -1.9666056979233744, False
-1.6065601496091597, -5.61001594277985, 0.7900343280434234, False
2.2433400997241097, 3.6628120410153873, -3.0484565171238796, True
5.982420761210992, -0.05600536087217822, -2.716420126334917, False
5.219125707285842, -2.1152236345093227, 1.5588522380150724, False
-5.693158847553543, 4.442630948624203, -1.4682226506895615, True
-0.3931874417190544, -2.7144094426698064, 2.8982772121910365, True
2.209680172049623, -4.3659382637359085, -1.8218529015058598, True
-1.65968135141794, 3.674688736506642, -0.7035680319999882, False
3.5701572953409677, -0.5901987671786317, -1.489763770421611, False
1.992903927312259, -4.03547144727, 0.5488605290143758, True
4.582175304879453, 5.302227004753087, 2.2168418296090397, False
-3.876664411932463, -5.849194061129406, -2.9804701341108886, True
5.380577684314993, -5.286639675771795, 2.3500618796041977, False
-0.5802166193139806, 4.103208585256674, -1.997752307363422, True
0.48439267944763387, -5.061229717322823, 2.0200632417976836, True
2.5324000520989003, 2.7683930141350004, -0.3416742036846565, False
-0.7280198874402162, 4.002358670431432, -2.0728299200357556, True
-4.424633655720174, 5.5908122466499535, -1.4447238885110973, True
1.6953159208436848, -3.7930037228203424, 1.3294743729808145, True
2.9840407967776983, -1.7488930989769802, 0.3995845415128172, False
5.46944876145689, -5.2835164479398395, 0.45003809149255414, False
-3.0441456784344383, 6.1166057670065594, 1.9526492562674305, False
-5.116584222794099, -3.7836480147286817, 0.4044853182691779, True
-0.09955433392786084, 3.1896647405355782, -1.018247594152378, True
-1.201660161233332, -5.316490639085937, 2.004326758923499, False
2.9056991701844908, -2.164353323168652, -0.04531555504949658, False
-6.022417730764851, 6.1646872084949305, -1.4915551252897554, False
-0.7484981318710284, 3.0885732885206707, 0.6451149595358228, False
0.024724922992884757, -5.697053891486715, -2.1252588058614084, False
5.153824543876336, 1.616289569567721, -0.7548400227866803, False
3.3998933417481343, 2.29528172184742, -1.0673835068271864, False
3.701409230684309, -4.602985080969029, 2.2074307021916875, False
5.988666120698932, 4.057809407408008, -0.2526816566084169, True
-4.583990595752358, 0.9367709215967484, 0.872235145834872, True
-5.338444357961148, 5.420175073797585, -2.723425529806824, True
-3.2428318686941124, -1.5555162360040518, -2.0346189190551387, False
-0.31579732561248, 4.822352685115806, -2.733399509792402, True
2.0016452961099755, -4.581917183830959, -2.1511277810734444, True
-1.2050193080947142, 1.4365034740307765, 2.9033342333892707, True
-2.8378329705979706, 2.5975165935822364, 1.8796761507653912, False
1.4411583052343993, 3.8438859164823818, 1.5428489319578658, True
4.444145434814491, 6.078175829338253, -3.059037948540111, True
-0.6254195138515843, 4.617850355968153, 1.1269926427208752, False
-2.5656206242973707, -0.8080069069585081, -2.874473568568034, True
5.278777279570612, -5.357160750214165, 2.5638188696569575, False
1.7009566024722451, -0.8199416664866543, -0.6941615574405091, True
-5.122843600520408, -3.405915771178775, 0.6437127583829123, True
0.6189638026426554, -2.2016253362863534, -0.2954060469520896, True
-2.947439775323572, 5.343219342250633, -1.3822630417572224, False
-4.467197073710208, -0.6797968222209203, -1.4470167721099978, True
-2.3495597658558722, 5.257502945819294, -0.42256849980820377, False
-5.440944780667378, -1.5407845142965009, -1.1030435493554172, True
-4.026006243563341, -3.759012875869122, 1.5319557250294515, True
-6.244286358839903, 0.6657809136411812, 1.9217606492534278, False
3.7518753519769117, 5.496201749905765, -1.7821484885796122, False
3.241757833556264, 0.9706608935093932, 2.1831102134601386, False
-5.36614802992807, 3.7454352386548404, -2.7635450771388532, True
2.843463488541037, -4.046603021900776, 2.584041615864228, False
3.1705982167265336, 4.191439172263237, -3.1320028471190047, True
-1.0003037005868425, 4.5912046371348385, -2.0003184001208765, False
4.45961835196902, -2.626065122379477, 2.462113410641865, False
-6.225684015904069, 3.1688238985306096, 1.801138040412435, True
4.452989762086968, 3.54153979049282, -0.4412084264290721, False
3.4188007290678843, -5.9680498239786886, -2.5325953020945535, True
-2.735574488408489, -3.5347158756041797, -0.8677159334273337, False
0.08597055297017686, -3.9812857254223033, -0.4316449993989737, False
-2.203774564714644, 6.0693022327386235, 0.6178001514480469, False
-0.8842832163218723, 4.217763970263977, -1.7893345828210923, False
6.136607810466488, -1.895672532181555, 2.7034931586833375, True
-1.0627643593166125, 0.686375052121881, -1.2141493535971297, False
-2.020198318138257, 4.3785401277220135, -1.8747914455716919, False
3.9383881377703958, 2.8414017688548334, 1.8704929891883024, False
3.1490390695336536, 1.6190982485823646, -2.484208857941113, False
0.3749700421829578, 3.957486717269468, 0.8922578874338987, True
-1.0388331842920788, 3.7342537920555383, -0.6534882833795583, False
-2.7305699687804657, -2.795376701987755, 0.3587701594381443, False
1.3878123988039643, -4.607913970218671, -2.897505771495457, True
-4.583038764394181, 0.898059701539947, 1.1763394488671848, True
1.2604204565212873, 1.3954216970320719, 0.37021714759157476, True
1.2637991076292128, 4.939196889347038, 1.8520837916552946, True
-2.3644872359442326, 1.5494323700471808, -2.671207339115863, False
4.447534929338744, 2.0519224266705756, 2.552164896526879, False
4.1934100592254335, -4.065316579758106, 1.518663467244207, False
-0.8940372860189143, -3.3859430650980613, -0.8820632432140161, False
-0.32299258444717704, 5.247558400708941, -3.1205244964406313, True
3.2686327525657255, -0.13897291795851086, 0.26729943266363243, False
-3.128339456291774, 2.8361260934643457, 1.7792776264291525, False
5.8081002197522515, 1.1860895260810844, 1.287809583995787, False
3.448884062101911, 5.470666437589582, -2.3694943901418775, True
5.553597481600761, -0.022409803983809873, -0.599654025944726, False
0.37763378150362126, 0.3912884452857073, 1.0133625459440605, True
4.808007390356321, -3.810787681253601, -1.9254783461386091, False
-4.9064395370060225, 3.196060624851075, 2.9741600866648934, True
5.906648816754304, 1.9563567765565466, -3.0904915341747716, True
-5.238635884959795, -4.541360298259304, -1.9014752805958945, True
2.702201779493981, -3.7601424540128847, -0.16635229013798236, False
-6.0573272041393285, -2.637101989021694, 2.8880786814307084, True
-2.8494533366651873, 5.181761900901712, 0.8184341516707518, True
3.4667294540939064, -0.899972081583809, -2.0068904303953765, False
-1.6524470136160065, -5.391226672297811, 2.925424233832489, True
-0.9048001886320876, -0.38099739909278174, 2.868781881129549, True
-4.153142181082162, 3.6705138865014177, -1.53291670289906, True
1.7393472102083631, 3.367575774848646, 1.0231759566791236, True
1.3135747046347959, 4.631212431677707, -1.581468820114251, True
3.037633711524647, 4.878096334923136, -0.6571964343149608, False
-4.504403107066586, 2.4861314265182575, 0.8709485171496674, True
2.6045017692864025, -1.0103085423382936, 0.23238279705054676, True
-4.632093412502301, 5.857522105047778, -1.3089903129441751, True
-0.8488510745270093, 5.509079193238216, 0.5127915888745371, False
2.391597234527328, -3.62192741742726, -0.5243441117502514, False
-3.4955453465318134, 2.4698868607132027, 2.084332457549425, False
5.22636537289746, 4.562882172480835, -0.23324571868561472, False
-2.7772054551901992, 4.917993883591276, -0.5148931704009447, False
-3.722522675337064, -2.4374999111366336, 0.7622724117884365, False
2.5951821706245255, 3.8044983737176157, -2.8392019128556663, False
4.847556896867809, 5.84139044395754, -3.0598982588661072, True
4.317075209074302, -0.5498347292992216, -2.917631670863223, True
-1.7122815648681966, -2.566971552188464, -0.3576427293636151, False
-5.656690529594401, -0.44503721655730555, 2.581268137838191, True
-1.381709042604304, 4.5108088929858745, 3.1206487367034166, True
-5.052468122367767, 2.528347998643536, 2.676561346330291, True
-4.904694155331556, 0.4259975572896133, -1.1628606151092538, True
2.4020137734173694, 3.2585569848163694, -2.5194064192420065, False
-0.4961495149524877, -2.169634457317219, 1.915063111501813, True
-2.559557534381935, -2.687810998157925, -1.86711251180173, False
3.8641030759104105, 5.046047269658436, -3.020106708703713, True
-1.5444725667719519, -5.900613993369383, 0.5620848238668192, False
3.46777809324365, -2.9274738344762175, 2.2742708729647783, False
2.1278810162814263, 6.0420683402729445, -2.3541920050152374, True
1.3453500861267704, -5.346184031098307, 1.833888533344247, True
-0.9032409376599864, 0.7250934290143478, 2.8149131603200805, False
-2.735839545897331, 2.427655749584865, -2.7796292339429884, False
2.6488012011607047, -0.18345239160259208, -2.8099681132285883, True
-2.796073345607951, 3.4238127450565337, 1.2335828425376913, False
-2.524361337365703, 3.8843450228050997, -0.38139035301959057, False
4.297918721000553, -3.4795355559846612, -2.51673225371337, False
1.4632433942127658, 1.080967002822371, -2.238973041487375, True
5.559664092439892, 1.2569904961875347, -0.1651206837906125, False
-0.8131168294172602, 3.1190569293498065, 2.277814410847383, True
0.47573932804729147, 5.877106215789965, -2.6511071892011913, True
-2.9296482305733362, 1.4494121269696745, -0.1184691017332935, False
-5.0288100709063634, -2.288098820704624, 1.1010958399926514, True
5.457064462372989, 2.888627092446395, -2.156816605035317, False
-3.1436733812123157, -4.464821450132516, -0.2947663918519825, False
1.6325319455332057, -2.856457952868033, 1.9812172235438936, True
1.7008895446073584, -4.436424772567166, -1.3626595153464702, True
-3.5953032682811394, -2.84301867099809, 2.1894524831476483, False
-5.477275095569899, -6.177945296945399, 2.062138324143577, True
-0.49964389779745044, 2.7137310838934017, 2.0206761421603083, False
-5.768088339600073, 2.828724948790237, 0.19155401600112265, True
-5.3244172156070775, 4.7827131213710565, 2.1373216733562757, True
1.7940210839100228, 2.649152687719736, -1.9330235881096418, True
-1.8129730449819697, -0.6175261437708768, -2.4545790507192926, False
-5.71080552783299, 2.699636313119546, 0.880401526969063, True
-1.762151822431389, -4.626670165047655, -2.6307981859209613, False
5.376770319546397, -5.109512790442609, -1.5119819326354234, False
-0.5414303767879405, -2.3280346444266735, 1.2160082491807724, True
4.4005396918212885, -2.4178777055110947, -0.6308008007316634, False
-2.6150998379753174, -5.658877705464887, -1.4917173571500395, False
0.2254932603690083, 1.651632861234316, -0.7297285871454013, False
6.1997616253764, 1.2656378170034683, 1.0674252189495128, False
5.529981637853476, 0.6080999194674108, -2.290772859530961, False
-5.504429269415988, -1.6660827671627692, -2.6496299659232294, True
-3.5280817620562486, -1.6604555629812028, 2.3211351112496033, True
6.251215694247293, -1.808015442962108, 1.792462461438066, True
2.1333439729572685, -4.514245929233514, -1.952145483893975, True
2.339008865648381, -3.339975271432414, 1.0329659394680242, False
-0.5574602047011412, -0.4473374363656779, -1.399536274324201, False
0.0417254299609926, 2.4738920337985224, -0.871263811873396, False
-5.616199339449986, 0.6834058767829454, 1.2393085053549466, True
-1.1585939311786344, 5.879635251086359, 1.3198155467893464, False
-1.6263306180798143, 5.571070500096127, 1.2477778792617915, False
3.4218264057301333, -0.8765211556808277, 1.5272797552382142, False
2.5373652026047218, 0.6529306598159099, -0.3282073176062572, False
3.3456315087270845, -0.3114853619175886, -2.686739624071, True
-5.899989212101924, -6.107725960867034, 0.30681865865541535, True
-6.202415096417336, 1.3130334283082128, -1.9213067109611397, False
0.8810553816524624, -5.973512415650415, 2.774460447043902, True
-4.9521251506836865, 1.8337611824323332, -1.3972011247617275, True
1.1803453704776432, -3.223128200624054, -0.6404104069631091, True
-5.50241530033395, 6.124581164714886, 1.7670246327193544, True
-6.2553317693073405, -4.267910044635586, -0.5424190617465321, False
-2.490727622832652, -2.456845942086198, 1.4926588526152038, False
-4.605518155751652, -2.8006544349239713, -3.0785107903847817, True
-5.155643294099869, 5.273189460022003, 0.8164319172412142, True
-2.882385834833633, -3.5590096865343446, -1.985561401373595, False
1.1273672171373388, -5.740191283236408, -2.5332629343637443, True
-3.18604554943338, 3.254116953294016, 0.4880189611899257, False
0.7422314339746912, 0.5797139672898641, -1.0144876873863549, True
3.1019721305515553, -4.753354699375823, -1.3749064313841322, False
5.32615473752292, -5.054601532401101, -2.8586559927606614, False
-0.8056561647663036, 0.002000173822490403, 0.7670427099374848, False
-1.4087339924058604, -0.2486671912779741, 0.8086377709576107, False
5.814791519740915, 3.464906876086694, 1.160451464958932, True
-0.5397547975255881, -1.1978591828290757, -1.4725026590022416, False
-0.969382862078823, -4.717947320018784, 1.7652119053656499, False
5.4085714367390345, -4.52869001292594, -1.1939101254874975, False
0.3380605355552744, 5.3235023793529646, -2.1195492320096943, True
5.8310137906013715, 2.4383192863181495, 1.452397183764286, False
-1.0350470977048767, 1.0175047274755444, -2.478600445017965, False
-1.1531642336931585, -4.3952160522579256, -1.0204895031641543, False
4.4307904338883475, 0.9305154575660701, -0.8477527592329235, False
1.1905254332903255, 5.888224417269621, -2.9788415753927486, True
-0.4715514187808658, -1.1849414620428078, -2.2548339448615864, True
-0.24276665325234603, -2.305088901505866, -0.8481170623452621, True
3.855434101718414, -4.013549645129359, -1.7904108240080334, False
2.039141911743309, 5.578792577488549, -2.786790933416911, True
-0.6215665768700722, -4.475084175891839, -0.21309808516536632, False
-2.897692707857878, -4.242199601087889, -2.3203188076596026, False
2.290812731516171, 4.948040795949005, -0.7402769195274774, True
-3.4005295783197673, 5.364265800284494, -0.7640006312509189, True
-1.5030282196326947, 0.5851061379166396, -2.503201681901074, False
1.14806663282815, -2.0158191560467413, 2.5806471041913213, True
5.056542295548576, 4.233894037338995, 2.4029460536581526, False
4.514184180845383, -2.0784849412073854, 2.828949560990318, False
-3.8008127187846097, 5.404883088321538, -1.4863744203247822, True
0.5944128732823168, 4.628051466611916, -0.9844505958827496, True
-1.4856783349779956, 3.326226345196609, 0.15847427764757738, False
-2.470607131431985, -4.669049325901498, 1.7795656332033873, False
4.0075606896282885, 5.271899585049626, 0.5894804310743975, True
1.0638018926862651, 0.5235204944481486, 1.9118669804846808, True
-3.6405855680777246, 3.2939741317415017, 2.3597588476544207, False
1.327955081900826, 2.6576348117710253, -2.8465782745373853, True
-1.581984704467633, -3.8227691060296243, -1.5146795371965363, False
1.7742607682711409, -2.176149296635044, 0.34714012006535677, True
-0.8311458161182381, 0.574590716457827, 2.608680923003841, False
3.922365449210579, -5.701070692057727, 0.6115992331708329, False
5.307778813829378, 1.1862944704425606, -1.0254613198147196, False
4.069191240063903, 1.1136576830695377, -2.225320007814649, False
-1.1547741212639249, 3.099042686293245, 3.039479798389751, True
-0.38097289614426977, 0.08750849952618012, 2.1389128440819176, False
-4.308741849246545, -2.0480281994853016, 2.888122861962712, True
6.163338023741762, 0.685508345078989, -2.2946498011976373, False
-3.4877416768705523, -0.8333600252601618, -0.9182339930044403, True
-4.531054799504817, -4.078340921134881, 0.4761050964775966, True
-2.594747318052142, -1.6657358424229125, 0.9749732125883215, False
-4.2637855460961225, -5.167949437891813, -1.8785970150716236, True
-4.798788955344591, -1.0172789613830835, 2.297708147656519, True
-5.583769888026191, 1.8297708306569795, -1.8073110869071534, True
0.7595511190443762, -1.998547937419083, -0.030416814874962395, True
-0.4864985300640141, -3.00038202258734, -2.955327683359602, True
0.6971740338489818, -0.531652035595318, 1.3435838198381962, True
-6.265704115899321, 4.632254564727631, -1.7627178035513673, True
-0.591448180273308, -1.2082398369385983, -1.6937319467066478, False
5.444867093079893, 4.65897577527698, 1.5250843077057157, False
5.399486250380013, -2.9511017947242015, -2.244305879318409, False
-4.247834395240687, 5.589255519119819, -1.8306904330753884, True
-0.22109478457089793, 2.260210982837547, -2.7435580081045687, False
-4.505159233232998, 2.4096633878946356, 1.3362734345406695, True
-5.769034561870687, -3.563545444108878, 1.4513480467615505, True
5.611647454052838, 3.5326832717855794, -2.1964365822377845, True
1.6322019956206058, -5.558843025478167, -0.20634282421063377, True
1.4969696915557025, 5.67722049547417, 0.8254891466735388, True
1.0839211673719191, 0.015927538239498773, 2.485271640883675, True
-0.7589579002139892, -1.6732600379725318, -1.2413484369552787, False
2.511873609460814, 6.105437282191776, 0.5448792241638207, True
3.482033683371112, -5.594269059772406, -0.7722751209535854, False
-3.4999411993915204, -0.1076466928216524, 1.8256253888046867, True
4.579993296503201, -0.42461442398134075, -2.4926166899803186, False
-0.13170327821101058, -3.2989949627629915, -2.403038921261571, False
-5.65243088390578, -5.072736313185786, -0.4179007272299575, True
-5.844983539482308, -2.1454271454288696, 2.262488644731273, True
-4.112659104919452, -0.7916889940235317, 0.5657565296343448, True
5.663666943379942, -5.782937343614434, 0.13238328499932983, False
-5.754206454046279, 1.9340561604175779, 3.0651162336357185, True
4.892428701310941, 3.3511504662413625, 0.9750079075645752, False
-1.1347003504454154, -1.3812108774804663, -1.1536671896738557, False
-2.206086540140115, -2.1818933079681875, -1.540038825406308, False
-0.598094948440492, 4.064093763751082, 1.9096401412371016, True
-4.413256010080183, 3.969049647967587, 1.1214492423782119, True
-2.717298362121235, 4.225036834472645, 0.58915766175177, False
2.192727034306685, 4.27756098305168, 0.2519493405969073, True
-0.012949539752347583, -3.7058023024404325, 0.03782434824306069, False
-0.1591811463906172, -0.8551617964245954, 0.07488967037986027, False
-5.66223498621309, 0.7075299784009754, -2.439811637849476, True
2.258251638928316, -0.1624604085054111, -1.0946411529509215, True
-3.6761055497863384, 2.9954814802729377, 2.342620457177704, False
-1.49135507071023, -2.1708413820342587, -0.09674499676945514, False
3.5835231536789998, -6.064621745452497, 3.0393073208768158, True
-3.2586859837579434, -6.263465013699478, -0.5965678031614572, False
6.124909911590359, -5.183195015863687, 1.3465472467405624, False
-0.05064942235577874, 5.697984092928513, 2.299708324237299, False
2.065809296442195, -3.672008145259091, 0.6056567311724947, True
-3.908930125124889, 1.70424456633505, 1.2996851905661249, False
-5.8328926581583485, -4.596694260216372, -1.3695995164647747, True
3.222175902106512, 1.6077534497646022, 3.0245921442226846, True
-1.9500065105445756, -5.0494619396059095, -2.2021944337612824, False
-4.105800615094585, 2.420838946868683, -1.0911889917253128, True
4.800265743190151, 0.19608960021481447, 2.23817372300768, False
6.094413199069345, -1.918712907695789, -0.8420913652489541, True
0.5971622599703252, 2.650104705356629, 2.0109013776544975, True
2.378247921935108, -0.04277785181849669, -1.8232660473864806, True
-5.027846722005297, 6.060954839403774, -2.4326484461397033, True
1.3205093945823698, -1.419011038621826, -1.1543392232647427, True
-1.1771560949719477, 4.90791815620304, 2.883036776576734, False
4.86549970642435, -3.1681619920332214, -1.821773563916848, False
2.98813172008232, 4.218815327207135, -0.355695691181094, False
5.058058119255874, -5.728063028988499, 2.7066174712982916, False
-2.4912209216576375, 0.8739543956234481, 2.284925747575403, False
2.004041068136697, -0.6938965886157797, 0.48566418011175516, True
4.844086967234727, -2.107827233353751, 0.7705205532081525, False
-1.803002625672483, -5.462433479794206, -0.7798944506316401, False
3.688897662628758, -5.591073951381468, 1.7307475763885494, False
-4.775876614444437, -1.439084514059478, -2.921125555857956, True
-0.17903798301672502, -3.4130601049539755, 1.6786516031916827, False
-4.758165329762486, -0.6946588004396377, -1.0879692918720765, True
1.2156893890007785, 4.480469182779654, -0.633646852175695, True
-3.76605427815701, 5.656680104640545, -3.057884179740448, True
-2.7500504706448745, -6.259270080771391, -2.489658412161835, True
-1.852177732421901, 2.276067466154677, 0.5098569136418893, False
-1.8568777525131752, -0.1586547516389567, -2.898646730363604, True
3.636592768736117, -5.999620057909954, -0.049524177756037346, False
-0.417060310496308, 0.4888574894237241, 2.834047063016002, False
-0.2596092487022874, -3.219098568465589, -2.1673760651001857, False
-5.64476548696608, 3.2075727324040884, 1.6001840293392666, True
1.6538932342832888, -1.503724976946046, -2.003439452194753, True
2.1567669068626163, -3.182306926106068, 2.416094936850709, True
-1.6627921635747764, -1.3162941625985836, 2.7594983867114227, False
-5.791283353951847, 4.683836050418785, 2.8206156386688015, True
2.3190869762440975, -5.061804913506211, -1.6007329828544128, False
-5.028270630884828, 4.258883618169547, 0.8116469309524939, True
0.6680886899522696, -5.578105049331315, -1.1028131780262154, True
-0.21895072761856937, 6.054780095785292, 0.1997935377476252, False
-2.236837972683717, -0.6342273139923948, 1.7595977433277836, False
-2.304323458053869, 5.351951388061233, -0.058901788988702464, True
-3.605189811501215, -1.1000405652069993, -0.045544731889612056, True
-1.8738652698733036, 1.9786484626430951, -2.647956361013799, False
-5.7417907882404355, 0.01928024762358227, 3.128671427910292, True
-0.6226511558038057, 0.01037455012194144, 0.675217142395685, False
-2.8002134842260484, 4.051575696454698, 2.4134289875678094, True
-1.277831657952242, 6.24116077562377, 1.2025603126573596, False
5.198832911464251, -2.76374028798276, -2.296674741295789, False
-3.477737088751212, -2.038437410837184, 2.6162805738378676, True
4.155406320906696, -0.9672075872687094, -1.5175188330367957, False
4.651885347536423, -0.40488493999151043, -0.9119830439881231, False
-4.6231061456542655, 4.290010440026313, 1.8503551216298701, True
-4.466931534072325, 5.911672263724567, 1.5324121779658793, True
-2.7317656784949915, 2.9824915035262016, -1.531855716852624, False
-2.139291163636285, 5.0493719100452115, -0.5537194854112788, False
-5.369207783105803, 5.8310654621580795, -0.0013549768764846704, True
5.808411154277621, 2.404785921533632, 2.6829578669206304, True
0.9842890618093385, -6.016671639857536, -1.1241977673248154, True
-1.38355110765377, 2.528060493199188, -2.114296529326142, False
3.8746448952790633, -4.637854048507442, -0.5883919043521231, False
0.1363373135383199, 3.134641683440014, -2.5887124829970163, True
-4.219070581250491, -3.5035880515018136, 1.3661282137909643, True
-4.842492854618624, -5.356700303389885, -2.5461902967868952, True
4.089884098796496, 0.24295211897378355, -1.737692792216943, False
-4.039992550174997, -1.8255065356142666, 1.4214020943932102, True
4.1850588784139315, 4.424015457150739, 1.764567989842499, False
-2.0648858219400514, 3.201948320898733, -2.1896594216370837, False
-0.41811905063634036, 1.8444428791642817, -0.9909214429488689, False
-4.707648847483117, 2.0586177060105975, 1.0982777930350647, True
1.0278333929144452, 3.842365209352222, -1.0522557678837523, True
1.2029667441776768, -2.5662616071535327, 2.865524337222922, True
-3.729206386585793, 0.4311985544904857, 1.584317286067602, False
-4.273954674866594, 5.679173670592128, 1.4592937236100472, True
2.005017862458992, -4.367132218669237, -1.867935713954005, True
-2.8264578126203608, -1.5759708053176507, 1.051424422516427, True
-0.24146875628041897, 6.030612878522081, -0.9387673319994669, False
-5.0687485553312275, -3.6798034240908493, -1.7623323344915323, True
-2.8969177056838156, 2.17931164854957, -1.2667561052685306, False
3.267179421045846, 3.474476138437245, -0.6449882903231483, False
0.6077559033621807, 5.745046746484588, -0.6632829516637249, True
4.074124951246546, 5.161592894291614, -0.3074821515628474, False
3.9091005270461725, 3.1832345475776815, 2.894714670058483, True
-3.48988425464106, 1.1134933173608195, -2.149321242418344, False
-0.7657878708837469, 0.28477508669127793, 2.960587946882052, True
0.5313614491661927, 4.704295820539995, -2.5495066715873995, True
-0.4066287050410251, 0.8435288641828373, -0.9891401043971579, False
-4.276011359011088, 0.7487184835626151, 0.1273066237833178, True
0.18011152162655986, -3.029852029093856, 1.0809701140083368, True
-3.286465007663508, 6.250493491349879, 1.865946303962554, False
5.6724637066554084, -0.47213406196660923, 2.5993500903481603, False
2.4399444677325857, -6.038644653368736, 2.855032591556977, False
-3.3647972082937136, -0.47130773419932037, 3.0614080499636627, True
-6.0218846249299665, 4.207570979595422, -1.0369914384662717, True
1.0787252847391882, -2.7724037942685915, 0.10574515843584731, True
-4.510828793872992, 2.3924889492588353, -0.9429761973120399, True
3.774276076183586, -1.3022575852910308, -2.5382057810760967, False
3.194124248548997, 2.8610934109851947, 1.1480504532675955, False
0.8073166614305745, -1.6810187682967914, 2.3349447871260116, True
-3.935779380652899, 3.1018874062067514, 3.1279445497419127, True
5.295901589993198, 6.041614865881714, 1.4185316085628834, False
5.433343916984361, 2.4137385157989506, -0.7344682297521254, False
0.42242056932717986, -6.1801053967699096, -2.836746827918737, True
2.8528078313682865, -5.564819117361847, 1.7912564086349922, False
1.6661914436920044, -0.09555464654165036, -2.646881923227306, True
4.653348360679631, 3.7138796873972293, 3.1250461369954188, True
0.1616271004319838, 5.427247039800546, -0.19544238739884356, False
-5.821659877595328, -3.167141161013921, -0.7782333548522482, True
3.3969363470054166, 1.7620815537641938, 1.256805758714652, False
2.5724244924983353, -0.8165885697134421, -0.7058445240910691, True
-0.8080716718656671, -2.5329151184665695, -1.6953288377888482, True
-4.145424914708688, -2.4385173678460594, 1.1640458106350549, True
-5.006176800476282, 1.3895214108555747, 3.080001967974927, True
5.495995333949798, 5.161586041512573, 0.5736010653333441, False
-0.014400002734839212, -4.040906052246055, 0.22088518730112527, False
1.7817339600199062, -5.989031591968064, -2.2278231212641133, True
-5.686873092539751, 6.1003008073960885, 2.787567278043018, True
-5.87887350582699, -3.616908405596219, 1.954358368798082, True
0.18445055601709548, 1.2505756689808818, -2.6699211085363492, False
-3.8812909343755035, -3.2252199851548853, 1.3660908025654228, False
-5.659531838284191, -5.087405372396139, -2.711001100086861, True
-5.1773792181460765, -5.309175792836478, 1.0354313362605305, True
-2.051355960929958, -4.019972492716128, 2.972122138151871, True
0.22105819872375143, 4.33780394545415, -1.292495034408676, True
-4.042113392198345, 2.5484534546813897, 1.2983717449365386, True
3.6426985979830384, -4.25299755441895, 1.0971462034857407, False
2.3729386475646486, 1.7751945939851925, 2.944912864887443, True
-5.303134063767668, -2.765900476519256, -2.024873148712633, True
-4.03041616827977, 4.471449493842661, 2.913368271197598, True
-1.272638031370545, -2.6539999962618683, -1.1131249709284003, False
-5.951169813591807, 2.2630194070691054, 1.120948912142194, False
-4.673445010283183, 1.4599040579451819, -0.35165667203540263, True
5.106555100271063, 5.551417610401437, -0.10388144081647255, False
-5.177210156920223, -5.432903196492028, -0.49387688196489954, True
0.07811379910069416, -1.4227456495192747, -2.415476069818257, True
3.71477166486007, 4.689954418373572, -0.9035015479107984, False
-5.87433288538209, 0.24891101340653154, 2.798296113842275, True
-0.2842973476633013, -1.1095193148516929, -0.41452633877160583, False
0.22012175690634805, 3.7204993505552757, 0.5441373186496414, True
-5.457032299879824, -1.2452864973265703, 2.592146660391161, True
2.2244705880537197, 0.5636240185437131, -1.8528703981095977, True
3.170547493230229, -2.3851917661086928, 0.41330203021685996, False
-2.2898828614548776, -1.5154096703923594, -2.6713822338909874, False
5.446496743468053, -1.4662537256264105, -2.6486336853610606, True
5.460587721796919, -0.7702596418376109, -1.7677199122131042, False
0.9084053270907928, 4.799424134195796, 0.05912359512070431, True
2.0457161751682893, 3.495012353972305, -1.7886751819280962, True
-3.903513482189154, 5.763366405373054, -1.675602802886038, True
1.0684606584934695, -4.113520893681966, -1.472399765445184, True
5.454849806560668, 5.2014541742922695, 1.705242389190242, False
-4.490935447573404, 0.40137190306916715, -1.0295065849733427, True
0.08337755057554386, 3.6506888739270273, -2.8798170060634702, True
-3.746642346405433, 2.8912560741482825, 2.899535301991481, True
-3.0287767861696584, 2.2600423521496005, -2.369718364864678, False
6.072985172876644, -1.46457824294742, -2.77233041624472, True
-1.445110165413709, 3.1643748212768283, -2.013064446908043, False
4.98521184616278, 0.5140477146046605, 0.558981646879023, False
6.271961598613315, -6.0989175708902374, 2.8944073284998515, True
-3.180280017202066, 3.9323902973285776, 2.732983923121293, True
-4.654036650033627, 5.503832506313913, -0.4735256173921263, True
0.48997210925261925, -5.816924524797004, -2.3952934048309213, True
-6.170747625296472, 0.009712126382403596, 0.25829853830128213, False
-5.395206928456433, 1.7219316683386392, 2.072676113471629, True
1.9934125046979805, -1.6857713480616505, 1.188795240189072, True
-1.620228574194174, 3.097797650814339, -2.372511706798866, False
1.997550157655688, -0.9362395878459324, -2.110954773940514, True
-1.2547553269621083, 5.694604364978277, 1.909376324101233, False
-2.3400718452757023, -1.7516156621057615, 2.70079557323019, True
5.977977597405159, -3.708690348427323, 1.167552964070909, False
5.419123869162476, 5.280724959061047, 2.4495308834867817, False
4.546008194433005, 4.3048708130194235, -2.337082381572127, False
-1.9933150289463892, -0.09003899257786774, -0.5567054611453632, False
5.499533410809409, 5.955599367680511, 0.2623618070099525, False
5.938333459225648, -3.1743161627387315, -0.16248584988091608, False
-1.737392492815955, 3.1731432946089804, 1.655441145524481, False
-2.3227551116882923, -1.2301464475052635, -1.9078103480911148, False
2.938783848981471, 1.6591295272806992, -3.0571040677081296, True
-3.724979507966527, 1.2881195313269185, -2.723599045129338, False
1.8459389784198432, -1.590460026634295, -3.0868579376012577, True
-4.352334016376928, 1.2446693337994805, 0.7629819400037365, True
5.453701175867311, 2.468309974363528, -0.17169721395189574, False
3.125764182429929, 2.39173020973875, 2.641944718633221, False
-2.2089568070818704, 3.817962489940678, 0.5640466908533472, False
-3.1001027249086883, -0.915804882761047, -3.0432211813303325, True
1.186556558577661, 4.75451169287437, 3.094953837190607, True
5.189811343642901, 0.8590737922997738, 0.5385428116233126, False
2.4530635714685562, 1.3648135833389725, -0.9646651101543671, False
1.9018491548376986, -5.594413499542756, 0.0684424795487053, True
2.63081602655544, -1.8793917368861779, -1.0756658437853672, False
-2.554588446604856, 3.1866460125078007, -1.7233973587800457, False
0.5053757061990183, -2.953411730465631, -2.8548646086877385, True
-4.192291369826055, 3.779999215445484, -0.514087373029958, True
-3.159261567059299, -3.0757493808601106, -0.2151023776787815, False
-1.8503243544505787, -6.125080443822904, 2.9609837732883113, True
5.8537937880519415, -5.9878155048926445, 2.5138159082095175, False
-4.109244175898901, -4.636668850288278, -0.7344689900866359, True
5.516878785039312, 3.5748293657326116, 0.20026506492244245, True
0.7773401051683235, 3.621740546899451, 0.807379779092313, True
5.7728748166609964, 0.10432440584908864, 2.2260572569573736, False
3.913331099732387, -5.518076757384733, 0.5998802799182772, False
-2.6662662817092464, 0.9291170918171314, 2.737110592381967, False
-1.771360951916276, -1.519022714413114, 1.0574892827038163, False
1.1821445383377842, -5.267825283163064, -1.9544077229972288, True
-0.8794207861772385, -0.23229015188134472, 2.495080293451892, False
3.000430264593092, 5.239290325193883, 1.5332744406472214, False
1.9888430218736346, 5.018892624957861, -1.5064422882200885, True
-0.4693560383933768, 5.451495980372897, 1.838725154875184, False
