-5.22050178779735, -2.319049687271785, -2.4528659864736095, False
-3.5697055581140784, 3.992870712505873, 1.4774088941257464, False
-4.224009465724417, 6.004943461445622, -0.2315642961620057, False
1.4128331645484167, -2.7310257642565436, -1.1133477525311513, False
-3.8453747753935454, 3.1258275577889947, 1.545412706751498, False
-1.3618640659739665, -0.9816478633163186, 1.210887681915728, False
-5.2855528092522, 3.92201261383366, -2.1259597617455683, False
2.6106538621284123, 0.9460931623742637, 1.3448106680748824, False
1.830917315618347, 1.2913016934510058, -0.31913572187283634, False
-2.193962933800318, 2.3971592954365573, -2.9874868771081933, True
4.864672018611577, 0.23609605535773692, 1.5668965263891712, False
-0.3442972763799528, -1.130682465583961, -2.5220419297458863, False
-4.891926716574426, -1.7591658754370885, -0.20555632376646304, False
-5.155779927162589, 3.3695270169599567, 0.5898003126294529, False
-5.2061269360517635, 6.233955030108907, 2.4246400900253127, False
1.0905776792357642, 5.128865719541809, 1.209989837524457, False
-4.056666531956791, -5.143300465765393, 0.4578442147579085, False
3.2872232934932324, 5.231405901552623, 2.7286362594279048, False
5.260814539210745, 6.086035975000755, -1.3333880431018674, False
3.887664579389405, -2.4388074356174205, -0.9974745271030065, True
5.421260955645346, 5.658086854558226, -2.597636905822039, False
0.30692961252356543, -1.1118042491397118, 0.8411216578636451, True
0.9751170297818454, -6.046820414957539, -1.9580807723392226, False
6.118151305203128, -3.350699457973601, -0.42230282684593723, False
-2.500298919035233, 5.949663518873951, 1.937681303550228, False
-2.9604838147180135, -3.078767133248847, -1.2303414892620947, False
0.3973419467987531, -4.195465561793602, -1.4179772866745088, False
-0.13790705370702572, 0.28437821462483637, 0.05967372412718275, False
5.130482333046267, -0.263072337722031, -1.4064549305911112, False
-2.228124170718612, -3.17797670346417, -1.3646063230078798, False
1.370810402954337, -1.8355443310602935, -1.7072559083833476, False
-1.6459751873228, -1.098730823549321, 0.5760723687566158, False
-2.6995923234733246, -0.39262323056014026, -0.04465934334765631, False
5.65983599314462, -0.5237004023529837, -2.4756559796600612, False
-4.499213867287833, -5.305442010582555, 1.5943686422769643, False
0.7621200176818199, -0.48571117539492814, 0.4846112238231206, False
4.52991170907076, -0.3368115729814658, -1.4402895892482965, False
1.0432936028977116, -1.485441798568396, 2.1946024711015912, False
5.860423976059186, -1.1474805069583933, -0.7628307279867945, False
-3.9154346500925694, -5.463605465801955, -0.14605122926115666, False
3.440908700691528, 5.510308894023979, -2.0003155913251103, False
-5.173652666252018, -0.6254717516322978, 1.3242227177386212, False
-2.886510988459236, -6.2197907233324665, 2.6542792600573986, False
-2.133872496229019, -0.2754159758922601, -2.4186984550441375, False
-1.1092014681771465, -1.0578688724179575, 2.5820871795387115, False
-2.425597494094353, 2.6852978303013586, -1.0734505160011505, False
3.9253780752094194, 3.1521588242059053, -0.48813527739142737, False
1.006586569972166, 2.064071021068706, 2.5603534021831598, False
4.043501982308342, -2.7617480003915933, 2.7422033631297316, False
-2.4470214735329483, -6.02758015159961, 2.7170347002584876, False
4.0289290515717635, -5.367419882287509, -1.1752822164195524, False
-3.8261741133576828, 4.069142739046946, -2.266371140755762, False
1.3266345275957496, -3.6831562433166076, -3.036000761932932, True
-0.5276809700759282, 2.4146706210058593, -1.0283505552191539, False
-0.07919548811614519, -2.2281567107855382, -0.7670084366815395, False
2.1490134193375887, -0.8574199424328972, 1.6928993193123976, False
-2.0420462114360696, 4.271779211491872, 0.46708059592814744, False
-3.968451150658056, 0.39037256940343124, -0.8225458574608968, False
1.0030092168605211, 1.310572755204853, 1.376851610345815, False
6.147021115820584, -3.091969111822248, 1.7973694981620296, False
3.387085927877404, 0.09295223911732364, 0.4407516036227497, False
2.319667036786381, 1.7006381849411873, 2.5533625847336765, False
4.666109520587584, 0.8732477710031326, -2.923880322930145, True
5.685843952141262, 1.0016983078913766, -2.092196916712447, False
-4.877896477577525, -2.7932561412767622, -1.547936773872529, False
5.765774863360718, 4.6623871686109855, -2.7103224436347384, False
-1.8963714385632295, -1.2634554957466841, 3.012976265066561, True
-2.851382669429539, 3.548485573682319, -3.011357018650977, True
-4.334149554015836, -4.399321500208846, -0.5159638482166846, False
5.153118901417718, 2.2292217199119087, 1.3563255200265019, False
2.147026432570481, -1.754131788427645, -0.11441278914013031, False
-4.835273157129036, -3.144807087073949, 2.514256332163739, False
-0.5556569800934836, -0.5822334326341227, 2.569789531016329, False
3.2707875814975527, -3.204185594043181, -1.969645834215989, False
5.424644733251798, -2.8935623434645295, -1.0577073727893689, False
0.8652908274561346, -2.2126211848096355, 1.5779744691467492, False
-4.857309978823403, -0.9836500156985943, 1.3826599622837126, False
6.00724340460396, 5.980235200020353, 0.07765859545172438, False
4.925614415963578, -3.9022977826177954, -2.627041070775031, False
4.111024512240977, -3.5956525125547416, -1.3447441849707114, False
5.977001799812294, -0.5832766170246684, 0.8573175446810986, False
-6.239611386377116, -3.0586268387009796, 1.6308468995933865, False
3.5583035482021543, 2.603959689390164, -0.25237998875375034, False
1.9209164102544705, -1.2633451830638371, -2.8608242179065235, True
-5.663904428850085, -0.8096566835767174, -0.3098973326610972, False
3.6160570702465655, -1.9728736849221011, 2.388649860265174, False
4.476408052514403, -5.314856814588525, -0.9460271517748904, False
-2.8900055211311177, -2.4305233712989573, -1.7286687933898826, True
1.6665723421996503, -3.075533715080532, 0.9475847198398819, False
4.992954741523061, 3.2943038920477985, 1.6633147160397463, False
1.9489348160608948, 0.2328945684844328, 2.6726119656643785, False
1.4197149566193783, 5.341632922866404, -0.9535000592998961, False
4.21772756068866, 3.547136768474809, -0.7433894282317066, False
-4.644665850723497, -5.214112100986034, -2.7405685388541747, False
1.7636166238644275, -4.361061155103841, 1.9972723246456034, False
3.7858463345589968, 2.097647939751157, -2.3827514114430914, False
6.0808916714361665, 0.482217292118742, 1.8819432356211996, False
-4.995493236448922, -2.6722409378855514, -0.03690362651984902, False
5.248860574152575, -2.7266483746768286, -0.6508320872456395, False
-4.829558789203597, 5.468684344720742, -2.1171275599926886, False
-1.3088438413859675, 5.3586502411088865, -1.0224630436777935, False
-5.200870962791225, 4.3889098193351295, 3.1262559577914155, True
0.6106270797452336, -2.884145065523335, -2.7047677238227994, False
2.639258587443596, -5.176630599308046, -0.18607017515203195, False
4.160355640366577, -0.01571577948257552, 1.1438149750735214, False
5.405403786830771, 3.5444681264196856, -2.982436152990171, True
2.7927002317785075, 5.689022637243147, -0.5253033263297375, False
-2.659657141953896, -4.7517535041660075, 1.4227396014559908, False
1.1047809284725236, -1.8721986327748512, 1.6201865257442813, False
5.090939677127409, -0.09245072113118624, 1.6605648345254078, False
-3.9446334658992117, 3.7769124067246693, -1.0515804157877398, False
5.4144492217580655, -0.49666563128538677, -1.8878622228424675, False
-5.964064884332972, 0.9892394245761169, 1.251739552539676, False
2.8597223889580974, -4.07827281762329, 0.3047999464586928, False
-4.181219305304882, 4.056817686439256, 1.0740980654679966, False
2.738106733214897, 5.332914664280425, 2.7059760744637558, False
1.7021353344247334, -6.081035216263283, 1.0645394320710198, False
-3.116080332203549, -4.191376583072273, 1.0646369914591292, False
-4.017148803992934, 1.2946421709408362, -0.664891117171039, False
-4.7700295441613205, -3.585498020440198, -2.78766771367457, False
5.874487840994616, 3.7208227202492132, 0.043644800110418824, False
5.231540963093424, 0.4039353778315862, 2.858004336057685, False
-4.327877791327913, -4.74686365987699, 2.875280120795944, True
6.0740962223043855, -2.2232081128074634, -0.23108670661062192, False
2.969798460723311, 3.1545192163443634, 2.5572479161860144, False
-4.3982526913504145, -1.5410163803429535, 0.04659902490979517, False
5.692029661939072, -0.905591105233964, -1.9036376696654178, False
5.786416774321472, 0.9184564596238749, 2.2569703648350448, False
-0.3934597425286954, 1.8711183424210347, 0.30219236937561567, False
-1.1893760938111662, -2.7307115665552457, -2.6364606156899666, False
0.9659988345231536, 3.0144296193616995, 1.7384961457045582, False
-3.5162035508182194, -1.7020566936707358, 1.744952829313136, False
-0.07907677838568716, 0.9997303973251279, 2.441018672161018, False
6.000577219045683, 3.5175219804063786, -0.3424610086035478, False
6.026298893905617, 0.04458775482471111, -1.2334578793276252, False
-2.9424554277084893, -5.602065865068906, 2.1449239249572543, False
-3.5232744407329766, -4.462315780501765, -2.4212767926452177, False
-4.3837571146135295, -4.6241158520040475, -1.0855838279939851, False
2.1166694325542927, 5.094602961787624, 1.745369227708288, False
-2.515812697751586, 3.1281556321696335, 2.4123918859745297, False
-3.645296910962239, 2.9260986653527823, -1.2647142275131023, False
5.46597879826834, -4.472414410539793, 2.4969769713556618, False
-1.5441343510209453, -4.437939761795327, 2.2252587133408497, False
3.950745645947416, 5.175834479094256, 0.21951379134051274, False
-0.9464879109014168, -2.094835813721792, 1.726947328477154, False
-0.9671872773850794, 0.5382638068654746, -2.7396208762174394, False
-4.459543266971872, -0.8252195943548415, -2.794213310291064, False
5.986409398272727, 2.053158181422763, 2.6055921598368803, False
2.2709462311683524, -1.7352528710988722, -2.1157737765360265, False
1.3764043785705624, -5.194959265129953, -2.195562767186896, False
5.674166274286154, -5.760287201368706, 2.6235769383170755, False
2.3828579451494534, 4.524396441027404, -2.1733327455338785, False
4.856972154281571, -3.840129494254679, -0.8562397864136408, False
1.3963173345011661, -4.870021464388033, -1.2824764286975265, False
-1.5258413944172942, 5.480071158923078, 1.6344463939389335, False
5.4471284861098805, -1.5789393247305146, -0.32878345636030604, False
-3.6523152077345324, -1.8056217979631928, -2.647186756900904, False
2.1873591535725136, -5.618955691687096, -0.5639445301288775, False
4.909992651533047, 5.5237287410345655, -1.798504542157883, False
2.4596769603642237, -3.883765448892474, -2.657658266591029, False
5.657880618282714, -5.124164558694817, -1.4174879005578647, False
-4.495040769952551, 5.04536194806929, 1.338233837301181, False
-1.3932164353781893, -3.9477810526127133, 1.250455699888395, False
-0.07829348932189184, 3.8018110116351256, 2.1024226535646635, False
4.065097003250056, 2.8452538380217067, 0.38994915049508894, False
-4.954724203638567, 4.040923432634996, -2.9674495292719705, True
-0.5310027869161953, 0.3735361876749419, -0.4379992532957684, False
-2.370590495907828, 4.355788092480129, -1.9292495476495606, False
5.682764692106664, 4.459687457229986, -0.36236917886907394, False
-5.453180575515508, 5.112607123880869, 2.8442257768012116, False
2.4372471927778037, -1.3279116050699056, -2.8795860867993293, True
-4.003554731272228, 3.155512034006815, -0.3072218642638891, False
3.547591593410454, -2.615233326958073, 0.5967272624849111, True
3.60656976435655, 2.0955935943593094, -1.0989279718175253, False
4.561091608128153, 2.4816321484070585, -0.4977205422597395, False
5.096762832750546, -0.27955286902269716, 0.3704526898959877, False
0.21865708867953604, 5.771114734690366, 0.2554322353652778, True
6.240466768225696, -4.6678959729477665, 0.2554084430784287, False
-3.204491439167222, 0.18119983459878242, 3.1300094167764545, True
2.773933554639216, 5.461945338708183, -1.1954725582189625, False
1.0173638944716865, -4.603354978622966, -1.0555698923315835, False
-0.0678198884979393, -2.456662377016681, -2.983738407975943, True
2.610744369174821, 0.48167978134050493, -2.957656648003553, True
-1.2762703977649235, -5.60443129268595, 2.8843196684084296, False
-1.3101929379536914, -2.0085802063321214, -2.376619144069549, False
-0.6326820959744959, -0.4842681461108507, -0.24438840529543127, False
0.5462667322565578, -3.714258664578922, -0.2800700341111626, False
-1.9049349550863202, 2.7121802969604563, -1.4700839100430974, False
6.013121997522752, -3.7940799832526153, 2.7415792410682043, False
-1.1400991973365269, 2.2324915694558616, 3.0604200512076254, True
4.758283070513478, -6.05563774703849, -2.26005733206948, False
-4.037400452868436, -1.5996490848863711, 0.5111358254597045, False
-3.776505067933496, 2.628136846617899, -0.10713069913638895, False
-3.63325545972176, -2.9012947267705576, 0.07421758366322795, False
-0.22493007619277083, 3.315672682304193, -0.3832649457573263, False
-0.6951046108478067, -1.9706174807215495, -0.8535915559828249, False
5.59933666894819, -5.89478058958114, 0.24612082406231162, False
-5.161120474662848, -3.8297637798590096, 0.5112645004491805, False
-1.7307408092707322, 6.140778507467722, -0.9234722005463687, False
-3.3147179573791683, -2.590122635420967, -1.581552971742558, False
0.8947389326025235, 0.9013286117485952, -0.09928401442521873, False
1.6349807889596146, 2.558598350650021, -2.27570294107371, False
-3.0439067216041806, -5.321725200469267, 0.6438047513767735, False
3.1618355612823628, -5.65081046097682, 2.384089728149248, False
-1.6980539769426048, -5.880168596249313, 1.8006245246776391, False
3.735161512912331, 4.041557278886684, -1.603053409116762, False
4.537650455989921, 3.186075255897009, 1.6865660824603763, False
4.627924398041586, 1.237261644960311, -2.3923763541262835, False
-5.527112532882232, -4.999099665592207, -2.8065115103764624, False
4.557790994276793, -4.139177572776006, -0.16324772740895854, False
0.2687812764371751, -2.081909941542553, 0.03383501173578196, False
0.04645436163665373, 0.6620204183734018, 2.265545808196239, False
2.530620707865044, -3.137044364613974, -2.966280857007519, True
-3.9443173737273676, -0.7808540514316062, -2.978676257483456, True
-0.909315542405496, -4.002503300702663, 1.8082034670594878, False
1.305122108853249, -4.480873947037322, 0.7139542823588125, False
-3.418986649335656, -3.775506849288324, 2.629053464300494, False
-4.807795973647043, -2.198230328410159, 0.9802358539302221, False
3.256733609865753, 1.5374834762423584, -2.5233894381144966, False
-1.5927495106720864, -2.2392349273312595, -2.720437100496031, False
1.285255407050129, 4.50909268413468, 0.962517618177948, False
-4.822986729306569, -5.1215235839953595, 2.7480840540629687, False
3.256208846242302, -4.015883070580089, -1.8459021148414005, False
5.173880702025755, 0.4601419530999795, 2.3339519828203183, False
1.429690568821382, -5.99730733221713, 0.9746688469851863, False
-0.9725964067962787, -1.3641674229535, -2.0256274518171153, False
5.861008616604336, 3.561132645930023, 0.269499410324042, False
-1.8870097432585302, 2.8122815349851447, 0.3065700065431445, False
3.484753243131287, -3.976771192385264, -0.9610057146967441, False
4.1125361021175895, 0.03992132863325182, 0.7074809890912248, False
2.421432552411435, 5.626875910760708, -1.5945799890949477, False
2.2288732753883647, 1.781776024515656, -1.8816476984295887, False
-4.749162589896711, -3.5585653803597803, 1.773837672035289, False
-1.961399444910576, -4.58477620278711, 2.933868937414707, True
0.41382572358627545, -3.963709025659548, -2.1301536621713186, False
-5.955750581500812, 5.952925731019089, 1.5434132407530026, False
1.8613307030122677, 3.7087724618037416, 1.1623371439342014, False
3.317630690866512, -6.232118791455941, -0.7945012022586568, False
-3.0059579673677783, 1.9205604616933467, -2.910129105538134, True
-4.8031466453211635, 6.145783639545492, 0.6110723931711846, False
-4.225447367230638, 1.0705758503725447, -1.4244931862691352, False
1.6697024491160803, 5.27127412799568, -0.2855354023490597, False
-3.6774488168462094, -0.724087770413357, -2.154834572576103, False
1.191561879498205, 1.8738460408013697, -2.7361139934014944, False
0.6713210019374918, 1.2956712447508156, 2.6748234700892466, False
-2.8591931412389697, -2.363273523886588, -0.7149257958672255, True
-5.8956487762031795, -3.085972803405652, 0.21589250307768415, False
2.4427306353885783, 3.387805703736367, -0.8434948153276025, False
4.8646822034111725, -3.6168298197499094, -3.0668096996370577, True
2.4153773621085577, 0.29638895558159106, -1.3400482296024243, False
1.7690634858204461, 2.583013798083252, -2.066848295977553, False
4.648608024181954, 6.103946733935505, 1.05121430189039, False
4.1504678414777825, -1.22445252826056, 1.2169910169011438, False
-1.469002604926648, 2.9641591579035325, 2.5575938235364344, False
-3.0142112743423124, 3.516123907974789, 1.01912686631879, True
2.0478031667598984, -1.8304097095190075, 2.3890375433680893, False
5.150708562476703, -0.36895652182596983, 1.3605574534315767, False
2.6398159561411525, -5.883909777795254, 1.8958268687086548, False
-6.092106546288117, 1.2232857420709102, 2.524627145997533, False
-0.1107679778493118, -0.8318283008462446, -0.004147205791242836, True
-0.44093405048520484, 4.108342387153906, -1.654475250186856, False
6.057295030050842, -3.795584608989488, 2.4796657220888854, False
5.79651949347865, 5.177285905835095, -3.13384271487711, True
4.268543191726911, -6.0953508210134055, -1.5084585925453506, False
0.9621498596242066, -3.8838174792084748, -1.4931106063256843, False
-0.3258562085023087, -6.092567374568025, 1.0784780112542043, False
4.959167704111174, 3.3614068637605445, 1.7314718929781625, False
5.0124002980165585, 4.789102029694593, 0.9404935852896186, False
-2.182580388825513, 5.106319449919399, -2.555514663979286, False
-5.5949204155533225, -2.650563750155373, -1.2354773953482743, True
-4.278001411995225, 1.3988827968586488, 1.3137974024402084, False
4.035934358852579, -5.136707393832816, -0.24042718499305815, False
2.9669111690617562, 0.4620058404040934, 2.774929060727726, False
-0.8747419749330119, -1.3701645723428575, -0.1362341701653329, False
2.34438044900015, 2.860953418586927, 0.1663791806235988, False
-5.442492978532012, 1.3822441889751138, -1.1497230290083245, False
-2.6782662350712254, -2.8183193287326174, -1.0708544079262556, False
5.880464552482529, -3.1125981812838552, -1.2161449611146338, False
-4.776900922359873, 0.7676749143409687, 0.43903535737084587, False
-3.3286940304198556, -2.092983682381843, -0.9863910155520976, False
1.9242505472212716, 5.0161194308815045, 2.266112970033239, False
0.5616863781760548, 1.3300211319871602, 1.4388990401980548, False
-3.9913789141901175, -0.45630064872584253, 2.9611962683344197, True
-4.544271593942333, 6.241915486397216, 2.341669162851116, False
-1.9973057592299828, -2.084593880552543, -0.17351071483187663, False
0.1864279667935982, -2.5550292387384874, -0.2843370556472773, False
-3.734987944514165, 6.17774640233127, -1.3030377544557272, False
5.9835741811921945, -2.193163327853463, -1.9119605017507306, False
0.8592220236268808, 3.6397308487719755, 2.5083960097644153, False
-3.9988347195998157, -5.157371251753949, 2.145586452845939, False
-4.317600461909621, 3.9279602436865364, 1.2817483168378514, False
3.606342799675623, -4.324618991308814, 1.504985060784489, False
-3.8217148353332715, 5.747764504105676, 2.4049330058182035, False
5.88183536045846, -1.9171042860149, 2.1593317465619695, False
4.434231873314404, 5.482519053556196, -2.103387838246357, False
-3.821117438695494, -6.0685179077060445, -0.9767242037811794, False
5.09544866707456, -3.4426535148536903, 0.8743543572107431, False
1.1881937983406665, 2.269297023580286, -1.715340318070075, False
-5.465518452018526, 2.2855280977261003, 0.994264420106278, False
4.318800160071794, 2.9803207186199128, 1.0403121957988626, False
-0.02313183103363503, 4.976700163620274, 2.924210263552512, True
1.9262760504735734, 1.4580283119514021, -2.2431039962050465, False
-6.012433397070321, 2.7202107821275785, 2.7135844714050696, False
-0.8840018480088414, 5.423131072886827, 1.3599339225025613, False
-2.6264408389451463, 1.6531036715018166, 2.281539506435677, False
4.066548688531464, 4.559424855053953, -1.7133701393975553, False
-1.8052465958358912, -4.537558341377847, -1.5648857533175125, False
-1.3268067828676395, -2.4926702319781113, 0.14262289533700434, False
-4.68853085300886, 3.0270813986555005, 2.6050182587184123, False
0.06040530315234438, 4.814657847398216, -2.883484935813775, True
-4.317834809236048, 3.562739738125412, -2.4590787972069936, False
0.02819023475889537, 3.7298046515322145, -2.6433291564604082, False
-5.0815305946366935, 5.222202369847439, 0.7257199625666853, False
4.166852219464978, 4.1166751925200415, 1.8878932342253991, False
-5.436915694869994, -5.596057901628766, 3.1151118075325055, True
-1.6702745871619094, -0.3639485024861635, 2.0886959137275767, False
2.675419802514172, -3.829633464537221, -0.1677321170352588, False
-4.915707605102028, -6.007877816457364, -1.6814060791454406, False
5.3763166200549115, 6.172322244705404, 1.4438729179619232, False
4.029148290377437, 1.8442426363802706, 0.09782010465735036, False
-0.726285250078293, -2.26016310066065, 0.030351927056124328, False
-4.518771151622257, -1.4810411073032652, 1.4700506681753973, False
0.9027921782682506, -5.756463781240553, 1.7047285376825272, False
3.8109388518961076, -0.29143974274894635, 0.23252899028559604, True
1.5667959442033492, 3.779744415516099, 2.2161160075787043, False
2.2705090904402727, 5.988617068488589, -1.2441512998685451, False
-2.800296081694109, 3.0844493950103686, 0.5495066060536726, False
3.7693267715803422, 2.0307422975253004, 0.8794123158094074, False
1.8294999784932475, -5.0614148220956965, 0.8991444532820756, False
-3.3369052749207704, -1.8143952660402611, -2.0289524204725753, False
-4.490407439980303, 3.174792894876326, 3.09940879797787, True
-5.8066200368527205, 3.2303977866301476, 0.04043054555427572, False
4.626271075190049, -5.480754436815846, 1.8600449236524108, False
0.5503601024978568, -2.011755256789993, 2.3770165332149844, False
-4.780150123631917, 4.91739038782471, 1.3434984599801236, False
-0.4015704270521363, -4.6860831284906705, -1.2390985192329607, False
-4.751851816276675, 3.2413741351854135, -1.7028310113246572, False
-5.324365457844468, 5.536136210331904, -0.9778458520574946, False
-2.095129699771368, 5.394337651748932, -0.08404139411386957, False
5.877772161335907, -3.7224394341167435, 2.105209549350487, False
6.041003080513347, -0.5348020924758572, -0.6137546904005764, True
-4.874098399692156, -0.9244527830001612, 2.846804301132453, False
-3.403898618758064, -0.9147447943915292, -1.0625357208927704, False
0.12048401724104618, -4.382237959988503, 2.8552470004347006, False
-2.358288626363923, -1.4639293484570874, 1.2041161577743411, False
1.335938834052551, 3.751130825544779, 0.40053388101055143, False
-0.7183751090369039, -5.931194645149152, -0.40699583221161983, False
2.9610262518631494, 3.2855785884287165, -1.0044469882363147, False
0.19260749566281543, -4.854125025663199, 2.82956845851034, False
1.6452002134047277, -2.9038682403506186, -0.08357620593398796, False
2.6655653983949446, -5.626974275859342, 2.028618077961295, False
5.479100631117264, 4.125378611177172, -2.0482764209697644, False
-6.230027919565175, -5.772585249653952, -1.2230882152279907, False
-5.142535427809075, 2.39543367303418, -0.6309572555111655, False
-1.4103554906547124, 2.3166587702848656, 0.8239249876275552, False
-5.170406288949995, -4.815064936851664, 2.1658228436335243, False
2.662566336407945, 1.684411091293872, 2.4004911854545226, False
1.7760676887555995, 3.8444634690524033, -2.4909851394040547, False
-5.94146823073575, 1.8653723506478048, 3.011155785858721, True
-5.891279408173998, -5.471449421428227, 0.19647807680652063, False
-5.642585791918496, 1.4681731700789475, -1.9409011820178674, False
4.336051892694632, -3.545016434107732, 0.8121947716102706, False
0.30534798818042397, 1.702869152443962, -0.5124966808563447, False
-2.240856569830524, 3.091281138940216, -0.8117188051588746, False
-4.406544923246697, 1.0831280033912645, -0.8591727356018128, False
-4.440661574503165, 1.96064871990896, 2.093254520867611, False
0.3784682977930265, -2.11511300386156, 1.4428755857586752, False
0.5475597882173506, -5.190967669906288, 1.866308597628473, False
-1.5933288712068414, -2.8356190516482536, 0.9582878841956797, False
5.582770470729741, -1.422177270715201, 1.189003335178187, False
-3.6512565800083223, 1.8866200045506591, -2.30453303915952, False
5.710320440703272, 0.9400094192850066, 0.04918003158278417, False
1.9947018154659588, -0.850020317984443, -2.47046606003312, False
-3.247549996325742, 0.4269613107296877, 0.23997456581254895, False
5.892346665663263, -5.18440019570538, -3.026471275620019, True
5.04525113143314, -5.027396026453671, 2.139500355174312, False
-1.0208021441110846, -5.395446457480567, -2.5717301642038732, False
-0.5415773375098683, 2.4143811319460173, 0.7497371738463814, False
3.4529087149870765, -5.022273188573174, -0.8884181816251506, False
0.2847480147763539, 0.9683445003138136, -1.1533369073097295, False
-2.7324761592311013, 3.1984939281233924, -1.7479868679429742, False
0.8727174910160507, -5.8380871217247226, 2.1838722867391027, False
0.41397886668233586, 5.58381822058915, -3.1198236584736123, True
-5.828527931999803, -1.9688979876137118, -2.660019796837003, False
-5.718889905596115, 0.33460321870065446, 1.1767841156968855, False
2.6509745952161907, -3.6757613335679142, 2.7797169899450846, False
-1.81698248316148, 4.713446417791218, 1.6385682843545455, False
-4.717270657913876, -5.300544128461673, 1.4933317477049544, False
-0.09903108544082784, 4.756639654032565, -0.008769479397026103, False
3.932538433976502, 5.401039171078594, -2.612702681400522, False
-4.947875273086833, 3.0577914549489886, -1.6557719464384295, False
4.046348104326164, 4.743693648780212, -0.7377091050394262, False
2.240042082371305, -1.3209360080876769, -2.2896199396241705, False
5.780641374434783, -4.0419651695917675, -1.8821443803539368, False
-2.4518769913983314, 1.8329726658157863, -0.4743857390219306, False
4.940936549588885, 6.144271497732561, -3.031107995519095, True
4.91044302343302, -5.5120219671863495, -2.8359597402585357, False
1.2366389685744723, 5.239881146020803, -2.3381602188146915, False
4.953741769391545, 3.3138474884063935, -2.3563961189363227, False
6.129410008365561, -3.7652603641603593, 1.998379055256752, False
5.5112619193472305, 3.7407163445568745, 2.8787871036725594, False
5.8368477836434405, 6.254501252193402, -0.33320361782216823, False
4.848734639596747, -0.5846591876969693, 2.5446762938103378, False
-3.4207329434884652, -2.4467339666397354, -0.8094959911807722, False
1.8381552252674922, -3.8828865145865614, 1.370801384286322, False
-6.005850803664991, 3.2229575068530796, 2.9660637597865076, True
-4.055218828270978, -3.0017379022380632, 2.28990199461526, False
-1.9751812244037197, -3.987254122985925, -1.1251477467498612, False
2.0262655448117908, 0.19025538932303654, -1.3991379653398244, False
5.143731427383875, 1.0370312137715594, 2.3687667949757243, False
4.428127495458746, -0.616305802928836, -2.246292823825827, False
-4.800207933806545, 5.495908939295484, 2.158097419383817, False
-6.195092072025408, 2.8960936830738433, 1.2917920818057143, False
-1.9600837989404347, -4.105939110263758, 0.02716173801370303, False
2.564740788402178, 1.2188262539692998, -2.2463079110568134, False
1.213593909708944, -2.13430496606796, -2.8020548397431044, False
-5.393756203250519, -1.8753679954328586, -2.10497862604175, False
-1.6891893854323365, -4.472648886687891, -1.3910619985429111, False
3.141563757346619, 0.37775527631810846, 1.2044442723928492, False
2.500724850794171, -2.8105089572466957, 1.04939496589662, False
1.489367770039225, 0.019381150161996707, 1.1388482898664165, False
5.237610750731276, -4.462729431341186, -2.869364401632481, True
-3.151287628439233, -4.530393361326155, 2.7204774193046672, False
-3.489268277972229, -1.9911047193000622, 1.151298849536694, False
4.926279615542368, -0.27600380195644725, -2.604196627077145, False
-2.36819216345513, -1.678267250356103, -1.066632665531011, False
-5.058183076073613, 0.717053898559814, -0.5522521155187161, False
4.650279937515972, 0.04619493714846801, -3.06562523013843, True
0.7963688412673484, -6.098875750228708, 2.667093130502428, False
-0.6314096007085253, -2.391404608659635, -2.592300484258868, False
2.746800418307627, 6.128097314317131, -2.7257503791981748, False
3.098836408443068, -5.025531036520988, 1.20516910219066, False
-1.2035013536548247, -4.338820993153661, 0.06317084900148062, False
-5.30156336340984, 3.116109932885479, -2.436940884955643, False
-4.898192121102595, -5.242974357969603, 0.1162479569596413, False
5.418992948838268, 4.7784794043330425, -0.3288816652676241, False
-3.30242236159709, 4.174923059016953, 0.695442173671815, False
3.203179860252929, 2.8045434105507727, 0.4484735664367001, False
-1.0450761600328988, -5.971289551613702, 1.395089083393179, False
-1.4433906788583188, -0.13550409092284532, -0.4896706818020893, False
6.079678451302664, 5.792566819169622, -2.260993886040561, False
-6.255627709868555, 2.539499559410203, 2.706399891322296, False
-4.344431737330185, 2.423791496751692, -0.44411205927250963, False
5.2920493134892155, -0.33234909192785, -0.37971847874907816, False
0.9010503070737323, 2.2352847016717057, -2.364092236106221, False
1.7005478113779846, -3.1055096998815324, -0.3982532976657316, False
-0.975246710288312, -6.075071862641923, 2.3618624820151526, False
-0.6409657112659932, 3.3149429194166764, -1.5510381242230709, False
-5.687822931305107, -1.543329346618144, -2.914370495964436, True
-0.9433250884838991, -2.8153324082240982, -2.1053624944237663, False
3.9608093308653114, -1.6521853253727974, -2.0131943671446466, False
5.125705530483719, -3.2355669761337658, 0.04661805734898117, False
1.9823441759874019, -6.244694268913905, 2.425971600585143, False
-4.088146361029457, 5.342959915995312, -2.475080519121257, False
5.965145998136425, 1.6360244191192024, 3.1357715675033226, True
-2.5028409143846657, 0.04523398365639952, 2.1470348063869373, False
-5.7173791667379295, -2.1606893151784288, 1.3058505932587066, False
-0.5556394874325647, 3.8027331358667276, 1.1904159525625806, False
-1.122555768711754, 2.4716013144728937, -2.954802940932871, True
0.28674128316968783, -4.618519566070169, 1.4957525608541822, False
4.800019039024349, -2.2664907456621695, -2.664107329931372, False
1.545053723538909, -4.764598919058429, -0.009275703825160964, False
-0.3088619946582307, -4.622618533874247, -1.0889613698281897, False
-2.010198973168303, -1.9845268955155886, -1.7075393518608415, False
1.8518017750041569, 0.9350555697478136, 1.328904886280048, False
-5.840949036542192, 3.085119871069594, 2.857557728263312, False
-4.906199033360682, -4.971484131846834, 0.9533376165011092, False
-2.130884479929395, -5.875001192278226, -0.4523720109408398, False
-4.93919500396115, 4.1549492510028205, -2.036199475419898, False
1.0271190869106492, -2.089728684802262, -2.2638906172469238, False
3.6007746641926204, 1.0474980282031012, 2.3881099391521046, False
-5.958927519857063, 1.3130623194425164, -2.3368860756629553, False
4.467125455195593, -1.7191854622155303, 1.9027097969221831, False
5.907641149071301, 2.82023538318389, -1.0830014605608613, False
1.1823839001600227, 5.608407945967752, 0.32615416685487153, False
-3.8558537660986167, 0.22041294870779726, -1.755741972965808, False
5.173255534123916, -3.607117076962431, -0.46144117258644846, False
-6.00132205773863, -2.7855753109101857, 2.107645867530189, False
-2.5091811135643005, 1.8578682656736643, -1.0632495135257325, False
0.4489768796290594, 0.5077058043766556, 1.4970092665049526, False
0.470296221978332, -5.702482204455256, -2.2956444005234324, False
4.420806986831224, -0.39311231397151847, 1.274418272913075, False
2.316912253125473, -1.6318808188461462, -0.6524118792997804, False
-1.1751976778285993, 1.9934764821816504, 1.0193611987304418, False
-2.0539157960830545, 2.531720526768302, -0.7930378694883089, False
-0.6742355861071498, 1.8785885730686296, -1.0056855733220056, False
5.568414874679352, 4.815110614577206, 0.21909489495928192, False
-2.053827655553735, 2.2681782286245316, 1.7021750100938524, False
-1.981983806814271, 0.3872757506133251, 1.1998529000000646, False
-4.853793279248158, 1.8113037156470657, 2.8850935126396653, False
5.222338325983435, -3.624608604647511, 1.625752546895428, False
-2.7461387536811634, -6.176079505291355, 2.420080505436289, False
-3.1295855656541547, -0.7201069817189367, 0.41795190857862696, False
-3.230252882354054, -1.5852781210713527, 0.3661660951547736, False
3.9129107119141544, 5.406500191908467, 0.957333818612768, False
-0.07950037957070322, 3.7589092565296465, -0.9148110152663866, False
3.4734045116093686, 5.762140362794966, -0.5730325561960434, False
-5.28593234332289, 4.7371920997373955, -1.4132267772354585, False
5.6183036265815325, 4.603784763186084, -2.505433305882784, False
0.7103747375638703, 0.8799895387159848, 1.243888413529242, False
4.361557643873859, 5.845065220570076, 0.7415719460575554, False
-0.2874340775829882, -2.55484734431175, -2.7681796632090148, False
-0.13398800107916742, 5.173168384143434, 2.252725629069631, False
5.678999766771092, -2.125186555538953, -1.1934412937965986, False
-3.801135557855243, 5.955198552512911, 3.0298576782274074, True
2.275277823707995, -0.5421515415188676, -1.5656982638245667, False
0.2263401675506289, 1.2553958201973305, -2.11970956426733, False
-4.517657739060667, 0.6434823138028722, 0.9335436061338074, False
-5.472392573516742, -6.238991771193214, -0.15122476653732297, False
-3.322340159062188, 1.3397579614766597, -0.8288895038276642, False
4.160321486425373, 4.398956465198607, 0.7574877440526855, False
-1.52675269651239, -3.23050237027194, 2.0373124043861077, False
-0.8437562123751254, -4.580897237489123, -1.2709854001783893, False
2.532870408611915, -2.6180899002451525, 0.4516418950006642, False
-4.4155855335476675, -0.06772636448962821, -0.21638886129689539, False
-3.9886626137254693, -3.684293133242659, 2.883014310488419, True
0.14585256996278329, -0.018238252040642777, 3.0457719905784577, True
-0.10564436009327238, -0.04760155195678095, -1.1525935126780533, True
3.253206852586903, 3.039582472827645, -0.6024052293717492, False
-3.3196223141012378, 5.484474709657297, -2.2367403288818077, False
3.3449629775360776, -5.095889413234355, -1.2156663528388572, False
-5.870364678170312, 1.948615459574837, 2.160852458529468, False
-0.5406608338278973, 2.918964989309126, -1.2567889512626333, False
-5.828154985934522, 0.14827508392337752, -2.2978499326701103, False
5.402476794055561, -5.4721743259558115, -1.9250483309693287, False
-5.6350542804762975, 1.9610896654071812, -2.232397016628163, False
0.9174169231400358, -3.9734352766822276, 0.23632200001326842, False
3.361495504722397, -4.618191558263499, 2.4731629308334817, False
-3.0863615185248, -3.353665166422545, 2.713546608452165, False
4.730004522215388, 3.8816615710059033, 2.6887115991825334, False
-2.260664535820637, 0.39982197682010234, 1.8269186317319992, False
2.34495339637985, 1.8709254597015903, -0.8549761574615267, False
-6.0626711794096435, -3.9865597317636965, 2.7699925105923686, False
3.739818385639211, 2.9556787493200805, 1.46063458489816, False
-1.9208558849217026, -1.541897594414313, 2.9833067046612793, True
1.4126232185105003, 1.1042235711504134, 1.966399639689798, False
1.1931254116223409, -5.31082088147202, -2.3297262826815137, False
-2.7105241419106925, 0.7700027109398313, -1.3548297345297864, False
-3.991517091017834, 4.950780716582763, 0.36472916597934324, False
-5.69143719434899, -0.6645964434162481, 2.011604992997178, False
3.6184746146068694, -5.653552723919757, -2.6208208172136054, False
3.066170479882553, 4.797236594013658, -2.0398531072420543, False
-4.9006343933240455, 4.721107759905438, 3.0799961984928492, True
-2.8410222806825667, -5.1574384576562675, -0.12425392975292748, False
-5.020019976356372, -0.897464325961491, 0.9607865888006408, False
-0.8015815791445791, -4.272001919697624, -2.235809175926667, False
-0.29033750489594556, -4.220267323283661, 0.6367986414134732, False
-2.51288861033814, 2.870281896360348, 2.720011935065677, False
-4.764553795215187, -0.8986664437218161, 2.0874414391136957, False
-0.09734625897704152, 2.350016938157056, -1.8385730051138016, False
0.009424835668567333, 2.769454535417088, -1.5253094525024111, False
-3.144378515008846, 6.02012943032986, -0.6264456977753294, False
1.065277059214683, -1.0096526923025682, 1.0005939272902662, False
-2.724431724742779, -5.259190297326456, 0.993484852715711, False
3.0620217790115714, 1.600645118629596, 0.10543626627796421, False
-5.962705196512973, -4.618355438469118, 0.6006248091270066, False
2.6569474645870503, 4.630728721260015, -1.5297159798966533, False
0.9505125896075368, 1.2296241251293605, 0.35376310689744495, False
1.6537366681177401, 5.094530958605006, -0.3675869836283452, False
-2.528457569577864, -2.0668383183195465, 2.124306496353249, False
4.9755713635717065, -2.9014012415175907, -0.9756484781015127, False
-1.8649992729963243, -4.85836587884843, 2.098814546168809, False
4.56206540614097, 2.212500973105973, 0.11095723450209682, False
-3.037096478328957, 0.8575459445135882, -0.32137447408369146, False
2.861309532929633, 0.5832767495520432, 2.3794921418738495, False
-2.8039616610587466, 2.8948256609381406, 2.4052332840005066, False
-2.5440771219018528, 2.9304657681156314, 1.1391761096973054, False
4.884338023224711, 5.779339771096355, 2.1524674839507707, False
3.093957883085322, 5.061709645342697, 2.0040691432884667, False
-5.48606591288516, 1.3865390956265404, 3.0614005904113917, True
4.73996498637371, -1.3886474861168212, -2.410328470105445, False
0.6777451582869913, -2.759967632775286, 0.14883812439791644, False
-4.37204404962567, 2.2048781895170197, 1.659908427698677, False
-3.1714634146693554, 2.518491854885312, -1.6131867633040184, False
-5.276960994439482, -6.280299626135388, -0.08681602610587147, False
5.477336276554659, -2.1142515918720246, -0.23873028947889852, False
4.0058751212216865, -2.2778120319865156, 1.8588742549870005, False
-3.439814102824845, 3.751996510333088, 1.313545074191615, False
3.473223490566488, 4.368334118242798, 0.16979582996630205, False
-1.7900048036502207, 3.246743151432675, 1.0881526853549497, False
-1.2343792811738172, -0.9516173322748962, 1.0926315003597002, False
-3.421460584596818, -2.748814152751171, -1.3265610027244241, False
-1.2388599757516348, -6.279860623994107, -2.6505613110457755, False
-4.793833417805951, -3.1507616162330603, 0.4531778037895089, False
-3.036366995014322, -5.453567427707295, 1.5726468776393814, False
5.181895915705585, -1.2024799903875474, 2.2085706131446017, False
2.349746589167733, -1.7005548650087308, -1.8432286175016974, False
-1.8921622153579811, -3.2591735730853832, 1.3028042404583227, False
0.33202134176209164, 0.9297822492954966, -3.111195437768022, True
4.69529715283106, 3.167425617510519, -2.44959819964651, False
1.2792130681185485, -2.9190912190361087, 2.1799056635296585, False
-4.741179726521402, 5.66940832296423, 2.661128393816581, False
5.468018739086437, -4.287785322527202, -0.3908954788338108, False
1.7127452988291259, 1.9179031351598042, -3.110055721446722, True
-5.635032973177309, -5.95371355329157, -2.421488672683789, False
-1.218411332773405, -5.976102645418288, -1.9124113658080686, False
3.0544213160119806, -5.545771270990599, 1.6276427142029313, False
4.056611497567106, -3.950609212956169, -3.126325689584364, True
-5.625313989661828, 5.397673902820445, -0.42919812232680377, False
-4.833594390751486, 4.632761015336818, -2.399646818061721, False
1.9198042067786307, -3.1854334516326355, 1.80403794411298, False
-3.4552349915936085, 4.847104086723046, 2.949714413315313, True
0.7239828191992581, -1.4163034155981826, -2.5163433965402384, False
-1.7662063506651746, 5.980656993574673, -2.2550250422341716, False
4.08490122178636, 4.670812472287537, 3.111661813487472, True
-3.8189247647047937, 4.442178421834601, -2.2273370005208903, False
4.207692081424403, 4.395767264875168, 3.018503166121878, True
-3.643480312573708, -5.7968346795353645, -1.830222952594883, False
4.212612770408512, -5.355697716325343, 0.33048120793622227, False
5.650354843093897, -3.4919259773588913, 2.9438684101559316, True
4.7116518917228, -1.791960583782231, 3.038864921314927, True
0.5648642409465721, -2.817951946013976, -1.8945947988807998, False
4.298959181961605, 1.595779568642027, -0.32591795577911054, False
-4.457638046356958, -1.603960137834667, 1.6416250285480585, False
3.025975812791698, -4.507006279879188, 0.17778796932346497, False
-4.849352824817739, -3.3974930123869207, 1.7948588489746298, False
1.842463428195554, -5.098359640106313, -0.5612018462460777, False
-2.39894860596755, -3.3581688786602006, -1.2542467426097053, False
-0.2920859298362508, -2.9641808917408756, -1.759715174487466, False
3.922208381332391, -2.7501770659429137, -1.574992907472462, False
2.104923055790424, -5.759517136066583, -2.2035970583938536, False
-2.254849445451777, 3.947220248963472, -0.46925469900472017, False
-4.4562082149940965, 4.850514872379682, -1.254460312479296, False
3.982656599785992, -4.284930137658441, 1.0040849516177754, False
-5.281546840541466, 2.831461931156987, 2.6634728874026576, False
4.178337018680846, 0.349629524568952, 2.570425798308012, False
1.3214737139712334, -3.972043823759661, -0.5996572345508384, False
2.351056072045324, -2.4932386636984925, -0.6945634619155814, False
1.503788626365293, -4.613969471900859, -2.60195762454856, False
0.41599151331500384, -5.082679420457508, -2.7830364452126632, False
-0.6658341054716246, 2.1236614039519512, -0.032798112073077146, False
3.803133756618129, -5.47419710977727, -2.5419249930595886, False
1.4613209897729202, 0.6864787392244764, -2.456627733130626, False
3.183063244027135, 4.1414319859843545, -1.2290989289772414, True
-0.0204437290235715, -0.046678880523904454, 1.4203648712308627, False
4.95300624147966, 0.32546550896852544, 0.5263737815193941, False
-2.739555397166978, -4.319412861667466, -2.6381649418701656, False
3.9095534398275316, -4.156504045410648, -0.0944623649470655, False
-4.772859900271162, 3.424813814904736, -0.5953881339073557, False
2.7238032345439525, 5.486573694309058, 1.2032617623135167, False
-4.064185163096891, -1.6602239335873268, 1.201024810234836, False
0.18102325834209054, 0.3543695012002548, 3.0786535823247814, True
-3.339835141552087, -3.9940380538323432, -2.3587332931365705, False
-4.46017048223923, -2.9808944806363353, 2.145945903836769, False
-1.1756717944476245, -1.5835051449372246, -2.843425881646438, False
-2.7982716226736586, 3.7103553769428874, 0.08776944908176665, True
-1.3571240347894955, 0.2115709263445522, 2.802301262922196, False
-2.391537844125339, 4.003372960266308, -0.6692657333674235, False
-0.1966599117551331, -3.671303208042797, -0.08860930123014787, False
-4.015969499436529, -4.513647803639719, -1.1463854219159666, False
4.286874271117041, -2.854298172558077, -0.6878094993220372, False
-3.866981405522575, 3.7945091601632264, -2.7182288146542737, False
-5.8132484288150446, 4.050847743417959, 2.3839381930018924, False
-2.5515389636512533, 3.1824999654878035, -2.658115211279079, False
2.0432493011312154, 0.5051762802438162, -0.2721553830177492, False
3.778909028182019, -4.373146063321771, 0.5273437306332687, False
2.6803512412823576, 2.533815088947497, -2.1077395715369915, False
3.045141933484828, 0.49164293628992883, 1.1073359860336538, False
-4.128860195849795, -1.0913267547048857, -0.07655866418625079, False
-2.770021419529375, 4.134518245784724, 2.843784203595491, False
-0.5082864491321359, 2.30493468180417, -0.9172186059431158, False
-0.2934416618684743, 5.862597797372169, 2.88031626463456, True
-2.3778455011708677, -1.2048001541103446, 2.3334211299575394, False
6.041780972379154, 1.3220305889840729, 1.3957733291566141, False
2.5020693226678183, 5.441051875826732, 0.8376055087289203, False
-5.829276319336809, -0.5594077212477409, -1.7646728973050758, False
-4.956660756319616, 3.6369613174530286, -0.8487464684220085, False
4.160964190028226, 2.5535549874329426, 1.769956664080775, False
-1.0917051865653828, 2.209262246246956, 2.1305983744133057, False
-4.7791728732752325, -3.9940115033987116, 3.069283390014074, True
0.2780188504815966, -4.068774113628779, 1.7250297461311677, False
0.6616822303303449, -2.0798868841797713, 1.5797317950884144, False
-1.5598951683003488, 3.7958946098865134, 0.5937681823484384, False
-4.448008512608899, -4.221710189330212, 0.7429137194387088, False
2.0719440539017118, -5.504072364083837, -2.1601146193895815, False
3.3857378625122134, -1.5281466598437792, 1.720946932264983, False
-1.1252438105034939, 4.258901643008615, -1.2458431069812568, False
3.694919651605666, -0.9225997591059283, -1.187470375463257, False
-3.7917575271566633, -4.999351586156064, -3.1031978596790872, True
-3.644488351597068, 1.3906564328234579, -2.2439008050639835, False
2.4775550930408894, -3.1185768705077845, -1.359937685480028, False
1.2474336093249603, -0.0015380820322068445, 0.8034168123635186, False
4.85043431341488, 5.002225774840252, -1.759701009559105, False
-3.349032395011481, -3.145093547899016, 0.2570801157686371, False
1.0402593214566878, 3.645403162443067, -3.0166258833921242, True
3.222825982628896, 0.6322098842984163, -1.9229849535879766, False
-1.4681522557798532, -1.4274156756859924, -1.172714484397012, False
-0.6830120106257267, 0.3547514899172537, 0.16136445088282114, False
5.801188908743903, 1.4527858326615002, 3.0204074888575914, True
0.559777345839259, -5.206163140923456, 0.6408501885876898, False
-0.23488086603118763, -2.1026502494262793, 1.7675348743266763, False
-4.100334346326806, -3.060388957805271, -1.6017511004225946, False
3.4616042606697963, 6.174342305236651, 1.5769336719124167, False
-4.925649324619525, -5.954302512863364, 0.3183521736629076, False
0.0948538952920348, -3.287355834755276, 2.8027647082844664, False
-0.7103522321245253, -5.505816172885425, 0.6478138669576916, False
2.5631583742903015, 4.2527062565080325, 1.597330616475312, False
0.11428451332039469, -2.975717810763409, 1.1710225158492182, False
5.458458659140803, -6.217171976873858, 0.6613215394461522, False
-0.9713607859805755, 4.854221274139162, -1.5388693749506221, False
-4.402597007948578, 0.8390482452762456, 0.09596333129536427, False
5.010120151980029, 3.7046195123816883, -2.7380620862577154, False
3.3553165151176394, 1.5692871962763153, -2.547860834132951, False
4.3930578888840675, -3.3053635734213516, 0.35910587019119244, False
-4.932138602209373, -1.3836980572278028, -2.108586296599654, False
1.0037792922806883, -5.663778121523269, -0.9722887692468056, False
-4.402507051421063, -3.288005990588765, 0.6920878651044271, False
-3.843329887621995, -2.21442707258296, -0.9135885865372324, False
3.5030102362010584, 4.231469541762992, -2.9591366590393493, True
3.540521823923717, 1.128631947515566, 0.6118938278617705, False
-4.3248005582257365, -4.266338007560535, -0.3561820467237764, False
-3.1209596770896693, -3.8240974824771703, 2.450567155504257, False
-0.8482152790180892, -1.8194243118431235, 1.498947245077395, False
3.998959484448104, 0.30498708069069025, -0.18619256719598676, False
5.529061737527989, 0.024580402412193614, -2.808295816945011, False
3.7630773956279295, 1.1022094354720045, -0.7885096908142804, False
-1.39466658960189, -3.9152155911264903, -2.909247144306026, True
-2.398533519749803, 2.069638705737308, -0.17839419327460648, False
2.185388993983276, -0.7957620778998207, 2.7856621063407676, False
5.23470215478838, -2.851071689003212, -2.004049220720752, False
2.3265567816948742, -2.0500791256089554, 2.5831613822611423, False
6.00615293761456, 3.829394752967474, -2.0383352491782727, False
3.632713606473077, 5.382383447914794, 0.6227104317817234, False
-3.6463491904415624, -0.6195065746928403, 2.9683943907572345, True
4.068970232202819, 5.9200288874446745, 2.773992641765476, False
2.3035490744307996, -0.6992428213388404, 2.873796290301792, False
4.606220710506394, 3.6323517459361376, 0.07161064121612792, False
4.4966106487721405, 3.0792359206101274, 1.7720881651299312, False
-3.8883712502529817, -2.955013568008155, 2.83771374900462, False
6.073229191453919, 5.242528060061163, -2.509150369765781, False
-2.181975402995736, 0.04988445373687611, -1.5742379243545124, False
3.8816103386506153, 0.6362191240471065, -1.4407801299779814, True
1.2661468214895413, -2.6306473201043956, 2.0061336588633383, False
-3.345668738839355, -6.223727214985067, -0.9976788646288166, False
2.9546495180017445, -3.0273932467400937, 2.3171512811673844, False
-1.745452174102728, 0.296475793978769, 2.2391598980011462, False
5.911605703058456, -4.563621790120633, 0.0522716617108796, False
-1.3593306891528503, 2.913867459464841, 0.23148034920439287, False
4.554539311544453, 5.584778199986058, -0.5324119795560049, False
4.661840409923512, -4.650395300589205, 0.4255668823863017, False
-3.0822214398431145, 3.494850617216766, 0.030793020569454654, False
3.7796162465534824, -1.107871300677206, -0.24876282947868011, False
5.753068068325163, 1.8047752993897674, 0.3245791974915009, False
-4.316518244486303, 5.139370709408947, -2.210267032804225, False
-1.1807798958938882, -3.6579517809831, 1.646665357997807, False
5.8272557043712325, -0.8070966665999073, -1.6805229084230597, True
-2.890144481189132, -5.651362338367834, 0.7698482872135375, False
-1.436627807707274, -2.5948380177986925, 2.16419541687947, False
4.642489809412945, -0.8977342802643022, -0.8269949449335128, False
0.6514744120723144, 4.594500003283567, -1.4623405689931952, False
-1.0847839967148882, 1.5842522340412808, -0.895763125418009, False
4.231564989649151, 5.009314095077389, 1.401423669834121, False
5.985180762068769, 1.419372014282449, 2.1051074819369093, False
-0.5661125803957923, -3.0816714561513474, 0.377647737520201, False
1.0521103711448037, -2.1185736152341406, 0.5223790333243707, False
4.177807426743124, -0.039327465059164624, 0.4251546386159384, False
1.039356061046842, -3.04894231056704, 3.1224216694104356, True
3.2932045861633856, 3.3214621168088225, -1.7701133941624203, False
5.272450457312685, -5.218127304494897, 1.6173062325150038, False
-5.6473540969285105, -1.7968756714037575, -2.837602832722209, False
2.64049840373524, -1.0090665242847887, 3.023958359552217, True
-3.237536809709111, -5.531564288191394, 2.226068282133287, False
-4.426700542498407, 3.768397413502523, -1.9174860538959269, False
3.0045123089768246, -0.20045637475530853, 0.7529933850816533, False
4.417165399384947, 4.3516897475819665, -0.477698620705616, False
-0.9874222658865515, -4.40424501011119, 1.7656627809142407, False
-0.6764490604250737, -1.706592217234066, -0.4486593338292493, False
-2.8030232878912855, 3.3143623459954625, 1.8790575408371524, False
-6.17918977886994, 6.250709304509016, -2.236595863454455, False
-6.150815192636752, 0.3145756866349947, 0.29082587818822825, False
-0.5494121520602544, 3.039198963623825, 1.6974651254164126, False
-1.6699913160435074, -4.062045891882916, -1.86400664739579, False
5.233097836796102, -2.3115833725202877, 0.21552181259846437, False
-2.9091872688670466, 5.173053763256656, 0.5407642044011403, False
1.1374029361923172, 2.780740354435686, -0.30158487036961956, False
1.5307482986407557, -5.200720742771734, 1.3189914470954278, False
3.1152724098544393, 5.350520905239428, -2.1562242485569714, False
3.06740594904492, 4.026302029861533, -0.7175814773821494, True
6.009816283632031, -0.20313870294598857, -2.996731178150631, True
4.888567787749997, -5.520702858320516, -0.5011480675946491, False
3.201866709550435, 1.11157953351438, -0.23841029377758538, False
-0.5171205816865978, 3.821808735438916, 1.8820862947155774, False
-2.11920738136659, -1.8319069153811158, 1.57841006587734, False
-5.560541245724822, -1.638425777737571, 3.0653751749462526, True
-3.274282134037795, -5.415916623267663, 1.0205785112153007, False
0.6160557451132078, 4.367430042391247, 0.16361060110804226, False
2.2679326018288606, -3.3066139093550997, -2.6198748180029607, False
1.5181412375234284, 4.580984670553528, 1.7268881629439523, False
-3.6506318843127317, -0.6152591261287519, 1.4172167317167927, False
5.544635131298415, -3.7942117912847584, -1.2691810611374403, False
5.293508190539205, -1.3115834940710585, 2.98313025982812, True
5.1394067992821135, 0.19635136717054458, -1.8139355688877112, False
0.6696086685935363, -0.5070955650465594, 2.9815442805301933, True
3.2967450023241067, -0.5512204183717566, 2.7735226806921283, False
5.556663869168304, -2.677048494575091, -0.5848754724370142, False
-4.11602054282058, -5.964809581448988, -0.9777762414932165, False
4.079030599369817, -5.138934133764912, -1.5172376388018485, False
-0.7450621723306687, -0.7273744647108167, 0.9880595232928382, False
3.6144748230168666, -1.0884576598424287, 1.1858015435067824, False
-1.4445054865724964, 3.2265923183874694, 3.1329198614070393, True
1.1028925314165878, 1.2286059909564147, -0.9961000327756224, False
4.402267659481534, 1.9054784967007272, 0.7544086736613114, False
-2.8702678698011366, 4.601423796394986, -2.246688161642439, False
1.7206570459997526, -3.932101301340767, 1.8811990359109698, False
3.4063010746699423, 4.035811270002478, 1.8148164896411343, False
3.8012473577105546, 3.0815529456282587, 0.9488177385824796, False
4.395150843573358, 3.494455038497442, 0.18802375022095763, False
-6.090621654182694, -1.5335502256426432, -2.7334797824221986, False
2.176634006779132, 5.0977609015135705, 1.575502126765647, False
6.233495530480054, 0.47057031614445766, -0.49772496009270606, False
-3.148660106480826, 0.30543618446246423, -0.27498858885710264, False
-3.0986723842785424, -4.677974524683029, -2.9133049754688685, True
-3.642149669666496, 5.091048201424085, -1.306187419589954, False
5.47275545408227, 3.5119845864752097, 0.5081678817574549, False
1.2687506583814496, -0.39832670087630806, -2.8987226532766877, True
-3.8633264543270416, 2.6032851280904836, -0.09764029802356466, False
3.9366783113424564, -5.122568432407874, -0.9190037618757492, False
0.42944303324246125, -0.9958477041582059, 0.602330805552111, True
1.5692854907031366, -3.0192745073770966, 3.0432036491803274, True
-3.9462067743382705, 2.900241505091481, 1.5881519822471475, False
-4.910553170715866, 2.8838614288392073, 1.3628486111113558, False
6.192529115414395, 6.205591423595699, 0.9089309231481177, False
2.1117480881744015, 1.0319133600279153, -1.7676406640093523, False
-5.47806093228999, 1.2708441625222315, -3.099295297650203, True
-0.027248583955163497, 1.2733071857016247, -0.4721068927145562, False
-6.046860924682618, -5.9943032203265, 1.6022854331635, False
5.439630914008017, -5.026296814877053, -2.7661640776044987, False
-5.510876394909887, 1.0342179611356919, 1.8056838015453742, False
-3.749502392431662, 0.9688901233086344, 1.8782490765354947, False
-4.2575223477119355, 5.44114253009068, 2.130915007831174, False
-6.207205647513437, -5.497249510465222, 0.2066426643380992, False
0.9188220033782608, -0.6114202904020969, 0.8174981999125563, False
0.7373041876552788, 3.4846995460462775, 2.367270641406149, False
1.7495666042643485, -2.896796314300777, -2.898116020437299, True
1.56980094438235, -3.2884735154518383, -2.2530939845472817, False
-3.2865198357571366, 2.802201973396711, 2.4370932932263507, False
6.167559621294657, -2.1766965627038735, 1.6222370222731897, False
-4.207711730700406, -1.2509787038884097, 1.5275571581486584, False
4.477427455052007, 1.24528630508612, 1.3386951894869128, False
-1.4631080961672716, 5.309572699878849, -3.0983086809970133, True
-2.507516309086466, 5.4920915133242705, 0.992228056200668, True
-4.2178170855722765, -4.395636841105282, 0.8133028956841852, False
1.9638022544788303, -0.37827578956514785, 0.48149934198960764, False
-3.407853154172741, 5.0725543737632375, -1.8144926499549345, False
-3.561327567482687, -1.8502494675245549, 2.32275650077226, False
0.43843523904826665, 1.9002863112300457, 2.223163165938919, False
0.5716801406575467, 1.9564612542853457, -0.8495642026859569, False
0.5907525208831732, 0.023163140935103854, 0.9829929828700568, False
2.585126074068741, -0.8738789020099897, -2.395307126194192, False
-0.25089580255791866, 4.5227252195348076, 2.9794078486453275, True
-0.22704707355843556, -3.573572051978695, 3.1343735322406348, True
5.033132819030511, -0.20145049038717566, -0.5016197045063087, False
-0.9037182790403389, 2.3154700406469697, -1.18213274550014, False
-5.879401546625306, 6.2558121296635445, -0.24436612129738355, False
4.916927722685804, -0.4372502966929259, -1.5559292248172412, False
3.496677352743058, -0.8682704364739733, 1.2064361484157535, False
5.224516479814987, -2.6051033119972917, -0.25622586845382056, False
-4.652221143163869, -3.3615561828724085, 0.07956365368876206, False
-4.870527292475565, -2.1855551857877664, 2.020866045570436, False
-1.6085105489130473, 3.6904505369139198, 2.6578595109346663, False
-0.5199607770148758, 0.2997181637508133, 1.3459026547400423, False
4.638158934505139, 2.524776929907544, -0.6876353898377832, False
6.032887425555616, -4.1160210479487205, 2.712510029710593, False
1.6565500349570508, -5.382130603710942, 3.0350063890638053, True
0.7650518769940673, -5.722246862057774, -1.9864539680239675, False
5.253457517255439, -2.0060543833238134, -2.4351629104049377, False
-3.585649398448082, 3.4754021870317295, -2.2823266721460325, False
-4.040365233697841, 1.657646325983106, -0.18855163040575817, False
-2.4275986552176567, 0.5940227300715035, -2.874567319416194, True
3.6030365324268683, 4.943984767642704, 1.799148509944981, False
0.15660324061074427, -2.6417479920886957, -0.00956582532369632, False
1.4321441518252946, -2.132975817937572, -0.8267537329104262, False
-1.5823994553927987, -3.1538053229247907, 3.044703670442371, True
-2.58874508301656, -1.8436366878147128, 0.8863907123431822, False
-4.890634129171905, -5.376844224053182, 0.37756140455985054, False
-4.441800783923301, 1.5057044185263493, 1.9508336759975355, False
4.098914103258567, 0.42709304429348816, -0.9049622739430894, True
0.7419112900610934, 2.0698633802595996, 2.918069418594019, True
-1.4127866113752559, -3.4528364088989143, -1.1883469553867856, False
4.425395323147564, -4.347032485369212, 1.9337421412474, False
-2.5137305930711062, -2.1827969808537127, 1.6683108627834837, False
1.417303157816976, 0.7223884781060361, -0.6718322862349617, False
-3.7138445016942145, -2.0930580591100254, -1.0297786844590706, False
-5.611835456827107, 5.8444129808382055, 1.7084358920638918, False
-1.374924943523614, 5.32181079592727, -0.7170610475095529, False
-1.9258742918019518, 5.677146528415594, 0.7009609843231628, False
-5.273718579024761, -4.15415114473009, -2.1903771469758024, False
1.7235695143227936, -0.20939689749855983, 1.610536157376834, False
5.04125374872863, -4.030457541182152, 2.859831004863782, False
2.83498943722004, 4.056089105565334, -1.906229064452139, False
-2.3221906829477006, -2.1162084973249513, 0.5477175200061253, False
-5.13140454257699, 3.5786237347178105, 0.5959608725453727, False
1.8977711816915956, 1.1965277383337387, -0.7601367840595414, False
1.3126623916079012, 2.1448308246601346, -3.0099168069509, True
0.3829054972113033, 6.1947610996287, -1.671187390910966, True
5.361998489983401, -0.9235133279270018, -3.003843780537185, True
-0.9398662828121216, 0.7672162333427606, -1.5137929111395028, False
-2.776457258187754, -3.4622888534241136, 1.1913750303738446, False
1.988013332212173, 0.9300050041244212, -1.454757615553617, False
0.1893761738475357, 0.7831106762075679, -2.089902225518581, False
-0.1466098554206665, 5.826779017076452, 2.426345396915792, False
5.622900624347174, 5.73173705599206, 0.07742396416485775, False
-6.132278017240717, 0.16209603061011624, -1.1568867278394348, False
-1.2302301776127829, -3.4558291579902587, 0.8757163209583769, False
-0.45051731474173806, 6.057051301691692, -1.0168390293512783, False
1.1815725802649748, 3.332186790155667, -0.07858657458019946, False
5.975611311187128, -1.8884090376563085, 1.3161813876892907, False
-3.0084471960951427, -2.6277144049213446, 0.09949514417856387, True
5.668873788526231, -5.248980393595671, 2.3106278535703186, False
3.5073515677618587, -2.365659437180924, -0.9308865053121544, True
-2.230040400203741, 3.472545108367518, -0.180385247668704, False
4.115790967128678, -1.2070333861322364, 0.922963563744327, False
4.834728410007726, 4.203577368868707, 2.332200930778791, False
-2.012216920886395, 0.22751333207990765, -2.450453865203372, False
-5.631042302925454, 4.543832821284408, -1.1375082155907137, False
-3.5980261287319775, 3.1738888678211143, 0.1377765354216618, False
5.223187439664111, -6.2733780795535585, 2.2172176655300913, False
3.968188907749804, -2.653328605072431, 0.5781728303376794, False
4.732105687512853, 1.9394061401805818, -2.352374609047524, False
5.3136980085752565, 4.792888786762909, 2.3569135142464406, False
1.6382780891302664, -1.9692124361315448, -0.7610542833455245, False
0.26230995774247123, -2.4332012336402578, -2.534921026387959, False
2.8243037831702758, 4.061463233039877, -0.39516622885562125, False
-4.3770275623756945, 2.3443179023031604, -2.7627968532952876, False
5.613965383318318, -1.0113176867386313, -1.0009908031942483, False
-2.7786061944229083, -1.1492085781747248, 2.5754410464289865, False
2.1964160345304258, -4.9007824183930175, -0.5332765789438154, False
4.243719023907234, 4.2342240382845215, -2.4294470673112394, False
2.0808095709344343, 4.215093524097229, -0.7561957204513212, False
-1.4023431421342742, 2.209851927561111, 0.7019130928647264, False
5.28890209491443, -3.0999301689730916, 0.45555991146220665, False
2.41208414130646, 2.155787669812785, 2.500105140640838, False
-1.3777079231705978, 3.7076616165991805, 0.5746860527817916, False
0.7274880692176371, 3.022961493316103, -1.4953907592601927, False
-1.121311946031872, 3.464462488328472, 2.8601349819740483, False
-4.7554941120287015, -6.2728441389683285, 1.888256273802944, False
-1.3153412732835, -2.163603855289054, -1.454944961340839, False
4.4634246616028825, 1.6482428597755536, 0.029654536378915353, False
3.7624360830462056, 4.362328402943243, 1.7600715297292133, False
-2.70484300288994, -2.6863868614308735, -0.5594840224778932, False
-1.766019773638022, 6.023859055475965, 0.6314225567773604, False
5.835442469604198, 3.4403478040534807, 2.8751852319253857, False
4.7185789346094555, -2.1720572807269516, -2.0309945103789664, False
-5.688509960784442, -5.151180020567656, -1.4173455012597405, False
-2.5016891275644957, 3.6355055493383723, 2.5977626041386994, False
-1.2816531789113341, 5.88896558913491, 0.7824112870174624, False
0.6419370204476849, 4.102002398699989, 2.95151498093386, True
-4.96109807878395, 2.479001730885887, 0.7406904157701981, False
-5.9715811366335725, 1.8757529476970785, -1.8567244278432065, False
3.9100630118225226, 2.7651247933025545, -2.242784218150849, False
6.232708274990571, -1.2099830932753983, 0.7276330392722912, True
0.17845117832494228, 5.871917419399924, 1.110748774763529, False
-0.9807054114951068, 2.813104419953456, 2.4940806072596358, False
1.6594938056673403, 1.2464400468676464, -2.435673788107142, False
-2.0509288976343987, 3.19202324764818, -0.7758339317627945, False
-4.741316243990511, -2.315398429279081, -1.9686788268265303, False
-3.1656072458087574, 3.969808004926035, -1.9679658799155275, False
4.349692618193787, -0.4030932179094018, 2.5758223643286557, False
-3.253467158037292, -0.4879111997668337, 0.5854638604899516, False
0.9256243902296291, -4.81890168176002, -1.790973479097354, False
-5.351580744971054, 4.218040678908265, 1.7820513175408728, False
-2.1535814255961396, -0.705930966674817, -3.0572074056307628, True
-3.5106361382320723, 5.415155197641393, 0.03633387578759928, False
3.7198358373768716, 1.3519151674265206, -1.000949992554244, False
1.5368681374303907, -5.728721922979573, 2.413111812159964, False
-1.230798736749441, -0.23621172521258327, -1.6550326912349367, False
-3.1732195766898834, 1.4204137927858875, 0.883432322812963, False
-4.207149846035557, -1.5235067027671416, 1.5371324975509237, False
-6.177565840900674, 2.0454868487894746, 0.7215592535389375, False
3.1487105087651504, 6.174686568976975, 0.9311530433235387, False
5.128375423915919, -3.827847243852532, 2.054537512012966, False
-3.2489597286405423, -5.8280716567439415, -2.380884727514124, False
-5.279598865315508, -0.363343336217012, -0.5138263183432361, False
2.156281522251067, 5.275363930383595, 0.24371442083602313, False
-1.2580620153669333, -4.576326829117511, 3.0602684547839525, True
-2.3352474188195034, 3.346231562455877, -1.4762743128501654, False
-2.2210922823108836, -2.6394469484022403, 2.6072533218281455, False
5.2937560070378815, 6.232660769922427, -0.6246956105527786, False
3.360113533145185, -0.5411294929852275, 0.3381581180390789, False
5.192564841925497, -1.4002246956704418, 2.1807341308875987, False
1.3581713037888985, -2.049715697471102, -2.6862514006381004, False
-1.0541726098635271, 4.760226025316419, 0.6558358662333115, False
0.36963436852039955, -4.5232947050437495, 0.6198537345971462, False
3.927680070181232, 3.164108422154607, -0.022795806646710215, False
1.7636177232215875, 3.253670621777964, 1.6997716882506229, False
4.073420478943639, -3.130211485319353, -1.092179599992745, False
1.6958826492097865, 0.17032890391175215, 1.5893971433736906, False
-1.2557514176401874, 5.703003989153407, 2.2150706584801085, False
-5.732386727471043, -4.046398705890873, 0.4108198385073698, False
2.330369906388267, 0.8148025919296593, 2.8888075870613408, True
-4.272795807043568, 2.542023109420402, 2.024501346378184, False
-1.0313409509639122, 0.871506617870673, 1.3171719715507395, False
4.492930116273152, -4.29364776997266, -1.2205209286699419, False
-0.00272514752511821, -1.5900561886937377, -2.9195162011994285, True
5.340900756201844, -1.5730601299548486, 2.523027249853677, False
0.04480544618518678, 5.220698297676666, 2.603762821610916, False
3.195927833607291, 2.220742250672755, 0.06138255002005888, False
-1.626269504513095, 4.5330737212283925, -0.9547499957062713, False
1.212701812924383, -0.7945864853295701, 1.024578067516079, False
-1.3028031577765802, -5.951016090270203, 0.0736036669550999, False
