5.485872871200142, -2.120027387456565, 0.3153910048553441, False
-4.3401265906367446, 2.1733450758472586, 2.5624696721759204, False
5.593086234884048, 4.28119353828464, -1.4067860235696488, False
2.362007818263022, 0.3006313625910604, -1.3210029629070001, False
3.1603634976079586, -3.5572843996992844, -0.03518738410682287, False
-0.27814950051208687, 2.505019766027864, 0.5532068485518162, False
0.9456727957861508, -2.446757138752274, 2.760698884714083, False
-1.172469524101495, -0.9193185463843898, 1.0829008452908697, False
-3.5248989189571973, -3.656009606399862, 1.7045127993630134, False
-2.277293707591845, -2.9731757638553487, -1.8192275031142806, True
-4.846308805085088, -3.955768129538596, 2.8314798829087966, False
0.19310768246122656, -1.295967820409845, 2.106190739455494, False
-1.5794170492396207, -1.8929599559035806, 0.18946209081176635, False
-2.849594728323177, 1.8792383394403398, 1.529087784021253, False
3.8988141106278587, 3.296931668851041, 1.597125370250204, False
-4.401039266220039, 2.437058754786692, 0.9380832818635509, False
-5.148927240516624, 5.762462419643638, 0.23271698059390022, True
2.6817554698084614, 0.7738749996389398, -0.20353374186202577, False
-5.007259114834611, -6.177409668407192, 1.096700181147229, True
-1.6603714099162374, -2.129390002862446, -0.34399135478376763, True
-3.1536307230650054, -5.480177310589385, -1.691350768544192, False
-5.526090384614608, 1.4087402724794416, 1.3925130263852594, False
2.497404188852048, -3.5793513673346182, 2.519424895893698, False
-0.48899019508842745, 3.0009284773286407, 2.47958412697942, False
-5.828271810118259, 0.8587856098868754, 1.210227800396674, False
-1.301238780504618, -2.9420580777532592, -0.34774901554449444, True
-4.964292220300449, -5.106161225351177, 1.1327955928461177, False
5.520294266892522, 0.07378801610278707, 0.4869999336822537, False
4.378988059064655, 4.6091272100585226, -2.9551171524879165, True
1.7395617631308138, -1.5100482180331678, -1.6741552499854075, False
-2.2466223247457826, 5.032153508397153, 2.5841741610492015, False
-1.3308902014686828, 5.436772383438569, -0.11299732942735297, False
-3.082291748810593, -1.243318057183239, -2.3670572048482885, False
-1.812339940564855, 3.9877797118679066, 2.4001282971847004, True
-0.5817229929332957, -5.372898513385514, 2.2655049689637705, False
4.30155349944558, -5.132258317005433, -2.7457442287056137, False
5.8560157513816815, -2.4451872699155155, -0.20414563162562116, False
5.4349284447535755, 0.5880121920609493, 2.785987458618913, False
0.32401740171462556, 4.786912818224252, 2.2644473299577728, False
-5.0673945881339435, 1.5062990023383493, 1.8358757019872556, False
-3.445959709948571, 6.123186292969516, -0.3897919340036031, False
0.3347358313047035, 4.200510525758133, 3.0757467821473803, True
3.0898925140175386, -0.48328129867053793, 3.031067432868465, True
-2.4665901145623774, 5.814070820758587, -0.6969632301723019, False
-1.4664290766479056, -4.084782368582758, -0.18543760737258408, False
-1.6108732006781947, 5.53370710417445, 3.0343669417239134, True
-1.7244925878864574, 4.769278246476942, -2.9275806963485307, True
4.936183689945139, -3.870895748262657, -2.993214559345491, True
-0.6657402596444602, 1.20767700592158, -0.5989752426919464, False
1.0893000252032952, 0.5855295287607571, 3.015779470374908, True
4.817700816535195, -3.4523677300150575, -2.426048172582642, True
5.695600284789547, 1.1206054473979679, -0.9260253395871687, False
4.174846049421577, -5.09343827023965, -2.2948256973277497, False
5.371074957490185, 1.4142117505313996, 2.020134284985554, False
4.844708344624404, 4.548749833099505, -0.6093392918826401, False
-4.978482869448677, 0.6498404649624776, 0.1325266185275935, True
-4.656750753683186, -1.9667062440111343, -2.0730058758368184, False
1.1123889460758392, 1.7923367743515435, -2.1558584518390744, False
5.3541221263944845, 2.22878838804977, -0.6377050688955537, False
-5.014011218951808, 5.208994418792164, 1.914913440953442, True
-2.5748502113772647, -4.477763911245047, 0.30027850011267443, False
2.837425158914801, -3.81421872889784, 0.969319054112896, False
-5.678147387942444, 3.1263866955996846, 1.42785041440664, False
2.853642212092387, -3.3299354283702183, -3.0756298271221407, True
2.3783027113225153, 5.252103644727731, 0.7639157704781638, False
0.39632677130863225, 3.4887425724404366, -2.6063352340073442, False
1.4996770886752442, 4.964382472089785, 2.4405168864348497, False
4.889497784558159, -1.5881965822135067, 1.1970089458443853, False
2.901369795354574, 1.5622071881429767, 3.084252840745834, True
-4.879247146040816, -5.1738334205907694, 0.8641280411913197, False
4.343023153775432, -3.0102192804039976, 1.5218145770123117, True
5.713060243981104, 2.292278177776666, 0.5870585568058648, False
-3.851777290661581, -6.036231128579276, 2.4260620685371803, False
-5.401166086185695, 4.062648909598108, 2.86602378189924, True
-1.403943322666394, 4.037806398061507, -2.8486230453334054, True
-2.1442447129704743, -0.17665685217174154, 2.4337498801365802, False
6.083369357018547, 6.242200872185203, 1.82012146189511, False
-2.2752194927884775, 2.3801606225321876, 1.8403147720192443, True
5.039591222760308, 5.905579664999678, -1.0292583733694176, False
-3.2016601460218257, 0.9685631434578106, -2.2980704745201774, False
-0.8348252746124212, 2.345348302442545, 2.5935486677457904, False
-0.2299372936124744, 4.313654860826809, -2.2159193918189244, False
-1.0650420252639323, 4.081323925789073, 3.027204233771971, True
1.6003757960492555, -1.294776141010633, 0.9214608653128327, False
-2.4908182114840587, -1.751666863681967, -0.02336496683502398, False
2.9408220240915117, -0.22699288413046315, 1.8106603244940178, False
-2.66651372827272, -1.600545688732491, -0.5128460182147765, False
-1.6024116188603577, 1.4615703103113775, -0.38775252554933104, False
3.522491872301609, 3.8702541197172025, -0.4220890963745787, False
0.0601629389918763, 5.6886752536445275, -2.0998521722977896, False
1.5003653305560283, -2.471090883963471, 0.08478033524109829, False
-3.7959299482838453, 0.1588388352220722, 1.6812636143181399, False
1.6076829279244658, 0.35838400228720513, 2.5198911841610006, False
3.1239267887418034, 1.2315113134005369, -1.2465576474831386, False
1.3250405240420333, -4.192615645731326, -2.736530164313787, False
1.3524711358239196, -2.4311979186242314, 0.5064198238494395, False
-4.323261832505573, 1.872252856547684, -3.0600701467163023, True
0.33789532849865367, 6.259648344321354, 1.882613721563457, False
-2.129602323728947, -1.2582268929513187, 2.028659194861044, False
2.664009271701639, 4.2002508112046915, -0.7428589564661614, False
-0.3618311538605745, -3.1331091767923285, -2.505599105853606, False
-0.21745385762473468, 4.176361537212026, -1.8282242405574018, False
-0.026095340033252867, 4.5025991276610675, 2.130326337492698, False
-4.844913737158012, 5.771389107061712, 1.8560266286069735, True
0.9038830769614492, 5.484327321984505, -0.7926359186048262, True
-0.5268051955776132, -0.4314738538192797, -0.22025221840441755, False
-0.03539568352613465, -4.296303274409352, 1.009008107885803, False
4.6927092048898285, -5.700884319438622, 1.7816074291158213, False
-4.568512578672804, 4.9101732099584865, 0.262041729001659, False
-0.5334108086260514, -1.9681057617783688, -1.2372595392327674, False
-2.4980765928123354, -4.329457627925727, -2.8336818693746926, False
-0.3975745721770263, 3.6443820257490263, -0.9234581599516853, False
-1.9884413760696482, -2.472859842281356, -2.5844800641253367, True
3.3412319275280424, -0.19447913103082115, -1.5861376872427813, False
-1.4112982833989705, 6.083203650116889, 2.9269420155702077, True
0.0683328369766274, -4.2186992803525225, -3.1225204482706133, True
-4.172285854249932, -1.9764515049376365, 1.855058989156647, False
-2.9443156471483425, 4.742326986296295, -1.2967050299712188, False
-1.2966694271945975, 3.6993060240463578, 3.0193934010581795, True
6.0047775671805255, 4.309247540866661, 1.329222203512658, False
-5.443999069912317, -2.5939416952936725, -2.0175693444614033, False
5.494056390196313, -0.007865259072494801, -0.5355172830527875, False
1.3590369430152407, 5.276158981581299, 0.39247105898461987, True
1.434518307361067, -6.138707136253632, -0.58387419759848, True
5.7238095325219405, -4.254289652206609, 1.5421549534498933, False
3.892947525347042, 1.011883862171035, -2.4233073719566947, False
5.731968521291801, -5.581946073297147, 1.1665134491800648, False
2.4361920969849553, -4.10288347458183, 0.21333277615208912, False
1.6239029167236172, -1.0458519284310395, 2.649802572619903, False
5.21426599457601, 6.17726885533523, 0.48562720083401123, False
-4.2711149434657, 3.7840822571440214, -1.9165793376505083, False
4.230334370061994, 5.246805686657563, -1.3355415402528705, False
-5.3138824620801435, 2.942701309784171, -0.04515670555694529, False
1.7073525088247488, 2.9889486871309536, 0.07415196656573642, False
-5.1528811415499485, 5.857451383791767, -0.6364915848517727, True
1.635882890986644, -1.6720969908278116, -1.4442453191271585, False
4.396513276631234, -4.726940007050866, 2.581261947763764, False
2.5537764005026435, 3.3828407586085625, 0.9494222750932533, False
5.638960433626377, 3.258123786054929, 0.6253508318985999, False
1.8772280387749625, -2.5044809210974055, 1.6076018109779016, False
-5.0671635659622645, 3.553908248804163, -0.08768023642193379, False
-3.3873601261981485, 0.605743401501412, 1.9762671516502541, False
-1.855081202221366, 4.022587754212788, 0.32910849352696525, True
-4.764248535767111, 4.260779156926761, 1.604642661311634, False
-0.9897357638483868, -3.7218561535616477, -1.8929914287415621, False
0.9427620853230954, -0.40469884513904386, 1.4009062901639169, True
-5.143938554244962, -1.4593522781982378, -1.3941843834968692, False
-6.163436689516283, -5.594621680273679, 1.324240722386893, False
5.053422832310476, -0.8034381743028645, 1.4652538908238935, False
-1.2712901484313113, -3.6809588675434903, 0.6338971415840717, True
0.1312246119872773, -2.855127045869689, -1.954374495837142, False
1.3497514490210119, -1.53391686295726, -2.9077052849382747, True
-3.5266559954788725, -4.897920614848602, -2.8952089929119573, True
-2.4680434171147985, 5.257872994640607, -0.0937962514709727, False
4.0989595341166964, 0.919809088810517, -3.140846676607273, True
4.879963077524508, 1.7190797874471322, -1.0149171235896137, False
-1.796793071363953, 0.9792520098224244, -2.5055236885541006, False
5.013054720968286, 4.500729638631309, -1.1474083121608654, False
-1.5347546456378858, -4.181852351881364, -1.9343730619224613, False
-4.60404747475779, -4.721629007911282, -2.7674844024387553, False
-0.1608652424237773, 1.394723100568573, 3.025489633194499, True
-0.6000605227046867, -0.07260823641993852, -0.2032221884125227, False
4.648940161012142, 0.5849087708410137, 0.4828580061372305, False
-0.14905746073431114, 0.6870361265131164, -0.6964469118778776, False
-5.901763307028348, -3.1688063857490247, 1.3454709130016251, False
-1.5608486077245178, 3.894331321686696, -0.3924208188624445, True
0.6508803034908386, 4.955922595843925, -1.3969601975071462, False
2.0616893386770627, -5.971815464875079, -1.9795092138087451, False
-5.746268355275013, 3.0908296453613193, -0.8592434283749002, False
2.2130291009322214, -5.321727513255767, -0.2965339320482028, False
-3.8193439511339378, -0.14678938478608483, -1.8579496590862978, False
-0.4656134322304677, 1.2944382174511553, 1.933823172333562, False
3.6094110353366062, 5.342457073873668, -0.45254697518481635, False
2.388539058568629, -2.344200562039003, 1.5722973226959054, False
-1.7552786054008918, -4.2006752124945255, 2.9670149692409256, True
4.5369061152387875, 1.184018624998294, 2.8973145741599753, True
1.3248805003654498, 3.8557980100237703, 0.8797398377028776, False
4.403619965336903, -6.157807211816579, 2.2122601984095063, False
-5.776487751280488, 2.76376192576525, -1.7752020390755376, False
-3.443585000352425, -5.359029226035986, -1.187834029002705, False
-1.036126215161496, 0.6569162986580404, -1.9889818854146162, False
-1.7511257759882541, -4.845320356275973, 1.6239431921991274, False
0.045607041998876774, 4.768948620118062, 1.003238218136886, False
-3.9211817171770127, 2.098037721314814, 0.3324457235373708, False
-3.173520819542493, -1.261592247305905, -0.4361209689291359, False
1.447225196212873, -5.6104006025373465, 0.6213223280062987, False
-3.5665122369254862, 4.398429490796547, 1.7240630488602857, False
-2.901300411821537, 3.0761178429478218, -0.38921782026545904, False
4.498518190372833, -5.197854968614244, -1.9162832364571558, False
-4.62052473217191, 1.6338606198217587, 0.5079504048625734, False
-3.8654918286258564, -3.706780824138182, -0.8534111942977618, False
-3.584552080883752, -3.6292710685227427, 2.5996983184568068, False
4.483990201828474, -5.127343340065968, -1.3471201865830544, False
-2.1882851498220397, -0.3902131398843922, -1.4244102986404894, False
1.1149896210285108, 2.8875775980123084, 0.7273678034410502, False
5.668023465493507, 3.32850608839337, 0.9924940603985801, False
1.5261700704965238, 1.4189032718990484, -0.8046518600500376, False
5.604297998307592, -1.6913355297999404, -0.5088925493443979, False
-5.8759263974307885, 2.8550969408742866, 2.856173140052718, False
-2.503318724905673, -2.8196968012912706, 1.3260260968348963, False
-4.962586760834102, -3.8920587667760227, -0.8523588197432468, False
4.379159914262006, -4.750496212818196, 0.7146976542521428, False
-5.225643294789733, 1.4173809333495537, -2.7436269260266246, False
6.069761856159417, -0.022539344271880424, 3.1293877151112213, True
-1.888191248884822, 3.5719250835746177, -0.45189155946463044, True
-4.875234517982719, 2.8236059921280123, -1.2978123857205468, False
2.6024844614779283, -2.7074590375728804, -2.4926835528533497, False
5.192437875771079, -1.622025805224241, 0.32763554584337484, False
2.394805845412723, 1.5356103967886954, 1.9684289535829764, False
4.120204985294615, 5.5806265952660326, 0.6171595975054194, False
-2.9051191625173973, -2.8067020240836045, -1.465756865688845, False
-3.50850129817864, 1.5072411133724035, -2.2045956869732395, False
2.543371746338142, -2.801463444213177, -1.8355004842642357, False
2.166651323758064, 2.3041043215779933, 1.854971360220679, False
-4.208573461283507, -2.422864302789998, 0.17631341052073113, False
-2.9357769082635574, 2.261469352501626, -1.4540568474355937, False
1.7569990337960721, -4.2197413033634135, -2.380992158267075, False
-2.225636825220935, -2.252037029666493, -2.32167799547977, False
1.9529799236463425, 2.6633988679351184, -2.5949183266221523, False
1.1203447026103328, -0.1562446541438529, 1.799667780151113, True
3.9256233640326297, -0.4130259148361022, -2.558685251249132, False
-5.5505156632365455, -1.3504904455150948, -2.806806667893468, False
-2.5797833398893992, -3.9318591595469012, -0.17183798788818905, False
-2.4317777875886564, -4.112014201029551, -2.797652469579721, False
-0.17478328134305698, -4.33018383451726, -0.010369055360821555, False
-6.257261632955775, -0.10303711502850721, -0.14201617753361617, False
3.1067866223762266, -3.1786802761102244, 1.0600157301227977, False
-3.437699786523088, -5.578016910543772, 1.2488187741654242, False
2.0666945547401028, 4.958320461324293, -1.9142964878933615, False
-5.380182182241055, 1.3680850184402198, 0.9160263985712724, False
5.294812079777548, -1.7831678384357765, -2.322888913301123, False
5.273734580058383, -0.015576566755520993, 1.111058292469143, False
6.064266518217499, -0.10566924021682578, 1.7144370105856437, False
4.2836646426713685, 2.4098091642781725, -2.3015240103750405, False
3.0337323243614414, -3.7137960613648215, 2.5129657404777133, False
-2.7688548024502055, -5.762892468261177, 0.23292112283268418, False
0.3668509712392174, -4.875523226827229, -2.6455584484602337, False
-0.7593892709415169, 0.8986304229447963, -2.0250808293707543, False
-0.3975985309588541, -3.7207398517414956, -1.8171924331984535, False
1.529330516588666, 5.126884652561074, 1.0023414809424604, True
0.21849666375478627, 1.5237149051482382, -2.3196675311306114, False
2.091049377720676, -2.939457792216963, 3.027951772591427, True
0.42366964211550684, 3.366533926607312, -0.453344485157964, False
-1.6120081982398533, 2.6081492636145196, 1.8418727568178923, True
-0.45103661566779785, -0.9568387751707146, 1.4859827408288364, False
-5.322031372549241, 3.1379105931884332, -1.9958480046469755, False
-1.750635716944541, 4.1184625275926585, -0.19409530661061947, True
4.464527003811503, 2.131701811964218, 1.5554532048664642, True
0.8016215080573987, -1.4958174662598935, 3.121923588976321, True
-4.178227313822719, -3.4480994186393077, -1.0839820136501017, False
-3.8265010973812723, -4.705775584347574, 2.273868965399367, False
-1.3009088267183957, 3.2862805947927, -2.0584388162167184, True
4.3014993670943795, -5.28134165883763, 0.8228714192457285, False
-5.315184109666832, 1.1685103191704531, -2.8512122318631654, False
-2.6078622352528344, -2.8955517796027226, 0.08481668294808609, False
-0.8857194159455037, 0.22312812736632903, -0.21121806085304984, False
-5.990857701264868, 1.2099992201268241, -1.200893689912664, False
3.2997212374500595, -1.977096539356542, 0.7251284571671217, False
-2.837428255006691, 1.3517083318437297, -2.13914466380314, False
1.8902944300476836, 2.0512722080610963, 2.4423110710175653, False
-4.211703044024177, 6.087743374472215, -1.544005221704388, False
-0.27261844983388883, 6.048978079966217, -1.1522602887600943, False
5.472670450276128, 1.3853584715572973, 0.4458470094310756, False
0.7628368527872356, -5.430282378741161, -0.41794937379657826, False
-4.115976948568256, 2.360020887186044, 0.53372799910287, False
-2.4665273157245435, 2.9488666299657957, 2.553471110428836, False
-5.495898775246182, -2.3913178432736277, 2.1887456710160986, False
-2.7212701521510243, 1.8015795497780598, -1.2799523920001774, False
-2.2538293849581192, -3.8697878572737023, -0.9132345515896398, False
-4.600409727960211, -2.096225161533358, -0.8864180536579558, False
3.2433088647900803, 2.3431075577509297, 0.722584190107149, False
-2.619694401183916, -2.200552593559684, -0.9539990998682097, False
-4.105778617316757, -5.325675947965062, -0.3055346506949599, False
-2.4155817130169903, -1.0060168382760342, 2.373219851806077, False
0.5314840087669106, -0.23446769959407998, 1.7488000992908947, False
-5.830828125607817, -6.18700753892966, -2.7840605715560245, True
0.3362438827987715, 4.660669611968258, 0.38946792319732726, False
-1.1838398313709666, -3.775099782605488, -2.394027853127657, True
-3.3879696047578016, 3.2595804996882443, -2.2019927527153325, False
2.3538436557406914, -4.94956931707063, 0.3095780135445394, False
-5.550255393890638, 1.566006862896593, -1.142228729885797, False
1.7950795445827605, -0.8257650538186381, -0.4346175147193567, False
-0.00864998765956937, 5.744240888213767, 3.114423661418903, True
-6.118829902464231, -3.1878393384977777, -2.6329055123239815, False
3.4815872842930826, 0.006090085256560407, -1.5716281525831204, False
0.8608780683230925, -3.3855799672241926, -0.30544614457144137, False
-5.207301497495292, 3.959194880253321, 2.0107472145869334, False
-1.0518059625446137, 1.4015366748724691, 2.7393744698838773, False
0.3842108172522751, 0.6052661945991007, -2.783964945521254, False
4.811416925737214, -0.5301839972986624, -1.9038809282451383, False
1.954309805771267, -1.673268857010819, -1.9942351723504508, False
-0.26118446508192505, -3.2452524135602125, 2.827117955781798, False
-4.194831803033668, -5.650122182924087, 0.21561848948675033, False
2.7436789905525387, 0.8738470085651855, -0.2812747503609594, False
0.3093442033573437, 0.647123631224404, -0.7615501346108631, False
2.1222728884913575, -0.12810011987352965, 1.570323214884823, False
-4.117164462545407, 2.8101587650055553, 1.9550126745960617, False
5.5177572092702185, -3.1974159709891183, 1.3533938003137127, False
-1.4184663014299703, -1.658621927454747, -0.4501553425047189, False
3.0551045661400558, -2.568221671830326, 2.3471116176457407, False
-5.652658563392738, 2.878687113006041, -0.7882650444805446, False
-1.52261035227784, -3.3038484125973624, 0.28627159437201577, True
-2.6366281166140175, 1.0740039871902738, -1.0599823770253591, False
1.4404727553174155, -2.7065000017694003, 1.247618643339357, False
0.034244378768026884, -2.7211400326852884, -0.46982904291869865, False
-3.794838890350625, -1.9887210542675238, 0.04139413763838551, False
1.1381332703347962, -5.581609385177455, 1.1815265801191162, True
-3.6041252845773193, 3.3276205202921965, 1.2927852544968044, False
-2.5404225745544218, 6.02715919030784, -0.9219692532471657, False
-4.783123523841062, 1.9218826540332543, 2.3847940782692696, False
2.4161275051652513, 3.6112565188849253, -1.199130174829429, False
-1.1164961476937654, 2.152443997192819, 1.1577520259481746, False
-4.726565360673451, 2.9391198698192333, 2.371364842293291, False
-4.670374560932338, 2.941165048392545, -2.3532728853044187, False
0.8365338171178562, 3.510383898379244, 2.3348591210240155, False
-4.391953976437367, 2.2757033779361677, -0.6707871252204387, False
5.051585869421206, 5.9420386127858045, -2.049273618530516, False
-1.1273799971974459, -4.793658788987665, 0.1374112180650937, False
-5.980533477757414, 1.3145726962200897, -2.3962241212819113, False
5.368446429165971, 1.4726717793947204, -1.768715007825284, False
-6.162945903247537, 2.242096945724171, -1.305622489043237, False
-0.7347685447504739, 4.5073251772159875, -0.8705598509591423, False
-2.2708891954056147, -4.55428031044908, -2.7992129804928, False
2.505614160801599, 2.7316479318395626, -2.151448176304378, False
-5.000867713636498, 1.8430197974778473, 1.47020570821278, False
-2.64036291237757, 0.3113441563320034, 1.5598686016563104, False
2.0428170752397996, 3.9138765934158126, 2.686931208934669, False
0.8582424194936129, -1.669084830223131, 0.7234673375680387, False
5.421891331027178, 4.356969531904072, -0.4489866445147066, False
2.422778518428215, 5.079610875894561, -1.4478255594243545, False
-2.391867291018593, -3.464881158963175, -2.8784100228554474, False
0.17865767054645776, -0.9733859275326209, -1.1134634522521423, False
-3.6317964978015222, 1.185289757988362, -0.2895063698402267, False
-0.8628040783854045, -1.8281080194195045, -0.6586891859016752, False
5.350611312789649, -4.707310255740245, -1.4787804880937567, False
0.8912868730308832, 2.009974914633652, 2.1220384588326127, False
6.1583738880190655, 5.454521794656593, -0.38129967727477654, False
-4.808252139711225, 2.503894344867035, -1.7206539961979308, False
-2.1879422929586125, -1.9194593437134406, 1.3587865805012704, False
1.259620434769448, -4.812382058506813, 2.4328521195878547, False
5.013540862225579, 2.9203261271162475, -2.1829983235728623, True
-6.106463709971288, -3.5842695637008415, 0.6960264423286127, False
-2.5371729671030727, -0.9528199573411227, 2.7979695898133565, False
4.333775179232065, -0.3033645021746487, -1.412222752761056, False
-5.806021142570506, -0.4400256327049705, -2.639005640095543, False
3.9201654934137924, -4.5098088680674735, -0.6216391034552009, False
-5.91455389812735, 2.596528979693243, 0.5711182142516105, False
-5.6280276733118555, 1.7479701669709744, -1.1915289517805627, False
2.3163964056043493, 5.74241681868901, 0.8235018624542598, False
0.384360262631124, 0.9676293215354157, -2.3635346832641924, False
-0.039434855162922666, -2.2694963266722015, -2.7962945467735647, False
0.6222778291695867, -2.358597621452013, -0.7812320786157709, False
1.486328177525139, 5.291056195206348, -2.7799916978124766, False
1.5498654467551134, 1.6252459984760517, 2.0661167137079035, False
-0.3373983338455746, -5.0704824220145746, 2.7918999183799107, False
-3.366285135137774, -4.8627776885698, -0.6644614681461651, False
5.5613756549517, 3.6741098949677315, 0.0859764697101495, False
-5.366463178182129, 2.4832889779846195, 2.1955105157879986, False
-2.214277895394848, -2.8083022490806, 1.7174938125288834, True
-2.0726385983694895, 4.510598494704642, -0.6908745115626438, False
-0.3552144118119225, 5.064060025066434, 2.668199384351677, False
-3.9785784303689504, 0.3228618490636457, -0.9765847077071355, False
1.5152542986462114, 0.17902912619420075, -0.9356038698354934, True
1.586009334026322, -5.410203546403719, 1.2792146994077145, False
-0.7231609584109115, 1.398805567543989, -1.8073369476220553, False
4.87504642847855, -2.8019941251439993, -0.26077087690932466, False
5.0958517019238485, 0.8089044383622346, -1.0214860010983093, False
-5.15482498990037, -4.6302138812134395, -2.325118388718889, False
-0.7971576694863405, 5.867417365347247, -1.0752864806352487, False
-0.08897720846668733, -5.260991894058707, 0.9063775472985007, False
3.552760957553078, -3.4578359874953466, -2.358128024204568, False
-5.851918661623516, 0.6942997145861627, -1.7988621054517964, False
2.1354078767667115, 4.483194556192027, 2.871306384887525, True
2.791425522137617, -0.814548362794203, -1.3189610489861054, False
4.790721570856833, -5.3385416609004785, -3.0232541653017195, True
-5.303490348289459, 0.6789753496041104, -0.01869356642792752, True
-1.48338554630915, -5.388748891277324, 2.4919938675259914, False
3.7428986795751626, 3.3459378220642684, -2.659117191410501, False
-2.297209542724918, 1.1573675921617559, 0.3974674985494313, False
1.1113834822769793, -1.1088342431422875, 2.2282883924506214, True
4.7160264947583315, 0.2365410052175605, -2.8050927350213497, False
-6.173873661887413, 3.041197412583548, -0.6648271687685425, False
-4.650141788739759, -0.2060517049648416, 1.5340148271058407, False
-1.0701530754574202, 5.575906262764503, 2.2412859122474957, False
-4.765304428673732, 1.9912423571648272, 1.0618342654714166, False
-0.12349805917294443, 0.9344704263572616, 0.7837627176132127, False
2.0517700581206864, 5.645300307361699, -1.5361349340859503, False
-1.1731138401380479, 1.1965675372611262, 0.48358455893628305, False
3.137454171849459, 1.5202011107290794, -0.09686323647804773, False
1.6728589118129635, -0.23898836865234774, 0.4879755987990464, False
-5.748538744460574, 2.752386618085877, -1.3179383889822671, False
-3.7742365863654563, 1.489346275773757, -0.28950955545410784, False
4.099031982469539, 4.1437989892801745, 0.625892784053514, False
3.3687928673809893, -4.203008049314105, -0.045532011774750636, False
3.9304455883127574, -3.8442397529295924, 0.11796198266610336, False
-2.7607689024953426, -5.845911951017599, -2.4877415216674255, False
-5.424250994502227, -2.177912460228736, -0.40134423613611636, False
-5.430944174812141, 5.7035386496206115, -2.1296145436632528, True
2.0159750067287217, 5.639715144791488, 2.0797406492327655, False
5.715791734406626, -4.801554964398601, 1.3023352451751986, False
1.973528038341966, -1.741949220437867, -0.2080727783129519, False
3.369776521997874, 1.3870060562698416, 2.607076970574292, False
0.31754132421898795, -0.9346442073564374, -0.5649186069378884, False
2.31202615528683, 3.890486621710492, -2.5704910817344144, False
2.4905296873690705, -3.6734727035303854, -1.079842865613453, False
-2.74697530371494, 4.060658888642543, 0.06382321161014959, False
-3.4675006504926253, -3.7863595094281326, -0.26658073781511327, False
-0.8696414359748807, -3.8241571980804925, 1.6483221991375965, False
2.0473024755234093, -6.046379569746174, -0.05214374182160819, False
2.6677631925591303, -5.219095638125926, -0.4895459775305113, False
-5.75371367640114, -0.3187448359931606, -0.21480537465937655, False
3.4475237268217587, 2.950572193456116, -1.913249167233787, False
-3.2851246941497676, 5.994259261824489, -1.424690880180947, False
4.936664840636636, -0.6894893365604107, 0.8517686136360068, False
0.311071370003857, -2.223291818881595, 2.689456880046034, False
4.374792224258606, -1.1261857919711602, -2.0029565141483, False
3.876191716279367, -4.470204196610779, 0.23335140646447528, False
2.9360823505581664, -3.8508360943684057, 0.08361077493413971, False
0.15624602865324544, 2.0629645388277744, -0.10844352921211398, False
-0.22907131229891053, -0.7415914571164395, 1.9028933081494008, False
-3.3566676908299073, -5.002853143442653, 0.6817496258181728, False
-3.532298408926682, -0.599209875682817, 2.679515427367374, False
-2.245544284246673, -5.621940775173088, -2.7899431488541344, False
1.78782957994067, 0.6541388896042406, 2.1638889186690635, False
-2.719386295121713, 0.3269276267466745, 0.9038476795283588, False
-1.266303900052618, -3.683286738216904, 0.9136228270856925, True
1.2484800549458699, -1.0141415065496044, 1.2933322869240325, True
2.9774694553980208, 2.0418946364786894, -0.7374422823798104, False
-5.2209465118635645, -0.9535384617625438, 0.4026058803547752, True
2.6036161623467287, 4.800134780820132, 0.4534538657161393, False
-2.782435716986826, -1.5217567719824636, 1.013283000920346, False
-5.554516195496686, 5.566547401194338, 2.545153998971853, True
3.0434910359979668, 2.360212782988482, 2.162536775087574, False
4.008769444818508, -1.6173191031860918, -0.12834242598486822, False
3.8918421756601074, 4.14421561596019, -1.6585804953135745, False
-1.3214087185471586, 4.607157414139154, 2.3870922654884223, False
4.512247518371051, -0.8571705638248517, 2.330558946434368, False
-0.38042265326777347, -4.4622097882199405, 2.917235770981054, True
4.836189534192723, 4.849803095242136, -0.5231551888372468, False
2.637927676082848, -5.196670231809832, -1.8107106072487757, False
-0.39167549413228553, -5.125397337407764, -2.8436439048764504, False
-5.94141652642871, -0.5096478892742704, 1.7835206616756718, False
0.7778519860189697, -2.037362162253028, -1.597378606094651, False
-3.6541748223548534, -0.01942930328956205, 2.9885115612346826, True
6.195401128832206, -4.384086318675911, -0.9698816763695506, False
2.6482119940579363, -1.295520115459138, -2.192188793281095, False
-4.607533393102429, -6.195715139525481, -0.9953787053163952, False
2.2696353730078744, -5.9003384140869946, -2.3680478391584447, False
-0.09332962642824416, -2.4814878742829305, -1.1508536464140626, False
-3.9810258944258727, 3.9953853962043233, -1.6588247462887806, False
1.5469730449476904, -2.8893367412555078, -0.5108387119719522, False
0.3608240857783782, 3.3593039973896204, -0.9940730348547593, False
3.142305550351125, 3.261605997004633, 0.2352342966964165, False
4.45047337489895, 3.806221549299101, 1.1733955541087076, True
-1.2903214518511206, 4.2672702299465985, 0.33621504245133904, False
5.896537563704188, -3.529038744372462, 2.4103239195501036, False
1.8924243147064335, -5.074320031057921, 0.975717145402017, False
-1.290477708226363, -4.235282759925877, -0.47549262541086046, False
-1.2326982411249077, -5.661649218977493, -0.8859617704431741, False
5.661838943469689, -5.752863130324649, 0.6964646709384215, False
0.13798216509494665, -4.872340230965881, 2.813570994628795, False
-4.933425243406482, -2.6194712890402627, 2.904941275478153, True
5.109126997733258, 0.5382864382081669, 2.59910893077657, False
5.285183518662572, -0.7110641945099792, 2.894670070863784, True
3.914430278550414, -4.469845283621293, 2.6298323419089984, False
-2.08718989275365, 3.0663360157757165, -0.1439971608699535, True
-2.9485016304801617, 4.63116238207486, -1.3513461266467626, False
3.213083762105045, 3.313869961843693, 2.926210145281213, True
2.2051651171646967, -4.603337349656648, -0.6878395195597662, False
1.8776081623426712, 3.411135504348543, 2.8573365489720333, False
-3.6556686673511454, 3.73441540385849, -1.5338554633077501, False
-4.225398916199056, -4.552798973824208, -0.07096178447000856, False
4.69015161378497, 3.2554925268784825, 2.262082162425039, True
1.774849328421654, -1.0856377254475227, 2.8109262272201345, False
-2.3557292505408953, 1.260829238065079, 2.6972106548314185, False
1.336379063656497, -5.116971880170737, -2.275133172771069, True
-1.4763625176082327, 1.6387103933926666, -1.5161646857105284, False
4.945419619696606, 1.4268141005972526, 0.6167199447005038, False
4.80795119035008, 1.2495106088465064, -1.9284836356952915, False
3.1318451821730555, -0.3820444897276216, -2.1550257968646385, False
-3.419658601771302, 4.21919182650486, 0.450499874169763, False
-3.3025188957292846, -5.720654395095266, -0.5975618410971912, False
3.6726910637621533, -1.3987797925740946, 2.4317040298092136, False
-3.34158862739336, -0.6673789782396629, -2.7809073012568932, False
0.5423755315563374, -1.7219320179082827, -1.4406151831036973, False
-5.486203816310923, 4.364982881146693, 2.229663489420002, False
1.9944634188210255, 4.264956307925804, 2.761678716782898, False
-1.3985611017617128, -3.7663976914331094, -2.366053793378365, True
-2.9368423353942466, 4.214970171734517, 0.9633477636498444, False
1.5974120421451943, -0.18496459967258172, -2.804715161883867, False
4.903792978382693, -4.722596969550601, -2.0355540193307142, False
1.9169282772666563, 0.7206736454928828, 1.0820409271278848, False
-4.965402098855389, 2.7370829917483324, -0.799015084825272, False
-5.650890999346502, 5.420288283381016, 0.03494074539266334, True
-2.069962728543122, 0.8417127350609954, -1.0344118014789734, False
-6.178692991835421, 3.7961747566578126, 2.202276247903102, False
-5.249504681809068, 3.4453597719535534, 2.4271490863706138, False
4.871314388224105, 0.19911562911838576, 1.6277636836256635, False
4.39190166056494, 1.4928970362819856, 2.867243315609614, True
0.0721715137457748, -2.382140099371677, 1.8113067096573987, False
-1.142690729177434, -2.525243056911449, -3.018124832820111, True
-1.2584518884329743, -2.324105893941934, -0.42918019979339883, True
-6.183142253237706, 0.155854435999772, 1.5604716758270536, False
2.630520381625617, -3.210094484210503, 2.456979539355552, False
-5.539545196889917, -1.9582178892556614, -2.4351049231363495, False
-1.0523830193014359, 3.9577156901541297, -0.41826959991220924, True
1.1689076634564586, 4.496625803526658, 2.1760656273500203, True
1.11947737430423, -4.300798499540193, 3.008055215568956, True
-2.388124296973067, 4.3729998233363805, 0.10027928120108243, False
4.811589312992696, 5.13749406246961, -2.4076194526019767, False
1.379204277307024, 2.2475511570781297, 0.2792246347406411, False
-3.134001003977579, -0.005707932426827433, -2.938006665956494, True
1.0426117539467352, -5.595898322195465, 1.745932538974146, True
-5.004914446537951, 1.059297968716245, 2.4128120008999288, False
-0.16788559935279235, -6.037414678082979, -0.05878290467304215, False
2.1155174639987315, 0.8368613884921228, 2.061226853333686, False
-2.5361208255293013, -1.667461890337612, 3.066173395408259, True
4.422295949095901, -1.0933168662383155, -0.4720410419434997, False
3.366555626660995, 3.177253684783743, -1.0627065763517223, False
-0.42421413218303794, 3.6313554411043114, 1.4163831973961178, False
-0.9819429405674498, -2.3099685213379186, 0.3887440477180357, True
-1.6146662180925304, 3.013939942461045, -2.340195479756466, True
-3.6974266706099623, -1.030065765462683, -3.1241061231808067, True
-5.5509968750902985, -3.3818442775716093, 0.5120625806411985, False
-2.2670551396061907, 2.6352943911892215, 1.678815929194399, True
-3.4759987080520163, -1.5952282429172984, -0.2890386289192244, False
-5.584319114105207, 1.2469271998322071, -2.7586043969669993, False
-2.3625177607134513, 3.946255235422207, -1.7563270281103083, False
-4.666715803276895, -2.1039943209731105, -0.5835679083547602, False
-4.461967618538941, 4.5912045537324335, 0.47712874548337636, False
2.061947393977471, -0.2419898655832302, 0.9781091277508915, False
-4.754680428500055, 3.198823299679617, 2.791986996999267, False
-4.939653844259807, 1.376014663374118, 0.19192516548622818, False
2.7433164503659935, 0.22267400790694136, 3.0930056839775366, True
5.418914039043541, 5.647949307759578, 1.2199910045857711, False
0.9366109750313791, 1.7668484571623058, -2.715582725301616, False
-2.2701287227493356, -6.264956261530976, 2.373089285728967, False
-3.267052458238542, -1.350737564909398, -3.045136487046738, True
5.198976857607754, -5.507180351938995, 0.7683567906722382, False
-4.251707104885942, 4.746384907390674, -0.9910120457374809, False
6.193865487533445, -3.746784595147229, 1.6107579426182532, False
-1.9105264089065193, -4.2914696993898, 0.7275046898353308, False
-1.6859374433183074, -1.5698361326815569, -0.80359235029941, False
4.286082809084492, 4.8960046560086194, -1.9703033103626386, True
-5.421141330933754, 1.6021219871989691, 1.5152675912599305, False
3.139271023242612, 5.700066296132309, -2.277991489970078, False
3.581998670553391, 2.333147712445948, -2.5749867003227096, False
-0.2348608579545246, -2.290973850192565, 2.093033041374275, False
-3.5768201796012704, -1.2571713775433713, 0.15069483616487078, False
1.131454960594425, 1.2205083306585998, -2.461584567850955, False
-4.972606753929085, 5.0754153355168405, -0.39259953581373486, False
-1.4930121031946957, 1.5644883020767741, -0.6647382159951434, False
5.352330329278445, -4.833279432803373, 2.673633195808234, False
-1.6419381715355774, -0.9834867064818607, 0.38794823131336553, False
-1.8444978683554503, 4.589474036282866, 1.6496158396556142, False
-3.5346836861942097, -3.9197556382361567, 0.2745759771841101, False
-2.226735086427241, -5.886393234924274, 1.7645490732823923, False
4.87899115108724, 1.0554283470672265, 1.400142572333979, False
-0.6442160159709722, 1.5546774790284381, -1.4464341729515835, False
0.21558264201280775, -2.166391442966308, -1.6987992110456294, False
-3.212025815249595, -4.161508488704208, 2.2890014198426174, False
-0.9393465364720575, 3.6623138066548773, -0.9767683202928019, False
-3.340833856700253, 5.613936173548698, 1.0589333476647438, False
-2.322558090188739, -2.2895799978070586, 0.9312740715490335, False
-4.257038778886001, 2.3831646764814387, -0.16403880616672017, False
-6.045530450403673, 4.619520386719904, -1.8831432445910805, False
4.146580255910582, 2.18977602568949, -0.4090565712559462, False
-3.175793096166772, 6.199812271260816, -0.31416316490048546, False
-3.9380062711885055, -1.4546533990237176, 2.9400048153310205, True
-4.790426274384878, -0.2782419727999885, -0.41021845018211867, True
0.06995102484530324, -2.879528805409574, -1.1934230344579289, False
-6.096312360668264, -2.997384249737799, -2.796744480902019, False
5.216051105062482, 2.8604223805867814, 2.2696695359894035, True
-3.9406388331311017, 4.507544981505362, -2.9496039836700385, True
-0.47980083644290605, 0.1750852858981684, 1.5285227275517679, False
-2.2100664068163347, 6.213781883777349, 0.8667830731874941, False
-6.109985863936224, 2.59774416271355, 2.1575609940193763, False
-1.6708011224635193, 1.5555028127456962, 3.091547779105909, True
3.0258584152019825, -1.2314981043529265, 0.78330530696828, False
-1.9922867400472164, 3.2784801478701944, -0.5871511486998933, True
-3.551758250404077, -1.40233595092693, -0.4699089812792292, False
5.6306372237189475, -4.927300233438195, -2.498012780638649, False
-2.846506205337549, 6.021916449143163, -1.9389364904426267, False
-2.260862172574334, 2.165814956855206, -1.1690836881948938, False
0.27778145372881013, 5.933435625367828, 1.6077030497085074, False
5.792293077903599, -2.742463699055571, -1.4505411901789955, False
0.937456782331596, -1.0159017482947954, -2.989990331783783, True
-0.4026418248031316, -3.3795812565408916, 2.2231530395797066, False
6.210046390438599, 5.64524696265622, 0.19214030794610615, False
4.73959755903387, -3.093789940490592, -2.0818661878565674, True
1.7292419051878465, -3.5599296567527112, 1.5847212437203568, False
-6.150146203192531, -1.7720206335008593, -1.7126672765290023, False
-3.1996489374542025, 3.315187092022642, -0.8188812903452312, False
-5.795151340558732, 2.558658231607474, 0.2263702109826986, False
-0.22336286511956782, -1.937761998307411, -1.1592805574963092, False
-2.675737797664206, -0.9539163720980888, -0.4534885357497762, False
5.10296252617033, 2.303528939918399, 2.0852398916399544, False
2.101929321921112, -2.387193236111289, -1.7435469122235394, False
-0.2468734685764984, -0.127092336302713, 1.7490105715851474, False
1.7304561795485451, 4.4273604995301685, -0.1644080387349347, False
-2.195030549989724, -5.646478792938589, -1.6363088979026366, False
-4.105094186540557, 2.797844411273907, 0.06860801663022587, False
-5.310904259350805, -2.5054442683438394, -2.87867462247623, True
-6.122815154575533, 5.804685362584797, 1.9915848956445137, False
2.510429795817565, -0.4115334339466177, -2.7007643563495627, False
3.7908080411109903, 0.9353361748276647, -3.1216559227880296, True
5.357678326216689, 6.0155095807574295, -0.6931360619718152, False
2.7267098005687824, -5.6127434815607, -0.2949461526155175, False
-4.305876527482076, -0.5492106745023806, -2.3883045164074215, False
3.4915428943109035, 5.8850903553144125, -1.4585213504219625, False
-0.17017113006266715, 3.71186202275212, -1.3889419772620197, False
-2.458449381413915, 5.74283640667549, -3.062355064199943, True
1.1170088977621067, -2.9965481057581336, -0.7756999149879493, False
-1.9140368727422299, 5.945093459729238, 1.3593892277213886, False
2.8764963999999065, -5.825452603237196, 2.0779264893223397, False
-0.06435145636489814, 1.6794767802313455, 2.3224386657194316, False
3.167446712803992, -1.7843639140261445, -1.9694806264600073, False
-5.703020882871692, -4.644037660954569, 0.7704895389292861, False
0.5403062553121964, -3.1440039823072814, 0.46299415570977986, False
-5.988121889137191, -1.040961344246445, 1.8750554373605217, False
-0.572192429306777, -4.905518439506826, -1.1893469268979149, False
-3.417749341770803, -1.4439651516094685, 1.5024260515964967, False
2.2222199281338018, 3.819827606133485, -1.2094800107911265, False
3.204386259510711, 5.693640091796949, 2.7015364034584533, False
1.9503526611083561, 3.4882716316905746, -1.8113230881816293, False
-2.4216717591029973, 6.115572994406831, -0.9609157863948097, False
-0.858820195264772, -0.6637083661774392, -3.122069416975641, True
-1.7586145638958062, -6.068238058369884, -0.13627581264953736, False
-3.031287218864978, -5.753810306542297, 1.6172967884266116, False
1.5411338166948747, 6.195534638971338, 1.24750877533568, True
1.1247660614851025, -1.46322431935649, 1.715507154405575, True
6.129186605523705, -4.524896608403751, 1.045526252381741, False
3.115772010297068, 3.8733316227336765, 1.9456031475355937, False
0.16986703745601606, -3.9465586373536197, 2.8229014256511507, False
-2.196180830157421, -0.1786534926772534, -0.7640257198741507, False
-5.019334148246195, 0.7167612852304419, -2.451530720562293, True
3.908877807403501, -1.7471854660358987, 2.058149742446173, False
1.6367667421931138, -2.0794498961991197, -2.510371528672706, False
-4.952906956057455, 0.5876581067713413, -2.1336487917404288, True
-1.5736548393352088, -2.6949499016339704, 0.15347213048503816, True
1.710068933090099, -1.0382170926243655, 1.7602935154849515, False
1.167624506861265, -4.079947095105078, -1.7951467921038302, False
-5.697132785097207, -5.722906266589251, -1.100625639585545, True
-4.200848383638707, -2.3582606520364253, 1.4917159800424864, False
2.127913468969302, 4.73696160247291, -0.22572666448067613, False
4.616606220411022, -5.5611765837866, 3.0653447252749695, True
-6.0804405673914745, -6.145902982014958, -1.5891278504341129, False
-3.317519572445396, -4.242456271174876, -3.061218000320358, True
-6.210885210892604, -3.000308018137604, 1.1646410965279586, False
-5.736642498716149, 5.624693203335978, -2.5591235763883553, True
6.253319762184155, 5.2004726438462825, -2.2484114391735734, False
-1.8141644930825924, -1.792348887524052, 2.30426973258703, False
-5.017210621447028, -4.679759305761358, -0.6508616574446271, False
-3.8474712861757863, -4.1040964106678, 2.1890967942373054, False
1.3676333171826514, 3.1883405717303788, 0.28238273002439973, False
-3.601231959359375, -3.6313029178690504, -0.7733180971398692, False
3.1439067610913582, 0.7112616123304756, 2.2046220827072673, False
-4.656912901731507, -0.49314769352346133, -0.644212016300179, False
3.5986836631726895, -1.9962124856133112, -1.7834601087366724, False
-1.9577301750574332, -0.10334757884422885, -0.7072475748391165, False
-2.9197559710080054, 2.5781125223072436, -3.0594477649776404, True
0.03603316581018312, -0.3304988939170377, -2.001026368009116, False
6.193483069508245, 3.6603744484842036, -1.3007408131798248, False
-0.3256114894062776, 4.092365498164712, 2.305816283835231, False
-6.061048138704831, -1.5078107744348284, 2.7751217843598095, False
-5.763450265640088, 4.866865715280412, 2.942806493258046, True
0.4295442700154952, -0.6276708133332356, -2.0897400139477265, True
2.0573751995714122, 0.3518218364465069, -0.8137475173644311, False
-6.281727160251614, -2.158984493102203, 1.6336765162701434, False
2.4419632461700846, 6.230762027689346, 1.5015186615033471, False
5.399909132239484, 0.7365666015921208, 0.7620715217376359, False
4.218684884745555, 3.12820096181545, 0.5488044254364173, True
2.4934376088835126, 4.29798901449295, 2.2996855050509692, False
1.660638561965027, 0.8398579300287148, -1.6669324362996836, False
-4.3118394137089915, -2.060459609042609, 2.238965601340043, False
1.2148771278551003, -0.8966701224745677, 0.4165672934052229, True
-1.4192207112142485, -4.184069867185855, 1.3936552141722869, False
-3.197861908377524, 1.7776053701578771, -0.7405477026452663, False
-3.8382568580299457, -4.9052786793995695, 2.9314380227622614, True
-5.624789466247363, 5.103610187367462, 2.4186389996788833, False
1.8014003755966908, 4.351422368806594, 0.9690518119336025, False
-5.808945395299061, 4.7918260298578605, 0.44378547419134673, False
1.313445154583074, 2.629878080928849, 2.3698094326090837, False
4.103209069896803, 0.7640704139143173, 2.445422666287995, False
-0.20174893369570057, 5.78284118307506, 2.788116987255224, False
5.566724527750425, -3.331189758811467, 1.526707037283284, False
0.6251015385629453, 1.3341683542961498, -0.6286044490258158, False
-2.377357689890176, 2.671354553340862, 1.4573835465452625, False
0.9384094282466897, 5.6227382348950865, 2.7089993453414296, True
-0.29096911071049636, -1.2717063220626512, 1.700161543444331, False
-3.5330937413993837, -3.6398832304410544, 2.8005900702603483, False
-1.6406542018926107, -5.4663340294231, 1.0796236050809602, False
2.3852385802293963, -4.671987094363863, -3.1191668022700187, True
3.679270164809667, 4.839703942482696, -2.010832883955823, False
-4.32402937740199, -2.20703980840842, -1.1243078076539619, False
3.7402166177064817, 1.4174613243581424, 0.08246921962018527, False
5.566055183773521, 0.006424763278639389, -2.673595769218561, False
5.384959602337197, -2.6592386870561366, 1.9620911752206247, False
-5.697087765541002, 3.1885926238934257, -0.5935518509036939, False
2.2536936906513194, 6.206055678535735, -2.2713661526623694, False
4.305533296744198, -6.156132921976367, -1.62587881104602, False
-5.930224141403921, -1.1013898772024362, 2.9376008284607744, True
-4.145425142004366, 5.1518558361934, 0.03604512316890318, False
5.476783322265723, -4.940090965524272, 2.839743881877898, False
-1.9565882892845554, 3.458330122327146, 2.652843330574129, False
-3.2896579284930736, -4.072077217046564, 1.043023822447669, False
0.12747231252224633, -0.09534548117449759, 0.053647517181238946, False
-2.0441951748662506, -1.341851515086499, -0.2862205524035817, False
-2.0508633404698937, 5.952672342559046, -2.582436116122587, False
-1.7749322051409253, -3.801005031848061, -1.140717336661322, True
4.16178714037323, 4.143110634014064, 2.6636082234474294, False
-3.2825997443667996, 5.7593164268554045, -0.020350240701944244, False
3.3484120473615686, 4.358835521721934, -0.42153116528514323, False
5.5490650329494215, 0.21175153214681952, 2.8105993961559372, False
-5.095416053023252, -2.5913754985254216, -2.101810673899211, False
3.2985041744283947, -0.7569418847238172, 2.1100258582187665, False
-5.724997462543311, -2.6356623887556885, 2.8003668827503434, False
2.554109362457657, 0.9373485205439813, -2.933480425876799, True
-2.3689671245687873, -4.496028993369071, -1.2299258227382552, False
6.2351601402243535, -4.50587376499281, 1.0631914109347544, False
-5.3380925461162825, 1.4227397177334504, -0.18977779906836556, False
-5.819254359573941, 4.595430949354135, 0.7772173888610321, False
1.5857504361343588, -3.52270443588204, -1.469492494640165, False
0.5679544508178909, -6.010470756372735, -2.27714779724296, True
2.0782238795569707, -1.1595832196043947, -0.47852114943406754, False
-0.7928790275494224, -2.0586269565478528, -0.7187363747849966, False
2.22616402678557, 2.4694039165253514, -0.46439727943602627, False
1.3419441540007888, -2.752514700087517, 1.1882141587058026, False
-0.9642656576060897, -4.467015739080801, 2.2489899010820986, False
-1.8557326950144333, 2.3911173506457484, -0.2365829983757437, False
1.2512632786510682, -5.904491610981132, 0.006562271087513505, True
1.3200349147078132, 0.6102094399543541, -0.48511395456810735, True
-0.36709589088553685, -5.440162747951538, -0.5583594124031168, False
2.074076303408198, 4.108667774436851, -0.7703408635601354, False
-4.298849413947599, 2.1367621934024257, 1.986426228839652, False
-5.946741919211079, -0.9787081775683388, 2.8120129872132464, False
-3.815223687861414, 0.0013288952467309656, 2.4518579792243207, False
-3.909319320884528, -5.925830122233529, -1.7286726204517566, False
-2.1008322491848492, 0.27652917708278757, 1.342012116459177, False
-2.855303646424685, 1.0900887306500735, -1.545890640609613, False
-1.2123763262124232, -5.036200933059304, -0.4629859112946306, False
-4.241596139450754, -0.7194501838969112, -1.4809711387814022, False
-1.7698654662132647, 5.892879906482291, 1.1273688425226878, False
-5.205807500338466, 2.670497208576874, -2.5699473522987906, False
0.727597590901242, 0.4605873468487136, -1.04780404255466, True
-5.442546997980862, -3.4768538977378802, -2.2292234090035192, False
-1.425664850185668, -1.593835999446629, -1.3629221349503784, False
5.692682646844483, 4.98546986970309, -1.9575417741921863, False
-4.8956766491089585, -1.2938941819438714, -2.6050422505078066, False
0.4572303930949415, -1.8540543106364646, -0.3694925759584158, False
-0.41319418760077387, -4.378962116702072, 2.577037042382334, False
3.910915197349892, -1.7018597903533053, -2.0705044073724235, False
-4.712913518071829, -2.9361801020848013, 1.3785748520662873, False
1.97489585848313, 3.7604693704550485, 2.3344113112430254, False
-2.9903536253515046, 2.9891360728627934, -0.04055891954039703, False
5.149117357492097, -5.590271909463416, 1.7460295949313167, False
-2.5978592374288536, -2.229960165324095, -0.6543984872476325, False
2.1187355592769546, -3.2626730644915027, 1.2516973473226276, False
-1.4225376914905334, -2.860450530442659, 0.8837347502176751, False
3.9952613792855693, 0.4050721510852986, -1.9297168643998142, False
5.764442738533427, 1.1170332784254784, 2.074099174672382, False
-1.5678031536301509, -6.134755892035918, -1.8555069936871789, False
4.614462651325841, 5.97586532682247, 0.8797778843725723, False
1.1015384882504584, -0.07174075342130593, -1.738164817025483, True
-6.036213587742756, -2.157079342433274, 1.5255537892657633, False
2.9536675200466718, 3.9491050169940856, -0.7073885877655406, False
2.253232506709759, -2.824087836524336, -2.2572050064126734, False
-3.149415615755767, -4.3638004366813465, 2.195681714744543, False
2.424305042877979, 3.2963071227843574, 1.9683881109767114, False
-1.1753341659232976, 3.801403423254465, 1.5846801513962356, True
0.42468789814181473, 3.0527022776638937, -1.2794812909791742, False
-1.2356771766999266, 5.496453897491735, 1.8484218414516604, False
5.235126442235032, -2.1943196423447864, -2.428085998736543, True
3.919513413459221, -3.4709791099959424, 0.37615329047038326, False
-3.3701770046375867, -4.390582172044757, 2.582986176366929, False
5.849173909399779, -3.0304205183725976, -0.0536760105081604, False
-5.031759362595306, -4.222493001362272, -1.5755081599438454, False
-1.518026746300369, 4.816950842230989, 0.7903615663910899, False
4.228342851141765, 5.163084407483403, 2.914596357135477, True
0.6966303213926199, 0.2920776363568036, 0.9463795897293155, True
-2.3761735587823543, 2.876956106907432, -0.639364770636822, False
0.6455307436109443, 1.4968306056091372, 1.7101918131574045, False
-4.633944716119079, 4.565282709526935, -2.9173499134148777, True
-3.712522102360081, 5.275374593612753, 0.86981027871603, False
-5.196739230778366, 2.1822855461311192, -0.2838602077434489, False
3.013261998330803, -5.766240734966263, -1.3363721255199537, False
3.745431139396038, 5.117692976077722, 2.4072767023785486, False
-3.5717022914232577, 2.850850888966715, 0.878320507851452, False
2.914387352448438, 0.9176710519233309, -1.3247473893008372, False
-2.9602230856153247, -3.6683641287492206, -2.560620851075402, False
1.3086374108547574, 3.9989272909443905, -1.4087536396497253, False
5.805604340762665, 5.30989485914869, 1.33288643969904, False
0.87289291103491, 2.1801762722682767, -1.4828187350337405, False
-5.420286712784744, 0.6973024324300248, 0.06834282546863779, True
-1.8442793942005098, 4.675725836306274, 2.999916829171986, True
-2.042270701724095, 4.705960543921055, -3.093849204106539, True
-2.6243679909559607, 1.1454037001098563, 1.025095587969962, False
3.2102548271957527, 4.118062400435287, 1.050022212242225, False
-5.858579878696908, -4.794991115170379, -2.581691938504243, False
-0.8166096867604642, -2.6765747972698715, 2.374220341909976, False
-1.7115850798490309, -0.3853826564685532, -2.3121917553880285, False
-4.159839798605548, -6.100295680437708, 0.06378961631122815, False
-2.5917982713263297, 2.981305488032387, -1.4748307481368992, False
3.9673975703817703, -3.6473663122795923, 1.7594923622636403, False
0.29742383223561486, -1.840724711906362, 1.8442559572798825, False
-4.275955227279015, 3.7487925748380135, -3.1018701237389315, True
1.5683141006692036, 2.658730911034656, 2.2876315483106078, False
-0.3040982415802871, 3.7131839257137713, 0.9474733676191178, False
-3.029295053707982, 1.007884763047171, -0.7754966821307594, False
-4.8007287372400285, 4.566678655828856, -1.4764969658311315, False
1.449312297722229, -3.9358997587617472, -0.9773313112933466, False
-5.207642292364734, 1.0585378738948767, -1.9463176342878896, True
2.773935675583827, -1.5018760387322674, 0.8790895183170013, False
-0.4828626979775228, 3.4505207030541634, 3.097150897731562, True
-0.960604380844468, 3.1650717035577802, 2.922107228878515, True
3.402763476187058, 4.863935263230083, -0.6630270849776205, False
-2.00430157379217, 2.0509489942654042, -1.0940305996568402, False
-1.2310617881548582, -3.882088203569416, 2.0058805691563917, True
-0.8452507955408022, 0.48090780785469, 2.6547916925155537, False
-0.8627342348134945, 1.466010832194967, -1.8153523220617849, False
-3.1951884447956855, 6.210544160436729, -1.14049499296749, False
4.794720414228793, -5.546796471348653, -0.07425519286163285, False
-2.403490194133655, 0.35658180023609454, -2.6718500110996306, False
1.105625946805632, 4.469607062947681, 1.6224978726258605, False
-5.7512710690657824, 3.8707399805201046, -1.6943287964906286, False
3.6588283706665585, 0.40131801576420845, 2.389017365615212, False
1.918005593002901, -6.060893606800911, 0.9071659454554446, False
-4.981623694760446, 2.4721588420129894, 2.2529145564193973, False
0.9817710116647085, 4.9057538635457565, 0.3715839774672993, False
-1.4433327676295828, -3.4654535644837354, -1.9282244256008298, True
5.952644122137837, 1.9990891595843383, -1.531705155302987, False
2.563873811640761, 4.6292523976857325, -2.2656002409465983, False
-0.02268181484671672, -5.912023674512475, 1.4644889467973137, False
3.2478388124061635, -4.311725466506505, 0.7965050324451286, False
0.35620973766530994, -0.6730389999387505, 1.9078260200155164, False
-5.079706158044267, 5.821282848498136, 1.2592743893727008, True
5.4298925378720995, 2.7846398286255987, -2.1086427267920804, False
-1.6053252605029957, -5.406761374111851, -2.8593305069261037, False
-5.5631453180339525, -5.916026266982111, 2.560700478131192, True
-1.257215714991811, 1.1252593327056193, -2.657688759261208, False
6.117484618498544, -3.0264009790999884, 2.807144732623555, False
5.743892023404181, 3.324027194045641, 1.8944144531697233, False
-6.275027475920257, 3.5472263349612323, 3.0204163136819204, True
-1.1350071573645604, -1.166766034983933, 0.14872955649222463, False
-2.8942882939980876, -5.212140373629752, 1.3042765535910323, False
2.394642174954246, 4.809409039047278, 1.5465379469581109, False
-4.33019886801076, 3.4719096656070434, 0.4938576993899835, False
4.526489719200471, 1.158791501784635, -0.09920504334628388, False
-4.006693297680643, 5.025601735733728, -1.800297727831427, False
4.557369763002814, -2.8418594439324747, -2.0279330169863186, True
3.918459092592986, 2.773020861169641, 1.8352162074706815, False
-6.109879724491806, -2.082092450785348, 0.602696604184862, False
0.9549060354218071, -0.7106673068415219, -2.593891305667321, True
-0.04445363152861326, -2.6461597530097802, -2.5252967118026914, False
2.465402654495005, -3.415388651399599, 2.141146400676069, False
0.5321489808447915, 5.695297384128422, -1.3224967546858195, True
0.052052437050538636, 5.4835749359981385, -0.5301826819846847, False
-4.492775010671989, 0.23378295857521003, 2.297656038841989, False
3.7169876302685925, 0.0625289098841817, -1.661873494810153, False
-3.7768503766150507, 1.5283541111341528, 1.3260467271640302, False
-5.662514910828767, 5.303455326047917, 2.0933575118174197, True
-0.14382988894490367, -1.588028538268449, -0.1967012913374271, False
-4.914127300880601, -4.639019126317303, -1.2952056357785218, False
-1.8072947808863837, 4.388965165764009, 1.8946660147438221, False
-1.1264922943060416, -5.532015270875173, 1.5575208636291364, False
1.8765814698231456, 0.5229183686193819, 2.28394196804377, False
-0.5842975473768659, 0.8897858967181147, 0.4664082394665545, False
-3.2475052875089276, -6.064655669038978, -1.9129369697240117, False
-3.425139911434186, 0.028231024576975017, -0.186539619203141, False
5.521288892908904, -5.377603163593718, -1.697718118419451, False
-3.380056981230977, 4.2484424426132925, -2.772280070684264, False
5.554762165817898, 4.906560351273415, 0.863661672587229, False
3.5769546191549395, 6.059755575368454, 2.1113466829315213, False
-5.803579160407944, 4.64975125364731, -1.8573485043782905, False
-3.3610329565397983, -0.15752468486156435, 2.7340456656076135, False
-5.572497222161269, -3.917184535264081, -1.534054577619261, False
-3.9758955082672203, 3.623585244963417, 0.15769847152875194, False
0.42066931756000603, -2.788928566956263, -0.6326967501529901, False
-1.490750565314599, 3.940639161258602, 3.1063055034844345, True
2.846189478889391, -3.5214788157737105, 2.8221077752089796, False
-6.15113626760161, 3.157884508465397, 0.791541570924172, False
-5.893930423779514, -1.8360594133727028, -1.9301933841865404, False
4.491323520977364, -1.4898375493339708, 0.7312614714313677, False
-1.4470795959718252, 5.669155189023115, -1.3942741677589108, False
-0.36586514119085844, -4.009956813629502, -0.11325909069117612, False
-0.6062413715058339, 3.321700459871632, -1.5426168594054237, False
3.852528611829406, -2.1533166711240774, 0.2146557472741608, False
-5.0344216741897405, 2.659657484144711, -1.8305581820636259, False
-1.4894586965262162, 5.464433788721971, -0.8940640351783586, False
-6.162482280447891, -4.324254224388129, -0.651466140814319, False
2.6580452834499013, 4.771914955990603, 1.5197016169468185, False
-1.9560009638901859, 4.692811169723052, -2.2010910965648502, True
-4.057645831888643, 3.749849440002432, 0.13159862837583836, False
4.924222693802381, -0.34366035904504066, 0.5478191755760373, False
-0.2615346017015012, -3.551784923760777, -2.5966834163342987, False
-4.350931251996503, 4.4306323846862, -0.08232169439788484, False
-0.13149602419530204, 5.9168396994040915, 0.23643740463091634, False
-4.460034012382583, -5.5110324266069775, -1.1850236978174435, False
3.157744381171245, 4.109229628526192, -3.0572362567379066, True
1.4198648828459142, -0.4891762025424171, -1.9926647244688183, True
0.4255079159937969, 4.751172513125439, 0.7701529927423776, False
-4.0317524848168524, -0.3514316635502652, -1.2093354002454473, False
3.3776469650827714, -0.5652823563654135, 1.3453146940314085, False
4.822597314329885, 5.883921946586106, -0.9382957341387592, False
-3.8781146663770714, 1.8385787187018074, -0.7727658624980815, False
-5.444208760610535, -4.750117914499669, 0.187133668706569, False
-2.6893817857944327, 4.392184271553706, 0.5706439603472151, False
-0.8351261803764132, 3.8706498302760473, 0.07972920361508917, False
0.619526875249834, 6.158257918151472, -1.085234108771929, True
2.4015745348278053, 5.769881079430174, -2.596026421904006, False
-5.62586874208828, -3.1804146215480222, -2.031029203443423, False
-0.750406223792468, -4.748076040189051, 1.5606537962886105, False
-2.833656252214466, 4.183142931094601, 2.9215820886512374, True
-6.127919353606861, 1.4172907952742353, 1.374374687639679, False
5.998212747762363, 2.6038745260425227, 0.3210387499473648, False
5.8983518110801345, -5.361987476283281, 1.7945913862748384, False
1.088217176978386, 4.759429466385878, -0.9393154693362846, False
-0.9839880513665298, -0.7509522682876115, -0.3855593667729922, False
-0.9939033329445017, -0.5160118656045469, -0.5433344720084357, False
-2.1746307572415597, 4.646648659952163, -1.8927124097583932, True
-5.662948097991396, 2.8374498263831462, -3.105978365669678, True
-5.248738993937483, 6.231799916781341, 1.033404387275751, True
2.7415461223411945, -3.1164283874249588, -2.0803272358931624, False
-0.032572653058690726, 6.04847223548078, 2.8680137032827, True
-0.3386804998512094, -4.5529372104884756, -0.879528137987069, False
-3.027513310731566, 2.4186918555927868, 0.8446840685135242, False
1.0429720906064555, 3.014558351953763, -0.5391278764858853, False
3.6540397163898035, 1.6162597039616928, 2.9575996497518595, True
4.380656446062581, 5.853893767806371, 3.0051967170300573, True
-2.1897888148764535, -0.020359401066286864, -1.270703775697173, False
-2.4812545688717824, 3.7689558848527422, 0.47890554937364893, False
3.6368802513175655, -1.6543813429867251, -1.4486756836006291, False
-3.6820980283559073, -1.9228906370575558, -2.0133559602486386, False
-5.51916880389504, -2.240595018355995, -0.19952704268717314, False
4.99191528866257, 0.07639136983750916, 2.5892572415078297, False
-0.07204522638835975, -6.240717759919544, 2.034875666187916, False
-5.817669919045952, 1.6719713391538562, -0.23824996762952955, False
-5.269521531107839, -1.3493563269494304, -0.3315969164168422, False
-1.931798786932009, -4.575031863129476, -2.4230111709988216, False
1.2911081522832406, 0.15235205243753835, 2.363236358778436, True
4.826477813173629, 3.6828973253776045, 0.5675843908548428, True
-0.4866079386380626, 0.7782389025579919, 1.5722639922307868, False
2.599955461072449, -2.6220086642584675, -2.826238805886145, False
-3.400199779808506, 5.5951927348393635, 2.0369015869241647, False
2.4334740315151233, -5.997880423940511, -1.6236715779926802, False
3.194775029911524, -6.111776475298242, 1.4830061152817668, False
3.1913505217621196, -1.7328352688743331, -2.22620189424289, False
-0.5613720409239829, 5.283735477524502, 2.2161605860572777, False
-2.6030288840890163, -5.57455640775637, -2.708296865425654, False
3.294458589840751, -5.890802242143706, -0.8208588413615079, False
-0.013870917183869125, -4.606217550241925, -1.7305469815841605, False
1.0633055657064414, -3.720022696646505, 1.0314947653456459, False
-2.2864346115566785, -5.831918098908817, -1.3667128355340976, False
-5.715933461828896, -0.9951361664712657, -1.9927834028408453, True
1.42319945173214, -5.455680960571977, -0.030219046001925154, False
4.068775655996982, -2.663692774140577, -1.860146432843292, True
4.009571088915564, -5.523340774784153, -0.42786242010813424, False
3.9062462006867253, 1.1883527320729632, 2.9882700316723625, True
-5.077803366793343, 2.6446472984138882, 2.2319941862788877, False
-5.636783073655087, 5.421209440446713, -3.09578900321178, True
-4.0344579057671766, -3.2668199915749425, -2.8058832050802676, False
1.0944782601213179, -4.0321494550168655, -2.075000029701921, False
2.282586096192645, 2.7573049245473698, 3.108637423319027, True
4.296482213453235, -3.9702961306642433, 2.6994364000121207, False
5.08669352993136, -1.9122337603934367, -2.3911300641042326, False
-4.146613777798315, -3.3754579810544443, -2.450596802876354, False
-4.202662146817646, 2.3816826416211043, 1.1608107110083576, False
-5.269610289327983, 2.30425786882231, -2.617985138107082, False
-1.2344742274478149, 1.71561331019124, 1.3386594948533297, False
-5.559635992798518, -1.4451974650047203, -0.305020987250185, False
-5.179521479756838, -4.68496831722488, 2.775499688343105, False
0.021028793284171066, 4.672817803432247, 1.3925971032189821, False
4.4019781378255285, 4.9169312898726805, 1.4646974907102113, False
-5.47642415172473, -1.7702303574550022, 0.5222409923540186, False
3.8495368304534647, 4.200992747213117, -1.9041556033112628, False
1.2535244711768518, -2.4111482972204743, 0.2476722722388791, False
3.301222086890128, -1.1407443230981729, -2.483829967261677, False
2.4809294040177203, -3.3339086002581015, -0.021523358864090625, False
-2.4264443824030155, -5.728658985725856, 0.5012477946532337, False
-5.684313161716884, 0.7388859510853907, -0.7595233671427022, True
1.5881038742347044, 3.259749074559549, 2.091084169009492, False
0.28730031240180676, -2.588468954290684, -1.0170119336411374, False
-2.156206501372962, -0.3065974793631856, 1.5684146136491357, False
-6.0990204540237825, -0.8615289913500304, 3.13475975969257, True
-0.3839780195600646, -3.3605438490123465, -0.3867437325827856, False
2.1556771633849863, 4.336161839362827, -2.8370777775172287, False
-3.0525038346087547, -2.6994524026047504, -1.7548592735223476, False
6.014937662287382, 4.041987894693737, 0.42965740949297127, False
2.7547629979816026, 2.7158939311167813, 1.1031127631254574, False
1.1828265735708703, 0.04684632498569474, -2.2244905200142493, True
4.549934034319355, -4.574615007814077, -1.734909174965385, False
5.369528571315431, 0.3942902964108681, 0.44220365317746113, False
-5.275170424028028, 3.775390916839502, -0.16493450663174203, False
2.1989395961906286, 4.30325307505225, -0.5961871736799997, False
1.817173576705338, 4.35320949390762, 1.1154812534238614, False
5.738674432208329, 1.3260099247084813, 1.2519982399597334, False
-1.0954877535307688, -4.954810268481475, -0.36627197045792714, False
0.5094591320436228, -1.4032868914933525, -1.3186342505327404, False
-4.526944326720097, 4.607849725942241, -0.8484932662031999, False
6.008783520089263, 3.71746352616592, 2.8474805238170386, False
