-3.696210591717644, 4.863419450514366, 1.8769436629283653, -0.30628853028943315, -0.18529044853668986, 0.18972857267334584, False
4.852832505570726, 2.634863948725963, -2.305210663428869, -0.30628853028943315, -0.18529044853668986, 0.18972857267334584, True
-3.2065109942974654, -3.0318631920738772, 2.409068613080416, -0.30628853028943315, -0.18529044853668986, 0.18972857267334584, False
-4.590218982982209, -3.975863517362963, -1.069415615894397, -0.30628853028943315, -0.18529044853668986, 0.18972857267334584, True
2.2084933328421066, 2.548396856466068, 1.611862110125604, -0.30628853028943315, -0.18529044853668986, 0.18972857267334584, True
4.365847519071426, -1.2424455439435178, -1.0907287634216627, -0.30628853028943315, -0.18529044853668986, 0.18972857267334584, False
1.386064488851435, -1.9687740557031201, 2.0167314815409645, -0.30628853028943315, -0.18529044853668986, 0.18972857267334584, True
6.015476983248007, 0.23838955299452635, 1.2670661768997675, -0.30628853028943315, -0.18529044853668986, 0.18972857267334584, True
2.133840202198817, 3.6207218082526484, 0.46422249859216036, -0.30628853028943315, -0.18529044853668986, 0.18972857267334584, False
0.15013484929699494, -1.3419929723612132, -3.0543591008533744, -0.30628853028943315, -0.18529044853668986, 0.18972857267334584, True
-3.653775997356861, -6.1768738366169815, 2.363856769094993, -0.30628853028943315, -0.18529044853668986, 0.18972857267334584, True
-1.3782015506308003, 1.1470940757057715, 2.8671618203922904, -0.30628853028943315, -0.18529044853668986, 0.18972857267334584, True
-2.2041033646795833, -0.9073644576396118, -2.7386103504152377, -0.30628853028943315, -0.18529044853668986, 0.18972857267334584, False
1.6295104381709056, 4.086015738908818, -0.9915421215718863, -0.30628853028943315, -0.18529044853668986, 0.18972857267334584, False
-3.784791197576014, -5.904368437330042, 2.1114648093468524, -0.30628853028943315, -0.18529044853668986, 0.18972857267334584, True
4.440897294253281, 0.007522137870301648, -3.1262273067945503, -0.30628853028943315, -0.18529044853668986, 0.18972857267334584, True
1.8105550446915721, 0.5407133884605413, 1.8433770959813813, -0.30628853028943315, -0.18529044853668986, 0.18972857267334584, True
1.0164400979280988, -3.3812597196830154, -2.668414929800755, -0.30628853028943315, -0.18529044853668986, 0.18972857267334584, True
0.04166648446350418, -0.6529689094139792, -1.7025037655734736, -0.30628853028943315, -0.18529044853668986, 0.18972857267334584, False
-3.0920764050413676, 5.204384252657821, -1.5326107084281237, -0.30628853028943315, -0.18529044853668986, 0.18972857267334584, False
2.486681919216622, 4.5248421316342355, 1.8158687320171039, -0.30628853028943315, -0.18529044853668986, 0.18972857267334584, False
5.448810921509992, 2.4814838928689564, 2.8577448985476472, -0.30628853028943315, -0.18529044853668986, 0.18972857267334584, True
5.443667113540451, 1.9572204830267257, -2.1577285260349646, -0.30628853028943315, -0.18529044853668986, 0.18972857267334584, True
4.3634687044716625, 6.061701008485333, 1.1934220021539357, -0.30628853028943315, -0.18529044853668986, 0.18972857267334584, True
-1.8701104562275708, -5.863989928577423, -0.9947976000036438, -0.30628853028943315, -0.18529044853668986, 0.18972857267334584, True
3.4364646273989177, -0.7672777203588002, 2.60078833659652, -0.30628853028943315, -0.18529044853668986, 0.18972857267334584, True
-3.296970245986612, -2.5777848943729604, 0.9630717278360414, -0.30628853028943315, -0.18529044853668986, 0.18972857267334584, False
4.687366753388927, -6.195378829208728, -2.9656654906750686, -0.30628853028943315, -0.18529044853668986, 0.18972857267334584, True
5.2801915942343705, 3.838799241135238, -1.2558848829415412, -0.30628853028943315, -0.18529044853668986, 0.18972857267334584, False
3.9317011065629153, 5.044335101166968, 1.4086431083780946, -0.30628853028943315, -0.18529044853668986, 0.18972857267334584, False
0.03931811491331416, -2.269177263910068, 1.8880245199469279, -0.30628853028943315, -0.18529044853668986, 0.18972857267334584, False
-2.2187755446877224, 1.331397842474085, 1.5350995041875475, -0.30628853028943315, -0.18529044853668986, 0.18972857267334584, True
2.444081807237028, -3.52525787657082, -3.1181754128369517, -0.30628853028943315, -0.18529044853668986, 0.18972857267334584, True
-6.161662581744921, 2.8433293202309837, -1.3610613483446774, -0.30628853028943315, -0.18529044853668986, 0.18972857267334584, True
5.703790882069455, -4.321498142854118, -1.1094802385277718, -0.30628853028943315, -0.18529044853668986, 0.18972857267334584, True
4.324929687674722, -1.706180564202735, 1.358191233810957, -0.30628853028943315, -0.18529044853668986, 0.18972857267334584, False
0.2721279416683755, 1.6840596892517965, 0.7802890976690655, -0.30628853028943315, -0.18529044853668986, 0.18972857267334584, True
-0.7617919326201346, 0.2319278909228757, 2.904247204161673, -0.30628853028943315, -0.18529044853668986, 0.18972857267334584, True
2.6882887298957243, 1.9841665889212052, -1.8932638330409528, -0.30628853028943315, -0.18529044853668986, 0.18972857267334584, True
-5.342717277378146, -4.958145264508582, 0.40492768245389144, -0.30628853028943315, -0.18529044853668986, 0.18972857267334584, True
-3.7251634080603817, -1.229715264156253, 0.806084113694451, -0.30628853028943315, -0.18529044853668986, 0.18972857267334584, True
4.968236053698584, 0.037434988916565715, -0.022841889967050832, -0.30628853028943315, -0.18529044853668986, 0.18972857267334584, False
-6.161509562346583, -2.6460470850457254, 2.536005527851901, -0.30628853028943315, -0.18529044853668986, 0.18972857267334584, False
4.854436456433087, -3.9300353670195887, 0.649290944252074, -0.30628853028943315, -0.18529044853668986, 0.18972857267334584, True
6.167782748924539, -3.5207506196446876, 2.8914196438857163, -0.30628853028943315, -0.18529044853668986, 0.18972857267334584, True
5.478224484705679, -1.2752947523552116, 0.08846839610136348, -0.30628853028943315, -0.18529044853668986, 0.18972857267334584, False
-2.679681279558621, 3.0552326925122504, 0.9833517071600948, -0.30628853028943315, -0.18529044853668986, 0.18972857267334584, False
4.1739136108657995, 3.932238280443812, 1.9646082335474677, -0.30628853028943315, -0.18529044853668986, 0.18972857267334584, False
-0.09194295727030344, 0.5906880943992112, -1.758291298158564, -0.30628853028943315, -0.18529044853668986, 0.18972857267334584, True
-3.027451921730595, 5.461509690882027, -2.0494018950264294, -0.30628853028943315, -0.18529044853668986, 0.18972857267334584, True
-4.225082735829307, -1.6403300379293144, 2.174131433905698, -0.30628853028943315, -0.18529044853668986, 0.18972857267334584, False
-5.353340053831244, 5.750584870414594, -1.353324801757873, -0.30628853028943315, -0.18529044853668986, 0.18972857267334584, False
-3.8399322045093265, 4.567687596382221, -1.1443646810118233, -0.30628853028943315, -0.18529044853668986, 0.18972857267334584, False
5.952357892168392, -1.2907544292228765, -3.095525007468309, -0.30628853028943315, -0.18529044853668986, 0.18972857267334584, True
-4.848280323993613, 5.638712227651464, 2.828366770183041, -0.30628853028943315, -0.18529044853668986, 0.18972857267334584, False
-6.247412381544075, -5.0453565661282695, 0.8985779861055088, -0.30628853028943315, -0.18529044853668986, 0.18972857267334584, True
2.5567966365144272, -4.727480487615317, 3.080328174839578, -0.30628853028943315, -0.18529044853668986, 0.18972857267334584, True
4.864337643904728, -3.1218911820948927, -0.008025886778792568, -0.30628853028943315, -0.18529044853668986, 0.18972857267334584, False
-5.435415903833145, -5.491929100105797, 1.3938665028121422, -0.30628853028943315, -0.18529044853668986, 0.18972857267334584, True
0.5084638785239166, -1.0569857741550708, 0.2821415995885821, -0.30628853028943315, -0.18529044853668986, 0.18972857267334584, False
-5.683144034717838, 4.964470682356673, 2.381103634019026, -0.30628853028943315, -0.18529044853668986, 0.18972857267334584, False
-4.010827709283587, 3.567507867278513, 1.5424660387618294, -0.30628853028943315, -0.18529044853668986, 0.18972857267334584, False
0.5009930605848156, 3.4408596906991047, 0.4910891820430474, -0.30628853028943315, -0.18529044853668986, 0.18972857267334584, True
-2.2138048389157143, -5.600133102849281, 1.769717387498945, -0.30628853028943315, -0.18529044853668986, 0.18972857267334584, True
3.6427759124554573, -3.9280683616411673, 0.641409532084658, -0.30628853028943315, -0.18529044853668986, 0.18972857267334584, True
5.587372099352031, 1.086424014372466, 2.212296894733689, -0.30628853028943315, -0.18529044853668986, 0.18972857267334584, True
-4.171385513261157, -2.4759672616549606, 1.6177541626381613, -0.30628853028943315, -0.18529044853668986, 0.18972857267334584, False
3.145971381842555, -0.13461018064849117, 2.4076070854000573, -0.30628853028943315, -0.18529044853668986, 0.18972857267334584, True
-4.165327895221996, -0.41557265100142615, 2.5187397690079774, -0.30628853028943315, -0.18529044853668986, 0.18972857267334584, True
2.4583078215122907, -2.1875268483464483, -0.49191351380097625, -0.30628853028943315, -0.18529044853668986, 0.18972857267334584, False
-5.025309902258517, 0.7885502835191192, -1.7125698403700016, -0.30628853028943315, -0.18529044853668986, 0.18972857267334584, True
2.5972664567929193, 0.654121442079945, 1.6237454314637363, -0.30628853028943315, -0.18529044853668986, 0.18972857267334584, True
-6.020301572229462, -4.111578995790197, -0.28394239251046516, -0.30628853028943315, -0.18529044853668986, 0.18972857267334584, True
-4.208768265619758, -4.1444439533923845, 0.6910257350598603, -0.30628853028943315, -0.18529044853668986, 0.18972857267334584, True
0.9853581580942263, -2.314861836413762, 2.225342018257983, -0.30628853028943315, -0.18529044853668986, 0.18972857267334584, True
5.625632869859668, 5.0279362613580645, -1.1222435293428767, -0.30628853028943315, -0.18529044853668986, 0.18972857267334584, False
4.163221711055826, 5.605472503742611, -1.6139790436123518, -0.30628853028943315, -0.18529044853668986, 0.18972857267334584, False
1.4897403957352804, -0.4343162072231612, -1.8171127623637136, -0.30628853028943315, -0.18529044853668986, 0.18972857267334584, False
4.096181634258581, -5.709306677586937, 2.096949170501394, -0.30628853028943315, -0.18529044853668986, 0.18972857267334584, True
0.3276890466232185, -5.578298623669198, 3.05290087873989, -0.30628853028943315, -0.18529044853668986, 0.18972857267334584, True
0.5906080038094261, -5.810803917010431, -1.5843759108360496, -0.30628853028943315, -0.18529044853668986, 0.18972857267334584, True
6.164072184569186, 0.5846827260802181, 0.7483676953475591, -0.30628853028943315, -0.18529044853668986, 0.18972857267334584, True
1.0002645701023862, -2.6383839380041914, -0.13080409586597153, -0.30628853028943315, -0.18529044853668986, 0.18972857267334584, True
0.7620307506091004, 4.569491021772677, 1.8735532774622916, -0.30628853028943315, -0.18529044853668986, 0.18972857267334584, False
-3.7755121384172674, -4.78362962022352, 2.9991629809106426, -0.30628853028943315, -0.18529044853668986, 0.18972857267334584, True
1.7235436422501778, 1.858829905338066, -3.122256768259827, -0.30628853028943315, -0.18529044853668986, 0.18972857267334584, True
0.6023156169791539, 1.8976183840211345, 0.04463387451749634, -0.30628853028943315, -0.18529044853668986, 0.18972857267334584, True
3.2551033371904197, -1.112086877954332, -2.992922016733175, -0.30628853028943315, -0.18529044853668986, 0.18972857267334584, True
0.633532238872613, -5.820320134610159, -1.3347777455128282, -0.30628853028943315, -0.18529044853668986, 0.18972857267334584, True
-2.46260231167423, 5.853929092858955, -1.233002701720858, -0.30628853028943315, -0.18529044853668986, 0.18972857267334584, True
4.563775296819861, 5.345972081844424, 0.00831023201983383, -0.30628853028943315, -0.18529044853668986, 0.18972857267334584, False
-4.297397322002374, 1.8664083382141197, -2.0019670978251494, -0.30628853028943315, -0.18529044853668986, 0.18972857267334584, True
-5.114020544523201, -4.101221879410701, 3.0551286925912535, -0.30628853028943315, -0.18529044853668986, 0.18972857267334584, True
-2.588524223619518, 2.082006359620305, -3.048200583029433, -0.30628853028943315, -0.18529044853668986, 0.18972857267334584, True
-5.93484489519708, -0.6390410151950148, -2.015615037869982, -0.30628853028943315, -0.18529044853668986, 0.18972857267334584, False
-2.469648921158074, 5.585301966299884, 1.6379515990129327, -0.30628853028943315, -0.18529044853668986, 0.18972857267334584, True
4.106670786490675, 2.9163177798575273, 2.45327804748337, -0.30628853028943315, -0.18529044853668986, 0.18972857267334584, True
2.2149906112190756, 2.2429432684022306, -1.6174402101275065, -0.30628853028943315, -0.18529044853668986, 0.18972857267334584, True
1.1288454036773654, -4.886438602422262, 0.3270005234195916, -0.30628853028943315, -0.18529044853668986, 0.18972857267334584, True
-3.2698326874786834, 1.847544708858667, -0.022641449799071456, -0.30628853028943315, -0.18529044853668986, 0.18972857267334584, True
0.25617320053794046, -5.886806596656585, -1.8431814950254823, -0.30628853028943315, -0.18529044853668986, 0.18972857267334584, True
5.981374781288746, -2.269223685684314, 2.084459799021599, -0.30628853028943315, -0.18529044853668986, 0.18972857267334584, False
0.8269437586990023, 0.021603977531174046, 2.2438555470537738, -0.30628853028943315, -0.18529044853668986, 0.18972857267334584, True
4.8156202204597065, -1.5956965103511171, -2.9028711149281103, -0.30628853028943315, -0.18529044853668986, 0.18972857267334584, True
-3.9710353015394055, -3.935082309781173, 2.1042926219512017, -0.30628853028943315, -0.18529044853668986, 0.18972857267334584, True
-2.426765599785305, 4.63048618356601, -0.16077999426283407, -0.30628853028943315, -0.18529044853668986, 0.18972857267334584, False
-3.871586272450753, -2.2475389312112366, 0.22052312001117746, -0.30628853028943315, -0.18529044853668986, 0.18972857267334584, False
-1.6445146256529943, 5.914597707072337, 0.5182431423962779, -0.30628853028943315, -0.18529044853668986, 0.18972857267334584, False
-2.5532416692308266, -2.1316556817667154, 2.0571902510725515, -0.30628853028943315, -0.18529044853668986, 0.18972857267334584, False
2.9830432328066845, -2.6809788561486982, 1.4686047678961147, -0.30628853028943315, -0.18529044853668986, 0.18972857267334584, False
2.8462097938677218, 3.98611387597032, 2.5393784551140017, -0.30628853028943315, -0.18529044853668986, 0.18972857267334584, False
-4.603855438560569, 5.691985298131497, -2.0102090176939473, -0.30628853028943315, -0.18529044853668986, 0.18972857267334584, False
-4.526246073614956, 2.5709531474463887, 2.2941789511266446, -0.30628853028943315, -0.18529044853668986, 0.18972857267334584, True
1.0605186995169698, 2.0816202429569852, -2.3608046973457735, -0.30628853028943315, -0.18529044853668986, 0.18972857267334584, True
1.9403249738361747, -1.992633507305217, -1.1088404385709132, -0.30628853028943315, -0.18529044853668986, 0.18972857267334584, False
-5.770865025479666, 5.208965489502209, 0.0349095186753976, -0.30628853028943315, -0.18529044853668986, 0.18972857267334584, False
4.226560715275436, -0.509705669643501, -2.437041442288697, -0.30628853028943315, -0.18529044853668986, 0.18972857267334584, False
-2.41978156447994, -4.987957421764766, 2.1665378256919157, -0.30628853028943315, -0.18529044853668986, 0.18972857267334584, True
1.9726474998377928, 2.356814370663418, 2.21923431094673, -0.30628853028943315, -0.18529044853668986, 0.18972857267334584, True
-2.314067915689134, 4.973582005748053, -2.571903609277565, -0.30628853028943315, -0.18529044853668986, 0.18972857267334584, False
-0.6836142011593269, 4.433065354921654, 0.5170340984615258, -0.30628853028943315, -0.18529044853668986, 0.18972857267334584, False
1.8237802060879957, 4.582286088090241, 1.6378580858810787, -0.30628853028943315, -0.18529044853668986, 0.18972857267334584, False
1.3498272455659404, -0.028154596052160308, -0.35062067431093036, -0.30628853028943315, -0.18529044853668986, 0.18972857267334584, False
1.5665179592441083, -0.9032266231507302, 2.2619679366250134, -0.30628853028943315, -0.18529044853668986, 0.18972857267334584, False
-4.541829331133643, -4.655126488806857, 2.5840633412710403, -0.30628853028943315, -0.18529044853668986, 0.18972857267334584, True
-0.16133814341132346, -4.166996232529865, -3.0624351804302203, -0.30628853028943315, -0.18529044853668986, 0.18972857267334584, True
-1.053413520139956, 5.708442736648074, -2.7013735698136494, -0.30628853028943315, -0.18529044853668986, 0.18972857267334584, False
-5.461522218490821, 1.0290709775899423, 1.1958972975049216, -0.30628853028943315, -0.18529044853668986, 0.18972857267334584, True
-2.0168368895828115, 2.4778167782561145, 1.2467325569488867, -0.30628853028943315, -0.18529044853668986, 0.18972857267334584, True
1.1509483440025603, -2.988556829087629, -1.8321821766665363, -0.30628853028943315, -0.18529044853668986, 0.18972857267334584, True
-1.4714641231082792, -3.43015938387993, 0.452964583114992, -0.30628853028943315, -0.18529044853668986, 0.18972857267334584, True
2.4509535218841894, 5.92335687640662, -2.711869559976659, -0.30628853028943315, -0.18529044853668986, 0.18972857267334584, True
4.523395706107818, -3.094940774272934, -1.1278640896064793, -0.30628853028943315, -0.18529044853668986, 0.18972857267334584, True
1.4691636355498332, 2.206628229508812, -1.7717578674282963, -0.30628853028943315, -0.18529044853668986, 0.18972857267334584, True
-1.6069287332970408, 4.1549333983289625, -2.066156948625321, -0.30628853028943315, -0.18529044853668986, 0.18972857267334584, False
-2.2323011356191405, 5.1962154814481, -1.068850343190419, -0.30628853028943315, -0.18529044853668986, 0.18972857267334584, False
-3.6542598320795037, 5.815136600349776, 2.774392650936006, -0.30628853028943315, -0.18529044853668986, 0.18972857267334584, True
4.659228603385852, 5.810838359033793, 0.6685962491632762, -0.30628853028943315, -0.18529044853668986, 0.18972857267334584, False
2.181105662326475, 1.9525029124759428, 0.35545905166782266, -0.30628853028943315, -0.18529044853668986, 0.18972857267334584, True
5.02114481132436, 4.170523359488271, -2.4597664509707124, -0.30628853028943315, -0.18529044853668986, 0.18972857267334584, False
1.1863317428629463, -5.282594842021706, 0.29495684339159345, -0.30628853028943315, -0.18529044853668986, 0.18972857267334584, True
-3.3755091636577137, 1.1547354453903145, -2.3807988694444413, -0.30628853028943315, -0.18529044853668986, 0.18972857267334584, True
1.3387612789029033, 0.8926875326015153, 1.047989189085694, -0.30628853028943315, -0.18529044853668986, 0.18972857267334584, True
-3.7977126251267266, -5.929634379859709, -1.2952367071710924, -0.30628853028943315, -0.18529044853668986, 0.18972857267334584, True
1.753537522251916, -3.087661671823251, 1.539862932736396, -0.30628853028943315, -0.18529044853668986, 0.18972857267334584, False
-4.958193560308167, 5.995582565615049, 0.12665719864030178, -0.30628853028943315, -0.18529044853668986, 0.18972857267334584, False
3.8663341693334594, 4.94378118578871, -2.0255668431488054, -0.30628853028943315, -0.18529044853668986, 0.18972857267334584, False
6.228445290326446, 5.789069478440105, 0.5249629929862172, -0.30628853028943315, -0.18529044853668986, 0.18972857267334584, False
4.2483365056094655, 5.9531986150967455, 1.2310195822143362, -0.30628853028943315, -0.18529044853668986, 0.18972857267334584, True
-0.08976913509302165, -3.142091976776391, -1.3845398163359866, -0.30628853028943315, -0.18529044853668986, 0.18972857267334584, True
-0.5113449378377126, -1.435458586038398, -0.026361827620223988, -0.30628853028943315, -0.18529044853668986, 0.18972857267334584, False
-3.160032173557158, 0.8443360828892548, 2.913452829473232, -0.30628853028943315, -0.18529044853668986, 0.18972857267334584, True
-4.819297079266131, -0.880366695046308, -0.40277143738636934, -0.30628853028943315, -0.18529044853668986, 0.18972857267334584, False
-5.173020865158372, 0.3347709398055292, -1.021317783883147, -0.30628853028943315, -0.18529044853668986, 0.18972857267334584, True
0.05419131273122879, 3.620836222041481, 1.011938079331891, -0.30628853028943315, -0.18529044853668986, 0.18972857267334584, False
2.566496566213564, 0.22395621541916189, -1.7704701652142645, -0.30628853028943315, -0.18529044853668986, 0.18972857267334584, True
4.7387908869546695, 4.059583555836847, 1.4316991988097687, -0.30628853028943315, -0.18529044853668986, 0.18972857267334584, False
-3.2466333044479145, 4.113719357628618, -0.44728372080703904, -0.30628853028943315, -0.18529044853668986, 0.18972857267334584, False
2.18064800805198, 3.311059467385947, 0.022805926065462945, -0.30628853028943315, -0.18529044853668986, 0.18972857267334584, False
3.7587495260968318, -5.28429894232942, 0.7435872592136401, -0.30628853028943315, -0.18529044853668986, 0.18972857267334584, True
5.1243227043756026, -2.751217911434255, 0.8526136786508167, -0.30628853028943315, -0.18529044853668986, 0.18972857267334584, False
4.431979984120636, 0.9112897422995516, -0.26272247416728334, -0.30628853028943315, -0.18529044853668986, 0.18972857267334584, True
-4.8014518035936895, 3.0097395349804703, -2.901914099759743, -0.30628853028943315, -0.18529044853668986, 0.18972857267334584, True
1.4342720553542474, -2.689247867331882, -3.0045984675977015, -0.30628853028943315, -0.18529044853668986, 0.18972857267334584, True
-4.838101231509958, 4.039587381448722, -0.02938110639089997, -0.30628853028943315, -0.18529044853668986, 0.18972857267334584, True
-0.7044535952088209, -2.233313082556738, 1.35534377320164, -0.30628853028943315, -0.18529044853668986, 0.18972857267334584, False
4.731297334549597, -1.3847185524220214, -0.891152916533156, -0.30628853028943315, -0.18529044853668986, 0.18972857267334584, False
-2.9623144835303865, -2.1592064410349483, 0.6044007216177669, -0.30628853028943315, -0.18529044853668986, 0.18972857267334584, False
-0.046751017694897534, -2.293040941037018, -0.8564053314847144, -0.30628853028943315, -0.18529044853668986, 0.18972857267334584, False
-3.7399359172926623, -5.026685237405006, -2.994280039103571, -0.30628853028943315, -0.18529044853668986, 0.18972857267334584, True
-3.1467899200029192, 2.2955411082991066, 2.8470166417842577, -0.30628853028943315, -0.18529044853668986, 0.18972857267334584, True
3.2561464416634287, -0.7874141711181828, -0.36225305106559214, -0.30628853028943315, -0.18529044853668986, 0.18972857267334584, True
4.687325505510964, -4.703233960852606, -2.5740825203415234, -0.30628853028943315, -0.18529044853668986, 0.18972857267334584, True
2.795986215361866, -1.8712089535403225, 2.971348530771105, -0.30628853028943315, -0.18529044853668986, 0.18972857267334584, True
5.517172786344943, -1.3147880491765003, -0.18817218102507294, -0.30628853028943315, -0.18529044853668986, 0.18972857267334584, False
-5.959022305532112, 3.652251372921052, 2.1417336755296317, -0.30628853028943315, -0.18529044853668986, 0.18972857267334584, True
-0.7820740113756663, -2.295165142173057, 2.2262111261963824, -0.30628853028943315, -0.18529044853668986, 0.18972857267334584, False
-5.333732855871463, 2.3382674872938622, 0.5237742539371761, -0.30628853028943315, -0.18529044853668986, 0.18972857267334584, True
-5.448995359086601, 6.2359525346261115, 1.744041240781745, -0.30628853028943315, -0.18529044853668986, 0.18972857267334584, True
5.963576766995184, 1.6448392095803026, -0.39053117903671186, -0.30628853028943315, -0.18529044853668986, 0.18972857267334584, True
-2.152540433805152, -3.9470356103040456, -2.6090538832521273, -0.30628853028943315, -0.18529044853668986, 0.18972857267334584, True
6.23854814651604, 1.2726312016870018, 2.963689231699597, -0.30628853028943315, -0.18529044853668986, 0.18972857267334584, True
-5.492961846381883, -5.210835868983072, -0.8407872248424422, -0.30628853028943315, -0.18529044853668986, 0.18972857267334584, True
-1.2053583713305844, 5.93928575831834, -2.855710528596528, -0.30628853028943315, -0.18529044853668986, 0.18972857267334584, False
2.851581968273818, 4.76922254787106, -1.4216917780521166, -0.30628853028943315, -0.18529044853668986, 0.18972857267334584, False
-3.064947061920339, 1.1975178318186437, 0.6469168432114958, -0.30628853028943315, -0.18529044853668986, 0.18972857267334584, True
2.0615211437000625, -5.132181405625066, 1.3777109789706543, -0.30628853028943315, -0.18529044853668986, 0.18972857267334584, True
-5.424519130820613, -3.9629046247387714, 0.3852988120875267, -0.30628853028943315, -0.18529044853668986, 0.18972857267334584, True
0.7955433778435506, -1.850734016320061, -0.6195919712597924, -0.30628853028943315, -0.18529044853668986, 0.18972857267334584, False
-0.8792767577616871, -5.1077233803582205, 2.7649589978380904, -0.30628853028943315, -0.18529044853668986, 0.18972857267334584, True
4.358822366157618, 3.090856286268016, -1.8066001242762322, -0.30628853028943315, -0.18529044853668986, 0.18972857267334584, True
0.6810486188353746, -4.569421876408704, -1.0504342433609368, -0.30628853028943315, -0.18529044853668986, 0.18972857267334584, True
6.043274565831393, -4.923797352552502, -0.7917099088247781, -0.30628853028943315, -0.18529044853668986, 0.18972857267334584, True
5.435214081821405, -1.8131253531281626, -2.2735078839589837, -0.30628853028943315, -0.18529044853668986, 0.18972857267334584, False
5.450875398294665, 5.170041725997194, 1.53528651753171, -0.30628853028943315, -0.18529044853668986, 0.18972857267334584, False
1.803340430855597, -0.9136328730049046, -0.0914408470573762, -0.30628853028943315, -0.18529044853668986, 0.18972857267334584, False
-3.278561463607341, 0.8361766870085203, -1.4818152897232832, -0.30628853028943315, -0.18529044853668986, 0.18972857267334584, True
-5.188578753541163, -5.86611843313825, 0.4146880837446738, -0.30628853028943315, -0.18529044853668986, 0.18972857267334584, True
0.5155965932277491, -2.9965167026527078, 3.1346130737743003, -0.30628853028943315, -0.18529044853668986, 0.18972857267334584, True
2.0104013035077077, -0.2614931532117435, 1.9144318412682244, -0.30628853028943315, -0.18529044853668986, 0.18972857267334584, True
