2.15461850658936, 2.916227220142641, -2.9462094411378175, -0.3933808186702399, -0.42548982072221997, -0.0716288266409506, True
-4.227090042635155, -1.7098081676136418, -0.747443942404812, -0.3933808186702399, -0.42548982072221997, -0.0716288266409506, False
4.007384736594517, -4.375429596518391, 1.5802459341491906, -0.3933808186702399, -0.42548982072221997, -0.0716288266409506, False
-4.28867297404398, -0.7757886675006951, -2.1384102494494117, -0.3933808186702399, -0.42548982072221997, -0.0716288266409506, False
2.5517837794644596, -2.00418839503398, 2.289385055062576, -0.3933808186702399, -0.42548982072221997, -0.0716288266409506, False
1.7954712247927098, 6.200334155772172, 1.3625031180219542, -0.3933808186702399, -0.42548982072221997, -0.0716288266409506, False
-1.7469995171441672, 2.6459230124466817, 1.652459375325975, -0.3933808186702399, -0.42548982072221997, -0.0716288266409506, False
0.24517369413550405, -1.1734118571992136, 0.38210179182165716, -0.3933808186702399, -0.42548982072221997, -0.0716288266409506, False
-4.946040351117276, 3.828195647403934, -0.32519517202521575, -0.3933808186702399, -0.42548982072221997, -0.0716288266409506, False
2.9742925139694005, -3.6603380768241407, 2.6335280895253197, -0.3933808186702399, -0.42548982072221997, -0.0716288266409506, False
-3.5858146255611354, -3.8738809211435226, -0.49665465827225264, -0.3933808186702399, -0.42548982072221997, -0.0716288266409506, False
-1.1268606134237702, 3.466480119986681, 0.7197863348509621, -0.3933808186702399, -0.42548982072221997, -0.0716288266409506, False
-3.8937599199549253, -2.853943452247258, 0.06255601796122257, -0.3933808186702399, -0.42548982072221997, -0.0716288266409506, False
-4.953689370426731, 4.075447737118086, 1.139166664872648, -0.3933808186702399, -0.42548982072221997, -0.0716288266409506, False
4.085178797592835, -2.8587721756302833, 1.8590919388757738, -0.3933808186702399, -0.42548982072221997, -0.0716288266409506, False
-1.798054902410513, -4.781282101630475, -0.12322634768235163, -0.3933808186702399, -0.42548982072221997, -0.0716288266409506, False
5.023546643606625, 5.462367662383382, 1.2591064865205563, -0.3933808186702399, -0.42548982072221997, -0.0716288266409506, False
3.821172791012689, 5.649012781547835, 2.3810369437251246, -0.3933808186702399, -0.42548982072221997, -0.0716288266409506, False
1.24777629952664, 2.5139186660477666, -0.5919752594713268, -0.3933808186702399, -0.42548982072221997, -0.0716288266409506, True
-5.247325787360024, 5.912090306172944, 1.670049595145957, -0.3933808186702399, -0.42548982072221997, -0.0716288266409506, False
-5.816777551451208, 4.05774661322468, -2.253853370707922, -0.3933808186702399, -0.42548982072221997, -0.0716288266409506, False
1.6549162137509823, -0.5925822930172959, -1.9455228431336575, -0.3933808186702399, -0.42548982072221997, -0.0716288266409506, False
0.10312546073592266, -2.9235671054186416, 0.09138477560564828, -0.3933808186702399, -0.42548982072221997, -0.0716288266409506, False
-2.692972208425015, -1.966027141703801, -0.4794094584677788, -0.3933808186702399, -0.42548982072221997, -0.0716288266409506, False
3.390637020187169, -2.766609911610293, 1.0512549532977973, -0.3933808186702399, -0.42548982072221997, -0.0716288266409506, False
-1.2474763978561398, 1.207251790070882, 2.7792259125389656, -0.3933808186702399, -0.42548982072221997, -0.0716288266409506, False
-3.077717913204244, 0.2360921202640549, -0.07758440566200786, -0.3933808186702399, -0.42548982072221997, -0.0716288266409506, False
2.970119104118318, 4.421634317924131, 1.4322048368183582, -0.3933808186702399, -0.42548982072221997, -0.0716288266409506, False
-1.646807263490615, -0.3728547323075704, 2.6812955184565572, -0.3933808186702399, -0.42548982072221997, -0.0716288266409506, False
-5.862610000949227, -1.0062633683030748, 1.6360591582462858, -0.3933808186702399, -0.42548982072221997, -0.0716288266409506, False
-2.978004993379423, -0.6703239493086279, -2.963168989448204, -0.3933808186702399, -0.42548982072221997, -0.0716288266409506, True
5.13309846667204, 3.8605332781260735, -2.9088353698540956, -0.3933808186702399, -0.42548982072221997, -0.0716288266409506, True
-6.034210932408007, -5.359043868073989, 2.094199824318178, -0.3933808186702399, -0.42548982072221997, -0.0716288266409506, False
-1.2954791886129557, -5.203587217456867, 0.31287169679943805, -0.3933808186702399, -0.42548982072221997, -0.0716288266409506, False
-1.8056350514510324, 1.9323487362955944, -2.9595644493049793, -0.3933808186702399, -0.42548982072221997, -0.0716288266409506, True
-2.152796510183694, 6.255405357253451, 2.951061018025401, -0.3933808186702399, -0.42548982072221997, -0.0716288266409506, True
0.11864853422494637, -0.13545317389584888, -0.9489239688061177, -0.3933808186702399, -0.42548982072221997, -0.0716288266409506, False
-4.679854012438389, 6.12724101316091, -0.03736097593773646, -0.3933808186702399, -0.42548982072221997, -0.0716288266409506, False
0.8242616740876798, -1.163496551538807, 2.540798000823788, -0.3933808186702399, -0.42548982072221997, -0.0716288266409506, False
2.4264010996255827, -2.5927902570283003, -2.81623780009554, -0.3933808186702399, -0.42548982072221997, -0.0716288266409506, False
5.954898926131522, -0.46674293783223764, 0.7833213400888877, -0.3933808186702399, -0.42548982072221997, -0.0716288266409506, False
-0.41302643678967677, 0.2951176708817558, 2.6226754207792933, -0.3933808186702399, -0.42548982072221997, -0.0716288266409506, False
-6.062053906744488, 1.996041186287501, -2.2564850789482755, -0.3933808186702399, -0.42548982072221997, -0.0716288266409506, False
6.1100597124129745, -0.9257837765361332, -3.0724835265208346, -0.3933808186702399, -0.42548982072221997, -0.0716288266409506, True
-3.388838694507427, -5.382296586182566, 2.0686275287173954, -0.3933808186702399, -0.42548982072221997, -0.0716288266409506, False
-3.9953025567189178, -1.7859967007783277, -1.4138760709313927, -0.3933808186702399, -0.42548982072221997, -0.0716288266409506, False
5.082766491983891, 5.434957668647602, 2.5380337872197405, -0.3933808186702399, -0.42548982072221997, -0.0716288266409506, False
-1.4069456847458186, -5.050493886547459, -2.1563106445159983, -0.3933808186702399, -0.42548982072221997, -0.0716288266409506, False
-6.16245248858959, 3.303349597269266, 1.952111413733423, -0.3933808186702399, -0.42548982072221997, -0.0716288266409506, False
-1.9557435230916518, 2.945773646298713, -2.116118508422216, -0.3933808186702399, -0.42548982072221997, -0.0716288266409506, False
0.9991148889774193, -0.5128502852025791, 0.9604265969836794, -0.3933808186702399, -0.42548982072221997, -0.0716288266409506, False
6.160761306376347, 5.511205938505313, 2.497831545488598, -0.3933808186702399, -0.42548982072221997, -0.0716288266409506, False
2.4892932011723747, -2.259014173106273, 2.1281764945071364, -0.3933808186702399, -0.42548982072221997, -0.0716288266409506, False
-0.3907560168901876, 1.5836204831252543, -0.40706190219160643, -0.3933808186702399, -0.42548982072221997, -0.0716288266409506, False
0.0512257813893493, -1.8884712376593527, 1.8885176179964898, -0.3933808186702399, -0.42548982072221997, -0.0716288266409506, False
0.5467445191357339, 2.100686750250258, 2.7604095275328433, -0.3933808186702399, -0.42548982072221997, -0.0716288266409506, False
3.200034388732938, 2.4086755360813488, 1.079474305246129, -0.3933808186702399, -0.42548982072221997, -0.0716288266409506, False
-0.07339409780485706, 2.7044003960557212, -0.45667936596952075, -0.3933808186702399, -0.42548982072221997, -0.0716288266409506, False
-6.079386498597402, 6.057241867107393, 0.14732483168403565, -0.3933808186702399, -0.42548982072221997, -0.0716288266409506, False
-2.0580766531867916, -5.205885143599274, -0.7186213308514366, -0.3933808186702399, -0.42548982072221997, -0.0716288266409506, False
5.203039281890138, -5.850454781948513, -2.067970187211487, -0.3933808186702399, -0.42548982072221997, -0.0716288266409506, False
-5.084232318892529, 2.1863858401738767, -2.122612900575974, -0.3933808186702399, -0.42548982072221997, -0.0716288266409506, False
5.0592963808519595, -4.0360220426599, 0.6214187209057571, -0.3933808186702399, -0.42548982072221997, -0.0716288266409506, False
-0.43677949130562954, -5.634796411978063, 2.223952202507764, -0.3933808186702399, -0.42548982072221997, -0.0716288266409506, False
4.00142638681905, -2.3423478125030934, 2.324440722077073, -0.3933808186702399, -0.42548982072221997, -0.0716288266409506, False
-5.303701512186763, -5.251104340792339, 2.272270766759136, -0.3933808186702399, -0.42548982072221997, -0.0716288266409506, False
-1.398230865913888, 1.106522283156142, -1.7987901815710936, -0.3933808186702399, -0.42548982072221997, -0.0716288266409506, False
-5.960196707109944, 6.118422812105052, -2.785652105461859, -0.3933808186702399, -0.42548982072221997, -0.0716288266409506, False
2.616056465260339, -3.538397937697156, 1.6795322062843505, -0.3933808186702399, -0.42548982072221997, -0.0716288266409506, False
1.9931464010774818, -1.229151929240352, 1.605588488523293, -0.3933808186702399, -0.42548982072221997, -0.0716288266409506, False
5.936747751283395, -5.92250438867395, -1.2958696189294772, -0.3933808186702399, -0.42548982072221997, -0.0716288266409506, False
4.031199024230302, 0.993184001139678, -0.9295443967471151, -0.3933808186702399, -0.42548982072221997, -0.0716288266409506, False
0.4433882425040343, 4.899770194620126, 2.4161607996711876, -0.3933808186702399, -0.42548982072221997, -0.0716288266409506, False
5.571966288042415, -4.750375105585006, -0.39477560357516417, -0.3933808186702399, -0.42548982072221997, -0.0716288266409506, False
2.041221740248126, -2.327126499601782, 1.3802764733081636, -0.3933808186702399, -0.42548982072221997, -0.0716288266409506, False
-4.406598653588519, 1.5792569402729466, 1.9283807892029916, -0.3933808186702399, -0.42548982072221997, -0.0716288266409506, False
1.7102185555897442, -5.506873551834471, 1.0225083221204772, -0.3933808186702399, -0.42548982072221997, -0.0716288266409506, False
-1.3263497324233597, 0.5065863836680684, -1.0561319657172596, -0.3933808186702399, -0.42548982072221997, -0.0716288266409506, False
-1.7698169593246034, 5.665787732851644, 2.323706873352397, -0.3933808186702399, -0.42548982072221997, -0.0716288266409506, False
3.8229106024446207, 5.488161227417169, 0.1377991958658762, -0.3933808186702399, -0.42548982072221997, -0.0716288266409506, False
4.21476424295493, 4.36348317168242, -1.798706422953134, -0.3933808186702399, -0.42548982072221997, -0.0716288266409506, False
2.6898337838838664, 2.3614756640121985, -0.7268000667339258, -0.3933808186702399, -0.42548982072221997, -0.0716288266409506, False
-3.3213833434288773, -5.7547306353853855, 0.5327496387901456, -0.3933808186702399, -0.42548982072221997, -0.0716288266409506, False
-4.758617768901826, 1.0783972010202048, 2.214299432558912, -0.3933808186702399, -0.42548982072221997, -0.0716288266409506, False
0.7544735431176157, -1.8881311894965815, 2.696544679993112, -0.3933808186702399, -0.42548982072221997, -0.0716288266409506, False
-4.949369413637271, 5.836874546338402, 1.5206187521373833, -0.3933808186702399, -0.42548982072221997, -0.0716288266409506, False
-4.777167769359028, 0.8934874306472222, -2.8130976879608802, -0.3933808186702399, -0.42548982072221997, -0.0716288266409506, False
-5.8383382393233765, 5.6533906907474805, 2.3695520246144364, -0.3933808186702399, -0.42548982072221997, -0.0716288266409506, False
3.151271875433025, -1.7247000631849003, -0.8759104074200339, -0.3933808186702399, -0.42548982072221997, -0.0716288266409506, False
2.01167505771941, -2.5550438257900865, 2.6361934482514897, -0.3933808186702399, -0.42548982072221997, -0.0716288266409506, False
2.2250606552331575, 0.47131773819707146, 2.7678128375291857, -0.3933808186702399, -0.42548982072221997, -0.0716288266409506, False
-5.78460688218152, -3.8563802325382484, 2.7145439303060908, -0.3933808186702399, -0.42548982072221997, -0.0716288266409506, False
1.67201748176248, 1.0298682487669746, -2.477727416161819, -0.3933808186702399, -0.42548982072221997, -0.0716288266409506, False
-2.840907900571597, -4.477437190304523, 0.9834726021390123, -0.3933808186702399, -0.42548982072221997, -0.0716288266409506, False
2.940028310677153, -1.1016586035350384, -0.951032695629896, -0.3933808186702399, -0.42548982072221997, -0.0716288266409506, False
1.2769827347295823, -2.422302289913908, -2.3586423093460227, -0.3933808186702399, -0.42548982072221997, -0.0716288266409506, False
4.438479344681216, -0.2545551618272972, 0.8016311673501928, -0.3933808186702399, -0.42548982072221997, -0.0716288266409506, False
4.923330555895827, -5.838155441198427, -0.28635156365686365, -0.3933808186702399, -0.42548982072221997, -0.0716288266409506, False
-5.038588238760136, 4.331402522657765, 0.9921397672127075, -0.3933808186702399, -0.42548982072221997, -0.0716288266409506, False
-2.358748016596428, -1.9207061373418854, -2.7919964056842583, -0.3933808186702399, -0.42548982072221997, -0.0716288266409506, False
