-2.1649949712988645, 4.393806442789614, -1.489911266349793, -0.40309678535430893, -0.4609031353691312, -0.1928565120794976, False
-2.0482015284885184, -5.023028171408914, -1.426521872635828, -0.40309678535430893, -0.4609031353691312, -0.1928565120794976, False
-4.134923378318, -4.629504659790662, 1.9962956537001402, -0.40309678535430893, -0.4609031353691312, -0.1928565120794976, False
5.545300578865454, -4.40994643534108, -0.4953262304166537, -0.40309678535430893, -0.4609031353691312, -0.1928565120794976, False
-3.2543892846798963, 4.131667680044238, -1.9384669346086592, -0.40309678535430893, -0.4609031353691312, -0.1928565120794976, False
5.353758766427781, 5.023496829231304, -2.768974140319462, -0.40309678535430893, -0.4609031353691312, -0.1928565120794976, False
4.898657613117736, -1.2436033796991666, 0.919890590557892, -0.40309678535430893, -0.4609031353691312, -0.1928565120794976, False
1.772095533251715, 5.33241635010811, 2.513056490051399, -0.40309678535430893, -0.4609031353691312, -0.1928565120794976, False
0.9943457607054471, -1.1366624538268333, -1.6061351672893536, -0.40309678535430893, -0.4609031353691312, -0.1928565120794976, False
-5.4937642607459685, 0.724205647937783, -3.108075815011302, -0.40309678535430893, -0.4609031353691312, -0.1928565120794976, True
1.781388374941871, -6.025230476069761, 2.5077062132222716, -0.40309678535430893, -0.4609031353691312, -0.1928565120794976, False
5.1833185474638555, 1.646764135628863, -3.141397378900033, -0.40309678535430893, -0.4609031353691312, -0.1928565120794976, True
-0.22905588573775404, 4.338985385532061, 2.632463998629956, -0.40309678535430893, -0.4609031353691312, -0.1928565120794976, False
-3.106301210201174, 1.5678042200752609, 1.613138011154641, -0.40309678535430893, -0.4609031353691312, -0.1928565120794976, False
-2.133795573545748, 2.6284972254405776, 1.9454636624413268, -0.40309678535430893, -0.4609031353691312, -0.1928565120794976, False
-6.203210348152678, 0.20116718189449312, -0.23382530763614895, -0.40309678535430893, -0.4609031353691312, -0.1928565120794976, False
4.449547427558391, -1.7075423577048916, 1.9255927559272763, -0.40309678535430893, -0.4609031353691312, -0.1928565120794976, False
-5.443607378252035, 0.7348323787299229, -1.2223242813123125, -0.40309678535430893, -0.4609031353691312, -0.1928565120794976, False
-5.684211575570462, -0.16893241871933729, -2.9836773179088865, -0.40309678535430893, -0.4609031353691312, -0.1928565120794976, True
-4.52642280294039, 1.8895964574824706, -1.9827272315895732, -0.40309678535430893, -0.4609031353691312, -0.1928565120794976, False
0.2398103338626525, -4.99096228587066, -0.5865023446681032, -0.40309678535430893, -0.4609031353691312, -0.1928565120794976, False
4.173753879015582, 4.054387615758872, -1.7986906346990827, -0.40309678535430893, -0.4609031353691312, -0.1928565120794976, False
2.8616986516538283, -0.9845240656126393, 2.5540309774471224, -0.40309678535430893, -0.4609031353691312, -0.1928565120794976, False
-4.746502156369706, -1.582329400102246, -2.911354816133811, -0.40309678535430893, -0.4609031353691312, -0.1928565120794976, True
-5.013563542633357, 5.079903840863455, 0.9655469184036347, -0.40309678535430893, -0.4609031353691312, -0.1928565120794976, False
-2.3429377968868432, -3.306650713798084, 2.5913407313662695, -0.40309678535430893, -0.4609031353691312, -0.1928565120794976, False
-0.7328990781150768, 6.274927173061958, 1.312355552590069, -0.40309678535430893, -0.4609031353691312, -0.1928565120794976, False
-0.27899142266715593, 3.345167889001475, -2.925503712154816, -0.40309678535430893, -0.4609031353691312, -0.1928565120794976, True
-5.583925226485759, -3.1769380959404105, 1.782903487868846, -0.40309678535430893, -0.4609031353691312, -0.1928565120794976, False
1.2965680487937732, 0.4096028701222778, -2.1798122529843464, -0.40309678535430893, -0.4609031353691312, -0.1928565120794976, False
4.017165234292582, 4.642690484581372, 0.6625041029106082, -0.40309678535430893, -0.4609031353691312, -0.1928565120794976, False
-1.6632393158415173, 0.3530284326301203, 0.576131121321366, -0.40309678535430893, -0.4609031353691312, -0.1928565120794976, False
3.1288621246783492, -3.489450865301763, 1.361273756269581, -0.40309678535430893, -0.4609031353691312, -0.1928565120794976, False
-1.9888543931723754, 2.1714484034318087, -2.9450094823236523, -0.40309678535430893, -0.4609031353691312, -0.1928565120794976, True
3.5968601026138955, 1.8722373250595385, -3.135985999975321, -0.40309678535430893, -0.4609031353691312, -0.1928565120794976, True
0.5198749603982007, -0.4715582609298936, -2.1639711230913883, -0.40309678535430893, -0.4609031353691312, -0.1928565120794976, False
-3.4687635051190453, 0.5108365327869366, -0.7501443910444627, -0.40309678535430893, -0.4609031353691312, -0.1928565120794976, False
3.261316554814151, 3.7542185890164887, 1.957885718202803, -0.40309678535430893, -0.4609031353691312, -0.1928565120794976, False
1.1676353501769636, 5.998291575022387, 2.4274328214142793, -0.40309678535430893, -0.4609031353691312, -0.1928565120794976, False
-2.006265984969871, -4.89838679718194, -0.23384767593202227, -0.40309678535430893, -0.4609031353691312, -0.1928565120794976, False
3.9475421726526676, -1.806306515193139, 0.3685104986970118, -0.40309678535430893, -0.4609031353691312, -0.1928565120794976, False
5.908018634353862, -1.8165606388474798, 0.3420388369114846, -0.40309678535430893, -0.4609031353691312, -0.1928565120794976, False
3.7405375005801957, 5.357087909645317, 0.1856294150677784, -0.40309678535430893, -0.4609031353691312, -0.1928565120794976, False
1.4275081833171246, -5.882041597273741, 1.2456981906904545, -0.40309678535430893, -0.4609031353691312, -0.1928565120794976, False
3.4327676005988845, -1.7071312108263355, 0.0881766911949069, -0.40309678535430893, -0.4609031353691312, -0.1928565120794976, False
6.2798958582234725, 2.844306516265224, 0.24731948660232295, -0.40309678535430893, -0.4609031353691312, -0.1928565120794976, False
-5.770547312196244, -5.594293188909968, 1.9888840260574074, -0.40309678535430893, -0.4609031353691312, -0.1928565120794976, False
0.6322488963054482, -1.5605422006949334, 1.2788209700830784, -0.40309678535430893, -0.4609031353691312, -0.1928565120794976, False
2.100833558199538, -0.8344035744183822, 1.606115071523453, -0.40309678535430893, -0.4609031353691312, -0.1928565120794976, False
-1.9703584642478953, 3.0060176431353796, -0.253059695999172, -0.40309678535430893, -0.4609031353691312, -0.1928565120794976, False
5.199875031202312, 3.274462131748397, 2.0561732380093973, -0.40309678535430893, -0.4609031353691312, -0.1928565120794976, False
3.1655702656442255, 3.072981653920575, -2.8057969945061476, -0.40309678535430893, -0.4609031353691312, -0.1928565120794976, False
-5.287551114281782, 1.622160853372951, -0.5898246665398097, -0.40309678535430893, -0.4609031353691312, -0.1928565120794976, False
4.742559120367687, 1.0406867173902201, 1.644028326026394, -0.40309678535430893, -0.4609031353691312, -0.1928565120794976, False
3.02400958412373, -2.1512381939523992, 2.3311578219356104, -0.40309678535430893, -0.4609031353691312, -0.1928565120794976, False
-4.46367140858222, 3.2310605304061344, 0.06314582083226128, -0.40309678535430893, -0.4609031353691312, -0.1928565120794976, False
-2.10732943431094, 1.8014354057752158, -1.2565059044818405, -0.40309678535430893, -0.4609031353691312, -0.1928565120794976, False
0.6145736344078516, 2.9766997784288804, -3.030829987814978, -0.40309678535430893, -0.4609031353691312, -0.1928565120794976, True
5.243348062995654, 0.06162037927298236, -2.9638539537441626, -0.40309678535430893, -0.4609031353691312, -0.1928565120794976, True
-4.650196072864375, 6.14536156480626, 2.6732417867309772, -0.40309678535430893, -0.4609031353691312, -0.1928565120794976, False
-0.19958652940069754, -2.47194704910207, -0.14532870953800314, -0.40309678535430893, -0.4609031353691312, -0.1928565120794976, False
-2.632880327254245, 4.104083865144624, -0.7043742206247687, -0.40309678535430893, -0.4609031353691312, -0.1928565120794976, False
-3.146742637117357, -4.54986620794771, -2.238383105031968, -0.40309678535430893, -0.4609031353691312, -0.1928565120794976, False
5.9658170467065315, -4.205904039649099, 1.335180359559998, -0.40309678535430893, -0.4609031353691312, -0.1928565120794976, False
-5.3403386155049155, 5.4069120608709, 1.7685435809781476, -0.40309678535430893, -0.4609031353691312, -0.1928565120794976, False
2.2045528100642677, 2.7041183486794935, 2.743326412140388, -0.40309678535430893, -0.4609031353691312, -0.1928565120794976, False
-4.494375650494827, 0.7290995120218025, -0.1118179234618224, -0.40309678535430893, -0.4609031353691312, -0.1928565120794976, False
5.62085873993226, -0.6989388291187675, -2.400346954210562, -0.40309678535430893, -0.4609031353691312, -0.1928565120794976, False
3.6869959941388633, -2.1890627729534993, -2.9860369689748762, -0.40309678535430893, -0.4609031353691312, -0.1928565120794976, True
-1.2703066050897016, -2.7583843426376076, -2.0328537170412178, -0.40309678535430893, -0.4609031353691312, -0.1928565120794976, False
-1.3655443110501606, -4.83737951687664, -0.9891595942429037, -0.40309678535430893, -0.4609031353691312, -0.1928565120794976, False
-5.797882454941696, -5.54682560757882, -1.5298700454847614, -0.40309678535430893, -0.4609031353691312, -0.1928565120794976, False
-0.9976873757131015, 0.582020888011435, 0.14885356026873398, -0.40309678535430893, -0.4609031353691312, -0.1928565120794976, False
3.660999774430257, -1.0526390290228917, -1.188588694682848, -0.40309678535430893, -0.4609031353691312, -0.1928565120794976, False
-2.0838606813761427, 2.8991542181841226, -2.425512042579877, -0.40309678535430893, -0.4609031353691312, -0.1928565120794976, False
5.738772243843918, -0.7082920734137792, -1.5065167656051657, -0.40309678535430893, -0.4609031353691312, -0.1928565120794976, False
1.5779644556259873, -4.6211260875348845, -2.8459982330731965, -0.40309678535430893, -0.4609031353691312, -0.1928565120794976, False
-1.706710993684145, 4.076327570697318, -0.4929381549602727, -0.40309678535430893, -0.4609031353691312, -0.1928565120794976, False
-3.099207043928976, -1.4592145395336598, -1.5364132181058061, -0.40309678535430893, -0.4609031353691312, -0.1928565120794976, False
-5.649629911550852, -2.479174494634707, 2.788787028142682, -0.40309678535430893, -0.4609031353691312, -0.1928565120794976, False
-4.476700242671672, -5.623494440275125, 2.4707949018875377, -0.40309678535430893, -0.4609031353691312, -0.1928565120794976, False
-1.8805643046411964, 0.17867513757707254, -0.07201447762620905, -0.40309678535430893, -0.4609031353691312, -0.1928565120794976, False
3.070186132349596, -5.713465279036488, 1.5560335654521449, -0.40309678535430893, -0.4609031353691312, -0.1928565120794976, False
4.943118154718196, 2.263430677794153, 1.353764301070819, -0.40309678535430893, -0.4609031353691312, -0.1928565120794976, False
2.4685536328570628, 1.6139340697151603, 1.9223282294489294, -0.40309678535430893, -0.4609031353691312, -0.1928565120794976, False
3.7941890437253587, 1.0768328308035242, 0.9754718174407433, -0.40309678535430893, -0.4609031353691312, -0.1928565120794976, False
-1.2511443974111947, -2.484990081831596, -1.219800443950119, -0.40309678535430893, -0.4609031353691312, -0.1928565120794976, False
5.4734521403574306, -4.24487913759434, 2.5636919634801796, -0.40309678535430893, -0.4609031353691312, -0.1928565120794976, False
4.690004065355954, -5.3233688267977755, -0.678303374236584, -0.40309678535430893, -0.4609031353691312, -0.1928565120794976, False
-5.939679835641468, -5.274537815288181, 2.5105521613475297, -0.40309678535430893, -0.4609031353691312, -0.1928565120794976, False
-0.9983881556128562, -5.231283238242413, 1.7557248780069434, -0.40309678535430893, -0.4609031353691312, -0.1928565120794976, False
-3.427344366288011, 2.5248749395174244, 1.1778822518377234, -0.40309678535430893, -0.4609031353691312, -0.1928565120794976, False
-2.9276619035354656, 4.540661316281129, -1.881409897017354, -0.40309678535430893, -0.4609031353691312, -0.1928565120794976, False
-3.721584065795737, -1.9086394838715997, 1.152400331383621, -0.40309678535430893, -0.4609031353691312, -0.1928565120794976, False
-4.292674654349151, -1.6530822843786437, 1.290717749790958, -0.40309678535430893, -0.4609031353691312, -0.1928565120794976, False
-4.938859193096499, 5.857138453142236, 2.1443853259729, -0.40309678535430893, -0.4609031353691312, -0.1928565120794976, False
3.3301205486324363, 5.046046978819573, 2.765982897810444, -0.40309678535430893, -0.4609031353691312, -0.1928565120794976, False
2.9285006465496686, 0.7437829037144983, -2.367364136343779, -0.40309678535430893, -0.4609031353691312, -0.1928565120794976, False
-0.6443809128608704, 3.578887699083877, -3.1093218304670627, -0.40309678535430893, -0.4609031353691312, -0.1928565120794976, True
-1.9959674234421367, 0.1860084178561916, 2.3165962613234186, -0.40309678535430893, -0.4609031353691312, -0.1928565120794976, False
-3.9584164674490525, -4.99755296775268, -0.08580175006810675, -0.40309678535430893, -0.4609031353691312, -0.1928565120794976, False
1.0690077847420971, -2.562835572475135, 1.0622311087646734, -0.40309678535430893, -0.4609031353691312, -0.1928565120794976, False
-5.705390580991448, -6.082532179683056, 2.5953930782197903, -0.40309678535430893, -0.4609031353691312, -0.1928565120794976, False
0.01569113196206917, 3.8490651795784174, -1.5633792023080884, -0.40309678535430893, -0.4609031353691312, -0.1928565120794976, False
5.5930855928649414, -5.340771720045238, 2.6645619252724844, -0.40309678535430893, -0.4609031353691312, -0.1928565120794976, False
0.9435851762538867, 2.7204530529786535, -2.8776313992382883, -0.40309678535430893, -0.4609031353691312, -0.1928565120794976, False
-3.3434632583882515, 4.296844085610875, -0.03817701359794867, -0.40309678535430893, -0.4609031353691312, -0.1928565120794976, False
0.6456925781763214, 1.0370380739910123, -2.3086374129405383, -0.40309678535430893, -0.4609031353691312, -0.1928565120794976, False
-6.1013060666140335, -0.8957055514741121, 0.8807864310769684, -0.40309678535430893, -0.4609031353691312, -0.1928565120794976, False
5.3708178181588835, 4.730042780471448, -3.0637255793241804, -0.40309678535430893, -0.4609031353691312, -0.1928565120794976, True
-1.4602682937079283, -3.200199926664431, 1.4983221415060815, -0.40309678535430893, -0.4609031353691312, -0.1928565120794976, False
1.7988728293216685, 3.659175896688815, 0.473677455863323, -0.40309678535430893, -0.4609031353691312, -0.1928565120794976, False
-3.5097595616464856, -4.376603023814263, -1.5196739405398896, -0.40309678535430893, -0.4609031353691312, -0.1928565120794976, False
2.976021705893519, -1.8581845845219602, 0.4808333999913583, -0.40309678535430893, -0.4609031353691312, -0.1928565120794976, False
-1.6011562196116582, 1.8951945772012522, -0.8228603988856915, -0.40309678535430893, -0.4609031353691312, -0.1928565120794976, False
4.962849777938526, 3.1893808993277677, 0.8206257020946994, -0.40309678535430893, -0.4609031353691312, -0.1928565120794976, False
-1.7920071212683233, 6.137391803008169, 0.9647934579454018, -0.40309678535430893, -0.4609031353691312, -0.1928565120794976, False
6.250358555104658, 1.0904161008863804, -2.449333157832933, -0.40309678535430893, -0.4609031353691312, -0.1928565120794976, False
-0.05660804463680691, -5.920798985960168, -0.8022240794841218, -0.40309678535430893, -0.4609031353691312, -0.1928565120794976, False
-2.6558354883459634, -5.135994137437727, 2.071270135711739, -0.40309678535430893, -0.4609031353691312, -0.1928565120794976, False
-5.816816889216656, 3.920640945309101, -0.659024920216789, -0.40309678535430893, -0.4609031353691312, -0.1928565120794976, False
3.436183844395993, 3.634449294265748, 3.046710695442938, -0.40309678535430893, -0.4609031353691312, -0.1928565120794976, True
5.922855508551773, -3.586771584863181, -0.7521597711270043, -0.40309678535430893, -0.4609031353691312, -0.1928565120794976, False
1.2931877632523667, 0.5478921818769527, 1.3585801248716765, -0.40309678535430893, -0.4609031353691312, -0.1928565120794976, False
-6.237596359459632, 1.7937872538066202, -1.9756321671953991, -0.40309678535430893, -0.4609031353691312, -0.1928565120794976, False
5.195611374539363, 2.6385333113517255, -3.0136771792251884, -0.40309678535430893, -0.4609031353691312, -0.1928565120794976, True
-0.7887732212095502, 0.8669677524157313, -0.8600206490844444, -0.40309678535430893, -0.4609031353691312, -0.1928565120794976, False
6.045504825066272, 3.5999561278226277, 2.7891355450050783, -0.40309678535430893, -0.4609031353691312, -0.1928565120794976, False
3.5626626956775187, -5.638699773027999, 2.3863846061513314, -0.40309678535430893, -0.4609031353691312, -0.1928565120794976, False
-1.0583326266015742, 3.3838482532111236, -1.2259428001065578, -0.40309678535430893, -0.4609031353691312, -0.1928565120794976, False
4.415783528344983, 6.235997645401447, -0.922807445897718, -0.40309678535430893, -0.4609031353691312, -0.1928565120794976, False
0.06100204355779404, -4.4532352507991515, 1.7556327631200785, -0.40309678535430893, -0.4609031353691312, -0.1928565120794976, False
-0.5741854036563767, 5.656246594141617, 0.48896366359912147, -0.40309678535430893, -0.4609031353691312, -0.1928565120794976, False
1.0302625739960742, -5.734130693622592, -0.19525448003933565, -0.40309678535430893, -0.4609031353691312, -0.1928565120794976, False
-3.273309068820059, 5.8497520219042105, 0.3551333723824168, -0.40309678535430893, -0.4609031353691312, -0.1928565120794976, False
-2.3927563267337177, 4.326532081924567, -0.8939028401396372, -0.40309678535430893, -0.4609031353691312, -0.1928565120794976, False
0.4067633157414665, -4.441021299928982, -0.09270707697589886, -0.40309678535430893, -0.4609031353691312, -0.1928565120794976, False
-5.582978663814651, 3.5255536924330517, 1.3305684203448918, -0.40309678535430893, -0.4609031353691312, -0.1928565120794976, False
-4.979350134463651, -4.12999993518055, 2.524471236090532, -0.40309678535430893, -0.4609031353691312, -0.1928565120794976, False
-4.8829247918590095, 3.441928727840967, -0.7425716339940891, -0.40309678535430893, -0.4609031353691312, -0.1928565120794976, False
2.8412303585877723, 2.1435497468101303, -0.8046588155728078, -0.40309678535430893, -0.4609031353691312, -0.1928565120794976, False
-3.2101213503264554, -2.500592180429768, -0.16372857278577913, -0.40309678535430893, -0.4609031353691312, -0.1928565120794976, False
5.1291803768669695, 4.864206261694173, 1.0834344707814294, -0.40309678535430893, -0.4609031353691312, -0.1928565120794976, False
-3.9019478401069545, 3.3637406858775094, -0.3349615216370134, -0.40309678535430893, -0.4609031353691312, -0.1928565120794976, False
3.450229808735685, 1.6703177781262086, 1.4634595050252095, -0.40309678535430893, -0.4609031353691312, -0.1928565120794976, False
0.12045500721231228, -4.793096423204489, -0.22359855421867358, -0.40309678535430893, -0.4609031353691312, -0.1928565120794976, False
3.689659460499323, -3.0217916284465565, 0.6328920422178634, -0.40309678535430893, -0.4609031353691312, -0.1928565120794976, False
6.134354217001883, 3.053194304821618, -0.7047002548315691, -0.40309678535430893, -0.4609031353691312, -0.1928565120794976, False
2.3433142590028844, 6.213880318606307, -1.1089614519267021, -0.40309678535430893, -0.4609031353691312, -0.1928565120794976, False
1.2701670185996914, -4.511692175509506, -1.1297690491545933, -0.40309678535430893, -0.4609031353691312, -0.1928565120794976, False
-2.5896866411300854, -5.261850758867085, -2.018817683987332, -0.40309678535430893, -0.4609031353691312, -0.1928565120794976, False
6.100033468570887, 1.540390182244904, 1.524941140787723, -0.40309678535430893, -0.4609031353691312, -0.1928565120794976, False
-3.146182508525913, 1.9895518167335773, -1.2072226657317697, -0.40309678535430893, -0.4609031353691312, -0.1928565120794976, False
-1.404594362901154, 5.974986636154286, 0.5214329259411632, -0.40309678535430893, -0.4609031353691312, -0.1928565120794976, False
-5.878361882503505, 1.6309058764095958, -1.4300741651444897, -0.40309678535430893, -0.4609031353691312, -0.1928565120794976, False
4.47690794910009, 5.456459653478305, -0.0695110405965984, -0.40309678535430893, -0.4609031353691312, -0.1928565120794976, False
3.307141383338992, -5.229202908825395, 0.45042527356806605, -0.40309678535430893, -0.4609031353691312, -0.1928565120794976, False
0.026923683025256828, -2.8908016679530864, -2.3650641229225116, -0.40309678535430893, -0.4609031353691312, -0.1928565120794976, False
6.257147824118093, 4.766668508318125, -0.3121759983246979, -0.40309678535430893, -0.4609031353691312, -0.1928565120794976, False
-4.64611967527316, 4.926078663599274, -0.7281738410887826, -0.40309678535430893, -0.4609031353691312, -0.1928565120794976, False
3.4979331728539176, 1.7142669841561213, -0.3934065861364209, -0.40309678535430893, -0.4609031353691312, -0.1928565120794976, False
4.837951279993469, 6.013870374931347, 2.7242777899257673, -0.40309678535430893, -0.4609031353691312, -0.1928565120794976, False
0.9642296432083102, 6.179879326591372, -0.9369760482528506, -0.40309678535430893, -0.4609031353691312, -0.1928565120794976, False
-4.275991131766815, -1.0329740070192708, -2.968883138921735, -0.40309678535430893, -0.4609031353691312, -0.1928565120794976, True
-2.8729970358216734, -1.0580660980421444, -0.7185438774683095, -0.40309678535430893, -0.4609031353691312, -0.1928565120794976, False
-0.38733554722103314, -0.3284967337349398, -1.081792798427208, -0.40309678535430893, -0.4609031353691312, -0.1928565120794976, False
4.315377390015181, -1.2656574840993002, -2.2090218682928873, -0.40309678535430893, -0.4609031353691312, -0.1928565120794976, False
-1.9488088870136746, 2.823339163989944, -1.043996763416351, -0.40309678535430893, -0.4609031353691312, -0.1928565120794976, False
5.136690957079381, 3.1594916601145346, 0.7603599112138406, -0.40309678535430893, -0.4609031353691312, -0.1928565120794976, False
-5.354570127443842, -4.606742972855489, 2.147188828075552, -0.40309678535430893, -0.4609031353691312, -0.1928565120794976, False
-3.6034941213054656, 2.0257029331110417, 0.7091456434937036, -0.40309678535430893, -0.4609031353691312, -0.1928565120794976, False
-2.8692870892272944, -2.2087510055154347, 0.09436997354990018, -0.40309678535430893, -0.4609031353691312, -0.1928565120794976, False
3.1145116883748827, -3.0050241677036222, 2.260669918642199, -0.40309678535430893, -0.4609031353691312, -0.1928565120794976, False
1.4712445591190493, 0.45539139702279297, 1.295185956674259, -0.40309678535430893, -0.4609031353691312, -0.1928565120794976, False
2.1226549301054973, -1.14618922359755, -0.9691842241559074, -0.40309678535430893, -0.4609031353691312, -0.1928565120794976, False
-1.6465858299253808, -4.948881268593448, -2.4490892849357544, -0.40309678535430893, -0.4609031353691312, -0.1928565120794976, False
-0.5246306664949847, 2.4383006334489163, 2.3448685661327655, -0.40309678535430893, -0.4609031353691312, -0.1928565120794976, False
-4.615751555625146, -0.9743088022606958, 2.986425021974868, -0.40309678535430893, -0.4609031353691312, -0.1928565120794976, True
2.5078533362888003, 6.010172622342113, -1.3115440659051665, -0.40309678535430893, -0.4609031353691312, -0.1928565120794976, False
4.586612160663165, 1.8591304522776166, -2.3823253826888457, -0.40309678535430893, -0.4609031353691312, -0.1928565120794976, False
-5.315255886771002, -1.5100644007776687, -0.2879867291716973, -0.40309678535430893, -0.4609031353691312, -0.1928565120794976, False
-5.8957972666561735, 0.016053789327015622, 2.92868924218247, -0.40309678535430893, -0.4609031353691312, -0.1928565120794976, True
0.036358595187704346, 3.1184789370933093, -1.7484327236765007, -0.40309678535430893, -0.4609031353691312, -0.1928565120794976, False
4.3153293108101, -4.783178149523483, 0.02961643951063042, -0.40309678535430893, -0.4609031353691312, -0.1928565120794976, False
5.817333970338751, -0.3887131345197439, 0.3432802891794, -0.40309678535430893, -0.4609031353691312, -0.1928565120794976, False
-1.511376677439812, 3.007316088488281, -1.0078263466727928, -0.40309678535430893, -0.4609031353691312, -0.1928565120794976, False
3.351859320363225, -2.501971275101134, 0.8922062960066262, -0.40309678535430893, -0.4609031353691312, -0.1928565120794976, False
2.105774540088909, -5.907362784178198, 2.119400359580739, -0.40309678535430893, -0.4609031353691312, -0.1928565120794976, False
-5.235521095431434, -4.318859321059139, -2.0136210064892985, -0.40309678535430893, -0.4609031353691312, -0.1928565120794976, False
-2.734384078300564, -4.79080444968719, -0.8148041598598503, -0.40309678535430893, -0.4609031353691312, -0.1928565120794976, False
5.098475430397485, 1.4158699140999653, 2.0764835720404227, -0.40309678535430893, -0.4609031353691312, -0.1928565120794976, False
-2.597479588987001, 5.727115136880279, 2.0070916417811278, -0.40309678535430893, -0.4609031353691312, -0.1928565120794976, False
5.228990626296811, -3.012320457352392, 0.2801370560576695, -0.40309678535430893, -0.4609031353691312, -0.1928565120794976, False
0.8023138621261863, -6.254045588201302, -2.8985149388734937, -0.40309678535430893, -0.4609031353691312, -0.1928565120794976, True
1.3084689013186592, -1.9484347550120251, 0.16906771678784915, -0.40309678535430893, -0.4609031353691312, -0.1928565120794976, False
0.506082934255148, 6.172250775421528, 0.3140329986189334, -0.40309678535430893, -0.4609031353691312, -0.1928565120794976, False
3.9328905374106657, 5.00464343106446, -1.7925997450877549, -0.40309678535430893, -0.4609031353691312, -0.1928565120794976, False
4.0318059045047505, -5.939448859520179, -0.41641093535428375, -0.40309678535430893, -0.4609031353691312, -0.1928565120794976, False
5.243680296624632, -6.184522833442217, -1.3027366256483819, -0.40309678535430893, -0.4609031353691312, -0.1928565120794976, False
5.3425655295178185, 0.89195388135093, -1.888236446603872, -0.40309678535430893, -0.4609031353691312, -0.1928565120794976, False
