5.5417301802954935, 1.8976477044748972, 2.3547750243191414, 0.35260923660716303, -0.337808422286376, -0.5800274512942543, False
6.13396661087199, 6.110182696069806, 2.1485011219153165, 0.35260923660716303, -0.337808422286376, -0.5800274512942543, False
0.8453616884287598, 6.179058653144164, -1.7873048520719543, 0.35260923660716303, -0.337808422286376, -0.5800274512942543, False
-0.09161672423747902, -0.41448267080500134, 1.8857928865391216, 0.35260923660716303, -0.337808422286376, -0.5800274512942543, False
1.3595435972248628, -0.5854622351058536, -0.32365081152172914, 0.35260923660716303, -0.337808422286376, -0.5800274512942543, False
-3.9609524891690624, -4.512615919136272, -0.02340678001361418, 0.35260923660716303, -0.337808422286376, -0.5800274512942543, False
-0.7824441420556401, 3.513123802435123, -3.0838797637385533, 0.35260923660716303, -0.337808422286376, -0.5800274512942543, True
-3.592097947950411, -3.274756520371626, -1.0923992092486428, 0.35260923660716303, -0.337808422286376, -0.5800274512942543, False
-4.633703960655143, -5.038402879764809, -0.3196766628504819, 0.35260923660716303, -0.337808422286376, -0.5800274512942543, False
-5.71538978661038, 1.6002212138318788, 0.8060617164396069, 0.35260923660716303, -0.337808422286376, -0.5800274512942543, False
5.661792446156257, -5.804989671778266, 0.3089509553980383, 0.35260923660716303, -0.337808422286376, -0.5800274512942543, False
-4.019155670495476, -4.452960041564631, 3.1382429526901268, 0.35260923660716303, -0.337808422286376, -0.5800274512942543, True
-1.192486443079936, 4.064827933431536, -0.5954438077451276, 0.35260923660716303, -0.337808422286376, -0.5800274512942543, False
2.59083408948276, -1.2413126048986456, 1.683189309997231, 0.35260923660716303, -0.337808422286376, -0.5800274512942543, False
-1.91036769424303, 2.729946466254667, 2.036702737496304, 0.35260923660716303, -0.337808422286376, -0.5800274512942543, False
0.9159440261341647, 4.519524162835037, -1.74551550522702, 0.35260923660716303, -0.337808422286376, -0.5800274512942543, False
-5.212137525785302, 3.087840445834763, -1.8960280974150219, 0.35260923660716303, -0.337808422286376, -0.5800274512942543, False
-6.207554351202254, 4.0251919029175625, -0.644615621855841, 0.35260923660716303, -0.337808422286376, -0.5800274512942543, False
6.053322624114237, -3.71514496908915, 2.866076688578808, 0.35260923660716303, -0.337808422286376, -0.5800274512942543, False
0.5844839964634216, -5.5478051489172735, 2.484290253951219, 0.35260923660716303, -0.337808422286376, -0.5800274512942543, False
1.6279143572833794, -5.141791566737917, 3.1334999016497393, 0.35260923660716303, -0.337808422286376, -0.5800274512942543, True
1.5426940994993172, 2.5243825612652593, -0.6365792355933317, 0.35260923660716303, -0.337808422286376, -0.5800274512942543, False
5.716164389429389, 5.714667266213187, -2.7637756452582196, 0.35260923660716303, -0.337808422286376, -0.5800274512942543, False
-0.24363790498694993, -1.3985477827744566, 0.9437796571206203, 0.35260923660716303, -0.337808422286376, -0.5800274512942543, False
-5.72550675483245, -4.013854479339626, -1.7081042600878216, 0.35260923660716303, -0.337808422286376, -0.5800274512942543, False
0.5183341868977474, -4.317498160849694, -2.1297537753372318, 0.35260923660716303, -0.337808422286376, -0.5800274512942543, False
4.872231520041591, -2.3016514794599177, -2.624021157280461, 0.35260923660716303, -0.337808422286376, -0.5800274512942543, False
1.8889907191344637, -3.276885631304704, -1.358202004715478, 0.35260923660716303, -0.337808422286376, -0.5800274512942543, False
-5.954959330361561, -2.4236829601663694, 0.11048623251875567, 0.35260923660716303, -0.337808422286376, -0.5800274512942543, False
-2.503982137235122, -6.015618902825442, 2.560655398757053, 0.35260923660716303, -0.337808422286376, -0.5800274512942543, False
-4.890236472068937, -0.0316431643566748, -0.2488618114435246, 0.35260923660716303, -0.337808422286376, -0.5800274512942543, False
-0.8617428864212959, -1.066604494174472, 2.349714834506579, 0.35260923660716303, -0.337808422286376, -0.5800274512942543, False
-4.691471914349071, -4.736800483585525, 1.108845886715815, 0.35260923660716303, -0.337808422286376, -0.5800274512942543, False
6.004167856787985, -1.0969849570910881, -0.35376214610279444, 0.35260923660716303, -0.337808422286376, -0.5800274512942543, False
-0.15391727463413485, -2.455675905340773, -1.0534318144933952, 0.35260923660716303, -0.337808422286376, -0.5800274512942543, False
1.6777539497477942, 1.6351662399068143, -3.012545739533541, 0.35260923660716303, -0.337808422286376, -0.5800274512942543, True
2.4376833328829033, -2.4464964460090792, -2.4933425536826865, 0.35260923660716303, -0.337808422286376, -0.5800274512942543, False
0.43254783225364424, 2.71837815674397, -1.294156738206283, 0.35260923660716303, -0.337808422286376, -0.5800274512942543, False
0.10830272448255851, 4.755324261314275, 0.7105130616348379, 0.35260923660716303, -0.337808422286376, -0.5800274512942543, False
2.118539112436004, 4.567657003600964, 0.3971088143174444, 0.35260923660716303, -0.337808422286376, -0.5800274512942543, False
5.16387283481485, 4.22753235837852, 2.89209904796716, 0.35260923660716303, -0.337808422286376, -0.5800274512942543, True
5.835203690517744, 5.072011593102298, -0.6095505492265154, 0.35260923660716303, -0.337808422286376, -0.5800274512942543, False
3.278959042030314, -3.001838363129705, 0.5415002177670867, 0.35260923660716303, -0.337808422286376, -0.5800274512942543, False
-4.07543354371321, -0.5032883837724889, 0.5526521565170595, 0.35260923660716303, -0.337808422286376, -0.5800274512942543, False
-4.484046503008503, -3.4500079379833015, 1.9733965368572548, 0.35260923660716303, -0.337808422286376, -0.5800274512942543, False
4.481078140248485, 0.24286134787140945, 2.3850190512968164, 0.35260923660716303, -0.337808422286376, -0.5800274512942543, False
-4.20250946113743, 1.1973408384469613, -2.04487629936518, 0.35260923660716303, -0.337808422286376, -0.5800274512942543, False
-5.0094795641959085, 0.1709137984272937, -2.521178098752418, 0.35260923660716303, -0.337808422286376, -0.5800274512942543, False
0.9068792127081835, 0.13950097356091273, -1.3357110162690502, 0.35260923660716303, -0.337808422286376, -0.5800274512942543, False
2.6420216381498065, -0.46407704494952373, 1.6827004450746736, 0.35260923660716303, -0.337808422286376, -0.5800274512942543, False
4.27164732936706, 0.16874443752492763, -1.3885474910791946, 0.35260923660716303, -0.337808422286376, -0.5800274512942543, False
-2.5036430422303995, -0.8804349973419292, -2.1757181443036013, 0.35260923660716303, -0.337808422286376, -0.5800274512942543, False
-2.620848990872067, -3.015109183195384, -2.98646374870075, 0.35260923660716303, -0.337808422286376, -0.5800274512942543, True
2.6732583243437524, -3.3597109682636286, 1.3041382543626137, 0.35260923660716303, -0.337808422286376, -0.5800274512942543, False
3.108598802000275, -0.35961878786840007, -0.41792007332217995, 0.35260923660716303, -0.337808422286376, -0.5800274512942543, False
3.028758466273434, -2.7721690929132237, 0.31395713926175217, 0.35260923660716303, -0.337808422286376, -0.5800274512942543, False
-0.0165226269958465, 4.739798117973628, 0.9209037235797091, 0.35260923660716303, -0.337808422286376, -0.5800274512942543, False
-0.3592195400700895, 4.678538032351131, 2.119900241936743, 0.35260923660716303, -0.337808422286376, -0.5800274512942543, False
-4.728141341958771, 1.8897287059868688, 0.020656434011877334, 0.35260923660716303, -0.337808422286376, -0.5800274512942543, False
2.6728106000034355, 1.1062233426241779, 1.746081294208886, 0.35260923660716303, -0.337808422286376, -0.5800274512942543, False
4.341788592401597, -1.2826646890837372, -0.8159978830055983, 0.35260923660716303, -0.337808422286376, -0.5800274512942543, False
-3.8584025668234148, -6.150868779674244, 1.2041424421171358, 0.35260923660716303, -0.337808422286376, -0.5800274512942543, False
-2.233311887438231, 2.7701486950683414, 0.8908232365104585, 0.35260923660716303, -0.337808422286376, -0.5800274512942543, False
1.3829904452983959, 4.876138368402778, -0.02798632905425391, 0.35260923660716303, -0.337808422286376, -0.5800274512942543, False
2.5236731829052736, 0.27408110482511283, -1.9264157755797302, 0.35260923660716303, -0.337808422286376, -0.5800274512942543, False
-0.8474059956431894, 3.171708319822663, 0.9830467236394238, 0.35260923660716303, -0.337808422286376, -0.5800274512942543, False
4.958806308439085, -6.0785198242486995, -1.9624956313059518, 0.35260923660716303, -0.337808422286376, -0.5800274512942543, False
5.950247624626522, 5.233293028073115, -1.543838954866225, 0.35260923660716303, -0.337808422286376, -0.5800274512942543, False
5.734872513941514, 4.557751976438485, 1.794267790399437, 0.35260923660716303, -0.337808422286376, -0.5800274512942543, False
-3.0116607010668055, 3.4345986932485033, -2.3001504859662143, 0.35260923660716303, -0.337808422286376, -0.5800274512942543, False
-5.835693172604325, 4.207370447863218, -0.34423331903702703, 0.35260923660716303, -0.337808422286376, -0.5800274512942543, False
-6.150926763878301, -5.873407895059596, -0.9243034066197295, 0.35260923660716303, -0.337808422286376, -0.5800274512942543, False
1.6315813765167313, -2.5184293670812994, -0.26970163089790367, 0.35260923660716303, -0.337808422286376, -0.5800274512942543, False
-0.0563123054929493, -0.9762428818663711, 0.2834224737719291, 0.35260923660716303, -0.337808422286376, -0.5800274512942543, False
3.2147920879470675, -5.824808651291862, -0.8887096890188331, 0.35260923660716303, -0.337808422286376, -0.5800274512942543, False
-6.00867946503484, -5.020061628141265, -0.20267475595410067, 0.35260923660716303, -0.337808422286376, -0.5800274512942543, False
0.27847164415267933, 5.8412980806721215, -2.2826694446173748, 0.35260923660716303, -0.337808422286376, -0.5800274512942543, False
-3.201243992708225, 3.700469577713484, 1.3402109505486264, 0.35260923660716303, -0.337808422286376, -0.5800274512942543, False
-3.466591117598505, -0.5625035060427441, 0.6293179092208661, 0.35260923660716303, -0.337808422286376, -0.5800274512942543, False
0.7106697373414175, -3.3715480006623912, 2.26870438816628, 0.35260923660716303, -0.337808422286376, -0.5800274512942543, False
-4.674384498494737, 2.315353208342831, -0.49232616341333735, 0.35260923660716303, -0.337808422286376, -0.5800274512942543, False
-4.933119034225524, 5.084414360115023, 0.20412364612827272, 0.35260923660716303, -0.337808422286376, -0.5800274512942543, False
5.076188621836328, 0.9926909173144605, 1.1422151911759464, 0.35260923660716303, -0.337808422286376, -0.5800274512942543, False
-5.9012047141879655, 3.95474620170663, 1.099478225622594, 0.35260923660716303, -0.337808422286376, -0.5800274512942543, False
3.8922259651648563, -3.45455316402081, 0.8641692550710598, 0.35260923660716303, -0.337808422286376, -0.5800274512942543, False
-1.5037026386504309, -3.0107550623353565, -3.0699395646958254, 0.35260923660716303, -0.337808422286376, -0.5800274512942543, True
5.245960582431302, -5.657290963265243, 2.8503588704392264, 0.35260923660716303, -0.337808422286376, -0.5800274512942543, False
0.681439127129229, -0.9689421125666975, 1.7472872938793769, 0.35260923660716303, -0.337808422286376, -0.5800274512942543, False
2.8618775228295057, -5.861216598469724, 0.09472650492254697, 0.35260923660716303, -0.337808422286376, -0.5800274512942543, False
5.984877398671072, 0.917402323890542, 0.030245724203346036, 0.35260923660716303, -0.337808422286376, -0.5800274512942543, False
1.1807116500487451, -5.242146657706154, 0.6669447747844588, 0.35260923660716303, -0.337808422286376, -0.5800274512942543, False
2.7589406537526564, -5.115110954367976, -0.4068584656092251, 0.35260923660716303, -0.337808422286376, -0.5800274512942543, False
-3.467129160609564, 6.051193163759546, 2.0060476084343932, 0.35260923660716303, -0.337808422286376, -0.5800274512942543, False
4.592608322484637, -4.475169042198454, 2.9349914807787316, 0.35260923660716303, -0.337808422286376, -0.5800274512942543, True
-5.037200267785689, 4.089780791218283, 0.5488158789040103, 0.35260923660716303, -0.337808422286376, -0.5800274512942543, False
0.8923147686601736, -0.9385828321649949, 0.43961825016325307, 0.35260923660716303, -0.337808422286376, -0.5800274512942543, False
-3.923046479228105, 4.981998406837562, 0.7049125612978218, 0.35260923660716303, -0.337808422286376, -0.5800274512942543, False
6.086792121044022, -5.920787169156808, 1.3132757970510358, 0.35260923660716303, -0.337808422286376, -0.5800274512942543, False
-2.719313875663072, 3.307499212404686, -0.9451638880761712, 0.35260923660716303, -0.337808422286376, -0.5800274512942543, False
0.0858473939145572, -0.40125963364155837, 1.1398075697423504, 0.35260923660716303, -0.337808422286376, -0.5800274512942543, False
