-1.7674529563038144, 0.668391227058116, -0.2811295618264418, 0.04915740943482061, 0.3013087204977928, 0.4533488274367139, False
-0.9586359571733452, 5.87923171400889, -2.8655473930635154, 0.04915740943482061, 0.3013087204977928, 0.4533488274367139, False
-5.258368112425124, 4.957479767024733, 0.19641750626891508, 0.04915740943482061, 0.3013087204977928, 0.4533488274367139, True
6.034640191267217, 0.62838848705346, 2.1142059538441025, 0.04915740943482061, 0.3013087204977928, 0.4533488274367139, False
-0.5386038394370942, -1.3373544112855793, 0.9869631506431107, 0.04915740943482061, 0.3013087204977928, 0.4533488274367139, False
1.9163010218696694, -4.943507492427776, -2.232917222367154, 0.04915740943482061, 0.3013087204977928, 0.4533488274367139, False
-4.262758439505087, -1.5543462011068492, 1.1824047347765552, 0.04915740943482061, 0.3013087204977928, 0.4533488274367139, False
-5.576949733933372, -1.8499164884096135, 2.6253741419923475, 0.04915740943482061, 0.3013087204977928, 0.4533488274367139, False
-2.418959301114076, 4.597617056658718, -2.2092209347657032, 0.04915740943482061, 0.3013087204977928, 0.4533488274367139, False
-2.017957182271675, -1.783609560764388, -1.2161222458812913, 0.04915740943482061, 0.3013087204977928, 0.4533488274367139, True
5.024615621662775, -2.5289109110563635, -1.150374644694724, 0.04915740943482061, 0.3013087204977928, 0.4533488274367139, True
5.933512637418989, 6.264734980580894, 0.6532828028651849, 0.04915740943482061, 0.3013087204977928, 0.4533488274367139, False
4.22420803384421, -1.8115326822420919, 0.9735249807315896, 0.04915740943482061, 0.3013087204977928, 0.4533488274367139, False
-2.3590960574110644, 4.329133256044708, 0.05727618085020714, 0.04915740943482061, 0.3013087204977928, 0.4533488274367139, False
2.2150549517163984, 1.6975846463997604, -1.250962226344721, 0.04915740943482061, 0.3013087204977928, 0.4533488274367139, False
1.2830461657705934, 3.21213051594556, 1.7535335485001138, 0.04915740943482061, 0.3013087204977928, 0.4533488274367139, False
-2.5207220548076132, -5.503354115196798, 1.7269580593592844, 0.04915740943482061, 0.3013087204977928, 0.4533488274367139, False
-3.595461613905382, -1.7263894520366465, 2.586573647991849, 0.04915740943482061, 0.3013087204977928, 0.4533488274367139, False
-3.2262435556760827, 1.8761343669776593, -2.3876007803643327, 0.04915740943482061, 0.3013087204977928, 0.4533488274367139, False
-5.673142390178787, -3.886210729399844, -0.8274929148005694, 0.04915740943482061, 0.3013087204977928, 0.4533488274367139, False
4.996653325312202, -3.426116879497365, -1.2953664012494797, 0.04915740943482061, 0.3013087204977928, 0.4533488274367139, False
-0.229350690603364, 5.49818471533759, 2.743245319001203, 0.04915740943482061, 0.3013087204977928, 0.4533488274367139, False
-2.18464898711232, 0.7104146158698876, 1.169653766034208, 0.04915740943482061, 0.3013087204977928, 0.4533488274367139, False
5.081028018347164, 1.7563155711585718, 0.2908391750097321, 0.04915740943482061, 0.3013087204977928, 0.4533488274367139, False
2.6776546872504294, -3.08583303000992, 0.4020587774551023, 0.04915740943482061, 0.3013087204977928, 0.4533488274367139, False
3.169001462960205, 5.332424808595789, -2.7257906115456905, 0.04915740943482061, 0.3013087204977928, 0.4533488274367139, False
4.347866783070806, -0.5340257156875854, 1.4450194250982475, 0.04915740943482061, 0.3013087204977928, 0.4533488274367139, False
0.6629579760707207, -0.6728651770739162, -2.466617976316431, 0.04915740943482061, 0.3013087204977928, 0.4533488274367139, True
5.383175912297755, 3.67650306244267, 2.392037209427585, 0.04915740943482061, 0.3013087204977928, 0.4533488274367139, True
-3.2825685631957686, 3.6479256765378665, 1.1188430905606355, 0.04915740943482061, 0.3013087204977928, 0.4533488274367139, False
4.153218723102519, 5.604063104500721, 1.6163483354263297, 0.04915740943482061, 0.3013087204977928, 0.4533488274367139, False
-4.050630390863312, -2.989247440566028, -1.3748507964011447, 0.04915740943482061, 0.3013087204977928, 0.4533488274367139, False
1.0206727848019543, 2.656772257563281, -1.5603573660008296, 0.04915740943482061, 0.3013087204977928, 0.4533488274367139, False
2.073569659051646, 0.8101425204439572, -1.7566598218331129, 0.04915740943482061, 0.3013087204977928, 0.4533488274367139, False
-2.07548272148943, 1.2421670291531015, 1.0966258348003173, 0.04915740943482061, 0.3013087204977928, 0.4533488274367139, False
3.8141628400483114, -2.113140376001115, 0.44884030310666834, 0.04915740943482061, 0.3013087204977928, 0.4533488274367139, False
2.861982428274411, 1.4944577099773637, -0.6625589470169939, 0.04915740943482061, 0.3013087204977928, 0.4533488274367139, False
1.8045880405546022, -3.076148969367249, 2.829428964902327, 0.04915740943482061, 0.3013087204977928, 0.4533488274367139, False
-1.0266785333286883, 0.41274167371700354, 1.7235975004376778, 0.04915740943482061, 0.3013087204977928, 0.4533488274367139, False
-4.628953236417463, 1.702969204164397, 1.7632591565794602, 0.04915740943482061, 0.3013087204977928, 0.4533488274367139, False
2.9399870830560566, -1.7062016720528543, 2.1944483289406653, 0.04915740943482061, 0.3013087204977928, 0.4533488274367139, False
-2.9502769195776612, -1.3398791663590437, 2.606949230913406, 0.04915740943482061, 0.3013087204977928, 0.4533488274367139, False
-0.08688985467123711, 1.0214980316943976, -1.7864869193482955, 0.04915740943482061, 0.3013087204977928, 0.4533488274367139, False
1.1680862136372525, -3.671933638980102, -1.689724861866821, 0.04915740943482061, 0.3013087204977928, 0.4533488274367139, False
-1.9021048791442396, -0.5323623469352174, 0.266605582894925, 0.04915740943482061, 0.3013087204977928, 0.4533488274367139, False
-1.792588244008563, -2.5539091488691152, 3.0055271952520606, 0.04915740943482061, 0.3013087204977928, 0.4533488274367139, True
-5.371103925470624, 6.271243040774451, -0.98502448298377, 0.04915740943482061, 0.3013087204977928, 0.4533488274367139, False
-1.6326494227273045, 2.8801893585284475, 2.929459945767835, 0.04915740943482061, 0.3013087204977928, 0.4533488274367139, True
-1.8918343068564107, 4.888843511618582, -2.9909253686017907, 0.04915740943482061, 0.3013087204977928, 0.4533488274367139, True
5.217084321855854, 1.0247657851403806, -1.5729776216368974, 0.04915740943482061, 0.3013087204977928, 0.4533488274367139, False
-2.486543221577077, -4.50116078101112, 1.0823535491788867, 0.04915740943482061, 0.3013087204977928, 0.4533488274367139, False
-3.469299377406721, 2.1749747283846617, 1.4520811113913412, 0.04915740943482061, 0.3013087204977928, 0.4533488274367139, False
0.8979723687032619, -6.220546639577729, -2.9707230763447385, 0.04915740943482061, 0.3013087204977928, 0.4533488274367139, True
-0.5305633241190071, -2.8879553268534868, 0.8868509211069675, 0.04915740943482061, 0.3013087204977928, 0.4533488274367139, False
-4.998998183425252, -0.0062353598318942716, -2.563624128485541, 0.04915740943482061, 0.3013087204977928, 0.4533488274367139, False
1.2382655493063561, -0.7362143206437048, 0.8190032165109633, 0.04915740943482061, 0.3013087204977928, 0.4533488274367139, True
0.05370900845944693, 4.718858567899382, 0.8781848918455895, 0.04915740943482061, 0.3013087204977928, 0.4533488274367139, True
-1.0648368599160722, 2.9688789345803794, 2.2084302691349915, 0.04915740943482061, 0.3013087204977928, 0.4533488274367139, True
0.10552551488535222, 6.269380550848995, -1.6556869948362514, 0.04915740943482061, 0.3013087204977928, 0.4533488274367139, False
-0.40302070544972146, -4.825540775835426, 0.4310476714660667, 0.04915740943482061, 0.3013087204977928, 0.4533488274367139, False
-5.144339047271503, 5.674027710428854, -1.0726640263128662, 0.04915740943482061, 0.3013087204977928, 0.4533488274367139, True
-3.6767017953659593, 5.974246798685623, 2.356251421196265, 0.04915740943482061, 0.3013087204977928, 0.4533488274367139, False
-4.115735642536944, -4.948023095277768, 2.5852313737008332, 0.04915740943482061, 0.3013087204977928, 0.4533488274367139, False
-5.266358573510211, -0.10126676294868542, 1.1139590606069314, 0.04915740943482061, 0.3013087204977928, 0.4533488274367139, False
4.597518554184724, 5.45679922455035, 2.3855293237061224, 0.04915740943482061, 0.3013087204977928, 0.4533488274367139, False
5.629485834600269, 4.985116997125994, 2.9706516547085586, 0.04915740943482061, 0.3013087204977928, 0.4533488274367139, True
-4.202633893916834, 2.7034635920954013, -0.5114173906390027, 0.04915740943482061, 0.3013087204977928, 0.4533488274367139, False
-4.099850683977541, -5.255238790151229, 0.033548808588343526, 0.04915740943482061, 0.3013087204977928, 0.4533488274367139, False
-1.9811185736845678, -6.260307112367621, 2.38206053121801, 0.04915740943482061, 0.3013087204977928, 0.4533488274367139, False
-5.217885716727318, 4.095210070674895, -0.6620605276987717, 0.04915740943482061, 0.3013087204977928, 0.4533488274367139, False
5.3667885273189775, 6.154693668621709, 2.348205838050813, 0.04915740943482061, 0.3013087204977928, 0.4533488274367139, False
-5.669268852063046, -3.306037116900516, 1.9716695641003206, 0.04915740943482061, 0.3013087204977928, 0.4533488274367139, False
-0.5497302632004706, -4.041335468814253, -2.537836437885062, 0.04915740943482061, 0.3013087204977928, 0.4533488274367139, False
5.552199652625086, 0.7116595796279688, -3.109597038761578, 0.04915740943482061, 0.3013087204977928, 0.4533488274367139, True
-4.786643137105605, -3.6870570006153134, -0.9563129585697019, 0.04915740943482061, 0.3013087204977928, 0.4533488274367139, False
1.3902352896762746, -4.85602199220294, -2.972769112143118, 0.04915740943482061, 0.3013087204977928, 0.4533488274367139, True
-4.057177530090776, -3.3449438627231536, -1.6120237901495675, 0.04915740943482061, 0.3013087204977928, 0.4533488274367139, False
-3.5236252926617815, 6.266107592522747, 1.6304049495963016, 0.04915740943482061, 0.3013087204977928, 0.4533488274367139, False
4.238262424398808, 2.5981108574450253, 0.8661996470001787, 0.04915740943482061, 0.3013087204977928, 0.4533488274367139, False
-3.0467256243717284, -2.6546364699115794, 1.0782870987785067, 0.04915740943482061, 0.3013087204977928, 0.4533488274367139, False
3.2573068121951625, 5.684584592824708, -2.488000325310933, 0.04915740943482061, 0.3013087204977928, 0.4533488274367139, False
1.9635545723250214, -3.6209708265249234, -1.4402974421590409, 0.04915740943482061, 0.3013087204977928, 0.4533488274367139, False
6.118176861535444, -4.058756694519884, 1.9250244356952129, 0.04915740943482061, 0.3013087204977928, 0.4533488274367139, False
0.5796393588238189, 4.210757639211154, -1.5250689699173559, 0.04915740943482061, 0.3013087204977928, 0.4533488274367139, False
-3.6517042045834054, 5.414242106022131, 2.0333663604670233, 0.04915740943482061, 0.3013087204977928, 0.4533488274367139, False
4.9820760702107645, -5.413703653874047, 2.751454033478754, 0.04915740943482061, 0.3013087204977928, 0.4533488274367139, False
-5.764587133161023, 4.49975005211431, 2.227148932388176, 0.04915740943482061, 0.3013087204977928, 0.4533488274367139, False
0.3987475526583184, 5.327889737622497, -2.2466154709798034, 0.04915740943482061, 0.3013087204977928, 0.4533488274367139, True
4.834880749951381, -2.1913284187836917, -3.0119421106460433, 0.04915740943482061, 0.3013087204977928, 0.4533488274367139, True
2.990069765070949, -2.002573149266728, -1.4656951672901353, 0.04915740943482061, 0.3013087204977928, 0.4533488274367139, False
0.6600600912390435, -3.8836044262418947, -1.1512281815762668, 0.04915740943482061, 0.3013087204977928, 0.4533488274367139, False
-2.2094685568686963, -4.53082764221757, -1.4004563660062557, 0.04915740943482061, 0.3013087204977928, 0.4533488274367139, False
-0.4366723428628232, -0.671735602716284, -0.04408569605771939, 0.04915740943482061, 0.3013087204977928, 0.4533488274367139, False
-0.14352443314683683, 1.2410430533494976, -1.568765070354349, 0.04915740943482061, 0.3013087204977928, 0.4533488274367139, False
-2.0589634585794627, 4.7557796833328005, 2.5735990462270477, 0.04915740943482061, 0.3013087204977928, 0.4533488274367139, False
-5.798793932222784, -4.9028951453217395, -0.26022784085752093, 0.04915740943482061, 0.3013087204977928, 0.4533488274367139, False
3.0126077544879593, -6.0797327677325805, 0.3439827179882511, 0.04915740943482061, 0.3013087204977928, 0.4533488274367139, False
-4.88421937424767, 4.06219124951971, -2.7151311540179437, 0.04915740943482061, 0.3013087204977928, 0.4533488274367139, False
2.05113530770463, 2.128701218231395, 0.5077199091895217, 0.04915740943482061, 0.3013087204977928, 0.4533488274367139, False
-1.1485420140568205, -4.9052999816009155, -2.7847551951154417, 0.04915740943482061, 0.3013087204977928, 0.4533488274367139, False
