-2.561957072956207, -4.660467030867193, 1.686157931705381, 0.27262798305430613, 0.17528252272208866, -0.29188251977298846, True
-1.8994434498417716, 0.2598693244907295, -0.7690303790573942, 0.27262798305430613, 0.17528252272208866, -0.29188251977298846, False
0.5571794761173328, 3.7087129928648146, 1.7205496875773756, 0.27262798305430613, 0.17528252272208866, -0.29188251977298846, False
-1.482428065091665, -3.0102118249911034, 2.8757929507572593, 0.27262798305430613, 0.17528252272208866, -0.29188251977298846, False
-1.8065602543319725, 4.082821171723175, -1.5343999799492745, 0.27262798305430613, 0.17528252272208866, -0.29188251977298846, False
-3.9452750810870225, -0.7567634522308735, -1.2932972505280402, 0.27262798305430613, 0.17528252272208866, -0.29188251977298846, False
-5.6281509299610954, 2.1062668697489535, -1.2699382273983886, 0.27262798305430613, 0.17528252272208866, -0.29188251977298846, False
-3.8650210665249745, 2.0357569790341987, 0.28601440025577274, 0.27262798305430613, 0.17528252272208866, -0.29188251977298846, False
3.202423417834254, -1.051973808930363, -1.8966431116481723, 0.27262798305430613, 0.17528252272208866, -0.29188251977298846, False
4.975617461017734, -1.3627226780647197, -0.011754164279401458, 0.27262798305430613, 0.17528252272208866, -0.29188251977298846, False
2.6051933952863724, 1.6280033084852308, -2.597527495755524, 0.27262798305430613, 0.17528252272208866, -0.29188251977298846, False
3.9681611013280556, -3.4442914535404947, -0.9300712762273506, 0.27262798305430613, 0.17528252272208866, -0.29188251977298846, True
1.806745223043956, 0.21144039518589341, -3.0964547663427635, 0.27262798305430613, 0.17528252272208866, -0.29188251977298846, True
-1.3281219905277553, -0.8308745113733895, 2.6226312362420465, 0.27262798305430613, 0.17528252272208866, -0.29188251977298846, False
2.6228155491007836, 4.93780899332244, -1.5372392836334081, 0.27262798305430613, 0.17528252272208866, -0.29188251977298846, False
0.6483697868389777, 1.6222077204277507, 2.181152949409719, 0.27262798305430613, 0.17528252272208866, -0.29188251977298846, False
3.6636759985825815, 0.19731901522551532, 1.2264516410100565, 0.27262798305430613, 0.17528252272208866, -0.29188251977298846, False
-3.7297617515529047, 0.012393588614585838, 2.3316760198233126, 0.27262798305430613, 0.17528252272208866, -0.29188251977298846, False
5.372714245491476, 0.8501732984465784, -2.9370316512824535, 0.27262798305430613, 0.17528252272208866, -0.29188251977298846, True
-4.81046349056571, -0.8249914280176291, -1.5116884473951377, 0.27262798305430613, 0.17528252272208866, -0.29188251977298846, False
-1.6464020528740786, -2.6446901090565156, 0.3647073449189038, 0.27262798305430613, 0.17528252272208866, -0.29188251977298846, False
-3.144610248530269, 5.947539409401484, -2.7205789140054955, 0.27262798305430613, 0.17528252272208866, -0.29188251977298846, False
0.5100127352378241, 6.250856375189418, -2.5100489656465035, 0.27262798305430613, 0.17528252272208866, -0.29188251977298846, False
-0.5351660127456155, 6.085041884423024, -0.03472323326546434, 0.27262798305430613, 0.17528252272208866, -0.29188251977298846, False
-0.8495331371730304, 2.4611337604582832, 1.6899279698704115, 0.27262798305430613, 0.17528252272208866, -0.29188251977298846, False
2.1903915302311745, -3.9349324531235452, -2.8457775600873623, 0.27262798305430613, 0.17528252272208866, -0.29188251977298846, False
3.784702684455338, 3.1802642371183474, -1.0126714132924208, 0.27262798305430613, 0.17528252272208866, -0.29188251977298846, False
-6.060138186781115, -4.731313065297633, -1.1092360187861101, 0.27262798305430613, 0.17528252272208866, -0.29188251977298846, True
3.7305192216142196, -6.084219252315539, 2.702368440891348, 0.27262798305430613, 0.17528252272208866, -0.29188251977298846, False
-4.436929715692321, -3.128115008443235, 0.6019789625572907, 0.27262798305430613, 0.17528252272208866, -0.29188251977298846, False
-0.4518586907758273, -2.4843944610537676, 0.9010640453151089, 0.27262798305430613, 0.17528252272208866, -0.29188251977298846, False
0.9729795966272192, 2.01195313189095, 2.442565968873331, 0.27262798305430613, 0.17528252272208866, -0.29188251977298846, False
-3.4864808154877758, -2.6581472498791214, -1.0829544153152906, 0.27262798305430613, 0.17528252272208866, -0.29188251977298846, False
-3.570990238891068, -3.46589741425072, -2.6615146820344515, 0.27262798305430613, 0.17528252272208866, -0.29188251977298846, False
4.219298104388885, -4.068959541148076, 0.662126207505636, 0.27262798305430613, 0.17528252272208866, -0.29188251977298846, True
-2.1304060349267138, -0.19402482793412634, 0.5129793085827901, 0.27262798305430613, 0.17528252272208866, -0.29188251977298846, False
-4.158033561371941, 2.1673604364062307, -1.9603355916287442, 0.27262798305430613, 0.17528252272208866, -0.29188251977298846, False
-5.67957926919836, 2.3311533958551447, 1.8186209824557373, 0.27262798305430613, 0.17528252272208866, -0.29188251977298846, False
-1.5521367951510445, -3.2542923670482407, -1.9624666207562396, 0.27262798305430613, 0.17528252272208866, -0.29188251977298846, False
5.679657664921944, 3.202517449170454, -0.01847078855579376, 0.27262798305430613, 0.17528252272208866, -0.29188251977298846, False
1.3391160191125078, -5.516969135774942, -2.9910539788775483, 0.27262798305430613, 0.17528252272208866, -0.29188251977298846, True
0.4444164650278797, -5.4421056281498315, 2.8197179293039545, 0.27262798305430613, 0.17528252272208866, -0.29188251977298846, True
-6.0367758791551145, -5.904169363050293, 0.8434371730314147, 0.27262798305430613, 0.17528252272208866, -0.29188251977298846, True
1.6531845084205754, 4.7557553680301385, 0.9541966138167624, 0.27262798305430613, 0.17528252272208866, -0.29188251977298846, False
2.454837980041905, -2.313165036024192, 1.3346352412462732, 0.27262798305430613, 0.17528252272208866, -0.29188251977298846, False
2.461371859886695, -4.966891978526917, -0.7321787726062907, 0.27262798305430613, 0.17528252272208866, -0.29188251977298846, False
3.316160085578451, 5.753374366262134, 1.7179080721671856, 0.27262798305430613, 0.17528252272208866, -0.29188251977298846, False
5.844728694955258, -5.739709182378833, -0.8940283387104682, 0.27262798305430613, 0.17528252272208866, -0.29188251977298846, False
-1.8190370196700671, -5.971626125684659, -2.5838867057254875, 0.27262798305430613, 0.17528252272208866, -0.29188251977298846, False
4.66143814905622, -5.36794280347255, 1.0029784124110455, 0.27262798305430613, 0.17528252272208866, -0.29188251977298846, False
-3.06837219544274, -4.016737893258599, 2.0205477550315667, 0.27262798305430613, 0.17528252272208866, -0.29188251977298846, False
-3.7372252414928435, 2.479275002643689, 2.011459076313697, 0.27262798305430613, 0.17528252272208866, -0.29188251977298846, False
-0.1529491748272882, -3.990590337107717, 0.6517686849628133, 0.27262798305430613, 0.17528252272208866, -0.29188251977298846, False
-3.9978981472283652, 2.3340625226952927, -2.682992596966577, 0.27262798305430613, 0.17528252272208866, -0.29188251977298846, False
-4.002388213887981, 4.500729027315172, -2.8327987039294396, 0.27262798305430613, 0.17528252272208866, -0.29188251977298846, False
3.5027784905449817, -0.5452510699538031, -3.017838808856807, 0.27262798305430613, 0.17528252272208866, -0.29188251977298846, True
4.9172150719601735, 4.485170635163334, -2.1574809881692145, 0.27262798305430613, 0.17528252272208866, -0.29188251977298846, False
5.844588782289847, -2.9397399197910112, -0.07450533996735098, 0.27262798305430613, 0.17528252272208866, -0.29188251977298846, False
0.28013520937059244, 0.8406475741341861, -0.9593705261403342, 0.27262798305430613, 0.17528252272208866, -0.29188251977298846, True
4.883391404070963, 3.406637625458794, 1.5207538347120835, 0.27262798305430613, 0.17528252272208866, -0.29188251977298846, False
-5.109097199160357, -4.805390949154075, 1.1062871772857967, 0.27262798305430613, 0.17528252272208866, -0.29188251977298846, False
-6.075084639087764, -0.045431781242201374, -2.3896773161860034, 0.27262798305430613, 0.17528252272208866, -0.29188251977298846, False
0.04720227085528972, -3.1540994688186825, -1.669019712276534, 0.27262798305430613, 0.17528252272208866, -0.29188251977298846, False
-3.256992622721214, 4.6686856680175985, -0.7460306122141569, 0.27262798305430613, 0.17528252272208866, -0.29188251977298846, False
-3.4144253641472946, -1.0219131368242769, -2.573419938115408, 0.27262798305430613, 0.17528252272208866, -0.29188251977298846, False
-5.39645586898357, -6.019721715814886, -2.73060827349704, 0.27262798305430613, 0.17528252272208866, -0.29188251977298846, False
3.8203477195663815, -3.8638596828142924, -0.5469759144410768, 0.27262798305430613, 0.17528252272208866, -0.29188251977298846, True
3.9681971968462246, 0.6299090783774339, 1.188670451122955, 0.27262798305430613, 0.17528252272208866, -0.29188251977298846, False
-0.7488614630509085, 4.332841008832396, -0.4863737250269571, 0.27262798305430613, 0.17528252272208866, -0.29188251977298846, False
5.369825353398287, 5.384673258171169, 2.0403834232615043, 0.27262798305430613, 0.17528252272208866, -0.29188251977298846, False
-4.1650740739287855, -5.900049536962937, 2.4570693192085367, 0.27262798305430613, 0.17528252272208866, -0.29188251977298846, False
-3.7809328316642854, -5.537410563118176, -2.0277120866905656, 0.27262798305430613, 0.17528252272208866, -0.29188251977298846, False
-3.8773950384909224, -4.255073465501533, 1.3608211588222128, 0.27262798305430613, 0.17528252272208866, -0.29188251977298846, False
-6.22691892649486, -3.96049070284581, 1.8970610144902933, 0.27262798305430613, 0.17528252272208866, -0.29188251977298846, False
3.5597325263903574, -4.892121619622863, 0.10241267458800252, 0.27262798305430613, 0.17528252272208866, -0.29188251977298846, False
-0.04723086957106126, 0.9289818799960408, 2.5598101017283, 0.27262798305430613, 0.17528252272208866, -0.29188251977298846, True
3.1373591204599993, -2.1077148238448835, 0.6241876287063288, 0.27262798305430613, 0.17528252272208866, -0.29188251977298846, False
4.348870410931449, 5.918268678168708, -0.5877829223707125, 0.27262798305430613, 0.17528252272208866, -0.29188251977298846, False
5.451627537702894, 6.171646917863534, 0.10790713030801102, 0.27262798305430613, 0.17528252272208866, -0.29188251977298846, False
-5.192894119521293, -2.7612670888583892, -1.411097058639591, 0.27262798305430613, 0.17528252272208866, -0.29188251977298846, False
-0.005390031239461024, -3.463559854002529, 0.8359436432836538, 0.27262798305430613, 0.17528252272208866, -0.29188251977298846, False
-2.0160380538938334, -3.245732060338952, -1.1248138204060285, 0.27262798305430613, 0.17528252272208866, -0.29188251977298846, False
-0.7227548463907816, 2.1305090669689815, 2.580654496163473, 0.27262798305430613, 0.17528252272208866, -0.29188251977298846, False
-0.8841736308548844, -4.867309032193356, 0.7862211800692349, 0.27262798305430613, 0.17528252272208866, -0.29188251977298846, True
-3.2690652372792304, -2.9562302637574414, -2.8919578056418747, 0.27262798305430613, 0.17528252272208866, -0.29188251977298846, True
2.659469207568346, 1.4345495697108683, -2.155762574905961, 0.27262798305430613, 0.17528252272208866, -0.29188251977298846, False
-0.6086436998416529, -2.4707595155245836, -2.154406569873324, 0.27262798305430613, 0.17528252272208866, -0.29188251977298846, False
-2.404885328008492, 0.3206381871134507, -1.1143900571931993, 0.27262798305430613, 0.17528252272208866, -0.29188251977298846, False
-2.904021195293788, 2.125047217339498, -2.198937052657705, 0.27262798305430613, 0.17528252272208866, -0.29188251977298846, False
-2.7775024555480856, 5.664642903309749, -0.5236992293976064, 0.27262798305430613, 0.17528252272208866, -0.29188251977298846, False
2.859134495033503, -0.6924939614346837, 0.5574452374810419, 0.27262798305430613, 0.17528252272208866, -0.29188251977298846, False
2.313649673275748, -0.29394055752796433, -1.124153761325005, 0.27262798305430613, 0.17528252272208866, -0.29188251977298846, False
-4.5589768564729525, -2.657140263242257, 3.114592308961152, 0.27262798305430613, 0.17528252272208866, -0.29188251977298846, True
0.26937028282146436, 2.0224275666625946, -0.49668298838624203, 0.27262798305430613, 0.17528252272208866, -0.29188251977298846, False
0.9477912579459709, 5.305580198869427, 1.3448572494772684, 0.27262798305430613, 0.17528252272208866, -0.29188251977298846, False
4.687280387497806, -5.03656842509285, -1.1781295304175399, 0.27262798305430613, 0.17528252272208866, -0.29188251977298846, False
2.9854064320904126, 3.7079425006265794, -0.20378108136148043, 0.27262798305430613, 0.17528252272208866, -0.29188251977298846, False
0.25603701518793187, -2.326485520526754, 1.5173458010714764, 0.27262798305430613, 0.17528252272208866, -0.29188251977298846, False
0.31287118209524767, 6.080703412729644, 0.471690862150151, 0.27262798305430613, 0.17528252272208866, -0.29188251977298846, False
-4.819747940527327, 0.8082822037746036, 1.6725958686983722, 0.27262798305430613, 0.17528252272208866, -0.29188251977298846, False
