6.272561343700378, -3.4703877096311855, 1.545614630761479, 0.3323431434397204, -0.050609723486339964, -0.5202453861772267, False
-1.5593936961251416, -3.9387232924367206, 1.2091476279400872, 0.3323431434397204, -0.050609723486339964, -0.5202453861772267, False
3.854703870063929, 5.281892488953764, -3.078479298105971, 0.3323431434397204, -0.050609723486339964, -0.5202453861772267, True
-1.6998417621250352, -2.6925714452118865, -2.1786667403949598, 0.3323431434397204, -0.050609723486339964, -0.5202453861772267, False
0.8412171122864764, -3.2380866962982005, 3.1039427844243406, 0.3323431434397204, -0.050609723486339964, -0.5202453861772267, True
-5.644620652206703, 0.10498335019969218, 0.47245686505420315, 0.3323431434397204, -0.050609723486339964, -0.5202453861772267, False
-5.642642920272964, 5.071030675799543, 0.41392490099689416, 0.3323431434397204, -0.050609723486339964, -0.5202453861772267, False
0.2929610084479686, -5.264173976751807, 2.8069000357611165, 0.3323431434397204, -0.050609723486339964, -0.5202453861772267, False
-4.20494755439967, 1.9295131868404134, 1.7758595339091388, 0.3323431434397204, -0.050609723486339964, -0.5202453861772267, False
-1.9741927117742728, -0.12731093634898905, 2.2929251251322524, 0.3323431434397204, -0.050609723486339964, -0.5202453861772267, False
-2.044514862684381, 2.677139220397125, 0.669983942858098, 0.3323431434397204, -0.050609723486339964, -0.5202453861772267, False
3.2028049721331264, 1.709970962432382, -0.2729197401611585, 0.3323431434397204, -0.050609723486339964, -0.5202453861772267, False
1.4210716035323632, -3.765199617861417, -2.93637176263584, 0.3323431434397204, -0.050609723486339964, -0.5202453861772267, True
-4.032091570764296, 2.026389947693554, -0.2926275351086134, 0.3323431434397204, -0.050609723486339964, -0.5202453861772267, False
4.190721954730874, -1.5325723051900626, -0.794256469657868, 0.3323431434397204, -0.050609723486339964, -0.5202453861772267, False
-2.756148216125419, 0.5007888312514854, -1.3270932874425312, 0.3323431434397204, -0.050609723486339964, -0.5202453861772267, False
-2.7893696156239187, 1.3395559655572225, -0.8988697204197398, 0.3323431434397204, -0.050609723486339964, -0.5202453861772267, False
-1.950424813359537, 0.8243263206411839, -1.9939088409447299, 0.3323431434397204, -0.050609723486339964, -0.5202453861772267, False
6.097172165193088, -0.10981683932244124, 0.23022489203382923, 0.3323431434397204, -0.050609723486339964, -0.5202453861772267, False
3.329833117803636, -5.850748668237576, 0.37947056431067194, 0.3323431434397204, -0.050609723486339964, -0.5202453861772267, False
1.34956800317119, 5.704712026937813, -2.9582138638971456, 0.3323431434397204, -0.050609723486339964, -0.5202453861772267, True
2.6709193691184883, 2.9086234871239007, 2.600044483748709, 0.3323431434397204, -0.050609723486339964, -0.5202453861772267, False
3.8397599968983585, -2.203488382456821, -2.806078613654733, 0.3323431434397204, -0.050609723486339964, -0.5202453861772267, False
-4.418412470137006, 1.1127660541866309, 2.7375256615975143, 0.3323431434397204, -0.050609723486339964, -0.5202453861772267, False
4.915976269734438, -0.6392749694269666, 2.278544605474064, 0.3323431434397204, -0.050609723486339964, -0.5202453861772267, False
-2.255327108535049, -1.1049112687256981, 0.029452018698336246, 0.3323431434397204, -0.050609723486339964, -0.5202453861772267, False
-1.4489400064275726, 0.3987205298354173, 1.1547647058696704, 0.3323431434397204, -0.050609723486339964, -0.5202453861772267, False
-6.098854134859097, -1.7576839887104017, -1.577389498618721, 0.3323431434397204, -0.050609723486339964, -0.5202453861772267, False
-1.941938027455194, -1.39829607906303, 2.6801507913432463, 0.3323431434397204, -0.050609723486339964, -0.5202453861772267, False
-5.072575780163836, -4.294104452847681, 0.24950570445156695, 0.3323431434397204, -0.050609723486339964, -0.5202453861772267, False
4.547621995838538, -3.651840924494944, 2.106777378200447, 0.3323431434397204, -0.050609723486339964, -0.5202453861772267, False
-5.0283158639869185, 5.957079120738014, 1.624795240766045, 0.3323431434397204, -0.050609723486339964, -0.5202453861772267, False
-0.9447202439778009, -2.9331260925611127, 0.0689757679773062, 0.3323431434397204, -0.050609723486339964, -0.5202453861772267, False
1.5871953216801344, -1.2868394814858393, 2.0785789254639866, 0.3323431434397204, -0.050609723486339964, -0.5202453861772267, False
5.908182903568143, -3.689487266123768, -2.6785871822400553, 0.3323431434397204, -0.050609723486339964, -0.5202453861772267, False
-5.273686754086089, 5.304081596919769, 2.272922679242657, 0.3323431434397204, -0.050609723486339964, -0.5202453861772267, False
-0.0783986772245564, -4.752966382813777, 2.184642418620548, 0.3323431434397204, -0.050609723486339964, -0.5202453861772267, False
-2.310923684684123, 3.9650081505822268, 0.5028042914247624, 0.3323431434397204, -0.050609723486339964, -0.5202453861772267, False
-0.01757941802396612, -4.006556684440568, 2.3570924548254295, 0.3323431434397204, -0.050609723486339964, -0.5202453861772267, False
-5.051252040444426, 4.425080309154142, -1.4400546993499952, 0.3323431434397204, -0.050609723486339964, -0.5202453861772267, False
2.9272258720562476, 0.9680046030722149, -2.3860466110934038, 0.3323431434397204, -0.050609723486339964, -0.5202453861772267, False
1.5831764025551536, -1.610031715409174, 2.6315624100675734, 0.3323431434397204, -0.050609723486339964, -0.5202453861772267, False
3.351980202241558, 2.4239011121820084, -2.9819239120103735, 0.3323431434397204, -0.050609723486339964, -0.5202453861772267, True
2.861380723780057, -1.34348054063679, -2.5093524750019256, 0.3323431434397204, -0.050609723486339964, -0.5202453861772267, False
-4.379637772547994, -5.2306237190545675, 1.5080677559830518, 0.3323431434397204, -0.050609723486339964, -0.5202453861772267, False
-1.3722906176091971, 5.4166835647619465, 0.4719261358283964, 0.3323431434397204, -0.050609723486339964, -0.5202453861772267, False
1.237192689170774, 4.016167377768475, -0.13468041345369297, 0.3323431434397204, -0.050609723486339964, -0.5202453861772267, False
-2.693577327096255, -5.158906723845973, 0.986530290167619, 0.3323431434397204, -0.050609723486339964, -0.5202453861772267, False
-2.6184198400648024, 1.4341067489938464, -2.0601708595252046, 0.3323431434397204, -0.050609723486339964, -0.5202453861772267, False
-3.0704185042252194, -1.5598551431655494, 0.8368045394345907, 0.3323431434397204, -0.050609723486339964, -0.5202453861772267, False
2.4968236484493556, -0.8889823294681491, 2.810979763679873, 0.3323431434397204, -0.050609723486339964, -0.5202453861772267, False
0.04691276272921563, -2.4687232700139488, -2.466239962096755, 0.3323431434397204, -0.050609723486339964, -0.5202453861772267, False
-4.0238958744346505, -4.322147509868858, -2.799348258294378, 0.3323431434397204, -0.050609723486339964, -0.5202453861772267, False
-2.6130306592667414, -2.788833669790306, 3.075312423035551, 0.3323431434397204, -0.050609723486339964, -0.5202453861772267, True
4.571236254679951, -2.704322920338934, 2.7317948693856646, 0.3323431434397204, -0.050609723486339964, -0.5202453861772267, False
3.019220687170405, 4.341512796508887, -2.2740650693364755, 0.3323431434397204, -0.050609723486339964, -0.5202453861772267, False
3.2635659563748796, -1.170015363910232, 1.4138978543179643, 0.3323431434397204, -0.050609723486339964, -0.5202453861772267, False
1.355550995505089, 4.332298843777673, 0.11739653686961127, 0.3323431434397204, -0.050609723486339964, -0.5202453861772267, False
-5.133017733105931, 4.744704857814016, -2.577438163139546, 0.3323431434397204, -0.050609723486339964, -0.5202453861772267, False
-4.904508538141095, 2.3361701013760907, 1.0468172588026672, 0.3323431434397204, -0.050609723486339964, -0.5202453861772267, False
0.6762499910325177, 2.0240104749483763, 2.6433034532798096, 0.3323431434397204, -0.050609723486339964, -0.5202453861772267, False
0.3893929086730292, 0.40313444836906065, -0.8802291352822773, 0.3323431434397204, -0.050609723486339964, -0.5202453861772267, False
-2.9404396894024747, 6.078730540627506, 2.7402784334302908, 0.3323431434397204, -0.050609723486339964, -0.5202453861772267, False
-2.5942223707252867, -1.3809783062059902, -1.3442674663099687, 0.3323431434397204, -0.050609723486339964, -0.5202453861772267, False
-1.9801014207659753, 5.272699876522207, 0.8053427687200139, 0.3323431434397204, -0.050609723486339964, -0.5202453861772267, False
-3.0211687423071725, 3.766896200097076, -1.0482860380263461, 0.3323431434397204, -0.050609723486339964, -0.5202453861772267, False
-4.006912408472454, -5.6015305636420365, 3.016791558737186, 0.3323431434397204, -0.050609723486339964, -0.5202453861772267, True
-1.9545303951566204, 3.1894964361106, 1.4415983484321, 0.3323431434397204, -0.050609723486339964, -0.5202453861772267, False
-1.8608660886595132, -1.5690286372490787, 0.99133464915381, 0.3323431434397204, -0.050609723486339964, -0.5202453861772267, False
-3.958839588121672, 0.3014089310690826, -3.0782841941738415, 0.3323431434397204, -0.050609723486339964, -0.5202453861772267, True
1.2399934742423042, -0.8403810472658728, 1.4034874805111324, 0.3323431434397204, -0.050609723486339964, -0.5202453861772267, False
-1.662882975662166, -4.703316814615665, 2.68780383802104, 0.3323431434397204, -0.050609723486339964, -0.5202453861772267, False
1.6038965887840506, 0.048820922896377184, -2.6111503755977115, 0.3323431434397204, -0.050609723486339964, -0.5202453861772267, False
5.470205278159954, -1.6802037678399007, 3.1327016858915417, 0.3323431434397204, -0.050609723486339964, -0.5202453861772267, True
-5.657306999803081, 0.7638371396522814, -0.7682199564301175, 0.3323431434397204, -0.050609723486339964, -0.5202453861772267, False
-1.7699248430767422, -0.5930355761729844, -0.248713510975747, 0.3323431434397204, -0.050609723486339964, -0.5202453861772267, False
3.7008737522325195, -4.675071044273799, 1.3952096890300236, 0.3323431434397204, -0.050609723486339964, -0.5202453861772267, False
-4.470599112387474, 4.485899483958464, 3.135289371173026, 0.3323431434397204, -0.050609723486339964, -0.5202453861772267, True
3.7473840662548756, 2.5337139913431628, -2.8165138988246747, 0.3323431434397204, -0.050609723486339964, -0.5202453861772267, False
4.774437956834346, -4.322755194370925, -0.6097813024822014, 0.3323431434397204, -0.050609723486339964, -0.5202453861772267, False
5.863648282656856, -0.025115830472009826, 1.2498400153186253, 0.3323431434397204, -0.050609723486339964, -0.5202453861772267, False
3.441462249334645, 0.01717627511041986, 2.6759740791094186, 0.3323431434397204, -0.050609723486339964, -0.5202453861772267, False
-1.1251163487367348, -1.188374366947417, -1.2158884793380327, 0.3323431434397204, -0.050609723486339964, -0.5202453861772267, False
-4.69210560450941, -1.297127081426991, -0.633360775715579, 0.3323431434397204, -0.050609723486339964, -0.5202453861772267, False
2.1678043198888215, -5.113332418667208, 0.4872076827268481, 0.3323431434397204, -0.050609723486339964, -0.5202453861772267, False
4.352243936572981, 5.263854793453671, 2.6517947694400315, 0.3323431434397204, -0.050609723486339964, -0.5202453861772267, False
-6.231903825258954, -0.6112141843792669, 2.752221274887307, 0.3323431434397204, -0.050609723486339964, -0.5202453861772267, False
-5.304525777789828, 0.8423321344110235, 1.3787541622740624, 0.3323431434397204, -0.050609723486339964, -0.5202453861772267, False
2.130864435886661, -1.1833077197653123, -0.5635757234137326, 0.3323431434397204, -0.050609723486339964, -0.5202453861772267, False
0.7904913574043748, 1.151981747083143, 1.6695808875070384, 0.3323431434397204, -0.050609723486339964, -0.5202453861772267, False
-2.9025499610312897, -3.73195883615853, -0.6709384886050036, 0.3323431434397204, -0.050609723486339964, -0.5202453861772267, True
4.659493392037829, -0.2677658048668441, 0.7435746752271255, 0.3323431434397204, -0.050609723486339964, -0.5202453861772267, False
1.9376556928262403, 4.437575711966854, -0.2630381990866657, 0.3323431434397204, -0.050609723486339964, -0.5202453861772267, False
-5.935676350308549, -1.8300022224963692, -0.08476772107130648, 0.3323431434397204, -0.050609723486339964, -0.5202453861772267, False
4.388957141883127, 5.084542296779087, -1.9587148052279546, 0.3323431434397204, -0.050609723486339964, -0.5202453861772267, False
-3.967170476080737, 1.3825733787434658, -2.3989417937399486, 0.3323431434397204, -0.050609723486339964, -0.5202453861772267, False
-5.489726098022738, 2.3756968383896115, 1.2319872819037316, 0.3323431434397204, -0.050609723486339964, -0.5202453861772267, False
-6.161843282914621, 0.45391785822475583, 1.8758220388498046, 0.3323431434397204, -0.050609723486339964, -0.5202453861772267, False
-5.270786662313475, -4.51749857776446, -2.0323684389204963, 0.3323431434397204, -0.050609723486339964, -0.5202453861772267, False
-1.637082741873634, 1.3256785827346107, -2.3509425452649744, 0.3323431434397204, -0.050609723486339964, -0.5202453861772267, False
4.935052039101462, -5.834834414915058, 0.047174023916773056, 0.3323431434397204, -0.050609723486339964, -0.5202453861772267, False
-0.4391391867160426, -0.39200760792493305, -3.139070201783447, 0.3323431434397204, -0.050609723486339964, -0.5202453861772267, True
-4.8540443670794975, -0.9356759699493011, -1.7198248677759151, 0.3323431434397204, -0.050609723486339964, -0.5202453861772267, False
-5.880098961092483, 2.2937599275008065, 0.18816716178960435, 0.3323431434397204, -0.050609723486339964, -0.5202453861772267, False
6.055199138546399, 2.22034929038208, 0.47010688805104106, 0.3323431434397204, -0.050609723486339964, -0.5202453861772267, False
5.756018909181581, 4.732898964104274, 2.9811671225590306, 0.3323431434397204, -0.050609723486339964, -0.5202453861772267, True
-4.601907868005302, 3.4191770206405945, -2.8366982731029378, 0.3323431434397204, -0.050609723486339964, -0.5202453861772267, False
4.58354711744299, -1.11797795211616, 0.9053592110974025, 0.3323431434397204, -0.050609723486339964, -0.5202453861772267, False
-1.146097357927994, 5.743396274032515, 0.16417342052728623, 0.3323431434397204, -0.050609723486339964, -0.5202453861772267, False
-1.1239797129160687, -2.1394288862983117, -2.698539142500003, 0.3323431434397204, -0.050609723486339964, -0.5202453861772267, False
-5.412710404508849, -2.475073465451872, 2.7060340204228046, 0.3323431434397204, -0.050609723486339964, -0.5202453861772267, False
4.799174238727668, -0.3548312694533271, -1.2678630862628668, 0.3323431434397204, -0.050609723486339964, -0.5202453861772267, False
-0.6934480274404562, -3.415413294065734, -2.5326744478494563, 0.3323431434397204, -0.050609723486339964, -0.5202453861772267, False
-3.450788287059899, 5.583587935312455, 2.294518408916976, 0.3323431434397204, -0.050609723486339964, -0.5202453861772267, False
3.9012812717352947, -3.685019317020358, -0.48828089679346354, 0.3323431434397204, -0.050609723486339964, -0.5202453861772267, False
-1.5123074665149554, -2.832978581464368, 1.394226912799824, 0.3323431434397204, -0.050609723486339964, -0.5202453861772267, False
4.42025365146039, -2.5097973685633077, 3.139355755543588, 0.3323431434397204, -0.050609723486339964, -0.5202453861772267, True
1.1331635549943293, 1.8956320889015839, -1.153236345355679, 0.3323431434397204, -0.050609723486339964, -0.5202453861772267, False
-3.283061815057347, -1.866068601459232, 1.4600312369287822, 0.3323431434397204, -0.050609723486339964, -0.5202453861772267, False
4.807256013410047, 1.0186978596941456, -2.7157602351571217, 0.3323431434397204, -0.050609723486339964, -0.5202453861772267, False
3.8188918786225727, -5.59191638796422, 0.8510979010186843, 0.3323431434397204, -0.050609723486339964, -0.5202453861772267, False
4.55903629769899, 6.224723578895372, -0.3904625198719165, 0.3323431434397204, -0.050609723486339964, -0.5202453861772267, False
-0.1826844246813195, 6.16518115806908, 2.632854651084732, 0.3323431434397204, -0.050609723486339964, -0.5202453861772267, False
-0.7031184936230783, -6.010883774500851, 2.167641672637405, 0.3323431434397204, -0.050609723486339964, -0.5202453861772267, False
-2.37444408107785, 2.2394714926798436, 0.3950341342312451, 0.3323431434397204, -0.050609723486339964, -0.5202453861772267, False
5.617035401109462, -5.803993576528222, 1.498976443391121, 0.3323431434397204, -0.050609723486339964, -0.5202453861772267, True
5.0412773822079675, -0.9087883982250036, 0.6979976620723689, 0.3323431434397204, -0.050609723486339964, -0.5202453861772267, False
2.8937508244509704, 2.9000001911397373, 2.980776001681239, 0.3323431434397204, -0.050609723486339964, -0.5202453861772267, True
2.641463669429381, 4.231216880988038, -1.3557560886401077, 0.3323431434397204, -0.050609723486339964, -0.5202453861772267, False
2.1965293073495715, 5.62246403860178, -0.960010593065193, 0.3323431434397204, -0.050609723486339964, -0.5202453861772267, False
3.3194657888815247, 2.0775752672959236, 0.836867042387031, 0.3323431434397204, -0.050609723486339964, -0.5202453861772267, False
4.667054275795039, -2.995593151332421, -0.3026387155520749, 0.3323431434397204, -0.050609723486339964, -0.5202453861772267, False
-3.4639051906699216, 1.120922973806871, 2.1914695529220776, 0.3323431434397204, -0.050609723486339964, -0.5202453861772267, False
-4.211773633910488, -2.2690618634899824, -0.8778502867198164, 0.3323431434397204, -0.050609723486339964, -0.5202453861772267, False
-1.9134588169276157, 2.8332549725267775, -1.6716612430945104, 0.3323431434397204, -0.050609723486339964, -0.5202453861772267, False
-1.3165020197195565, 4.956699114702282, 2.756547034744318, 0.3323431434397204, -0.050609723486339964, -0.5202453861772267, False
-5.314189217738419, 2.2715643681574864, 2.5072978556428307, 0.3323431434397204, -0.050609723486339964, -0.5202453861772267, False
1.9782020534845213, -1.5104705612618483, 0.6692370725280479, 0.3323431434397204, -0.050609723486339964, -0.5202453861772267, False
5.295950645834987, -4.568802791295448, 2.5784805770631802, 0.3323431434397204, -0.050609723486339964, -0.5202453861772267, False
1.483416516401233, -3.1737762353077192, -2.080298448045661, 0.3323431434397204, -0.050609723486339964, -0.5202453861772267, False
-2.3043833351272798, -2.7216818139974133, -1.96445890524302, 0.3323431434397204, -0.050609723486339964, -0.5202453861772267, False
-2.677951908875146, -1.2756743376551558, 1.7490373836223219, 0.3323431434397204, -0.050609723486339964, -0.5202453861772267, False
2.6232246291543806, 4.416839662605389, -2.2996876105358304, 0.3323431434397204, -0.050609723486339964, -0.5202453861772267, False
6.23473028316435, -5.636906976262449, -1.3079373116513824, 0.3323431434397204, -0.050609723486339964, -0.5202453861772267, False
0.5605785025044216, 4.767575738182455, 0.7301896418711502, 0.3323431434397204, -0.050609723486339964, -0.5202453861772267, False
2.4274232024586357, 0.19845789072244102, 1.914457717090074, 0.3323431434397204, -0.050609723486339964, -0.5202453861772267, False
0.2530354218188391, -1.0320910379504316, 2.2511839251741605, 0.3323431434397204, -0.050609723486339964, -0.5202453861772267, False
0.4428622104633364, -3.7730293275362854, 2.079430565655673, 0.3323431434397204, -0.050609723486339964, -0.5202453861772267, False
3.0388979843904558, -2.1380361158020413, 2.783965281707572, 0.3323431434397204, -0.050609723486339964, -0.5202453861772267, False
-1.740931529385941, 2.6587951610711347, -2.5168145262315935, 0.3323431434397204, -0.050609723486339964, -0.5202453861772267, False
4.36497958713983, 5.063510868519273, -1.1896714925702672, 0.3323431434397204, -0.050609723486339964, -0.5202453861772267, False
5.628081920992273, 4.153491397796634, -1.585533267512096, 0.3323431434397204, -0.050609723486339964, -0.5202453861772267, False
0.9034771631394998, 1.0103300567462687, -2.687821888275261, 0.3323431434397204, -0.050609723486339964, -0.5202453861772267, False
3.6211020527518407, -4.246757976402199, 2.419422554163618, 0.3323431434397204, -0.050609723486339964, -0.5202453861772267, False
-1.972075077270186, 4.740600709459525, 1.4882822029175093, 0.3323431434397204, -0.050609723486339964, -0.5202453861772267, False
-0.8455420861331531, -5.775922941564522, -0.8476756618111763, 0.3323431434397204, -0.050609723486339964, -0.5202453861772267, False
-3.1941120962511147, -2.4573089608795122, -2.8285861568137816, 0.3323431434397204, -0.050609723486339964, -0.5202453861772267, False
-0.45472585219991135, -4.732473941059256, 1.8749159425815778, 0.3323431434397204, -0.050609723486339964, -0.5202453861772267, False
3.891618029940739, -6.218475682738928, 0.22880852617238645, 0.3323431434397204, -0.050609723486339964, -0.5202453861772267, False
-1.231383505090724, -1.1283604079246219, 1.7221329177671905, 0.3323431434397204, -0.050609723486339964, -0.5202453861772267, False
-3.8614634619274524, -2.1327272004946387, 2.2035652289569434, 0.3323431434397204, -0.050609723486339964, -0.5202453861772267, False
3.7110418126129936, 0.8261317067005569, -1.6180655462169786, 0.3323431434397204, -0.050609723486339964, -0.5202453861772267, False
-6.124490785591426, 1.3371462488630064, -2.8113933201779853, 0.3323431434397204, -0.050609723486339964, -0.5202453861772267, False
3.737721155116086, -1.4314704104555913, -2.590885441811589, 0.3323431434397204, -0.050609723486339964, -0.5202453861772267, False
-2.7985307194650195, 1.4047176749557817, -1.0692100152146211, 0.3323431434397204, -0.050609723486339964, -0.5202453861772267, False
5.342523147637781, -4.611986361733142, -1.8474810109595146, 0.3323431434397204, -0.050609723486339964, -0.5202453861772267, False
5.458225999456637, -0.1574850959725902, -0.7915773105177886, 0.3323431434397204, -0.050609723486339964, -0.5202453861772267, False
-5.386386289625625, -3.315519626686628, -2.0872352933007483, 0.3323431434397204, -0.050609723486339964, -0.5202453861772267, False
1.6477118087333924, 0.0799319606604687, -2.8347147281877683, 0.3323431434397204, -0.050609723486339964, -0.5202453861772267, False
3.4944894788773198, -5.041803642590306, 2.937653105251629, 0.3323431434397204, -0.050609723486339964, -0.5202453861772267, True
-5.104220246629117, 5.572265040346538, 1.349119470273144, 0.3323431434397204, -0.050609723486339964, -0.5202453861772267, False
-5.692189179982705, 3.4599528469433327, -1.8016864073800236, 0.3323431434397204, -0.050609723486339964, -0.5202453861772267, False
-0.12056715513934257, -1.130781516905838, 1.657843620428486, 0.3323431434397204, -0.050609723486339964, -0.5202453861772267, False
0.3791060026997579, 0.4286118545343207, 2.280067767393005, 0.3323431434397204, -0.050609723486339964, -0.5202453861772267, False
-3.1151835219427615, 3.2756117581207267, -2.3507820265572157, 0.3323431434397204, -0.050609723486339964, -0.5202453861772267, False
1.6010542345207224, 2.2106449709566185, -1.7768385917090426, 0.3323431434397204, -0.050609723486339964, -0.5202453861772267, False
-0.6158534477990205, 6.103357254441242, -0.8886484746519892, 0.3323431434397204, -0.050609723486339964, -0.5202453861772267, False
4.939446516004747, -6.0546241811396655, 0.709880355347333, 0.3323431434397204, -0.050609723486339964, -0.5202453861772267, False
-3.080814868899044, 3.887886941684899, -0.44209477585529644, 0.3323431434397204, -0.050609723486339964, -0.5202453861772267, False
2.309802597313844, 6.234547266032232, 2.805738926315911, 0.3323431434397204, -0.050609723486339964, -0.5202453861772267, False
-3.3649229885846865, 3.075734230388038, -0.838928060881349, 0.3323431434397204, -0.050609723486339964, -0.5202453861772267, False
1.311520521606993, -0.21160992642668752, -1.9765996250509932, 0.3323431434397204, -0.050609723486339964, -0.5202453861772267, False
-3.248313138406014, 5.805473974749905, 1.7247502543921431, 0.3323431434397204, -0.050609723486339964, -0.5202453861772267, False
-1.3130937136034744, 6.1946726011557285, 0.07673381127535484, 0.3323431434397204, -0.050609723486339964, -0.5202453861772267, False
-2.1328867627757244, 4.5099605239355025, 3.064413426988205, 0.3323431434397204, -0.050609723486339964, -0.5202453861772267, True
-5.600998384627998, -6.055714664152673, 2.0325193443674117, 0.3323431434397204, -0.050609723486339964, -0.5202453861772267, False
-1.3554992528797953, -0.6471127348664814, -1.8217047394913624, 0.3323431434397204, -0.050609723486339964, -0.5202453861772267, False
0.031225464688815485, 4.2215852451301785, -0.11219769048952033, 0.3323431434397204, -0.050609723486339964, -0.5202453861772267, False
0.38807325526243286, -3.067421913057357, -3.0654792422230526, 0.3323431434397204, -0.050609723486339964, -0.5202453861772267, True
-5.439834675434017, 0.9557315478877095, -0.24977181305912222, 0.3323431434397204, -0.050609723486339964, -0.5202453861772267, False
-3.365142737555739, 4.503813459446908, -1.059397584490875, 0.3323431434397204, -0.050609723486339964, -0.5202453861772267, False
3.170267463329724, -4.259763553385561, -2.260343507826959, 0.3323431434397204, -0.050609723486339964, -0.5202453861772267, False
1.1162746189503192, 4.336645782599623, 0.9685654042643375, 0.3323431434397204, -0.050609723486339964, -0.5202453861772267, False
-5.585916889392192, 1.6704838269153326, 0.49325686433706073, 0.3323431434397204, -0.050609723486339964, -0.5202453861772267, False
4.430667312583903, 0.08167460125779069, 0.1410011455590232, 0.3323431434397204, -0.050609723486339964, -0.5202453861772267, False
-0.7689594499727397, 6.046458290123624, 2.854573088139821, 0.3323431434397204, -0.050609723486339964, -0.5202453861772267, True
4.038938181966287, 5.878564588963457, 1.7939552140032173, 0.3323431434397204, -0.050609723486339964, -0.5202453861772267, False
4.816710696497218, -3.0945460427331843, -2.9046074151531776, 0.3323431434397204, -0.050609723486339964, -0.5202453861772267, True
-3.338321950327261, 1.786608511533423, -0.45331162034520256, 0.3323431434397204, -0.050609723486339964, -0.5202453861772267, False
-6.065675802243451, -4.086612643099904, -0.15076491082491916, 0.3323431434397204, -0.050609723486339964, -0.5202453861772267, False
