5.392127403464732, 1.6389085717958887, 1.274516643939136, 0.46830971385917564, -0.3232802806335473, 0.29656379100274144, False
1.0190664788204087, 4.298212199445144, 1.409642246137027, 0.46830971385917564, -0.3232802806335473, 0.29656379100274144, False
5.861687212240152, -2.3558312495829896, 1.4119324867563767, 0.46830971385917564, -0.3232802806335473, 0.29656379100274144, False
-1.8419759931556543, 1.0149414542108603, 0.13726159469465538, 0.46830971385917564, -0.3232802806335473, 0.29656379100274144, False
4.160679125007933, -0.40196306232881707, 2.9685853685179167, 0.46830971385917564, -0.3232802806335473, 0.29656379100274144, True
-2.410826778588701, 3.5925383451627404, -3.11803178152448, 0.46830971385917564, -0.3232802806335473, 0.29656379100274144, True
-1.646979284761561, -2.5088643975836318, -0.19179372755547153, 0.46830971385917564, -0.3232802806335473, 0.29656379100274144, False
-2.8112726066764795, -1.8555686844394907, -1.8893953040018225, 0.46830971385917564, -0.3232802806335473, 0.29656379100274144, False
-2.515637896511, 0.5119856632810151, -0.17644629397146172, 0.46830971385917564, -0.3232802806335473, 0.29656379100274144, False
2.7101307947850923, 3.9829418827594516, -1.6175627391308125, 0.46830971385917564, -0.3232802806335473, 0.29656379100274144, True
-6.052955689685086, 3.4668381166509317, -2.771109082015661, 0.46830971385917564, -0.3232802806335473, 0.29656379100274144, False
0.4186374738443712, 2.1153874766353233, -0.27946778308917164, 0.46830971385917564, -0.3232802806335473, 0.29656379100274144, False
-2.8612056188954043, -0.1541319851233771, 1.981269667681798, 0.46830971385917564, -0.3232802806335473, 0.29656379100274144, False
-1.5227388409877287, 5.112739137983722, 1.4702543141147224, 0.46830971385917564, -0.3232802806335473, 0.29656379100274144, False
-3.6703062494753036, 0.6475237490754537, -1.3004379819787695, 0.46830971385917564, -0.3232802806335473, 0.29656379100274144, False
-3.996461208516837, 4.969899695670492, -0.38261241790890166, 0.46830971385917564, -0.3232802806335473, 0.29656379100274144, False
1.3090829343804575, -3.383613693700471, -1.8962381969729312, 0.46830971385917564, -0.3232802806335473, 0.29656379100274144, False
-3.993864153126902, 3.4988782467602153, -2.579545040834997, 0.46830971385917564, -0.3232802806335473, 0.29656379100274144, False
2.8666861364924134, 5.909455707353061, 0.29676992595883567, 0.46830971385917564, -0.3232802806335473, 0.29656379100274144, False
-3.33010875216962, 1.1843919240112317, 0.7819169673404893, 0.46830971385917564, -0.3232802806335473, 0.29656379100274144, False
3.4970031850756325, -5.971092987014727, -2.977913511967879, 0.46830971385917564, -0.3232802806335473, 0.29656379100274144, True
2.4419049478575854, -6.097552386668924, -0.5116443474385011, 0.46830971385917564, -0.3232802806335473, 0.29656379100274144, False
1.714520538920424, 0.9254216641655555, -1.1356891263640314, 0.46830971385917564, -0.3232802806335473, 0.29656379100274144, False
3.269986016754549, 4.4014244970699465, 1.2442954678394713, 0.46830971385917564, -0.3232802806335473, 0.29656379100274144, False
-0.751353429285297, 4.0467115109616465, 3.121799483127991, 0.46830971385917564, -0.3232802806335473, 0.29656379100274144, True
1.3950223752972901, -2.1268743846488727, 0.2669998820539652, 0.46830971385917564, -0.3232802806335473, 0.29656379100274144, False
-2.0009669001254435, 2.968249197983477, 0.6062257422487889, 0.46830971385917564, -0.3232802806335473, 0.29656379100274144, False
3.5559624481707797, -0.084350675283134, 1.6466439160718656, 0.46830971385917564, -0.3232802806335473, 0.29656379100274144, False
-5.254862185174062, 2.11150549043745, 1.958161706301838, 0.46830971385917564, -0.3232802806335473, 0.29656379100274144, False
-5.067916620532637, -3.103778674132981, 2.679266769323207, 0.46830971385917564, -0.3232802806335473, 0.29656379100274144, False
-6.161768890603035, 0.4908440401850207, -0.06968217065379845, 0.46830971385917564, -0.3232802806335473, 0.29656379100274144, False
-1.6445345995684555, 2.9172407669547944, -0.6790223528275585, 0.46830971385917564, -0.3232802806335473, 0.29656379100274144, False
-1.728017314696424, 4.521497048728117, 1.8476228353531692, 0.46830971385917564, -0.3232802806335473, 0.29656379100274144, False
0.5918123911670081, 2.1650797339139505, 1.796231344675073, 0.46830971385917564, -0.3232802806335473, 0.29656379100274144, False
-4.063664955154676, -3.764251017257884, 2.2458556620301353, 0.46830971385917564, -0.3232802806335473, 0.29656379100274144, False
-1.6346902296382133, -1.8965606769219514, -0.44936088794377094, 0.46830971385917564, -0.3232802806335473, 0.29656379100274144, False
-4.6316952915173095, -0.5839032436298774, 2.133206667216788, 0.46830971385917564, -0.3232802806335473, 0.29656379100274144, False
4.200921557439136, 1.4407230733901581, -1.6343393978750942, 0.46830971385917564, -0.3232802806335473, 0.29656379100274144, False
-2.0287229313477564, -0.6888317577057395, -1.4997983945207929, 0.46830971385917564, -0.3232802806335473, 0.29656379100274144, False
-0.9008488167587654, 5.465088060035663, 2.721377461684428, 0.46830971385917564, -0.3232802806335473, 0.29656379100274144, False
-2.9192908849249792, -2.0679855974833314, 0.053068459875122986, 0.46830971385917564, -0.3232802806335473, 0.29656379100274144, False
5.796793857801104, 0.3249072214300801, -1.2893795563528707, 0.46830971385917564, -0.3232802806335473, 0.29656379100274144, True
3.3933968397758676, -5.731107506180513, 2.7486011986292755, 0.46830971385917564, -0.3232802806335473, 0.29656379100274144, False
3.0729894964463753, 2.823958841052102, 0.4784860148975558, 0.46830971385917564, -0.3232802806335473, 0.29656379100274144, False
1.44190899960235, 0.689578434624182, 1.5638602095849077, 0.46830971385917564, -0.3232802806335473, 0.29656379100274144, False
0.2051696172214701, 6.03465498192304, -1.958387053844578, 0.46830971385917564, -0.3232802806335473, 0.29656379100274144, False
3.623800233202253, -4.459555542127529, 1.3595278628959662, 0.46830971385917564, -0.3232802806335473, 0.29656379100274144, False
-2.5337703016467774, 1.6425784853951173, -0.2972864051840456, 0.46830971385917564, -0.3232802806335473, 0.29656379100274144, False
-5.300913267246511, -3.851634960777063, 2.079280782563891, 0.46830971385917564, -0.3232802806335473, 0.29656379100274144, False
-1.6815779193590297, 0.9767530176135351, 2.69384502328072, 0.46830971385917564, -0.3232802806335473, 0.29656379100274144, False
3.2606510931273274, 3.182488516430979, 2.1553738607336577, 0.46830971385917564, -0.3232802806335473, 0.29656379100274144, False
4.196197757942553, 3.5688196976498965, 0.9527222884906204, 0.46830971385917564, -0.3232802806335473, 0.29656379100274144, False
-4.784141579736605, 3.4347462953521326, 1.2744769095545783, 0.46830971385917564, -0.3232802806335473, 0.29656379100274144, False
-4.319814041279906, 1.47260052970005, 0.629170465771288, 0.46830971385917564, -0.3232802806335473, 0.29656379100274144, False
5.474347661092969, 6.231408695067168, -1.9773794881514177, 0.46830971385917564, -0.3232802806335473, 0.29656379100274144, False
-3.6001239460576073, -0.2646544056261524, -1.1688175871235766, 0.46830971385917564, -0.3232802806335473, 0.29656379100274144, False
1.2403797451797258, 4.643769953229453, 2.5484671553957705, 0.46830971385917564, -0.3232802806335473, 0.29656379100274144, False
5.072692079253345, -4.536879985861584, 2.597816791610235, 0.46830971385917564, -0.3232802806335473, 0.29656379100274144, False
3.4149274901549838, 3.790087650315897, -0.678965643060994, 0.46830971385917564, -0.3232802806335473, 0.29656379100274144, False
-0.3800603820754649, -6.267593979944073, 1.8610827101553236, 0.46830971385917564, -0.3232802806335473, 0.29656379100274144, False
3.7714234028003837, -5.814423796866346, -0.21919786774058858, 0.46830971385917564, -0.3232802806335473, 0.29656379100274144, False
5.1157598979800305, -2.680894575232334, -0.7813801925662784, 0.46830971385917564, -0.3232802806335473, 0.29656379100274144, False
-1.02519204938483, -4.4080024522848555, 2.323634306571307, 0.46830971385917564, -0.3232802806335473, 0.29656379100274144, False
3.3747832465935055, 2.3764065549160964, -2.1730080658371502, 0.46830971385917564, -0.3232802806335473, 0.29656379100274144, False
0.5399442086258164, -5.532774030898287, 0.7013939447511999, 0.46830971385917564, -0.3232802806335473, 0.29656379100274144, False
-1.4994129446803015, 5.448365834308795, -2.9704013642022153, 0.46830971385917564, -0.3232802806335473, 0.29656379100274144, True
1.1235372013756102, 0.49919737508863626, -2.072448696138327, 0.46830971385917564, -0.3232802806335473, 0.29656379100274144, False
-5.815095720621615, -0.3943785430868685, 0.4557071152438201, 0.46830971385917564, -0.3232802806335473, 0.29656379100274144, False
-2.8244893587983753, -1.648158392763257, 1.2128802735239859, 0.46830971385917564, -0.3232802806335473, 0.29656379100274144, False
4.951737660513446, 3.0882527267070223, 0.1379305207926409, 0.46830971385917564, -0.3232802806335473, 0.29656379100274144, False
0.5006998433871912, 1.3459166754292982, 2.9348551075871816, 0.46830971385917564, -0.3232802806335473, 0.29656379100274144, True
0.10819103885227577, 4.5897406368670985, 2.3307322322025685, 0.46830971385917564, -0.3232802806335473, 0.29656379100274144, False
2.2692318749555387, -1.4490542523438235, -0.10431399026155441, 0.46830971385917564, -0.3232802806335473, 0.29656379100274144, False
-6.2797223758572684, -3.284402829428174, -0.17056035214602927, 0.46830971385917564, -0.3232802806335473, 0.29656379100274144, False
4.248807890175284, -0.7338241686814637, -2.271781345642564, 0.46830971385917564, -0.3232802806335473, 0.29656379100274144, False
-4.06476354714915, -1.0862803330186308, -0.6676748893675177, 0.46830971385917564, -0.3232802806335473, 0.29656379100274144, False
1.2182227439583313, -6.13893736399575, -1.7187097061642032, 0.46830971385917564, -0.3232802806335473, 0.29656379100274144, False
2.589710402461158, 4.773974972008238, 2.1865431806873046, 0.46830971385917564, -0.3232802806335473, 0.29656379100274144, False
-2.230694047739603, -2.6503771534674114, 2.7075805296998006, 0.46830971385917564, -0.3232802806335473, 0.29656379100274144, False
5.421742805690339, 3.433065486087518, 3.0363812938527275, 0.46830971385917564, -0.3232802806335473, 0.29656379100274144, True
-3.8837134722930875, -5.545355518051046, 0.1452948657825721, 0.46830971385917564, -0.3232802806335473, 0.29656379100274144, False
0.9858891842160524, -2.9366994311216446, 1.2530614735673566, 0.46830971385917564, -0.3232802806335473, 0.29656379100274144, False
-1.362900261170294, 4.286101185582817, 0.5922376756704342, 0.46830971385917564, -0.3232802806335473, 0.29656379100274144, False
0.8988760111124172, 1.8170574666260215, 0.09069880158736154, 0.46830971385917564, -0.3232802806335473, 0.29656379100274144, False
-2.978214474561673, -4.8744457486417945, -1.8294648493087262, 0.46830971385917564, -0.3232802806335473, 0.29656379100274144, False
2.497960380138414, -4.55340728021772, 0.10086899209246303, 0.46830971385917564, -0.3232802806335473, 0.29656379100274144, False
-0.5254748938682088, 2.2145805288520553, 1.7078745189414084, 0.46830971385917564, -0.3232802806335473, 0.29656379100274144, False
-3.0977415264143975, 3.409710560932549, 1.9202525282758591, 0.46830971385917564, -0.3232802806335473, 0.29656379100274144, False
-4.906792730294285, -5.224539174152925, 1.99713450379374, 0.46830971385917564, -0.3232802806335473, 0.29656379100274144, False
1.9667708839271505, -2.8562908431409544, -1.2740686414692215, 0.46830971385917564, -0.3232802806335473, 0.29656379100274144, False
6.126975183879329, 6.1438551465874145, -0.20952223210093068, 0.46830971385917564, -0.3232802806335473, 0.29656379100274144, False
-5.321153505989619, 4.723572052812253, -1.5042528750647997, 0.46830971385917564, -0.3232802806335473, 0.29656379100274144, False
4.571633765783311, -0.35258883148391185, 2.9806466722690654, 0.46830971385917564, -0.3232802806335473, 0.29656379100274144, True
-3.5046685626181526, -0.33579427493239145, -1.4800488409016832, 0.46830971385917564, -0.3232802806335473, 0.29656379100274144, False
0.7614647867198094, 3.7194249532116377, 0.49536365519656034, 0.46830971385917564, -0.3232802806335473, 0.29656379100274144, False
-2.614738804458323, 0.06613142105504188, 0.021850672369759128, 0.46830971385917564, -0.3232802806335473, 0.29656379100274144, False
5.826578660271576, 4.232417104609707, -2.715762176749778, 0.46830971385917564, -0.3232802806335473, 0.29656379100274144, False
3.092397989740924, 5.050146128081639, -2.603366495476882, 0.46830971385917564, -0.3232802806335473, 0.29656379100274144, False
5.047263722693888, 6.228864722796159, 2.593551654997352, 0.46830971385917564, -0.3232802806335473, 0.29656379100274144, False
-6.1721219223658474, 6.103419098140295, 0.45577849633222467, 0.46830971385917564, -0.3232802806335473, 0.29656379100274144, False
5.518804115033193, -3.44080782838746, 1.0030415403838377, 0.46830971385917564, -0.3232802806335473, 0.29656379100274144, False
-0.03336494853131633, 0.34513412024288126, -1.9816395469968753, 0.46830971385917564, -0.3232802806335473, 0.29656379100274144, False
-4.382029327254805, 2.3305163317092905, -0.7080038548823784, 0.46830971385917564, -0.3232802806335473, 0.29656379100274144, False
5.760838371169019, -2.337918503076365, 1.1276363358027117, 0.46830971385917564, -0.3232802806335473, 0.29656379100274144, False
3.1255773292807607, -4.320628891543924, -0.48988754198774, 0.46830971385917564, -0.3232802806335473, 0.29656379100274144, False
6.089414679049133, -1.1794541893918593, -2.3493968048681113, 0.46830971385917564, -0.3232802806335473, 0.29656379100274144, False
3.21995446247891, 4.364827720378845, 2.215957940774061, 0.46830971385917564, -0.3232802806335473, 0.29656379100274144, False
3.159233952639541, -0.9540204938498986, -2.132280413489441, 0.46830971385917564, -0.3232802806335473, 0.29656379100274144, False
5.437655804124981, 3.968081886625619, -2.828156036692041, 0.46830971385917564, -0.3232802806335473, 0.29656379100274144, False
-3.373115833591359, -5.20595244433521, -3.1108077174464284, 0.46830971385917564, -0.3232802806335473, 0.29656379100274144, True
4.629872404950321, -0.9926263021200148, -2.4000178125517193, 0.46830971385917564, -0.3232802806335473, 0.29656379100274144, False
4.405017544226158, -4.75824038495054, 2.9425437476516576, 0.46830971385917564, -0.3232802806335473, 0.29656379100274144, True
-2.4409149305526814, 4.2239132450382435, -1.1466544613695557, 0.46830971385917564, -0.3232802806335473, 0.29656379100274144, False
2.2033516092221124, 0.6357342867618287, 1.852502370426115, 0.46830971385917564, -0.3232802806335473, 0.29656379100274144, False
0.9211213615042579, 5.319337963445033, -0.6284080514045045, 0.46830971385917564, -0.3232802806335473, 0.29656379100274144, False
6.036001070113395, -0.9680479037106879, 2.861367106975618, 0.46830971385917564, -0.3232802806335473, 0.29656379100274144, False
0.9816758977181257, 5.28494235678324, 1.0588071436244642, 0.46830971385917564, -0.3232802806335473, 0.29656379100274144, False
-1.867144719930466, -6.112870622791539, -1.4786182851563845, 0.46830971385917564, -0.3232802806335473, 0.29656379100274144, False
3.8198145459049027, 3.7628707836812705, -1.0473898502312595, 0.46830971385917564, -0.3232802806335473, 0.29656379100274144, False
-5.89251846620362, 4.120459748426061, -2.266433939308089, 0.46830971385917564, -0.3232802806335473, 0.29656379100274144, False
3.7610671248767815, -4.678610810038736, -1.7440764919565226, 0.46830971385917564, -0.3232802806335473, 0.29656379100274144, False
-0.6538231444072302, 4.5586334262650965, 2.555530908467449, 0.46830971385917564, -0.3232802806335473, 0.29656379100274144, False
4.817972821950873, -5.011066409679854, -1.9812409013548133, 0.46830971385917564, -0.3232802806335473, 0.29656379100274144, False
-4.258702251758841, -5.098333668992073, -0.5063461925548407, 0.46830971385917564, -0.3232802806335473, 0.29656379100274144, False
-4.974463341182064, -3.9491116636389565, -1.3558468761885376, 0.46830971385917564, -0.3232802806335473, 0.29656379100274144, False
2.40039029837596, -6.280664867795739, -1.4482419874398482, 0.46830971385917564, -0.3232802806335473, 0.29656379100274144, False
-0.18909212239914464, -1.686690312062347, 2.2003908781116612, 0.46830971385917564, -0.3232802806335473, 0.29656379100274144, False
-4.222331703653738, 2.3122537620005055, -0.17036505775940158, 0.46830971385917564, -0.3232802806335473, 0.29656379100274144, False
-3.5010445958772176, 0.5112415891282334, 1.1585090089503742, 0.46830971385917564, -0.3232802806335473, 0.29656379100274144, False
-4.6282901406616626, -3.7168569555007522, -2.267054149620109, 0.46830971385917564, -0.3232802806335473, 0.29656379100274144, False
0.26993665031486547, 3.2306924107942923, 2.432227255477345, 0.46830971385917564, -0.3232802806335473, 0.29656379100274144, False
-3.2700061917127563, 2.078233619858935, 1.8864953755081046, 0.46830971385917564, -0.3232802806335473, 0.29656379100274144, False
-3.5521946227577237, 5.6266463754187495, 1.5151880548080099, 0.46830971385917564, -0.3232802806335473, 0.29656379100274144, False
3.216386257973797, 2.987930640913797, -2.66175037611524, 0.46830971385917564, -0.3232802806335473, 0.29656379100274144, False
0.3393132516448105, -2.0288609994948477, 0.3415830405178637, 0.46830971385917564, -0.3232802806335473, 0.29656379100274144, False
6.068599068700912, -3.089320920794796, 2.9559834127618956, 0.46830971385917564, -0.3232802806335473, 0.29656379100274144, True
-0.5515494359790187, 4.363629859263966, -1.4657456748235422, 0.46830971385917564, -0.3232802806335473, 0.29656379100274144, False
5.3067487028453275, 1.7739989662901952, -0.7510165693881534, 0.46830971385917564, -0.3232802806335473, 0.29656379100274144, False
-3.858020001177194, -1.5407475839397913, 2.302341423490639, 0.46830971385917564, -0.3232802806335473, 0.29656379100274144, False
0.17507826289944806, -4.042021979690812, 0.47132358872801605, 0.46830971385917564, -0.3232802806335473, 0.29656379100274144, False
-1.9927666839976252, -6.25690602833866, -0.6552464258840618, 0.46830971385917564, -0.3232802806335473, 0.29656379100274144, False
-1.508521023599804, 3.040206031526486, 1.5727959190071026, 0.46830971385917564, -0.3232802806335473, 0.29656379100274144, False
2.816682488492626, 4.362204670826291, 1.4023329717881303, 0.46830971385917564, -0.3232802806335473, 0.29656379100274144, False
-5.175433161831395, 1.452149084117429, -1.6464828623997265, 0.46830971385917564, -0.3232802806335473, 0.29656379100274144, False
-1.1225418892202956, -1.4380443277059474, 1.5477326703226302, 0.46830971385917564, -0.3232802806335473, 0.29656379100274144, False
3.645126392043144, -2.474846881976337, 2.1493119736363298, 0.46830971385917564, -0.3232802806335473, 0.29656379100274144, False
4.371463745978673, 3.3987341572972127, -0.11990105748753477, 0.46830971385917564, -0.3232802806335473, 0.29656379100274144, False
-4.347299777968875, 3.0620545778717236, 0.6929088793710236, 0.46830971385917564, -0.3232802806335473, 0.29656379100274144, False
-5.796813167451785, -0.8504433692628357, -1.366886746534552, 0.46830971385917564, -0.3232802806335473, 0.29656379100274144, False
2.223609756510559, 1.6037609284909893, -3.0130444304269237, 0.46830971385917564, -0.3232802806335473, 0.29656379100274144, True
-1.20740797173596, 5.571596796233024, -2.8068277405035253, 0.46830971385917564, -0.3232802806335473, 0.29656379100274144, False
-1.3248748428007877, -1.7959439502927728, -2.873407786347345, 0.46830971385917564, -0.3232802806335473, 0.29656379100274144, False
-0.44517512808936743, -5.819893171807319, 0.9544229837727816, 0.46830971385917564, -0.3232802806335473, 0.29656379100274144, False
-5.955583906708894, -4.362790628805, 1.6282797424582336, 0.46830971385917564, -0.3232802806335473, 0.29656379100274144, False
-2.0565695756378384, -0.8183153289985396, 2.168579203245642, 0.46830971385917564, -0.3232802806335473, 0.29656379100274144, False
0.9128811903511069, 2.3875882873229664, -2.1949888344003363, 0.46830971385917564, -0.3232802806335473, 0.29656379100274144, False
-2.6021568678466145, -2.9553234796970798, 0.847289330561273, 0.46830971385917564, -0.3232802806335473, 0.29656379100274144, False
5.104078830116034, 5.988775147657869, 1.7582500428054546, 0.46830971385917564, -0.3232802806335473, 0.29656379100274144, False
-0.8454768016292409, -2.2667711922490774, -1.7137219281849094, 0.46830971385917564, -0.3232802806335473, 0.29656379100274144, False
-4.590532891388349, 4.834328846357268, 2.1045074865577176, 0.46830971385917564, -0.3232802806335473, 0.29656379100274144, False
3.738663750059665, -0.23946450860069568, 2.076093769917393, 0.46830971385917564, -0.3232802806335473, 0.29656379100274144, False
6.269832937972289, 0.8652354363641495, -2.6826925972718905, 0.46830971385917564, -0.3232802806335473, 0.29656379100274144, False
-5.361711389787845, 5.7004072696735015, 2.143086906719507, 0.46830971385917564, -0.3232802806335473, 0.29656379100274144, False
-1.7104664543494055, 6.2613868638885215, 1.4629860106486001, 0.46830971385917564, -0.3232802806335473, 0.29656379100274144, False
4.876448396283314, -2.4886478146514106, -1.3375909227551341, 0.46830971385917564, -0.3232802806335473, 0.29656379100274144, False
3.773647810386075, -1.006216751446578, 1.402424733045252, 0.46830971385917564, -0.3232802806335473, 0.29656379100274144, False
1.3198904805150065, 5.602667465728622, 2.5583308528973676, 0.46830971385917564, -0.3232802806335473, 0.29656379100274144, False
6.014212598224445, -1.3081607665111399, -2.9040819704512506, 0.46830971385917564, -0.3232802806335473, 0.29656379100274144, True
-5.110689796596088, 4.460264652419005, -2.878039482209392, 0.46830971385917564, -0.3232802806335473, 0.29656379100274144, False
1.4028769379900954, -0.7560453143164008, 1.8223234156328978, 0.46830971385917564, -0.3232802806335473, 0.29656379100274144, False
-6.141357938946693, 2.156022295639003, 0.125211901470073, 0.46830971385917564, -0.3232802806335473, 0.29656379100274144, False
0.5199919491022111, -4.120662081419027, 2.8747181285046324, 0.46830971385917564, -0.3232802806335473, 0.29656379100274144, False
1.0352693676759435, 3.233819109452714, -1.8494995040510522, 0.46830971385917564, -0.3232802806335473, 0.29656379100274144, False
-1.5594859656800413, 3.644998006593429, 0.4475946827465971, 0.46830971385917564, -0.3232802806335473, 0.29656379100274144, False
-0.5651156227867178, 6.247210161978698, 1.6288012707675916, 0.46830971385917564, -0.3232802806335473, 0.29656379100274144, False
1.1204784460568336, -3.4760208590950854, 1.5304209654151553, 0.46830971385917564, -0.3232802806335473, 0.29656379100274144, False
-4.2120233170692645, -0.3783614993953579, 0.7020749644778967, 0.46830971385917564, -0.3232802806335473, 0.29656379100274144, False
-0.21650395581386572, 6.250085889196235, -0.40385155596674593, 0.46830971385917564, -0.3232802806335473, 0.29656379100274144, False
3.1851536090215458, 1.8879590154804138, -0.7653541193815179, 0.46830971385917564, -0.3232802806335473, 0.29656379100274144, False
2.8545024658540346, 3.5884555544507606, 0.7703049380879001, 0.46830971385917564, -0.3232802806335473, 0.29656379100274144, True
-4.284813271839985, 4.257040061851427, -0.767880003242456, 0.46830971385917564, -0.3232802806335473, 0.29656379100274144, False
2.370167218687607, 2.2734076210959735, -0.2877178957536555, 0.46830971385917564, -0.3232802806335473, 0.29656379100274144, False
0.7685741380645004, -3.667928574510044, 1.9452755573294054, 0.46830971385917564, -0.3232802806335473, 0.29656379100274144, False
-3.8444018679079695, -5.514562216638317, 1.870101734744817, 0.46830971385917564, -0.3232802806335473, 0.29656379100274144, False
0.5085021671098788, -2.5995403852223506, 1.3172441085049647, 0.46830971385917564, -0.3232802806335473, 0.29656379100274144, False
2.0047591700509884, 0.5602678743943841, 1.9686797165192091, 0.46830971385917564, -0.3232802806335473, 0.29656379100274144, False
3.3632014241499615, -5.026960680212894, 2.508933664337415, 0.46830971385917564, -0.3232802806335473, 0.29656379100274144, False
-5.106319585753701, 0.269908237661034, -1.7085133763735223, 0.46830971385917564, -0.3232802806335473, 0.29656379100274144, False
-4.126354910830958, -4.134902966826216, -0.17770274929832386, 0.46830971385917564, -0.3232802806335473, 0.29656379100274144, False
0.9968474525613971, 0.19613032301367017, -1.4477693925700286, 0.46830971385917564, -0.3232802806335473, 0.29656379100274144, False
5.217032261691363, 5.892820393961323, -0.5459298085738875, 0.46830971385917564, -0.3232802806335473, 0.29656379100274144, True
-0.749064638547785, -0.2277006965553987, -0.6970293429252701, 0.46830971385917564, -0.3232802806335473, 0.29656379100274144, True
1.4728713088628433, 4.996784348712525, 2.914293925801023, 0.46830971385917564, -0.3232802806335473, 0.29656379100274144, True
-5.068510115737568, -4.5680001062238755, 0.978162440011018, 0.46830971385917564, -0.3232802806335473, 0.29656379100274144, False
-2.2108156321490604, 1.9612041889445653, 1.0991551910202064, 0.46830971385917564, -0.3232802806335473, 0.29656379100274144, False
0.13897379068657845, 0.613666052423981, -2.8955122575802816, 0.46830971385917564, -0.3232802806335473, 0.29656379100274144, True
5.756040861095968, 5.351455707208874, -0.6854775495941321, 0.46830971385917564, -0.3232802806335473, 0.29656379100274144, False
2.803174822240802, -4.823963970232283, -2.820769472650125, 0.46830971385917564, -0.3232802806335473, 0.29656379100274144, False
2.001624041520433, 0.30329809235646366, 3.1240669861842507, 0.46830971385917564, -0.3232802806335473, 0.29656379100274144, True
-3.7705554202303078, 4.120245919449619, 1.2606368890330018, 0.46830971385917564, -0.3232802806335473, 0.29656379100274144, False
