2.554395281775802, -1.5290112234413344, 1.7817022921678083, 0.36049683705378033, 0.37174010352626674, -0.6558000649672935, False
3.7508997456000266, 4.01751650104346, 1.713999092701104, 0.36049683705378033, 0.37174010352626674, -0.6558000649672935, False
0.02043913656075702, -2.5584806556626982, 2.728481808314494, 0.36049683705378033, 0.37174010352626674, -0.6558000649672935, False
-5.139964607085243, 0.21946436109602896, 1.3200190262109777, 0.36049683705378033, 0.37174010352626674, -0.6558000649672935, False
4.584212911316683, -3.3055720479538873, 0.9304931341093621, 0.36049683705378033, 0.37174010352626674, -0.6558000649672935, False
-0.7922026410470826, -3.344514930859517, -0.2853736273882084, 0.36049683705378033, 0.37174010352626674, -0.6558000649672935, False
-2.0679668784102043, 3.040380548647665, 1.6979479941562072, 0.36049683705378033, 0.37174010352626674, -0.6558000649672935, False
-3.8451629920122734, -2.7189911618362115, 1.6117491052319775, 0.36049683705378033, 0.37174010352626674, -0.6558000649672935, False
1.8749559483680756, 3.867538422062463, 2.6716634287389356, 0.36049683705378033, 0.37174010352626674, -0.6558000649672935, False
1.2508305002554287, 1.5462548003425738, 2.512914233166213, 0.36049683705378033, 0.37174010352626674, -0.6558000649672935, False
2.185556781927737, -3.1824183830607664, 1.4142846009408796, 0.36049683705378033, 0.37174010352626674, -0.6558000649672935, False
-4.307195630806458, -3.8853594224524763, -3.0213352430665834, 0.36049683705378033, 0.37174010352626674, -0.6558000649672935, True
5.156298843175534, 2.490029015121854, 1.2941014404335016, 0.36049683705378033, 0.37174010352626674, -0.6558000649672935, False
0.9533494886557303, -2.1800139289879343, 1.4152313186984884, 0.36049683705378033, 0.37174010352626674, -0.6558000649672935, False
0.25707734919341974, 1.189128576979872, 2.32927900788619, 0.36049683705378033, 0.37174010352626674, -0.6558000649672935, False
2.914935119992446, -2.4694541276252155, -0.9879168306652484, 0.36049683705378033, 0.37174010352626674, -0.6558000649672935, False
-6.191654452565913, -1.194682648651134, -0.5559035412068343, 0.36049683705378033, 0.37174010352626674, -0.6558000649672935, False
5.563511519980674, 4.582663976308382, 0.006050440058758877, 0.36049683705378033, 0.37174010352626674, -0.6558000649672935, False
-0.8060308925996473, 4.744804515346356, -2.131607913022324, 0.36049683705378033, 0.37174010352626674, -0.6558000649672935, False
5.923603316671336, 0.5868812762915301, 1.738636566546064, 0.36049683705378033, 0.37174010352626674, -0.6558000649672935, False
-4.4286568938843605, 4.751031121938658, -1.9683995190486059, 0.36049683705378033, 0.37174010352626674, -0.6558000649672935, False
5.329509628220123, 0.4493759627170153, 0.48462302388077605, 0.36049683705378033, 0.37174010352626674, -0.6558000649672935, False
-3.3403455379189717, 5.356669584943473, 0.2549641482216307, 0.36049683705378033, 0.37174010352626674, -0.6558000649672935, False
3.913696815639371, -1.2608839313053535, 2.9164497232453304, 0.36049683705378033, 0.37174010352626674, -0.6558000649672935, True
-0.6283246752491705, 5.552568525465455, 1.442238528251396, 0.36049683705378033, 0.37174010352626674, -0.6558000649672935, False
-0.9285391738671889, 5.095633529774936, 1.273116169584151, 0.36049683705378033, 0.37174010352626674, -0.6558000649672935, False
-0.6105165242627573, 1.584757561316616, 1.560421834487709, 0.36049683705378033, 0.37174010352626674, -0.6558000649672935, False
3.3818336260125132, 2.0259990306320077, -1.9836801099979544, 0.36049683705378033, 0.37174010352626674, -0.6558000649672935, False
-2.3983543903221336, 4.582037680638699, 2.6369030158891844, 0.36049683705378033, 0.37174010352626674, -0.6558000649672935, False
3.7686370126781696, -1.5327318651302901, -0.47412386222862635, 0.36049683705378033, 0.37174010352626674, -0.6558000649672935, False
3.8268917755278284, 5.633909926630471, -2.67844598607077, 0.36049683705378033, 0.37174010352626674, -0.6558000649672935, False
0.7416041266182356, 4.975423261401913, -1.3608661922829859, 0.36049683705378033, 0.37174010352626674, -0.6558000649672935, False
3.000786891300079, 1.5825928858147282, 0.21022815058433597, 0.36049683705378033, 0.37174010352626674, -0.6558000649672935, False
1.8721917890303583, 1.1181961841013246, -1.1002381245475434, 0.36049683705378033, 0.37174010352626674, -0.6558000649672935, False
3.0126593079963424, 2.7745292111477795, -0.991393316392069, 0.36049683705378033, 0.37174010352626674, -0.6558000649672935, False
1.4255585905465828, 2.5515281278478543, -1.789602975622646, 0.36049683705378033, 0.37174010352626674, -0.6558000649672935, False
3.973023181343981, 1.2010548726167132, 0.38866753864166137, 0.36049683705378033, 0.37174010352626674, -0.6558000649672935, False
-1.1333612592679128, -2.7911351037336254, 1.221840622917873, 0.36049683705378033, 0.37174010352626674, -0.6558000649672935, False
-0.8804615008662733, 0.45809000107224573, -1.776245184487702, 0.36049683705378033, 0.37174010352626674, -0.6558000649672935, False
0.9525055964196332, 1.064402501445243, -3.0325263337583643, 0.36049683705378033, 0.37174010352626674, -0.6558000649672935, True
0.4804442536174216, -3.9623104356446395, 3.026321306194321, 0.36049683705378033, 0.37174010352626674, -0.6558000649672935, True
-0.43796727038248395, 0.8001806208933679, -0.04466376968703045, 0.36049683705378033, 0.37174010352626674, -0.6558000649672935, False
1.0039126575563335, 0.4342238829241074, -2.736398084813805, 0.36049683705378033, 0.37174010352626674, -0.6558000649672935, False
3.4759299936130184, 0.2580569591433317, 2.239888162139356, 0.36049683705378033, 0.37174010352626674, -0.6558000649672935, False
-4.9302042498084155, 0.08494435565912628, -3.0112490696484415, 0.36049683705378033, 0.37174010352626674, -0.6558000649672935, True
4.981827741758105, -3.9219557097076083, -2.03601715435481, 0.36049683705378033, 0.37174010352626674, -0.6558000649672935, False
5.009187118490059, 4.4861748255763985, 1.5177493301997709, 0.36049683705378033, 0.37174010352626674, -0.6558000649672935, False
4.2292098470085335, 4.310708308120347, -1.0612490452594612, 0.36049683705378033, 0.37174010352626674, -0.6558000649672935, False
-5.68275574379199, -1.172187819190369, -2.3639458318062543, 0.36049683705378033, 0.37174010352626674, -0.6558000649672935, False
4.7512198435974735, 3.7729194367647416, -1.9894486389872323, 0.36049683705378033, 0.37174010352626674, -0.6558000649672935, False
0.3684421683082473, -0.4672960114509461, -1.6844568589418618, 0.36049683705378033, 0.37174010352626674, -0.6558000649672935, False
-6.216196952547374, 3.40988617752798, -3.1265181551564134, 0.36049683705378033, 0.37174010352626674, -0.6558000649672935, True
0.5669340304010193, -1.6932195379502728, 2.4574203839830444, 0.36049683705378033, 0.37174010352626674, -0.6558000649672935, False
-2.9737223363816643, -1.0617011527538605, 0.32073858562656365, 0.36049683705378033, 0.37174010352626674, -0.6558000649672935, False
1.6524939611035245, 4.243763419956423, 1.6159323487900314, 0.36049683705378033, 0.37174010352626674, -0.6558000649672935, False
2.445179094602933, -4.098452370140214, 1.6047758519568704, 0.36049683705378033, 0.37174010352626674, -0.6558000649672935, False
-2.8480928808457637, -5.986932292587588, -3.1296002484803, 0.36049683705378033, 0.37174010352626674, -0.6558000649672935, True
4.291867306048005, -3.870485254929849, -1.3253646257846587, 0.36049683705378033, 0.37174010352626674, -0.6558000649672935, False
-3.9102027261722974, 1.0771130057299594, 2.8655901624994993, 0.36049683705378033, 0.37174010352626674, -0.6558000649672935, True
3.5067955079923134, -0.5082614634846907, -2.1040084513602944, 0.36049683705378033, 0.37174010352626674, -0.6558000649672935, False
2.158452443052953, -3.9356644513794827, 0.7541936004674059, 0.36049683705378033, 0.37174010352626674, -0.6558000649672935, False
6.136302565227613, 2.0913603748046246, -0.8851505477420858, 0.36049683705378033, 0.37174010352626674, -0.6558000649672935, False
-4.038491874101912, -1.191044337918851, 2.2555429175411295, 0.36049683705378033, 0.37174010352626674, -0.6558000649672935, False
5.5029461629714085, 1.158165510014606, -0.19061818540232212, 0.36049683705378033, 0.37174010352626674, -0.6558000649672935, False
-0.4160817601302176, -5.495465995656916, -0.499997949459138, 0.36049683705378033, 0.37174010352626674, -0.6558000649672935, False
5.381264366194898, -3.1790528916205925, -2.0546735565477334, 0.36049683705378033, 0.37174010352626674, -0.6558000649672935, False
-4.586939338475441, -4.641494933201571, 2.5989782512283917, 0.36049683705378033, 0.37174010352626674, -0.6558000649672935, False
1.1769914002852486, -1.7954759965915281, -2.2078414772168036, 0.36049683705378033, 0.37174010352626674, -0.6558000649672935, False
-0.31085173953176426, 1.2107055167325536, -0.49466170507800067, 0.36049683705378033, 0.37174010352626674, -0.6558000649672935, False
5.653565118986389, -1.2276807947557176, -1.5847908965874906, 0.36049683705378033, 0.37174010352626674, -0.6558000649672935, False
-4.615084739094427, 1.1825914564437996, -0.4246295701760765, 0.36049683705378033, 0.37174010352626674, -0.6558000649672935, False
-4.4533158329374, -5.954789273416242, -0.08071239202922742, 0.36049683705378033, 0.37174010352626674, -0.6558000649672935, False
1.9817744767541434, 3.224870564186668, 2.963311369204967, 0.36049683705378033, 0.37174010352626674, -0.6558000649672935, True
-5.238723135004241, 5.0392922813902, 2.2743281884223245, 0.36049683705378033, 0.37174010352626674, -0.6558000649672935, False
0.7716937073346033, 5.58328810616959, 1.1895714007688136, 0.36049683705378033, 0.37174010352626674, -0.6558000649672935, False
2.406269802417981, -5.720311665880754, 2.1858474713418925, 0.36049683705378033, 0.37174010352626674, -0.6558000649672935, False
1.8459434968848711, 2.6249623689880117, -1.973335260094396, 0.36049683705378033, 0.37174010352626674, -0.6558000649672935, False
-4.154803429082549, 3.067109879430781, -3.062090339634365, 0.36049683705378033, 0.37174010352626674, -0.6558000649672935, True
2.195443555875288, 1.0564299708985088, 0.35504838757385615, 0.36049683705378033, 0.37174010352626674, -0.6558000649672935, False
-6.1186024055029, 0.4975513410040273, -1.0404709770215286, 0.36049683705378033, 0.37174010352626674, -0.6558000649672935, False
5.038901074118812, 3.400665135308822, -0.948802137997335, 0.36049683705378033, 0.37174010352626674, -0.6558000649672935, False
6.231495775551494, 3.693785035037253, 0.2146193847285094, 0.36049683705378033, 0.37174010352626674, -0.6558000649672935, False
1.032051266861938, -2.660641209031451, 1.8749268208805319, 0.36049683705378033, 0.37174010352626674, -0.6558000649672935, False
-2.3265711880808015, -2.9203071956333986, 0.23015576370142554, 0.36049683705378033, 0.37174010352626674, -0.6558000649672935, False
0.4581352741609388, 4.5782960386017315, -3.051444097491333, 0.36049683705378033, 0.37174010352626674, -0.6558000649672935, True
-5.166794151727357, 1.9379847988754868, 1.2666648072765376, 0.36049683705378033, 0.37174010352626674, -0.6558000649672935, False
5.1008979818773685, 1.2776521126404, -3.1406466965330684, 0.36049683705378033, 0.37174010352626674, -0.6558000649672935, True
-1.8446419642772112, -3.054541657478091, 1.554733896611462, 0.36049683705378033, 0.37174010352626674, -0.6558000649672935, False
3.195685992971539, -4.589246218512163, 3.0131765190444035, 0.36049683705378033, 0.37174010352626674, -0.6558000649672935, True
3.8503219649207825, -2.5885634761012923, 1.5198475091266817, 0.36049683705378033, 0.37174010352626674, -0.6558000649672935, False
0.5997446883741686, -2.7233910840052515, 0.7963946818445429, 0.36049683705378033, 0.37174010352626674, -0.6558000649672935, False
-1.779462026121113, -0.22114532057519565, 2.9513652706333007, 0.36049683705378033, 0.37174010352626674, -0.6558000649672935, True
5.180756376240653, -1.1521972883233058, -3.0628500845590856, 0.36049683705378033, 0.37174010352626674, -0.6558000649672935, True
-0.8712670069491208, -3.367770261206704, 0.3866987768322905, 0.36049683705378033, 0.37174010352626674, -0.6558000649672935, False
4.824323439001379, -4.239111964652728, -2.148360590071533, 0.36049683705378033, 0.37174010352626674, -0.6558000649672935, False
5.018973902183101, 3.267564842432238, -1.7666825308057008, 0.36049683705378033, 0.37174010352626674, -0.6558000649672935, False
0.06514939574362977, 5.968021822728364, -0.501104905977479, 0.36049683705378033, 0.37174010352626674, -0.6558000649672935, False
-3.473640408406873, 6.151975248670055, 0.5597336995370563, 0.36049683705378033, 0.37174010352626674, -0.6558000649672935, False
2.8561275867424154, -1.9449971904696337, -1.6242038967889598, 0.36049683705378033, 0.37174010352626674, -0.6558000649672935, False
-0.5406403376275435, -2.4666964674874623, -1.7492255444079636, 0.36049683705378033, 0.37174010352626674, -0.6558000649672935, False
-1.1991921334448952, 1.6899013313702334, -1.1180982826010237, 0.36049683705378033, 0.37174010352626674, -0.6558000649672935, False
2.030506402294888, -3.348773363708611, 0.4901406969323401, 0.36049683705378033, 0.37174010352626674, -0.6558000649672935, False
-4.28855537249, -1.049514668797432, 2.701968325464443, 0.36049683705378033, 0.37174010352626674, -0.6558000649672935, False
3.796014117858988, -2.089047944149364, 2.5611432778506638, 0.36049683705378033, 0.37174010352626674, -0.6558000649672935, False
-6.101518288377089, -3.3791346133149354, 2.979069119234172, 0.36049683705378033, 0.37174010352626674, -0.6558000649672935, True
-2.620738730574515, 1.2456311783898446, -0.4076173873219968, 0.36049683705378033, 0.37174010352626674, -0.6558000649672935, False
0.8400191287676604, -0.464467296543547, 0.3802185648116332, 0.36049683705378033, 0.37174010352626674, -0.6558000649672935, False
4.664135941669942, 5.709167917737883, -0.8954576712903579, 0.36049683705378033, 0.37174010352626674, -0.6558000649672935, False
1.8432065996332998, 2.4701023207468786, -1.2258086834086221, 0.36049683705378033, 0.37174010352626674, -0.6558000649672935, False
0.4582434765936618, -3.4472512393430774, -0.8146868531596079, 0.36049683705378033, 0.37174010352626674, -0.6558000649672935, False
4.262190174478759, 1.9806943968954744, -0.2036033251941758, 0.36049683705378033, 0.37174010352626674, -0.6558000649672935, False
1.8531282029364604, -1.4803290906786053, -1.918649775704948, 0.36049683705378033, 0.37174010352626674, -0.6558000649672935, False
5.42193326231607, 4.822636042155358, 2.0411017537420886, 0.36049683705378033, 0.37174010352626674, -0.6558000649672935, False
3.80724573585673, -4.027297786398707, 1.638359587233876, 0.36049683705378033, 0.37174010352626674, -0.6558000649672935, False
-2.7677366901918314, -6.199849975398, -1.5380438839866173, 0.36049683705378033, 0.37174010352626674, -0.6558000649672935, False
-4.0289643518580025, 4.364889271953595, -1.811242023416191, 0.36049683705378033, 0.37174010352626674, -0.6558000649672935, False
5.340368210934992, 4.51273285532956, 1.7987451596158932, 0.36049683705378033, 0.37174010352626674, -0.6558000649672935, False
2.8060628879263554, 0.6362214874679664, -2.907582888090053, 0.36049683705378033, 0.37174010352626674, -0.6558000649672935, True
1.510407655781905, -1.5016965819767067, -2.8689956233841256, 0.36049683705378033, 0.37174010352626674, -0.6558000649672935, False
-6.111839364086362, 2.6982126853867108, -2.777879813278429, 0.36049683705378033, 0.37174010352626674, -0.6558000649672935, False
-2.752182927172673, -2.6039921965036426, -2.783558356363013, 0.36049683705378033, 0.37174010352626674, -0.6558000649672935, False
1.2358478234516461, 0.6535889216245092, -1.6706745866035115, 0.36049683705378033, 0.37174010352626674, -0.6558000649672935, False
0.771232708983014, 5.336717653746154, 2.7011682306293032, 0.36049683705378033, 0.37174010352626674, -0.6558000649672935, False
-4.944640181311637, -0.2771807331896179, 0.6187518784372701, 0.36049683705378033, 0.37174010352626674, -0.6558000649672935, False
-0.21176688250502984, -2.816138629596968, 0.6891291637923871, 0.36049683705378033, 0.37174010352626674, -0.6558000649672935, False
-3.3648385489432933, -2.7754480221683533, -2.269212102025379, 0.36049683705378033, 0.37174010352626674, -0.6558000649672935, False
-4.134386864343867, -2.0115537008548534, 1.7674723897618376, 0.36049683705378033, 0.37174010352626674, -0.6558000649672935, False
-4.957994926217307, -4.9565820004615055, -0.7689399127897785, 0.36049683705378033, 0.37174010352626674, -0.6558000649672935, False
-0.6813337300081619, -1.2840811133378818, -2.3324894197374206, 0.36049683705378033, 0.37174010352626674, -0.6558000649672935, False
-0.016380826017146077, -1.9389397606510235, 0.5659963216453154, 0.36049683705378033, 0.37174010352626674, -0.6558000649672935, False
-2.0429920282652034, -1.428162004454335, -2.39110267920852, 0.36049683705378033, 0.37174010352626674, -0.6558000649672935, False
1.1462857412108427, -3.667840254667859, -1.81773799574486, 0.36049683705378033, 0.37174010352626674, -0.6558000649672935, False
-4.102551208513395, 0.7064607268871095, -0.682148273937135, 0.36049683705378033, 0.37174010352626674, -0.6558000649672935, False
-2.8896869426498384, -5.532875974368013, -1.3866987095671437, 0.36049683705378033, 0.37174010352626674, -0.6558000649672935, False
3.7995645813586787, 4.567972163672474, -0.9260237343194997, 0.36049683705378033, 0.37174010352626674, -0.6558000649672935, False
1.8937925421292086, -3.81953754724447, -0.819986436194974, 0.36049683705378033, 0.37174010352626674, -0.6558000649672935, False
-5.367180783544237, -2.99625234435903, 2.4868960260556587, 0.36049683705378033, 0.37174010352626674, -0.6558000649672935, False
1.0454819373506643, -4.175592091552084, 1.652066464662039, 0.36049683705378033, 0.37174010352626674, -0.6558000649672935, False
5.5473339807977435, 0.4019684404735182, 2.742531007304195, 0.36049683705378033, 0.37174010352626674, -0.6558000649672935, False
0.7644282408181358, 1.8473127399368252, 0.24266039889615554, 0.36049683705378033, 0.37174010352626674, -0.6558000649672935, False
-1.9193991707745202, 6.163139999594126, -2.293122324902485, 0.36049683705378033, 0.37174010352626674, -0.6558000649672935, False
-4.272007197153231, -0.13827570761187058, 2.4120912414320257, 0.36049683705378033, 0.37174010352626674, -0.6558000649672935, False
4.575662176850928, 4.609679329962223, -1.1945391815227322, 0.36049683705378033, 0.37174010352626674, -0.6558000649672935, False
3.4618967317908176, -2.8625686182288863, -0.21277817922985687, 0.36049683705378033, 0.37174010352626674, -0.6558000649672935, False
-0.7704310369459355, -5.76770286749072, 2.6176113082477412, 0.36049683705378033, 0.37174010352626674, -0.6558000649672935, False
-3.010131309509636, -4.78040471152285, 0.4325726029017485, 0.36049683705378033, 0.37174010352626674, -0.6558000649672935, False
2.851982550616297, 0.2884321555601952, -1.51901059732063, 0.36049683705378033, 0.37174010352626674, -0.6558000649672935, False
-0.12411249791134882, 1.3884553009074407, 0.6875256522226061, 0.36049683705378033, 0.37174010352626674, -0.6558000649672935, False
-0.5090881576866639, 1.7091082580889143, 0.47376662763502075, 0.36049683705378033, 0.37174010352626674, -0.6558000649672935, False
-0.7610654702590098, -1.5446921282654085, 1.5823543417737431, 0.36049683705378033, 0.37174010352626674, -0.6558000649672935, False
4.202458796811513, -1.8245965171916065, 2.019053926841347, 0.36049683705378033, 0.37174010352626674, -0.6558000649672935, False
-4.901252037558978, -3.6738932221890863, 2.7790182084492754, 0.36049683705378033, 0.37174010352626674, -0.6558000649672935, False
-4.381161091001575, 3.663150302604233, -2.264364696233926, 0.36049683705378033, 0.37174010352626674, -0.6558000649672935, False
-0.5289266194989954, 6.046949186089588, -0.17455071077933848, 0.36049683705378033, 0.37174010352626674, -0.6558000649672935, False
0.18244821754740403, -6.163171749399755, -1.984297700213423, 0.36049683705378033, 0.37174010352626674, -0.6558000649672935, False
-0.824522972092133, 0.49593687992894697, 1.496943136795914, 0.36049683705378033, 0.37174010352626674, -0.6558000649672935, False
2.9654097924434346, -4.753719140182165, -3.080066123335928, 0.36049683705378033, 0.37174010352626674, -0.6558000649672935, True
1.8416845492417728, -1.1001098215302294, -2.9787579508668887, 0.36049683705378033, 0.37174010352626674, -0.6558000649672935, True
-1.3924729680322132, -3.836579792288575, 1.4687750463441436, 0.36049683705378033, 0.37174010352626674, -0.6558000649672935, False
-1.1197772923599603, 1.486028720182956, -1.9857634840370182, 0.36049683705378033, 0.37174010352626674, -0.6558000649672935, False
5.8770733392637435, -2.3213009927408956, 0.17607007778834882, 0.36049683705378033, 0.37174010352626674, -0.6558000649672935, False
-3.0607941074750684, 0.9524137830841175, 2.319918030669183, 0.36049683705378033, 0.37174010352626674, -0.6558000649672935, False
-4.587367715215935, 1.4842239236609576, 1.7723808909692655, 0.36049683705378033, 0.37174010352626674, -0.6558000649672935, False
-2.1458857120026824, 5.005143931964797, -1.1942716220823848, 0.36049683705378033, 0.37174010352626674, -0.6558000649672935, False
-0.32897870164063114, -1.0261061709902464, 0.3302198768859119, 0.36049683705378033, 0.37174010352626674, -0.6558000649672935, False
0.9565192595558818, 5.01875711504602, -1.522945783513023, 0.36049683705378033, 0.37174010352626674, -0.6558000649672935, False
2.5646255118266144, -4.49338235743334, 0.9286267329949158, 0.36049683705378033, 0.37174010352626674, -0.6558000649672935, False
3.179827079665637, 4.549516883778269, 2.65561661252048, 0.36049683705378033, 0.37174010352626674, -0.6558000649672935, False
-3.3211010380475154, 1.8387226327996533, 2.0360883725777184, 0.36049683705378033, 0.37174010352626674, -0.6558000649672935, False
-2.0179532531059774, 1.1144559815938884, 2.9766860241157476, 0.36049683705378033, 0.37174010352626674, -0.6558000649672935, True
-2.0428536997604434, 1.7875239795568412, -2.124515344954819, 0.36049683705378033, 0.37174010352626674, -0.6558000649672935, False
5.368597280581225, -4.560376966085361, -2.3802256352283337, 0.36049683705378033, 0.37174010352626674, -0.6558000649672935, False
-2.7908227443623166, 2.7667500694365135, -2.0654261797672997, 0.36049683705378033, 0.37174010352626674, -0.6558000649672935, False
5.25901590932169, -2.586163300651707, 0.5905071059999121, 0.36049683705378033, 0.37174010352626674, -0.6558000649672935, False
-5.83661854847372, 3.5955238935966154, -3.087796156087643, 0.36049683705378033, 0.37174010352626674, -0.6558000649672935, True
4.927083901835735, -2.7239239838298177, 0.7621817434424814, 0.36049683705378033, 0.37174010352626674, -0.6558000649672935, False
0.4681817840305005, -3.503779819991841, 0.6256379865769963, 0.36049683705378033, 0.37174010352626674, -0.6558000649672935, False
1.3524887017647726, -1.7308462381581835, 1.312923053356343, 0.36049683705378033, 0.37174010352626674, -0.6558000649672935, False
1.3084641520576028, -4.024285948898257, 3.0121116644877386, 0.36049683705378033, 0.37174010352626674, -0.6558000649672935, True
0.5594356881752489, 2.760554978141222, 0.4731528451262501, 0.36049683705378033, 0.37174010352626674, -0.6558000649672935, False
1.646056780101997, 5.217924554006327, 0.5528539002952191, 0.36049683705378033, 0.37174010352626674, -0.6558000649672935, False
-6.1039804957818555, 2.0772692379896807, 2.6737751892739956, 0.36049683705378033, 0.37174010352626674, -0.6558000649672935, False
0.1272780549361654, -0.4093450833986214, 3.0497461291687715, 0.36049683705378033, 0.37174010352626674, -0.6558000649672935, True
5.153664686765346, 1.4298952184224287, 1.042831382411702, 0.36049683705378033, 0.37174010352626674, -0.6558000649672935, False
-4.545392177927411, 2.5294155262578, -1.1029616526681596, 0.36049683705378033, 0.37174010352626674, -0.6558000649672935, False
5.430375243679217, 2.8159644437447113, -0.07357558095316952, 0.36049683705378033, 0.37174010352626674, -0.6558000649672935, False
2.9883561879682397, -3.7177595447122758, 0.8631806376993651, 0.36049683705378033, 0.37174010352626674, -0.6558000649672935, False
-4.899748673493881, 3.8728910318211334, -1.9503603449421163, 0.36049683705378033, 0.37174010352626674, -0.6558000649672935, False
5.44720085922561, 1.453099084783318, 0.42723117842871305, 0.36049683705378033, 0.37174010352626674, -0.6558000649672935, False
1.532221703230821, -2.7867141528282136, 2.4920988062865748, 0.36049683705378033, 0.37174010352626674, -0.6558000649672935, False
-5.7973069600971225, 1.8432905002129818, -1.003830825121086, 0.36049683705378033, 0.37174010352626674, -0.6558000649672935, False
-3.8376567072489505, 3.4295266320943156, 1.0231748154401474, 0.36049683705378033, 0.37174010352626674, -0.6558000649672935, False
2.873684536254194, 6.059205724020183, -0.98672016820937, 0.36049683705378033, 0.37174010352626674, -0.6558000649672935, False
5.452124761368339, 0.46445278817173463, 0.3737883495912677, 0.36049683705378033, 0.37174010352626674, -0.6558000649672935, False
-1.1434265108069415, 4.761038558829492, -1.224472408823794, 0.36049683705378033, 0.37174010352626674, -0.6558000649672935, False
-3.1082072499012403, -5.471360475443949, 2.0694738914271706, 0.36049683705378033, 0.37174010352626674, -0.6558000649672935, False
-2.8599667922997494, -1.9035955504716684, 3.0202896406095636, 0.36049683705378033, 0.37174010352626674, -0.6558000649672935, True
-0.7467249471357427, -0.2508950300687429, -2.5929126545377574, 0.36049683705378033, 0.37174010352626674, -0.6558000649672935, False
-2.776749632129571, -6.193411925072497, 0.284571462754978, 0.36049683705378033, 0.37174010352626674, -0.6558000649672935, False
0.944874815350782, -0.37029544270651726, 2.924961609747183, 0.36049683705378033, 0.37174010352626674, -0.6558000649672935, True
