-0.8836400051037465, 1.0375190123058307, 1.5755369148634673, -0.4445531508399013, 0.3204344956623122, 0.7229864207728749, False
0.16241914182129058, -4.501493652988741, -2.370862135116661, -0.4445531508399013, 0.3204344956623122, 0.7229864207728749, False
-2.006299458890604, 0.8071638958591656, 2.7905932657080035, -0.4445531508399013, 0.3204344956623122, 0.7229864207728749, False
1.5913160207950865, -4.992579594563416, 0.9656017861568111, -0.4445531508399013, 0.3204344956623122, 0.7229864207728749, False
2.9263191782809272, -2.307332653656573, -1.038395250967206, -0.4445531508399013, 0.3204344956623122, 0.7229864207728749, False
-5.775909035444958, 0.38454348064799504, 3.0409105128378693, -0.4445531508399013, 0.3204344956623122, 0.7229864207728749, True
-2.216512547756519, -2.390882198654518, -1.9394260690323368, -0.4445531508399013, 0.3204344956623122, 0.7229864207728749, False
4.312221545370749, -1.1192562125631742, 0.07728185234549834, -0.4445531508399013, 0.3204344956623122, 0.7229864207728749, False
-5.8842650072395815, 5.29211072044416, 1.230916126575754, -0.4445531508399013, 0.3204344956623122, 0.7229864207728749, False
-3.029614620123829, -0.29881547075060944, -2.679191808560974, -0.4445531508399013, 0.3204344956623122, 0.7229864207728749, False
-2.5149674442060475, 1.1324561691689397, -2.0528155939625137, -0.4445531508399013, 0.3204344956623122, 0.7229864207728749, False
2.7191629786776463, -5.3635569372523415, 0.32296406120360777, -0.4445531508399013, 0.3204344956623122, 0.7229864207728749, False
-5.866274894816529, 1.1256662478636645, 1.1665333796471309, -0.4445531508399013, 0.3204344956623122, 0.7229864207728749, False
6.065362127120515, -3.0117014072781387, 0.9861251704734748, -0.4445531508399013, 0.3204344956623122, 0.7229864207728749, False
0.8222258446863497, -3.2292254622231646, 2.168528432426273, -0.4445531508399013, 0.3204344956623122, 0.7229864207728749, False
-3.922351959903335, -5.030987244800773, 2.872661270008095, -0.4445531508399013, 0.3204344956623122, 0.7229864207728749, True
-0.957685697195271, -0.45120495974339114, 3.0824677623652645, -0.4445531508399013, 0.3204344956623122, 0.7229864207728749, True
-2.2963956110738377, -2.950220321061211, 1.214999827090427, -0.4445531508399013, 0.3204344956623122, 0.7229864207728749, False
-2.7634756264884475, 1.4602662197552663, 0.11016081591901994, -0.4445531508399013, 0.3204344956623122, 0.7229864207728749, False
-5.347455128540482, 1.4468442281751344, 2.3645603734292697, -0.4445531508399013, 0.3204344956623122, 0.7229864207728749, False
2.8980701613159816, -3.9917553780889814, -0.7553609806591255, -0.4445531508399013, 0.3204344956623122, 0.7229864207728749, False
-3.8566968711458904, 0.13794363787614206, 2.6221496163257436, -0.4445531508399013, 0.3204344956623122, 0.7229864207728749, False
-3.7321393576237756, 1.4929999383517112, -1.5889150783124892, -0.4445531508399013, 0.3204344956623122, 0.7229864207728749, False
3.4677142519290847, 1.6928715689102347, 1.0585198862872822, -0.4445531508399013, 0.3204344956623122, 0.7229864207728749, False
-4.433433523879944, 5.799466014746157, 1.7780674340236073, -0.4445531508399013, 0.3204344956623122, 0.7229864207728749, False
4.455754014554033, 4.841074524078122, -1.1535246737206095, -0.4445531508399013, 0.3204344956623122, 0.7229864207728749, False
2.649096056954649, 4.9936261813638545, 2.7008671222706555, -0.4445531508399013, 0.3204344956623122, 0.7229864207728749, False
2.608853625182441, -2.9973167535890757, 2.6469100554212677, -0.4445531508399013, 0.3204344956623122, 0.7229864207728749, False
5.980835777516605, 4.210587052224957, -2.61489303641566, -0.4445531508399013, 0.3204344956623122, 0.7229864207728749, False
-3.256247473803609, 0.8306938057921682, -2.111096353008678, -0.4445531508399013, 0.3204344956623122, 0.7229864207728749, False
-4.814384656844149, 5.185755092571876, 0.04503932640253039, -0.4445531508399013, 0.3204344956623122, 0.7229864207728749, False
-4.052181348500588, -0.2683634802255108, -1.7819420964137302, -0.4445531508399013, 0.3204344956623122, 0.7229864207728749, False
0.5749788563478733, 3.9860269888592956, 1.9007782181750512, -0.4445531508399013, 0.3204344956623122, 0.7229864207728749, False
-3.694652845218733, -3.126995129466558, 1.518307401972013, -0.4445531508399013, 0.3204344956623122, 0.7229864207728749, False
4.455319107702307, 1.8024737519015233, -0.08013244861164459, -0.4445531508399013, 0.3204344956623122, 0.7229864207728749, False
-2.205871319308664, -1.8433987484743026, -3.051582988727444, -0.4445531508399013, 0.3204344956623122, 0.7229864207728749, True
3.2371546016912003, -3.0120957605873477, 2.1926725180109097, -0.4445531508399013, 0.3204344956623122, 0.7229864207728749, False
-4.107798092852435, -0.786899976884329, 2.9292708069629825, -0.4445531508399013, 0.3204344956623122, 0.7229864207728749, True
0.6826556703816777, -2.920708948391126, -1.048095611849876, -0.4445531508399013, 0.3204344956623122, 0.7229864207728749, False
5.776503541621329, -1.813717608847515, -2.4091294646736507, -0.4445531508399013, 0.3204344956623122, 0.7229864207728749, False
-3.700770859980604, 5.866721565077203, 1.3865619059310195, -0.4445531508399013, 0.3204344956623122, 0.7229864207728749, False
4.056352959473982, 4.584784026040136, 0.8104481416824187, -0.4445531508399013, 0.3204344956623122, 0.7229864207728749, False
0.09402446386912722, 2.335846651035146, 2.739569091214771, -0.4445531508399013, 0.3204344956623122, 0.7229864207728749, False
-6.141874290505592, 3.487499270083182, -1.5180183825634461, -0.4445531508399013, 0.3204344956623122, 0.7229864207728749, False
5.633606025454915, 6.0908758151079745, -2.462630956579207, -0.4445531508399013, 0.3204344956623122, 0.7229864207728749, False
4.29475201495128, -6.107056446673495, 0.6811147974123468, -0.4445531508399013, 0.3204344956623122, 0.7229864207728749, False
3.711983917796868, -1.6188855584063093, 0.23382527628168281, -0.4445531508399013, 0.3204344956623122, 0.7229864207728749, False
4.1136911837320795, 1.9325661331078816, 0.0170679492876733, -0.4445531508399013, 0.3204344956623122, 0.7229864207728749, False
-1.1979462569919113, 4.141399863567614, 0.3650883013630897, -0.4445531508399013, 0.3204344956623122, 0.7229864207728749, False
-1.7356292785046348, 4.302546188608224, 0.2411804193963336, -0.4445531508399013, 0.3204344956623122, 0.7229864207728749, False
-0.9143819320508069, 0.18127018783159876, -2.709845281006377, -0.4445531508399013, 0.3204344956623122, 0.7229864207728749, False
-2.5939079894601997, 5.528885482930198, -2.1264127299151974, -0.4445531508399013, 0.3204344956623122, 0.7229864207728749, False
-2.753739842659959, 0.5360759699732416, -1.3212374255802586, -0.4445531508399013, 0.3204344956623122, 0.7229864207728749, False
1.25139141306361, 5.843732853490216, 0.11141359087537639, -0.4445531508399013, 0.3204344956623122, 0.7229864207728749, False
-4.217244548447835, -4.934285357691587, -1.107239472317941, -0.4445531508399013, 0.3204344956623122, 0.7229864207728749, False
1.8227807174989614, -5.5500583321153645, -1.9947065774386117, -0.4445531508399013, 0.3204344956623122, 0.7229864207728749, False
5.234388907709734, -0.5848049942015772, 2.173027944450273, -0.4445531508399013, 0.3204344956623122, 0.7229864207728749, False
-5.975135786119266, 0.6714547165779381, 0.9051317955838512, -0.4445531508399013, 0.3204344956623122, 0.7229864207728749, False
-5.2928525228458465, -3.1936670120455792, -2.612874470278596, -0.4445531508399013, 0.3204344956623122, 0.7229864207728749, False
4.2720875600494175, -0.5176470375484632, -2.995201204268781, -0.4445531508399013, 0.3204344956623122, 0.7229864207728749, True
0.8600321116025373, -5.10282002650435, 2.813987630654581, -0.4445531508399013, 0.3204344956623122, 0.7229864207728749, False
3.764703038290122, 4.460634509608809, -1.9358633803492704, -0.4445531508399013, 0.3204344956623122, 0.7229864207728749, False
-4.8972061755975105, 0.23770277760870062, 0.7018282223225216, -0.4445531508399013, 0.3204344956623122, 0.7229864207728749, False
-2.6077282745821972, -1.6507850244521745, -0.2625734165177809, -0.4445531508399013, 0.3204344956623122, 0.7229864207728749, False
4.07954365555965, 4.1955081713392275, -1.7088533631729321, -0.4445531508399013, 0.3204344956623122, 0.7229864207728749, False
-3.1265234156399253, 2.3717961967922303, 3.099847379282812, -0.4445531508399013, 0.3204344956623122, 0.7229864207728749, True
4.977419544915518, 6.208960063344254, -1.8923035745142769, -0.4445531508399013, 0.3204344956623122, 0.7229864207728749, False
5.8158825637608444, -1.6780938007465727, -0.07573259912324026, -0.4445531508399013, 0.3204344956623122, 0.7229864207728749, False
4.992471009580658, -4.225508164341407, 1.6871772431036947, -0.4445531508399013, 0.3204344956623122, 0.7229864207728749, False
4.350088930069139, -4.65181037906741, -2.4970317403803093, -0.4445531508399013, 0.3204344956623122, 0.7229864207728749, False
0.49847922717930615, -4.458168270772873, -2.1955677181842423, -0.4445531508399013, 0.3204344956623122, 0.7229864207728749, False
-1.0210818478787695, 5.369064679495633, -1.9366953027281226, -0.4445531508399013, 0.3204344956623122, 0.7229864207728749, False
-3.643241585994001, -5.041131426680916, -1.0864819056471968, -0.4445531508399013, 0.3204344956623122, 0.7229864207728749, False
0.028836158385421307, 4.3284148519778185, -0.7329207746310549, -0.4445531508399013, 0.3204344956623122, 0.7229864207728749, False
-1.986978421967179, -2.698668436121513, 2.3056523924763797, -0.4445531508399013, 0.3204344956623122, 0.7229864207728749, False
-3.4231937519709934, 5.731308459987098, -1.8860200050071612, -0.4445531508399013, 0.3204344956623122, 0.7229864207728749, False
1.7924874666310604, -3.926312673584166, 1.4583460871965483, -0.4445531508399013, 0.3204344956623122, 0.7229864207728749, False
4.658207637299052, -2.7931231420415608, -2.32991771086583, -0.4445531508399013, 0.3204344956623122, 0.7229864207728749, False
-1.488598515464357, 0.8219585816784143, -0.49459264576853856, -0.4445531508399013, 0.3204344956623122, 0.7229864207728749, False
3.9361723878702044, 2.013326460331159, -3.088225526066816, -0.4445531508399013, 0.3204344956623122, 0.7229864207728749, True
2.904850816592436, -3.460114870794679, -2.270039939537612, -0.4445531508399013, 0.3204344956623122, 0.7229864207728749, False
2.2349667322666953, -3.1701067333544013, -0.2925708395485396, -0.4445531508399013, 0.3204344956623122, 0.7229864207728749, False
-2.632433808092861, 1.7327740228014221, -1.7221390508353098, -0.4445531508399013, 0.3204344956623122, 0.7229864207728749, False
2.9502955414941887, 2.0387933939548812, -2.297621892267858, -0.4445531508399013, 0.3204344956623122, 0.7229864207728749, False
-1.798434080791993, -1.862079312677836, -0.909065829194684, -0.4445531508399013, 0.3204344956623122, 0.7229864207728749, False
-3.9267274153704634, 1.7848884835728374, -1.1303820704418377, -0.4445531508399013, 0.3204344956623122, 0.7229864207728749, False
4.574317040838455, 1.8647835715946108, -1.1011847269071326, -0.4445531508399013, 0.3204344956623122, 0.7229864207728749, False
2.3999439580372215, -0.34294084933386504, -2.390120028032746, -0.4445531508399013, 0.3204344956623122, 0.7229864207728749, False
1.7424262947571325, -0.7506102367814105, 1.5554390972521954, -0.4445531508399013, 0.3204344956623122, 0.7229864207728749, False
6.274445144255841, 1.1879457628099273, 1.1162582144790711, -0.4445531508399013, 0.3204344956623122, 0.7229864207728749, False
1.6781422469955887, -0.24292873877722254, 2.2678551131608904, -0.4445531508399013, 0.3204344956623122, 0.7229864207728749, False
-2.9900332558112344, -2.424827250457242, 1.9978996384625836, -0.4445531508399013, 0.3204344956623122, 0.7229864207728749, False
-4.183273996624678, 5.185674109913114, 0.11330267060487165, -0.4445531508399013, 0.3204344956623122, 0.7229864207728749, False
-6.1858665336712875, 0.6944665036508875, -1.2229169272323699, -0.4445531508399013, 0.3204344956623122, 0.7229864207728749, False
1.5278155167738703, 3.997771806123497, -2.7022692936213266, -0.4445531508399013, 0.3204344956623122, 0.7229864207728749, False
1.3372286824328423, 4.726993482999561, 1.4989489599728767, -0.4445531508399013, 0.3204344956623122, 0.7229864207728749, False
0.6987723543194813, -4.662383906705811, -1.2136594059582126, -0.4445531508399013, 0.3204344956623122, 0.7229864207728749, False
5.878538473922527, 2.344013168455964, 2.840651070962134, -0.4445531508399013, 0.3204344956623122, 0.7229864207728749, False
-4.923581043898129, 5.465521935619611, -1.9112223017477588, -0.4445531508399013, 0.3204344956623122, 0.7229864207728749, False
2.3036451767351327, -0.20346040955260492, -2.5950919678970816, -0.4445531508399013, 0.3204344956623122, 0.7229864207728749, False
