1.096022524856135, -3.1538660848689575, -3.1267186000478087, -0.14283427071092336, 0.48813938882947727, 0.23083463286637063, True
4.59377023439254, -5.73193963252302, 1.5614355616347648, -0.14283427071092336, 0.48813938882947727, 0.23083463286637063, False
3.2027553260039916, 2.2768668635749325, 2.242276652713339, -0.14283427071092336, 0.48813938882947727, 0.23083463286637063, False
0.5817451069026482, -1.9467848984658263, 0.23987310948118612, -0.14283427071092336, 0.48813938882947727, 0.23083463286637063, False
3.1372205901648336, 0.059543722092810114, -0.6262171152294727, -0.14283427071092336, 0.48813938882947727, 0.23083463286637063, False
4.880687927196398, -5.9586795216524715, 0.20766626830368073, -0.14283427071092336, 0.48813938882947727, 0.23083463286637063, False
2.1106206752789323, 3.527155945730243, 2.633286889895924, -0.14283427071092336, 0.48813938882947727, 0.23083463286637063, False
-5.865487521177602, -2.236676267492892, 1.7868478097021976, -0.14283427071092336, 0.48813938882947727, 0.23083463286637063, False
-0.3752134887028271, 1.3769929489296073, 2.7204325482475937, -0.14283427071092336, 0.48813938882947727, 0.23083463286637063, False
-3.9907094171132163, -0.8014373223784341, -1.5417847820022756, -0.14283427071092336, 0.48813938882947727, 0.23083463286637063, False
1.6188506220119905, -1.2681743904901, -0.4509397336015999, -0.14283427071092336, 0.48813938882947727, 0.23083463286637063, False
-5.367988398067839, -2.1939826178573325, -2.783556157136547, -0.14283427071092336, 0.48813938882947727, 0.23083463286637063, False
3.0916295728184675, 2.0870562431579085, 1.611041504674028, -0.14283427071092336, 0.48813938882947727, 0.23083463286637063, False
3.305298241969801, -3.3643651342446725, -1.187943931773753, -0.14283427071092336, 0.48813938882947727, 0.23083463286637063, False
-2.7567300416874088, 6.2674640153050625, 2.9820317537428123, -0.14283427071092336, 0.48813938882947727, 0.23083463286637063, True
5.037133471096389, 1.8675975088925867, -1.15530415944365, -0.14283427071092336, 0.48813938882947727, 0.23083463286637063, False
1.6764149781871014, -2.0176606773412837, -2.4201222886469647, -0.14283427071092336, 0.48813938882947727, 0.23083463286637063, False
-0.6164984442856092, 0.22983716580186453, 1.308861213709334, -0.14283427071092336, 0.48813938882947727, 0.23083463286637063, False
-1.8437511306673642, -5.441895763039145, 1.3035655752282977, -0.14283427071092336, 0.48813938882947727, 0.23083463286637063, False
-1.8168222132705525, 6.089938146169528, -0.13832974068596204, -0.14283427071092336, 0.48813938882947727, 0.23083463286637063, False
0.3725961677161269, 4.47701071632191, 0.18527158272972555, -0.14283427071092336, 0.48813938882947727, 0.23083463286637063, False
2.8467623199023144, -4.2466224980682235, 1.8190440747190326, -0.14283427071092336, 0.48813938882947727, 0.23083463286637063, False
1.7536226575459057, 1.1244227276224432, -0.24269345979946122, -0.14283427071092336, 0.48813938882947727, 0.23083463286637063, False
2.152929722418042, 1.8995150944342676, -0.9990281574419813, -0.14283427071092336, 0.48813938882947727, 0.23083463286637063, False
0.87753666215138, 1.726848101856742, -1.0476797040908097, -0.14283427071092336, 0.48813938882947727, 0.23083463286637063, False
6.243230598827738, 6.0997395815668, 1.5201841912033816, -0.14283427071092336, 0.48813938882947727, 0.23083463286637063, False
-2.110394341892878, -2.7984579246227734, -0.47099808695769907, -0.14283427071092336, 0.48813938882947727, 0.23083463286637063, False
4.597904422499276, -1.5683559686967046, -1.370375949339904, -0.14283427071092336, 0.48813938882947727, 0.23083463286637063, False
4.760796069805604, 5.636319109519224, -1.9922407388745162, -0.14283427071092336, 0.48813938882947727, 0.23083463286637063, False
0.6639328533718505, -4.680885009385949, -2.9750158588567484, -0.14283427071092336, 0.48813938882947727, 0.23083463286637063, True
1.5085503433656617, 4.227652947759276, -2.7198335582826854, -0.14283427071092336, 0.48813938882947727, 0.23083463286637063, False
-1.635108112959089, -5.164100441832498, -1.080492384281181, -0.14283427071092336, 0.48813938882947727, 0.23083463286637063, False
1.7445177576905575, 3.2792542720141817, 1.7274455914362443, -0.14283427071092336, 0.48813938882947727, 0.23083463286637063, False
-0.12149315745293343, 0.02423248970880021, 0.8279210529926031, -0.14283427071092336, 0.48813938882947727, 0.23083463286637063, False
3.501329513722764, 1.9288363344690769, 2.021144599482902, -0.14283427071092336, 0.48813938882947727, 0.23083463286637063, False
5.28996404138921, -1.2698694363290297, -1.9177219537254826, -0.14283427071092336, 0.48813938882947727, 0.23083463286637063, False
4.4262092608685055, 2.3482154579866794, 0.15980655439844638, -0.14283427071092336, 0.48813938882947727, 0.23083463286637063, False
-4.93761276496963, 2.28164749458211, -2.9043036448261073, -0.14283427071092336, 0.48813938882947727, 0.23083463286637063, True
-4.526506903720239, -6.13948290671724, -0.8494224344742016, -0.14283427071092336, 0.48813938882947727, 0.23083463286637063, True
-5.6879377182731234, 1.8499360103210698, 0.35068275326518084, -0.14283427071092336, 0.48813938882947727, 0.23083463286637063, False
-4.968188897520213, 3.190240109046613, -1.5905954820946884, -0.14283427071092336, 0.48813938882947727, 0.23083463286637063, False
0.19927618536646285, 2.2774507945726583, 1.8028718822946566, -0.14283427071092336, 0.48813938882947727, 0.23083463286637063, False
4.187877952345742, 3.0455427445703016, 2.1462463692250084, -0.14283427071092336, 0.48813938882947727, 0.23083463286637063, False
-1.9782750796119597, 4.121819486954344, -0.07033288096238843, -0.14283427071092336, 0.48813938882947727, 0.23083463286637063, False
4.9600177070205635, 1.2170885452150326, -0.28830538157555097, -0.14283427071092336, 0.48813938882947727, 0.23083463286637063, False
-0.6614985230402626, -2.9154194832283817, 2.9899026271893074, -0.14283427071092336, 0.48813938882947727, 0.23083463286637063, True
-6.240465103547982, -0.14794672443273527, 0.21077858476980849, -0.14283427071092336, 0.48813938882947727, 0.23083463286637063, False
2.7893448150599838, 4.796038069011459, 0.7712548236761738, -0.14283427071092336, 0.48813938882947727, 0.23083463286637063, False
-1.317544592361231, -4.8413717873718065, -2.3001940602790896, -0.14283427071092336, 0.48813938882947727, 0.23083463286637063, False
5.105519278467963, 4.833448222470848, -1.4466891509676303, -0.14283427071092336, 0.48813938882947727, 0.23083463286637063, False
-5.157274476229703, -3.544154726549368, -2.4429410609561746, -0.14283427071092336, 0.48813938882947727, 0.23083463286637063, False
-2.093960891422838, -1.6150775274495857, 1.9781424389650413, -0.14283427071092336, 0.48813938882947727, 0.23083463286637063, False
2.7780753750426523, -5.99468623274461, 0.5951681852133275, -0.14283427071092336, 0.48813938882947727, 0.23083463286637063, False
-1.4626797920205838, 4.17854525502365, -0.27155615195934146, -0.14283427071092336, 0.48813938882947727, 0.23083463286637063, False
3.5868844285788306, 4.346087064735315, 0.7435790168489751, -0.14283427071092336, 0.48813938882947727, 0.23083463286637063, False
-1.1641433406435597, -3.2840284695734914, -0.43339962827748835, -0.14283427071092336, 0.48813938882947727, 0.23083463286637063, False
3.1331614800292957, -4.281366689536526, -0.6462607843881285, -0.14283427071092336, 0.48813938882947727, 0.23083463286637063, False
-4.770912360973197, -1.3663521607526592, -0.5920060497014492, -0.14283427071092336, 0.48813938882947727, 0.23083463286637063, False
0.49074355615361487, -2.027948910280548, 2.690864405476834, -0.14283427071092336, 0.48813938882947727, 0.23083463286637063, False
0.7583957467632931, -3.8550744033106716, -2.482280217323291, -0.14283427071092336, 0.48813938882947727, 0.23083463286637063, False
4.030078054999262, -4.266339198147726, 0.7291534228805152, -0.14283427071092336, 0.48813938882947727, 0.23083463286637063, False
-3.9898514718740037, 4.500411098116057, 1.3436199479955127, -0.14283427071092336, 0.48813938882947727, 0.23083463286637063, False
-1.0184882652906166, -4.752871464780595, -2.863182256669634, -0.14283427071092336, 0.48813938882947727, 0.23083463286637063, False
-1.3624285516647747, -2.9477893892253553, -2.9850205018469604, -0.14283427071092336, 0.48813938882947727, 0.23083463286637063, True
-3.4163427799067074, -2.2276182043330293, -2.5800933613675574, -0.14283427071092336, 0.48813938882947727, 0.23083463286637063, False
3.1118781238934954, -0.5712780125251626, -2.7159968062424023, -0.14283427071092336, 0.48813938882947727, 0.23083463286637063, False
0.7246508747745075, 1.7489743566332319, -0.5848593923854115, -0.14283427071092336, 0.48813938882947727, 0.23083463286637063, False
3.354306716178245, -1.0388315997122168, 3.0270790952381432, -0.14283427071092336, 0.48813938882947727, 0.23083463286637063, True
1.4726043307885686, -1.841986825149971, -0.04124302362930932, -0.14283427071092336, 0.48813938882947727, 0.23083463286637063, False
0.003195912638462417, 4.866204230450066, 0.1775435436557613, -0.14283427071092336, 0.48813938882947727, 0.23083463286637063, False
-6.105119052342305, 2.065534464922857, 2.657600498642915, -0.14283427071092336, 0.48813938882947727, 0.23083463286637063, False
-2.6218533274126847, -2.976934812407867, 0.5360942237863626, -0.14283427071092336, 0.48813938882947727, 0.23083463286637063, False
3.4045891562391883, 4.344665089352606, 2.2593077949325098, -0.14283427071092336, 0.48813938882947727, 0.23083463286637063, False
3.100462393926694, 1.0395163585876697, 1.684520759054477, -0.14283427071092336, 0.48813938882947727, 0.23083463286637063, False
0.8698930880461955, -0.0801130350410606, -2.8424840244610072, -0.14283427071092336, 0.48813938882947727, 0.23083463286637063, False
-0.08389342672573097, 1.987837411668206, 1.3267388733324523, -0.14283427071092336, 0.48813938882947727, 0.23083463286637063, False
-1.352654923690669, -4.321053729163023, -2.505885276038619, -0.14283427071092336, 0.48813938882947727, 0.23083463286637063, False
-1.6776387299165663, 4.768682122798166, 0.11576041229569389, -0.14283427071092336, 0.48813938882947727, 0.23083463286637063, False
-3.5351605664581043, 5.777260922679599, 1.5512277423728813, -0.14283427071092336, 0.48813938882947727, 0.23083463286637063, False
1.8685662172398594, 2.342532288750581, 2.360417599890469, -0.14283427071092336, 0.48813938882947727, 0.23083463286637063, False
-5.888016387427192, -1.8305755984996201, -1.7133288330051375, -0.14283427071092336, 0.48813938882947727, 0.23083463286637063, False
-4.859767201874008, -3.045804614116325, -2.0453026589502334, -0.14283427071092336, 0.48813938882947727, 0.23083463286637063, False
-0.5553978321012707, -1.8367380467715817, -0.017600669668724755, -0.14283427071092336, 0.48813938882947727, 0.23083463286637063, False
2.5732054257463286, 6.015212129530347, 0.04749051031551188, -0.14283427071092336, 0.48813938882947727, 0.23083463286637063, False
3.394687242668212, -0.4712162927371084, 0.15762101274410334, -0.14283427071092336, 0.48813938882947727, 0.23083463286637063, False
-3.272412967176747, -0.5873664399927216, 2.9596707316808075, -0.14283427071092336, 0.48813938882947727, 0.23083463286637063, True
-5.056223587445119, -3.7319568721196648, -2.629283793305424, -0.14283427071092336, 0.48813938882947727, 0.23083463286637063, False
-0.9767131674844549, -4.476686717693522, 0.19632083752144736, -0.14283427071092336, 0.48813938882947727, 0.23083463286637063, False
4.439549371178119, 4.207134807135381, 0.7962269857031621, -0.14283427071092336, 0.48813938882947727, 0.23083463286637063, False
-0.008895322272300277, -0.394298249961051, -2.4143951490605486, -0.14283427071092336, 0.48813938882947727, 0.23083463286637063, False
2.4598697036513446, 6.220352050945582, -2.5968077888248047, -0.14283427071092336, 0.48813938882947727, 0.23083463286637063, False
-5.168437838517612, -1.9893057134436356, 2.0228054237513646, -0.14283427071092336, 0.48813938882947727, 0.23083463286637063, False
-1.430513703093955, -6.241617041468161, -1.5933641515680126, -0.14283427071092336, 0.48813938882947727, 0.23083463286637063, False
-3.5314644476780424, 5.625378759159714, 1.9079894572517668, -0.14283427071092336, 0.48813938882947727, 0.23083463286637063, False
0.4061937768332804, -0.6329797152906762, 0.019345266908482817, -0.14283427071092336, 0.48813938882947727, 0.23083463286637063, False
-3.734522349534234, 5.571244016957175, 0.9694634200363597, -0.14283427071092336, 0.48813938882947727, 0.23083463286637063, False
2.37806410180408, -3.1147735292998275, 2.0001844762745105, -0.14283427071092336, 0.48813938882947727, 0.23083463286637063, False
0.7838237002474742, 4.355951006994738, -1.5435797434261396, -0.14283427071092336, 0.48813938882947727, 0.23083463286637063, False
3.1965184049865076, 2.141543704600762, 1.9177524122360756, -0.14283427071092336, 0.48813938882947727, 0.23083463286637063, False
-5.075324116906519, 3.0557872088343654, 1.9114359955190592, -0.14283427071092336, 0.48813938882947727, 0.23083463286637063, False
5.636927174512312, -3.4244189249380486, -0.716735653148771, -0.14283427071092336, 0.48813938882947727, 0.23083463286637063, False
2.336927437360403, -1.5237392947462505, -0.49976535306875114, -0.14283427071092336, 0.48813938882947727, 0.23083463286637063, False
3.955895605235229, 2.138993534825298, 2.75375400694392, -0.14283427071092336, 0.48813938882947727, 0.23083463286637063, False
-4.841773086124726, 2.8777565715369775, 0.8716851518451056, -0.14283427071092336, 0.48813938882947727, 0.23083463286637063, False
2.19752773900551, 0.5279914933579457, -2.024430487027021, -0.14283427071092336, 0.48813938882947727, 0.23083463286637063, False
-1.1880385169047134, -1.5234177129576345, 1.4415809319084767, -0.14283427071092336, 0.48813938882947727, 0.23083463286637063, False
-2.5086233774246867, 0.8254152134502837, 0.7182407777957809, -0.14283427071092336, 0.48813938882947727, 0.23083463286637063, False
-3.023529227679348, -4.394336497904002, 0.6207829628096269, -0.14283427071092336, 0.48813938882947727, 0.23083463286637063, False
-1.8512531778777879, -5.429682069515578, -2.2623858423849175, -0.14283427071092336, 0.48813938882947727, 0.23083463286637063, False
5.6441323746749585, 3.021846370156336, -1.844891311074343, -0.14283427071092336, 0.48813938882947727, 0.23083463286637063, False
5.039948877717826, 4.18185755552444, 1.71377530359314, -0.14283427071092336, 0.48813938882947727, 0.23083463286637063, False
-1.091383630871384, -4.481243484549772, 0.9902384543535376, -0.14283427071092336, 0.48813938882947727, 0.23083463286637063, False
-4.128663006497091, -5.802837243386188, 1.1390281254174859, -0.14283427071092336, 0.48813938882947727, 0.23083463286637063, False
-1.4099329194146604, 2.805305366526806, -0.643966298645501, -0.14283427071092336, 0.48813938882947727, 0.23083463286637063, False
5.7234748109139275, -2.8128871455271196, -1.342787259948115, -0.14283427071092336, 0.48813938882947727, 0.23083463286637063, False
4.102498223229118, 3.3951656554757967, 2.7871240092796254, -0.14283427071092336, 0.48813938882947727, 0.23083463286637063, False
3.5277393172560476, 3.0560802239861893, -0.8475523438274273, -0.14283427071092336, 0.48813938882947727, 0.23083463286637063, False
4.17370510941514, -5.243287299630261, 1.7356296141995733, -0.14283427071092336, 0.48813938882947727, 0.23083463286637063, False
-5.686832648095672, 0.357423083009353, 1.8086117307023741, -0.14283427071092336, 0.48813938882947727, 0.23083463286637063, False
0.07322387394008967, 4.771350928810524, 0.1530625631837439, -0.14283427071092336, 0.48813938882947727, 0.23083463286637063, False
6.008519019816934, -1.4875757935616578, -1.9567983371984023, -0.14283427071092336, 0.48813938882947727, 0.23083463286637063, False
-0.6402264345416739, -3.4284986337069268, 2.739219017847482, -0.14283427071092336, 0.48813938882947727, 0.23083463286637063, False
-4.731407015032858, -2.4743226808573353, -2.9415246202742895, -0.14283427071092336, 0.48813938882947727, 0.23083463286637063, True
4.374629348154837, 2.3781948650853746, -0.12045683906003735, -0.14283427071092336, 0.48813938882947727, 0.23083463286637063, False
-2.0562710557913064, -1.7994950149585645, 1.2121692785038718, -0.14283427071092336, 0.48813938882947727, 0.23083463286637063, False
3.6378911253274158, 0.6674295040684424, 0.3148084744293276, -0.14283427071092336, 0.48813938882947727, 0.23083463286637063, False
2.2526483725079647, 5.7589412734136864, -0.15893204162406782, -0.14283427071092336, 0.48813938882947727, 0.23083463286637063, False
4.854825390938961, -0.765041698082463, -1.6918183564915443, -0.14283427071092336, 0.48813938882947727, 0.23083463286637063, False
1.20133672119836, 5.386814351317927, 2.242961495935935, -0.14283427071092336, 0.48813938882947727, 0.23083463286637063, False
1.737209162007657, 5.832191342463396, 1.0199534996950899, -0.14283427071092336, 0.48813938882947727, 0.23083463286637063, True
-0.21129369404631948, 2.0737685740906286, -0.043350092009100116, -0.14283427071092336, 0.48813938882947727, 0.23083463286637063, False
5.658692937705533, -2.6126065602778437, -0.08690844193046354, -0.14283427071092336, 0.48813938882947727, 0.23083463286637063, True
-1.2611563436654203, 1.7289215857004265, -2.5613975744356163, -0.14283427071092336, 0.48813938882947727, 0.23083463286637063, False
-4.20327109944849, 5.371164850787556, -0.4789967056239579, -0.14283427071092336, 0.48813938882947727, 0.23083463286637063, False
4.279273360087242, 6.130830581375605, 1.2503965255335796, -0.14283427071092336, 0.48813938882947727, 0.23083463286637063, False
1.7887056210884982, -0.592985848106812, -1.6997244188101177, -0.14283427071092336, 0.48813938882947727, 0.23083463286637063, False
-5.280744131831526, 6.165818409342753, -2.0043169467329847, -0.14283427071092336, 0.48813938882947727, 0.23083463286637063, False
2.813097434380376, 3.8665965340678756, 0.382996008581753, -0.14283427071092336, 0.48813938882947727, 0.23083463286637063, False
5.079628311254664, -4.295094416597169, -0.17403506961572646, -0.14283427071092336, 0.48813938882947727, 0.23083463286637063, False
0.9140583676933458, -1.5026980438156956, 1.6283960331412208, -0.14283427071092336, 0.48813938882947727, 0.23083463286637063, False
2.579298610180926, -5.623564003904799, 2.191417704258039, -0.14283427071092336, 0.48813938882947727, 0.23083463286637063, False
5.752968619157267, 4.553254403435163, -1.4517705361069286, -0.14283427071092336, 0.48813938882947727, 0.23083463286637063, False
-3.6867862207607223, -1.142272928527679, 2.337648858767613, -0.14283427071092336, 0.48813938882947727, 0.23083463286637063, False
1.8416520262167992, 0.7746487916495379, -1.7006334152558977, -0.14283427071092336, 0.48813938882947727, 0.23083463286637063, True
5.763839904112322, -1.139419471533972, 2.5469585549507183, -0.14283427071092336, 0.48813938882947727, 0.23083463286637063, False
-3.173524038704872, -5.942744821763629, 1.7240951180811308, -0.14283427071092336, 0.48813938882947727, 0.23083463286637063, False
-0.19021910977489842, 5.600416437313571, 2.06282382409705, -0.14283427071092336, 0.48813938882947727, 0.23083463286637063, False
0.4465279725508209, -1.3273273556599747, -2.9987855010763473, -0.14283427071092336, 0.48813938882947727, 0.23083463286637063, True
2.414810197105046, 1.543611508842491, 0.7469147843295683, -0.14283427071092336, 0.48813938882947727, 0.23083463286637063, False
2.573436675403368, 4.75862815064654, 1.4848735870791945, -0.14283427071092336, 0.48813938882947727, 0.23083463286637063, False
1.9960977565889806, -3.192897671469745, 2.8697450348154483, -0.14283427071092336, 0.48813938882947727, 0.23083463286637063, True
3.4419343802398146, -5.2627801492481785, -2.4312124289951456, -0.14283427071092336, 0.48813938882947727, 0.23083463286637063, False
3.9956552954991356, 0.9810561990875604, -2.4642302806988705, -0.14283427071092336, 0.48813938882947727, 0.23083463286637063, False
1.0861900794063484, 1.4319561914641215, -2.377499813016398, -0.14283427071092336, 0.48813938882947727, 0.23083463286637063, False
3.390433922653205, 5.794094950448436, -2.0442099768382205, -0.14283427071092336, 0.48813938882947727, 0.23083463286637063, False
1.7016489482328616, 3.468929276284216, -2.5656363933111335, -0.14283427071092336, 0.48813938882947727, 0.23083463286637063, False
0.4379422671614792, 0.6250485493702778, -0.5656326600782426, -0.14283427071092336, 0.48813938882947727, 0.23083463286637063, False
3.8948807854503613, 5.800356887382634, 1.701777980757786, -0.14283427071092336, 0.48813938882947727, 0.23083463286637063, False
4.419117806341793, -2.2182981857137705, 0.22614043726194621, -0.14283427071092336, 0.48813938882947727, 0.23083463286637063, False
5.3988038538482055, 5.231753586476595, 1.7943017856236043, -0.14283427071092336, 0.48813938882947727, 0.23083463286637063, False
1.501654678013617, -4.073541447415567, 2.365794537733076, -0.14283427071092336, 0.48813938882947727, 0.23083463286637063, False
-3.977278282278179, 3.324162532757958, 2.3984008859571855, -0.14283427071092336, 0.48813938882947727, 0.23083463286637063, False
6.126076828144914, 5.630627236363756, 2.6969632010675166, -0.14283427071092336, 0.48813938882947727, 0.23083463286637063, False
-0.13333036953460464, 1.0354047062236704, -0.8226439037968918, -0.14283427071092336, 0.48813938882947727, 0.23083463286637063, False
3.5558687350739095, -0.28506331212062275, -3.0547353855595882, -0.14283427071092336, 0.48813938882947727, 0.23083463286637063, True
-5.247313632076189, -4.207390864857445, -1.6835176647145997, -0.14283427071092336, 0.48813938882947727, 0.23083463286637063, False
-4.560328683040928, -4.93310507871194, -0.38678604104934955, -0.14283427071092336, 0.48813938882947727, 0.23083463286637063, False
2.6470504227402305, 4.258003570705926, 3.124710386798264, -0.14283427071092336, 0.48813938882947727, 0.23083463286637063, True
6.101869789779585, -0.42040153752566845, 1.9554922174012672, -0.14283427071092336, 0.48813938882947727, 0.23083463286637063, False
-5.422436970589683, 5.439767030477578, -0.946320632325746, -0.14283427071092336, 0.48813938882947727, 0.23083463286637063, False
0.20926097558863876, 2.5231403997480015, -0.1425836218964709, -0.14283427071092336, 0.48813938882947727, 0.23083463286637063, False
4.462163961596854, -3.497845556053202, 2.474333992324121, -0.14283427071092336, 0.48813938882947727, 0.23083463286637063, False
0.1028151511917228, -4.574062471224561, 0.03923661053158556, -0.14283427071092336, 0.48813938882947727, 0.23083463286637063, False
-4.9860999470971175, -4.430487221401618, -1.6224028441487637, -0.14283427071092336, 0.48813938882947727, 0.23083463286637063, False
-3.8060893816263737, -1.0726792418376547, 0.7706699699319142, -0.14283427071092336, 0.48813938882947727, 0.23083463286637063, False
4.86238597049617, 1.5421875294060197, -0.9704200966741783, -0.14283427071092336, 0.48813938882947727, 0.23083463286637063, False
4.700437418811756, 0.3723697693027974, 2.12638249153398, -0.14283427071092336, 0.48813938882947727, 0.23083463286637063, False
-2.028906064289952, 2.6310492530217378, 2.040821804058247, -0.14283427071092336, 0.48813938882947727, 0.23083463286637063, False
3.0572902887327054, 2.8406767987352524, 2.2227471890111987, -0.14283427071092336, 0.48813938882947727, 0.23083463286637063, False
-1.9572125945141439, -0.7187644766787473, 0.77031901199177, -0.14283427071092336, 0.48813938882947727, 0.23083463286637063, False
2.237477383810212, 2.2421548422111535, 0.39015008765226344, -0.14283427071092336, 0.48813938882947727, 0.23083463286637063, False
-5.140362688199144, 1.9229868959214684, 2.5035007856691776, -0.14283427071092336, 0.48813938882947727, 0.23083463286637063, False
-1.0725495033607624, 0.4228645359051093, 1.4776097283568959, -0.14283427071092336, 0.48813938882947727, 0.23083463286637063, False
6.142235778053294, 1.2905342918487683, 2.6493389637720997, -0.14283427071092336, 0.48813938882947727, 0.23083463286637063, False
-4.187720017042148, -4.61927263607102, 1.6347348332309055, -0.14283427071092336, 0.48813938882947727, 0.23083463286637063, False
-4.2080161475758455, 0.8913230527175893, 0.30948217178648596, -0.14283427071092336, 0.48813938882947727, 0.23083463286637063, False
-5.978264884193946, 6.038490510201516, 2.256642851864525, -0.14283427071092336, 0.48813938882947727, 0.23083463286637063, False
-5.607705906384059, 1.5898369198158875, -1.5068597509876445, -0.14283427071092336, 0.48813938882947727, 0.23083463286637063, False
0.005512130907319168, -5.827141977766308, 2.924492087195685, -0.14283427071092336, 0.48813938882947727, 0.23083463286637063, True
3.3742509450783764, -5.484471381840854, -1.8028583857100968, -0.14283427071092336, 0.48813938882947727, 0.23083463286637063, False
2.3821339941016806, 3.672630297109226, 1.275329001256769, -0.14283427071092336, 0.48813938882947727, 0.23083463286637063, False
4.903235478794965, -5.770547106463745, 2.7532537235143675, -0.14283427071092336, 0.48813938882947727, 0.23083463286637063, False
-5.086670990850926, 3.3574331230193177, -1.1861880146602928, -0.14283427071092336, 0.48813938882947727, 0.23083463286637063, False
-4.09649075427478, 2.7961047306527202, -2.032993085465683, -0.14283427071092336, 0.48813938882947727, 0.23083463286637063, False
-0.30550725696805436, -2.257333294133953, 0.7667481100879536, -0.14283427071092336, 0.48813938882947727, 0.23083463286637063, False
3.749420294286617, 5.973726560778207, 0.33898408395471735, -0.14283427071092336, 0.48813938882947727, 0.23083463286637063, False
-4.865941263961946, -4.446757456306922, -0.8903727558129684, -0.14283427071092336, 0.48813938882947727, 0.23083463286637063, False
4.118120613247413, -0.2536010746437105, -2.393239089363231, -0.14283427071092336, 0.48813938882947727, 0.23083463286637063, False
-0.9939050528845517, -5.455314276318848, 2.99117715606297, -0.14283427071092336, 0.48813938882947727, 0.23083463286637063, True
4.369064486462783, 1.1353634760854527, 2.4850537332661773, -0.14283427071092336, 0.48813938882947727, 0.23083463286637063, False
