1.7151829064416466, 3.825025969695524, -2.668983949387303, -0.45481532085913656, -0.042575315503110556, 0.02245516432112793, False
5.981809528568281, 2.430825920854657, 1.0350486169166242, -0.45481532085913656, -0.042575315503110556, 0.02245516432112793, False
1.2191559610964777, -1.397180698301633, -1.9825522162780453, -0.45481532085913656, -0.042575315503110556, 0.02245516432112793, False
2.5286688605001864, 5.355973325506206, 0.8267387720332766, -0.45481532085913656, -0.042575315503110556, 0.02245516432112793, False
-2.8514088987553183, 3.8119059277966567, -2.5415783043567335, -0.45481532085913656, -0.042575315503110556, 0.02245516432112793, False
-5.712937264241548, 3.7976880185201143, 0.04170595143446887, -0.45481532085913656, -0.042575315503110556, 0.02245516432112793, False
5.698856100132117, 1.6147753851379978, -0.7671021781482232, -0.45481532085913656, -0.042575315503110556, 0.02245516432112793, False
3.7278880475047877, 6.128335712324116, -1.004374798012241, -0.45481532085913656, -0.042575315503110556, 0.02245516432112793, False
2.6334055746871687, 1.830951843257349, -0.9823395968706206, -0.45481532085913656, -0.042575315503110556, 0.02245516432112793, False
-3.068864815904755, 3.130529015295057, 2.8664016165724915, -0.45481532085913656, -0.042575315503110556, 0.02245516432112793, False
-5.249891799391253, 4.720458928658893, -1.834421682008453, -0.45481532085913656, -0.042575315503110556, 0.02245516432112793, False
-4.137917466486165, 1.6103997237082792, -1.355409125838546, -0.45481532085913656, -0.042575315503110556, 0.02245516432112793, False
-2.0219130741303575, -3.396324006173708, -2.8736791518899474, -0.45481532085913656, -0.042575315503110556, 0.02245516432112793, False
0.5392476522408955, -5.020821345119413, -0.8885607453270583, -0.45481532085913656, -0.042575315503110556, 0.02245516432112793, False
-3.2203287837346806, -3.204157756810507, 2.269704781694611, -0.45481532085913656, -0.042575315503110556, 0.02245516432112793, False
-3.503588500371962, -2.980804227050625, -2.760893777363932, -0.45481532085913656, -0.042575315503110556, 0.02245516432112793, False
-5.6352933136638, 4.609463526260212, 1.435411915448559, -0.45481532085913656, -0.042575315503110556, 0.02245516432112793, False
2.3992383790096365, -2.1952325981746963, -2.157020051070329, -0.45481532085913656, -0.042575315503110556, 0.02245516432112793, False
-0.9546495185022934, -3.9780410909048025, -2.106096017318631, -0.45481532085913656, -0.042575315503110556, 0.02245516432112793, False
4.866201166797143, 2.6949926291772943, 1.8234071593606522, -0.45481532085913656, -0.042575315503110556, 0.02245516432112793, False
5.0042363096337965, 4.194036819777134, -1.620524068225487, -0.45481532085913656, -0.042575315503110556, 0.02245516432112793, False
-2.4844663093972663, -0.3613114000837694, -0.5575562141781845, -0.45481532085913656, -0.042575315503110556, 0.02245516432112793, False
-5.162808682746584, -0.8924888171529721, 1.6199929180736037, -0.45481532085913656, -0.042575315503110556, 0.02245516432112793, False
-1.6968742557669696, -0.27785246770063576, 1.966356026067948, -0.45481532085913656, -0.042575315503110556, 0.02245516432112793, False
0.4692490383881607, 1.24772445037455, 1.2435923685430916, -0.45481532085913656, -0.042575315503110556, 0.02245516432112793, False
-3.500516844593925, -4.880073355511172, -0.8561032744836572, -0.45481532085913656, -0.042575315503110556, 0.02245516432112793, False
0.03116326199138353, 4.896390254344539, 0.0010324176689131548, -0.45481532085913656, -0.042575315503110556, 0.02245516432112793, False
2.691774675301131, -5.221175874075122, 0.10344528387007834, -0.45481532085913656, -0.042575315503110556, 0.02245516432112793, False
-1.8121245169124363, -5.841789875688818, -2.8646898580360514, -0.45481532085913656, -0.042575315503110556, 0.02245516432112793, True
-4.224732348335115, -0.8323545105256986, 2.978697711551133, -0.45481532085913656, -0.042575315503110556, 0.02245516432112793, True
-0.008238617938075343, 6.212079138247791, -2.0133585356946537, -0.45481532085913656, -0.042575315503110556, 0.02245516432112793, False
-5.932815885629224, 2.0149488098395985, -3.0817611964007905, -0.45481532085913656, -0.042575315503110556, 0.02245516432112793, True
-4.340224263137289, -0.38866214566771706, -2.5721293160038323, -0.45481532085913656, -0.042575315503110556, 0.02245516432112793, False
-5.059743433556504, 4.845648924004573, 3.12492169564585, -0.45481532085913656, -0.042575315503110556, 0.02245516432112793, True
4.27836247702138, -5.102287893177179, -3.0848904138147937, -0.45481532085913656, -0.042575315503110556, 0.02245516432112793, True
-4.3140703732452526, -0.19951843019091697, 0.9706698978371655, -0.45481532085913656, -0.042575315503110556, 0.02245516432112793, False
-1.6808275522678722, -4.991892145462311, -2.105754345692895, -0.45481532085913656, -0.042575315503110556, 0.02245516432112793, False
3.5060582123496964, 0.44229770925913137, 1.426310886087248, -0.45481532085913656, -0.042575315503110556, 0.02245516432112793, True
4.824944406150427, -4.68431120052912, 1.9715423392900666, -0.45481532085913656, -0.042575315503110556, 0.02245516432112793, False
-5.4554632799904645, -5.148881395432571, 1.274472542866576, -0.45481532085913656, -0.042575315503110556, 0.02245516432112793, False
-2.0451363724273746, -1.219318932268787, 1.0926473317550727, -0.45481532085913656, -0.042575315503110556, 0.02245516432112793, False
-5.898473369003461, 2.5157760567540777, 3.1159502477667766, -0.45481532085913656, -0.042575315503110556, 0.02245516432112793, True
6.112554275252151, -2.7168217226518543, -1.110400911171023, -0.45481532085913656, -0.042575315503110556, 0.02245516432112793, False
-3.520929216104332, -3.88065664758872, 0.9381243121510972, -0.45481532085913656, -0.042575315503110556, 0.02245516432112793, False
-3.816682768674687, 0.3854741654855047, -2.7316097380061595, -0.45481532085913656, -0.042575315503110556, 0.02245516432112793, True
-0.9019058315772623, 0.3890467111091054, -2.54627619211292, -0.45481532085913656, -0.042575315503110556, 0.02245516432112793, False
-3.284470244604642, -4.479263487695763, -1.3179663164379376, -0.45481532085913656, -0.042575315503110556, 0.02245516432112793, False
-0.34388320227152214, -1.1997429513767246, -1.334051878333254, -0.45481532085913656, -0.042575315503110556, 0.02245516432112793, False
-3.342118917826282, 3.5685711649473824, 0.2669575702721003, -0.45481532085913656, -0.042575315503110556, 0.02245516432112793, False
1.8702126248442994, -1.703690084162738, 0.34109736445426364, -0.45481532085913656, -0.042575315503110556, 0.02245516432112793, False
-1.077486811635211, 5.249208715200657, 0.06723641261215496, -0.45481532085913656, -0.042575315503110556, 0.02245516432112793, False
2.4311753430471086, 1.5709786966510029, -3.0905099515274426, -0.45481532085913656, -0.042575315503110556, 0.02245516432112793, True
3.842011374275451, 6.261297500997367, -2.9729403564174746, -0.45481532085913656, -0.042575315503110556, 0.02245516432112793, True
5.685764991877097, -0.8100659957980714, 0.36814723836419727, -0.45481532085913656, -0.042575315503110556, 0.02245516432112793, False
2.9003187598278117, -3.0636831106572187, 2.8188609323820764, -0.45481532085913656, -0.042575315503110556, 0.02245516432112793, False
2.6917186625020513, -2.8063963953142954, 0.8835272089666368, -0.45481532085913656, -0.042575315503110556, 0.02245516432112793, False
5.325362272069647, -1.7401848838289178, -2.029001452176063, -0.45481532085913656, -0.042575315503110556, 0.02245516432112793, False
3.228593983844652, 5.7687086805874195, -2.3612821277253553, -0.45481532085913656, -0.042575315503110556, 0.02245516432112793, False
3.6417330358359017, 5.679448525034374, -3.045824078452926, -0.45481532085913656, -0.042575315503110556, 0.02245516432112793, True
-2.142532477386271, -2.1037895653952425, 0.37792820426355345, -0.45481532085913656, -0.042575315503110556, 0.02245516432112793, False
4.494566285245524, -0.8338531711562238, -0.3041422293795182, -0.45481532085913656, -0.042575315503110556, 0.02245516432112793, False
0.5856529861706194, 3.2465801044302722, 2.1282821680921638, -0.45481532085913656, -0.042575315503110556, 0.02245516432112793, True
-2.4165746889011674, -2.1698505747978087, 0.5084965166996169, -0.45481532085913656, -0.042575315503110556, 0.02245516432112793, False
-4.300666786708313, 4.268360403686332, -1.7519047651526165, -0.45481532085913656, -0.042575315503110556, 0.02245516432112793, False
-1.9866959541050866, 3.7062527036644077, -0.7793861722347297, -0.45481532085913656, -0.042575315503110556, 0.02245516432112793, False
2.9566755359808283, -5.2888277246505915, 0.5158709487085793, -0.45481532085913656, -0.042575315503110556, 0.02245516432112793, False
-1.219428752766266, 4.797443907728493, -2.7286106073179046, -0.45481532085913656, -0.042575315503110556, 0.02245516432112793, False
-3.493027559491573, -5.935244376663189, 0.8743566806961951, -0.45481532085913656, -0.042575315503110556, 0.02245516432112793, True
-5.507801388724152, -5.578114642746353, -0.07148671091492576, -0.45481532085913656, -0.042575315503110556, 0.02245516432112793, False
-1.7303170470009297, -6.272949211796385, 3.140820125854912, -0.45481532085913656, -0.042575315503110556, 0.02245516432112793, True
-0.1829710566371352, 2.9217705698117804, 0.842980847648052, -0.45481532085913656, -0.042575315503110556, 0.02245516432112793, False
-2.5690135551856557, 4.021753690902473, 3.0655355138346323, -0.45481532085913656, -0.042575315503110556, 0.02245516432112793, True
-6.006501693941736, -0.7618990790945785, -1.2118433849226475, -0.45481532085913656, -0.042575315503110556, 0.02245516432112793, False
3.0839761237603547, -5.030183782441503, -1.3747162433309377, -0.45481532085913656, -0.042575315503110556, 0.02245516432112793, False
-2.283899126747835, 1.9986944480675533, -2.2206867491353908, -0.45481532085913656, -0.042575315503110556, 0.02245516432112793, False
-3.356851463613312, 5.069283135773848, 0.8815046994196809, -0.45481532085913656, -0.042575315503110556, 0.02245516432112793, False
-3.1632933657681725, -0.4182575627363079, 0.4238273079112056, -0.45481532085913656, -0.042575315503110556, 0.02245516432112793, False
-2.997110341817342, -2.001971482701964, 1.8383470229830001, -0.45481532085913656, -0.042575315503110556, 0.02245516432112793, False
4.009198039158127, -4.868662878198703, 1.2797638017407378, -0.45481532085913656, -0.042575315503110556, 0.02245516432112793, False
5.2582173060546005, -4.777157530504904, 2.6827587167590776, -0.45481532085913656, -0.042575315503110556, 0.02245516432112793, False
2.2541826513554017, -4.662460408375299, 0.8275284125874305, -0.45481532085913656, -0.042575315503110556, 0.02245516432112793, False
-3.079034788938915, 3.652948611147144, -0.2581794427958113, -0.45481532085913656, -0.042575315503110556, 0.02245516432112793, False
0.10584522909414673, 2.2048248212919628, -0.44695690393508425, -0.45481532085913656, -0.042575315503110556, 0.02245516432112793, False
-0.9464753382157252, 4.016325387524056, 0.9828941902696746, -0.45481532085913656, -0.042575315503110556, 0.02245516432112793, False
4.6356131018308275, -2.111927099971263, -0.7933663315233601, -0.45481532085913656, -0.042575315503110556, 0.02245516432112793, False
-2.5911126697998155, 3.761797092111612, 0.5372071744386528, -0.45481532085913656, -0.042575315503110556, 0.02245516432112793, False
5.785989945690325, 3.2166449321072346, -0.39664896468898725, -0.45481532085913656, -0.042575315503110556, 0.02245516432112793, False
2.5715955748084323, 1.05136610725991, -2.8493375259046716, -0.45481532085913656, -0.042575315503110556, 0.02245516432112793, False
4.336031943492708, -4.225691460852719, 0.8119874007427765, -0.45481532085913656, -0.042575315503110556, 0.02245516432112793, False
-5.63364644728035, -3.2473342337262183, -0.712973816018061, -0.45481532085913656, -0.042575315503110556, 0.02245516432112793, True
-2.13073599561576, -5.042413172335665, 0.3373860047630881, -0.45481532085913656, -0.042575315503110556, 0.02245516432112793, False
5.536000023119378, 0.2484103041924106, -2.5080224503260418, -0.45481532085913656, -0.042575315503110556, 0.02245516432112793, False
0.8590311759268463, -0.668972840517327, -0.48731573562603403, -0.45481532085913656, -0.042575315503110556, 0.02245516432112793, False
3.884092632111477, 5.280007652866637, -1.5636361915103332, -0.45481532085913656, -0.042575315503110556, 0.02245516432112793, False
-2.3360799996742476, -4.842019819930812, -2.4171728081574333, -0.45481532085913656, -0.042575315503110556, 0.02245516432112793, False
5.781909588110793, -6.092736831588139, -1.6965312668752157, -0.45481532085913656, -0.042575315503110556, 0.02245516432112793, False
-4.542531161023222, -2.148356266364363, -1.4713019140669212, -0.45481532085913656, -0.042575315503110556, 0.02245516432112793, False
-1.9545058333899963, -5.154365669255019, -2.504816357910745, -0.45481532085913656, -0.042575315503110556, 0.02245516432112793, False
-6.109696374198528, -5.640756059855133, 0.6616349620896638, -0.45481532085913656, -0.042575315503110556, 0.02245516432112793, False
4.051967173778282, 4.230427395166004, -0.08393510859137221, -0.45481532085913656, -0.042575315503110556, 0.02245516432112793, False
