3.810927974878231, -4.802763013504955, 1.098684223792251, -0.07057263956020088, -0.392478252069125, -0.6278605559960657, False
-4.736256237279045, -3.588284206567659, -0.5586042094837897, -0.07057263956020088, -0.392478252069125, -0.6278605559960657, False
-3.173362545899677, -2.51360911952457, 0.7482405897684874, -0.07057263956020088, -0.392478252069125, -0.6278605559960657, False
3.403619784801279, -2.5047094355216433, 2.9182139999725933, -0.07057263956020088, -0.392478252069125, -0.6278605559960657, True
5.01667501671605, -4.174511151272556, 3.02120172638152, -0.07057263956020088, -0.392478252069125, -0.6278605559960657, True
2.653073764571074, 5.905097859294594, 0.4931418929551805, -0.07057263956020088, -0.392478252069125, -0.6278605559960657, False
-0.49825195435993486, -1.9884654424518144, -2.398885112680197, -0.07057263956020088, -0.392478252069125, -0.6278605559960657, False
1.8745799162372432, -0.7138701926026876, -1.163933763165442, -0.07057263956020088, -0.392478252069125, -0.6278605559960657, False
-0.6083512432173501, 2.0101705673370933, 2.9719853016387443, -0.07057263956020088, -0.392478252069125, -0.6278605559960657, True
-3.1741869607958484, -3.599490309299721, 1.6945127376044002, -0.07057263956020088, -0.392478252069125, -0.6278605559960657, False
1.8942549677244553, -3.9987538123816835, -1.0841359015336138, -0.07057263956020088, -0.392478252069125, -0.6278605559960657, False
-3.914130218512757, 4.409924133262587, 1.7225256773810091, -0.07057263956020088, -0.392478252069125, -0.6278605559960657, False
-5.171663498589561, -5.872239317679882, -0.4427812190295106, -0.07057263956020088, -0.392478252069125, -0.6278605559960657, False
0.015923136563921858, 0.46459868334607446, 0.37231953283005126, -0.07057263956020088, -0.392478252069125, -0.6278605559960657, False
6.0597914794631365, -0.18557203576970682, -0.17998590332772535, -0.07057263956020088, -0.392478252069125, -0.6278605559960657, False
-1.0504039994088403, -5.82544605147332, -0.05231288144021029, -0.07057263956020088, -0.392478252069125, -0.6278605559960657, False
-1.3223035931962315, -1.1554533623476901, 2.301983849310904, -0.07057263956020088, -0.392478252069125, -0.6278605559960657, False
1.6026066062003572, 1.985373336284642, 0.13298922744402164, -0.07057263956020088, -0.392478252069125, -0.6278605559960657, True
-0.9786318327697661, -4.617266085577882, 0.02385598518769827, -0.07057263956020088, -0.392478252069125, -0.6278605559960657, False
-3.864922042360585, 1.1228986262112466, -1.2501918986932798, -0.07057263956020088, -0.392478252069125, -0.6278605559960657, False
0.46799182206443746, -1.4269642787610728, -0.47308275642787523, -0.07057263956020088, -0.392478252069125, -0.6278605559960657, False
-6.1936885792778025, -0.3115918194613032, 0.3085147888558253, -0.07057263956020088, -0.392478252069125, -0.6278605559960657, False
-1.494649889873049, -5.292950598981512, -2.684357573867181, -0.07057263956020088, -0.392478252069125, -0.6278605559960657, False
-2.573497698632551, -2.7662817565558, 2.7518214989260477, -0.07057263956020088, -0.392478252069125, -0.6278605559960657, False
3.1732106373591105, -2.1631356442306817, -2.798897775679381, -0.07057263956020088, -0.392478252069125, -0.6278605559960657, False
2.9583120313170177, -1.4563635977000091, -0.09497214502343443, -0.07057263956020088, -0.392478252069125, -0.6278605559960657, False
-3.9445724441714503, 3.550534650751974, -0.3342154193817337, -0.07057263956020088, -0.392478252069125, -0.6278605559960657, False
3.3176880544068545, -4.454884372298434, 0.03907109948126708, -0.07057263956020088, -0.392478252069125, -0.6278605559960657, False
6.0525743433623855, -2.2350226802940147, -0.7600351293856256, -0.07057263956020088, -0.392478252069125, -0.6278605559960657, False
-0.04340903908657712, -2.766703016073045, -2.6556438366033994, -0.07057263956020088, -0.392478252069125, -0.6278605559960657, False
1.3077496116194487, -5.98820059966529, 2.0529122185323754, -0.07057263956020088, -0.392478252069125, -0.6278605559960657, False
-1.0432726497447335, 5.82710837961527, -2.4744957803714493, -0.07057263956020088, -0.392478252069125, -0.6278605559960657, False
-0.9242779486296078, 2.8527005695123826, -2.209857250696362, -0.07057263956020088, -0.392478252069125, -0.6278605559960657, False
-3.664883235390333, 3.625630636730344, -1.110544113974488, -0.07057263956020088, -0.392478252069125, -0.6278605559960657, False
-3.7923457856149767, -2.1255521027294284, 0.713463425247594, -0.07057263956020088, -0.392478252069125, -0.6278605559960657, False
-4.983379315011658, 0.9688665623476558, -1.2131791715973252, -0.07057263956020088, -0.392478252069125, -0.6278605559960657, False
-3.3450605065829255, 6.179828398954713, 0.35849769370633267, -0.07057263956020088, -0.392478252069125, -0.6278605559960657, False
-3.1934386021260837, 5.492200151479459, -2.7373803745164533, -0.07057263956020088, -0.392478252069125, -0.6278605559960657, False
-4.836599117356574, 1.9262523946687882, -2.4917744812943745, -0.07057263956020088, -0.392478252069125, -0.6278605559960657, False
2.2192204395921973, -2.6518644021157947, 2.3172645076693072, -0.07057263956020088, -0.392478252069125, -0.6278605559960657, False
0.5843205644447833, -5.469907154220849, 2.937832823076338, -0.07057263956020088, -0.392478252069125, -0.6278605559960657, True
2.725139299790685, 3.9509684326885903, 1.529390422322452, -0.07057263956020088, -0.392478252069125, -0.6278605559960657, False
0.41518460689283554, 0.973349762019792, -0.31175351737517065, -0.07057263956020088, -0.392478252069125, -0.6278605559960657, False
-5.301192561943593, -0.5467771028689352, 2.895087073898443, -0.07057263956020088, -0.392478252069125, -0.6278605559960657, True
-2.9804253120205506, -1.32983010791295, -1.1837091856267803, -0.07057263956020088, -0.392478252069125, -0.6278605559960657, False
-2.812190115754696, 0.6821694031726953, 0.7755123694413291, -0.07057263956020088, -0.392478252069125, -0.6278605559960657, False
4.05827414098734, -2.297354728958173, -2.7540360303066995, -0.07057263956020088, -0.392478252069125, -0.6278605559960657, False
5.977196438608603, 5.608389270020226, 2.2029993142927573, -0.07057263956020088, -0.392478252069125, -0.6278605559960657, False
5.318297137720995, -2.953487442510543, -0.6106813776729143, -0.07057263956020088, -0.392478252069125, -0.6278605559960657, False
-4.449627176043741, 3.633027127274259, 2.8156873710287282, -0.07057263956020088, -0.392478252069125, -0.6278605559960657, False
-4.60750019214702, -3.740088119721384, 1.3757473703408536, -0.07057263956020088, -0.392478252069125, -0.6278605559960657, False
-3.076124482307171, -2.3254192007722385, 2.3428148176226324, -0.07057263956020088, -0.392478252069125, -0.6278605559960657, False
-3.938617172043615, -2.1651903644788053, 2.640494327212722, -0.07057263956020088, -0.392478252069125, -0.6278605559960657, False
1.9715328784933135, -0.9333248592987005, -3.1310845235974742, -0.07057263956020088, -0.392478252069125, -0.6278605559960657, True
3.016883508023666, -2.9312656540677198, 2.59983225050219, -0.07057263956020088, -0.392478252069125, -0.6278605559960657, False
0.8748131047645833, 4.6146516060300105, 2.475108528599076, -0.07057263956020088, -0.392478252069125, -0.6278605559960657, False
2.1126226873885727, 0.14263104265914794, -0.15348791114472382, -0.07057263956020088, -0.392478252069125, -0.6278605559960657, False
-5.593148022586272, -5.036018214773089, 0.05167354605324315, -0.07057263956020088, -0.392478252069125, -0.6278605559960657, False
-2.560200798853018, -2.0735342098946967, -1.077275383780739, -0.07057263956020088, -0.392478252069125, -0.6278605559960657, False
-4.274440807499526, 3.305690716285854, -3.0768754878031164, -0.07057263956020088, -0.392478252069125, -0.6278605559960657, True
-0.8246525373249787, -3.675604892004009, -0.1277035262296109, -0.07057263956020088, -0.392478252069125, -0.6278605559960657, False
-0.009181970300038422, 0.036843786423085056, 0.9181622220778074, -0.07057263956020088, -0.392478252069125, -0.6278605559960657, False
2.858914366454691, -1.9815984659009835, -1.8402961049920403, -0.07057263956020088, -0.392478252069125, -0.6278605559960657, False
-4.337205195582867, 5.76078678318615, 0.38217195343883636, -0.07057263956020088, -0.392478252069125, -0.6278605559960657, False
-5.431259958208475, -0.5773966885961883, 0.7931824682008455, -0.07057263956020088, -0.392478252069125, -0.6278605559960657, False
3.3348268748925154, 2.3278659525875547, -2.042406104482996, -0.07057263956020088, -0.392478252069125, -0.6278605559960657, False
-5.7300678730140495, 5.1256999472854385, -2.639915171604238, -0.07057263956020088, -0.392478252069125, -0.6278605559960657, False
4.070127849219391, -0.6906122904399536, -0.39186381928648784, -0.07057263956020088, -0.392478252069125, -0.6278605559960657, False
4.5718189506504, -4.344605024476108, -2.0275765893566264, -0.07057263956020088, -0.392478252069125, -0.6278605559960657, False
-4.330460273181903, 2.618427666236533, -1.9852369060599009, -0.07057263956020088, -0.392478252069125, -0.6278605559960657, False
3.0550914627112817, 4.355496844166192, -2.2943446073997267, -0.07057263956020088, -0.392478252069125, -0.6278605559960657, False
4.608541763614376, -1.2115584868898512, 1.2459101932142476, -0.07057263956020088, -0.392478252069125, -0.6278605559960657, False
-0.9396480037869388, -0.7603617735258856, 1.3541519816750558, -0.07057263956020088, -0.392478252069125, -0.6278605559960657, False
-5.5696639734000755, 4.447184633849153, -2.857940539711808, -0.07057263956020088, -0.392478252069125, -0.6278605559960657, False
5.774865287941505, -4.762176413351574, 0.7872118018902561, -0.07057263956020088, -0.392478252069125, -0.6278605559960657, False
-2.372402628834858, 0.5401135393795, -1.944847830266905, -0.07057263956020088, -0.392478252069125, -0.6278605559960657, False
-0.5364554032739077, 2.6149915361049327, 1.7207470436742787, -0.07057263956020088, -0.392478252069125, -0.6278605559960657, False
2.8788650256588912, -0.7096887780909693, 1.5085178000889643, -0.07057263956020088, -0.392478252069125, -0.6278605559960657, False
4.259569002898818, -2.356179861867659, 0.3661719279701674, -0.07057263956020088, -0.392478252069125, -0.6278605559960657, False
-3.7386088869241183, -1.941989978699974, 1.7266051676958547, -0.07057263956020088, -0.392478252069125, -0.6278605559960657, False
2.668637142391802, 3.3522141030986923, 1.6798701223118728, -0.07057263956020088, -0.392478252069125, -0.6278605559960657, False
-5.8879468900340335, 2.093963036894376, -2.37039260884587, -0.07057263956020088, -0.392478252069125, -0.6278605559960657, False
-2.371907216581658, 3.1875552671534155, -1.548752406109687, -0.07057263956020088, -0.392478252069125, -0.6278605559960657, False
-0.290371286901677, 3.4878996066717622, -0.16918525061234435, -0.07057263956020088, -0.392478252069125, -0.6278605559960657, False
0.24815250490071783, -2.8122259730175987, -0.35786288623582996, -0.07057263956020088, -0.392478252069125, -0.6278605559960657, False
1.057382519422136, 1.2055152942780945, -0.5294632766877956, -0.07057263956020088, -0.392478252069125, -0.6278605559960657, False
3.924475854077487, -1.6327826247264765, -1.1772143182514332, -0.07057263956020088, -0.392478252069125, -0.6278605559960657, False
5.092104355024528, 4.134502235754923, -0.9539694108661259, -0.07057263956020088, -0.392478252069125, -0.6278605559960657, False
0.6204987146395968, 3.5264511167036403, -0.6213721976023092, -0.07057263956020088, -0.392478252069125, -0.6278605559960657, False
-4.774768292863855, 6.091214672340756, -0.3921122826640504, -0.07057263956020088, -0.392478252069125, -0.6278605559960657, False
-3.066406120811463, -3.20314918545214, 0.34152642174003534, -0.07057263956020088, -0.392478252069125, -0.6278605559960657, False
1.2992070494704704, 3.8236626787941557, 0.1588364363325483, -0.07057263956020088, -0.392478252069125, -0.6278605559960657, False
-1.4562710803951413, -0.8265502747422584, -1.9013751267294572, -0.07057263956020088, -0.392478252069125, -0.6278605559960657, False
-5.827558553056353, 3.3191756824572796, 2.235144542602658, -0.07057263956020088, -0.392478252069125, -0.6278605559960657, False
5.069684639352875, 3.3635999134022754, 1.1366042681058346, -0.07057263956020088, -0.392478252069125, -0.6278605559960657, False
-5.116670609522663, -0.5104778219772959, 2.9970155518399144, -0.07057263956020088, -0.392478252069125, -0.6278605559960657, True
-3.5247123368988587, -1.637171239840951, 2.2777177404417692, -0.07057263956020088, -0.392478252069125, -0.6278605559960657, False
6.0758499934310635, 2.6067510938480076, -0.449743115040214, -0.07057263956020088, -0.392478252069125, -0.6278605559960657, False
-1.1340683427431575, 2.7294180934723027, -1.1343710869727142, -0.07057263956020088, -0.392478252069125, -0.6278605559960657, False
-2.4010255460794, 5.606406224278153, 0.41403870329235026, -0.07057263956020088, -0.392478252069125, -0.6278605559960657, False
