0.3969874162649676, 4.312382846503185, -0.10423871061298184, 0.04840814823387585, 0.33282867440024866, 0.011732434686510196, False
-6.055746939808945, 2.2433849519924998, 0.276049506380168, 0.04840814823387585, 0.33282867440024866, 0.011732434686510196, False
-0.5992018304178677, -4.562555070585702, 2.8089857502911197, 0.04840814823387585, 0.33282867440024866, 0.011732434686510196, False
-5.110559226200584, -1.5822428581056647, -0.6953787885328007, 0.04840814823387585, 0.33282867440024866, 0.011732434686510196, False
0.034183028407756666, 1.1204518162614994, 2.9717009564397037, 0.04840814823387585, 0.33282867440024866, 0.011732434686510196, True
-1.6083683599711485, 5.004480266887128, 0.9265097607161197, 0.04840814823387585, 0.33282867440024866, 0.011732434686510196, False
3.395317479203376, -6.261541613359964, 0.6630739877224956, 0.04840814823387585, 0.33282867440024866, 0.011732434686510196, False
0.06068676233178483, 3.2873176034267892, 0.42657929501545233, 0.04840814823387585, 0.33282867440024866, 0.011732434686510196, False
-1.232489946981313, 5.012906557497985, -1.9053984069699235, 0.04840814823387585, 0.33282867440024866, 0.011732434686510196, False
0.2405933669047311, -1.9304748350537153, 2.1923105683003934, 0.04840814823387585, 0.33282867440024866, 0.011732434686510196, False
0.8386563076698064, 4.443076921838193, 0.9060513229440303, 0.04840814823387585, 0.33282867440024866, 0.011732434686510196, False
-5.54846631767185, -4.748671824948326, -1.1473835776408907, 0.04840814823387585, 0.33282867440024866, 0.011732434686510196, False
-5.720966927059738, -2.5995288080494494, 1.2879067570088605, 0.04840814823387585, 0.33282867440024866, 0.011732434686510196, False
-6.104860210194381, -3.4103091174813014, -0.29720750105931737, 0.04840814823387585, 0.33282867440024866, 0.011732434686510196, False
5.044155449427931, 4.621674652973942, -1.4818354967413405, 0.04840814823387585, 0.33282867440024866, 0.011732434686510196, False
4.509733771593972, -3.104502509085168, 2.7080713426402356, 0.04840814823387585, 0.33282867440024866, 0.011732434686510196, True
2.5543708324766463, -2.279139608659685, -0.11858576266989562, 0.04840814823387585, 0.33282867440024866, 0.011732434686510196, False
-0.043745938581941424, 1.303067782262458, 2.7279089554473774, 0.04840814823387585, 0.33282867440024866, 0.011732434686510196, False
3.510811823465742, -0.7293907418820531, 2.9397003322577318, 0.04840814823387585, 0.33282867440024866, 0.011732434686510196, True
5.765125485096432, -5.238972334363577, 0.8419905151557594, 0.04840814823387585, 0.33282867440024866, 0.011732434686510196, False
-5.3799753266239305, 5.274594760850055, 1.7769314408200376, 0.04840814823387585, 0.33282867440024866, 0.011732434686510196, False
-6.120691766409417, -5.59432760453859, 0.6414111759368168, 0.04840814823387585, 0.33282867440024866, 0.011732434686510196, False
4.050026763243981, -1.8069860660256554, -2.5816227254964406, 0.04840814823387585, 0.33282867440024866, 0.011732434686510196, False
0.6197912373769974, 5.576733149497368, 1.3273237352972895, 0.04840814823387585, 0.33282867440024866, 0.011732434686510196, False
-1.9142677664054162, -0.5837125960027763, -2.0440548835448262, 0.04840814823387585, 0.33282867440024866, 0.011732434686510196, False
1.4900075542112603, 1.9159457546402674, 2.762572459360851, 0.04840814823387585, 0.33282867440024866, 0.011732434686510196, False
3.2631270062874727, 0.6185662838468335, 1.2296423197940678, 0.04840814823387585, 0.33282867440024866, 0.011732434686510196, False
-1.5322753724100968, -3.2512122514917405, -0.5433339485875717, 0.04840814823387585, 0.33282867440024866, 0.011732434686510196, True
-6.242230354940824, -2.132982678771122, 1.4169111641695649, 0.04840814823387585, 0.33282867440024866, 0.011732434686510196, False
5.377718000905279, 1.8189805850251002, 1.4093274648748455, 0.04840814823387585, 0.33282867440024866, 0.011732434686510196, False
0.8422954706406385, -5.258451441216606, -1.5498594874749407, 0.04840814823387585, 0.33282867440024866, 0.011732434686510196, True
2.5208967333403933, 6.015534079459879, -1.153274254382224, 0.04840814823387585, 0.33282867440024866, 0.011732434686510196, False
1.9495910052118184, 1.390614934668542, 1.606272998957607, 0.04840814823387585, 0.33282867440024866, 0.011732434686510196, False
-4.03926712891769, 0.941674848772438, 1.694926918189256, 0.04840814823387585, 0.33282867440024866, 0.011732434686510196, False
2.699740639723407, 1.0734763503245048, 1.217718458858002, 0.04840814823387585, 0.33282867440024866, 0.011732434686510196, False
-5.164746888271807, -5.284548798709051, 1.7402358820277462, 0.04840814823387585, 0.33282867440024866, 0.011732434686510196, True
5.926950623159792, -0.3050364743805982, 2.3868518229756672, 0.04840814823387585, 0.33282867440024866, 0.011732434686510196, False
-1.115979290887501, -0.2466523219803518, 0.9482958824907364, 0.04840814823387585, 0.33282867440024866, 0.011732434686510196, False
6.050113825066068, -1.210373930395753, 1.9199632264926585, 0.04840814823387585, 0.33282867440024866, 0.011732434686510196, False
-5.323688898898818, 3.2378254277212406, -0.5227009668906808, 0.04840814823387585, 0.33282867440024866, 0.011732434686510196, False
-2.0800365848161935, -4.198591608699545, 2.3562012728094057, 0.04840814823387585, 0.33282867440024866, 0.011732434686510196, True
2.4390286965109063, 1.9614959882300287, -1.4715187750719947, 0.04840814823387585, 0.33282867440024866, 0.011732434686510196, False
-0.2342829654713814, -4.7940379437321745, -1.752779409702711, 0.04840814823387585, 0.33282867440024866, 0.011732434686510196, False
-6.281575195574847, -0.260164791382298, -1.671895163719566, 0.04840814823387585, 0.33282867440024866, 0.011732434686510196, False
0.4768117077371432, 4.393171794261178, 1.1663615905692968, 0.04840814823387585, 0.33282867440024866, 0.011732434686510196, False
6.103460553199374, 1.3767886941561835, 0.8260702281380494, 0.04840814823387585, 0.33282867440024866, 0.011732434686510196, False
-1.7246401074659667, 6.215753557252823, -1.7326432876269637, 0.04840814823387585, 0.33282867440024866, 0.011732434686510196, False
3.297599361050155, -4.504494611949646, 0.26013665846598055, 0.04840814823387585, 0.33282867440024866, 0.011732434686510196, False
-0.06594812260222493, -1.9238675946800665, -1.9012142346939878, 0.04840814823387585, 0.33282867440024866, 0.011732434686510196, False
3.315831174354278, 5.036030157927277, 2.6442823922394885, 0.04840814823387585, 0.33282867440024866, 0.011732434686510196, False
1.8885548305513318, -4.592338569894555, 0.24419086098239928, 0.04840814823387585, 0.33282867440024866, 0.011732434686510196, False
5.9663350718160135, -3.6828909120192055, 1.232581435250232, 0.04840814823387585, 0.33282867440024866, 0.011732434686510196, True
-1.3342148850825417, -3.9437513047815798, -2.610238377889382, 0.04840814823387585, 0.33282867440024866, 0.011732434686510196, True
-0.5684768915411036, -1.314747413866292, 2.901840189131013, 0.04840814823387585, 0.33282867440024866, 0.011732434686510196, False
2.309582463314447, 4.009799314935341, 0.5511168741942774, 0.04840814823387585, 0.33282867440024866, 0.011732434686510196, False
5.431545964365933, -3.623438898234798, 1.456710155702143, 0.04840814823387585, 0.33282867440024866, 0.011732434686510196, True
-0.06715336632881908, 1.3982863990430312, 1.0093066288371997, 0.04840814823387585, 0.33282867440024866, 0.011732434686510196, False
1.5058100355036235, -2.2905999061809, -1.737669977510045, 0.04840814823387585, 0.33282867440024866, 0.011732434686510196, False
-5.332481928544898, 4.442956674059069, 0.18221252129516285, 0.04840814823387585, 0.33282867440024866, 0.011732434686510196, False
-0.7385641495957245, 2.9159234589395506, 1.4829712200687215, 0.04840814823387585, 0.33282867440024866, 0.011732434686510196, True
1.8306774786798297, 0.6045341148969356, -1.43973908278189, 0.04840814823387585, 0.33282867440024866, 0.011732434686510196, False
3.852911414575413, -5.498695539833593, 1.1343018783950116, 0.04840814823387585, 0.33282867440024866, 0.011732434686510196, False
4.0751811413451815, 4.859099102290378, -1.2975016224324512, 0.04840814823387585, 0.33282867440024866, 0.011732434686510196, False
-3.922533209305572, 0.35665637528812866, 2.937060338652678, 0.04840814823387585, 0.33282867440024866, 0.011732434686510196, True
-4.949196169420641, 2.961208035759938, -0.05957867962660046, 0.04840814823387585, 0.33282867440024866, 0.011732434686510196, False
-5.9190699687891755, 1.407562474745066, -1.3954498149193408, 0.04840814823387585, 0.33282867440024866, 0.011732434686510196, False
1.207339525499055, 0.045914729270412735, 2.737107073211247, 0.04840814823387585, 0.33282867440024866, 0.011732434686510196, True
-4.188622358830504, 4.582604980726291, -2.4761390614624417, 0.04840814823387585, 0.33282867440024866, 0.011732434686510196, False
-5.3063383158475705, -1.5111244353427251, 2.511431415612442, 0.04840814823387585, 0.33282867440024866, 0.011732434686510196, False
-3.579181377777043, -3.444985046484987, 0.5270441452129218, 0.04840814823387585, 0.33282867440024866, 0.011732434686510196, False
-1.9658461865013175, 1.8366278045450048, -2.411805605264285, 0.04840814823387585, 0.33282867440024866, 0.011732434686510196, False
-5.676721849012242, -2.8067459476646124, 0.04567977661224232, 0.04840814823387585, 0.33282867440024866, 0.011732434686510196, False
-5.256104893832102, 5.855404199510183, -2.213630410379173, 0.04840814823387585, 0.33282867440024866, 0.011732434686510196, False
1.7294346348150782, 2.832875032352968, -0.2928165725683156, 0.04840814823387585, 0.33282867440024866, 0.011732434686510196, False
4.991669882538163, -2.9338968117285353, -1.8039619796482989, 0.04840814823387585, 0.33282867440024866, 0.011732434686510196, True
-1.4077854293104632, -3.570785227542471, -2.7574155073649953, 0.04840814823387585, 0.33282867440024866, 0.011732434686510196, True
4.422867185320989, -0.28975388718740014, 0.5955768898218641, 0.04840814823387585, 0.33282867440024866, 0.011732434686510196, False
-1.0840794429514444, -4.132422098154596, 2.2753887400778323, 0.04840814823387585, 0.33282867440024866, 0.011732434686510196, True
2.4295818286171667, -3.880812429395907, 2.708318766108018, 0.04840814823387585, 0.33282867440024866, 0.011732434686510196, False
2.753855799573987, -0.4679809395906087, 1.97273878555652, 0.04840814823387585, 0.33282867440024866, 0.011732434686510196, False
-1.7736628367395042, -4.242415306208562, 1.9944837961095745, 0.04840814823387585, 0.33282867440024866, 0.011732434686510196, True
1.0650182413127878, 1.6535831651570128, 2.5471148202661036, 0.04840814823387585, 0.33282867440024866, 0.011732434686510196, False
2.844318938479475, 0.85384515701754, 2.561165040831405, 0.04840814823387585, 0.33282867440024866, 0.011732434686510196, False
-1.2899045033305692, -3.6205036640592976, -3.0574849775899295, 0.04840814823387585, 0.33282867440024866, 0.011732434686510196, True
-0.7494521495978379, 6.247221107112702, -1.5687366974608914, 0.04840814823387585, 0.33282867440024866, 0.011732434686510196, False
-0.5219029993993676, -3.244362906059485, -2.194435019817332, 0.04840814823387585, 0.33282867440024866, 0.011732434686510196, True
1.3404377180885367, -0.35022706316184404, -2.660982245873877, 0.04840814823387585, 0.33282867440024866, 0.011732434686510196, False
-3.612148120940908, 0.5341399107822378, -1.1567897488935228, 0.04840814823387585, 0.33282867440024866, 0.011732434686510196, False
4.80645614664631, 3.0035048475404125, 2.767613298445359, 0.04840814823387585, 0.33282867440024866, 0.011732434686510196, True
-3.462046808285571, 1.8154703311102942, -0.25363452116458474, 0.04840814823387585, 0.33282867440024866, 0.011732434686510196, False
3.1884411007957123, 0.06982100391075452, 2.3791901568427196, 0.04840814823387585, 0.33282867440024866, 0.011732434686510196, False
0.20605092139752568, 2.3824728918434825, 1.4239034871836687, 0.04840814823387585, 0.33282867440024866, 0.011732434686510196, False
-1.1520917426365171, -5.389939839522658, -3.087730433268964, 0.04840814823387585, 0.33282867440024866, 0.011732434686510196, True
-5.841529740189349, 3.014600967384691, 1.3685367383812492, 0.04840814823387585, 0.33282867440024866, 0.011732434686510196, False
-5.541809852523678, 4.567792913204858, -0.3385078376219175, 0.04840814823387585, 0.33282867440024866, 0.011732434686510196, False
3.0522100156635474, -3.318820642761412, -1.251490095927094, 0.04840814823387585, 0.33282867440024866, 0.011732434686510196, False
0.04631998065826348, 4.336652734920683, 1.6974550565047366, 0.04840814823387585, 0.33282867440024866, 0.011732434686510196, False
4.19972674147785, -1.2113100197272058, -1.3366820451772603, 0.04840814823387585, 0.33282867440024866, 0.011732434686510196, False
0.933288868568031, 0.7999683634335986, -0.15205435708226345, 0.04840814823387585, 0.33282867440024866, 0.011732434686510196, True
-1.5529423000850775, 5.969790761614421, 2.12351209799671, 0.04840814823387585, 0.33282867440024866, 0.011732434686510196, False
