3.901412324152224, 6.03978104508149, -2.104464553952952, -0.11367199824706764, 0.2949873298274258, -0.3110192949844549, False
-3.7949406040077185, -0.13925814456660124, 1.5043400310190664, -0.11367199824706764, 0.2949873298274258, -0.3110192949844549, False
2.744361140259178, 1.3156112365434218, 0.770319240535585, -0.11367199824706764, 0.2949873298274258, -0.3110192949844549, False
2.6865563729144455, -1.147242980909498, -0.969825434609747, -0.11367199824706764, 0.2949873298274258, -0.3110192949844549, False
0.18353289684572527, -0.07062556712271029, -0.10734495538300814, -0.11367199824706764, 0.2949873298274258, -0.3110192949844549, False
-5.798711942809319, 1.733438592463294, -2.9326078300846334, -0.11367199824706764, 0.2949873298274258, -0.3110192949844549, True
-2.253502095479618, 0.4482770231535129, -0.6627683439988883, -0.11367199824706764, 0.2949873298274258, -0.3110192949844549, False
-1.0067639807656779, 3.507517937241685, 0.8011402227839848, -0.11367199824706764, 0.2949873298274258, -0.3110192949844549, False
-1.0115479195287431, -1.7525901051092987, -0.8157992944350339, -0.11367199824706764, 0.2949873298274258, -0.3110192949844549, False
-0.6195377331682614, 2.6092687513790285, 2.1073553589386753, -0.11367199824706764, 0.2949873298274258, -0.3110192949844549, False
1.3627760738082246, 2.8629295440693667, 2.8277224186224306, -0.11367199824706764, 0.2949873298274258, -0.3110192949844549, False
-2.861846978391302, -0.8216484339245822, -3.0267908692718337, -0.11367199824706764, 0.2949873298274258, -0.3110192949844549, True
0.9405327169386162, 1.2834714315071043, 0.9090571417214717, -0.11367199824706764, 0.2949873298274258, -0.3110192949844549, True
6.171321757941136, -4.517985917314558, 1.92590965690803, -0.11367199824706764, 0.2949873298274258, -0.3110192949844549, True
-1.5823754184366958, 3.746009849470557, 1.3766585191317766, -0.11367199824706764, 0.2949873298274258, -0.3110192949844549, False
-1.3815347844373314, -3.7673841723362744, 2.564297509136739, -0.11367199824706764, 0.2949873298274258, -0.3110192949844549, False
1.4354333355081597, -4.165380860949756, -2.3957767802376826, -0.11367199824706764, 0.2949873298274258, -0.3110192949844549, False
0.6424747840961409, 0.13406621383549577, -1.9431256173156486, -0.11367199824706764, 0.2949873298274258, -0.3110192949844549, False
1.9211214854484773, 2.372746161261972, -1.0765906503084044, -0.11367199824706764, 0.2949873298274258, -0.3110192949844549, False
-2.1061992691839047, 3.5666111391071507, 1.8003281032018732, -0.11367199824706764, 0.2949873298274258, -0.3110192949844549, False
4.980709494169421, 2.278290888604536, 3.1102935624997565, -0.11367199824706764, 0.2949873298274258, -0.3110192949844549, True
-4.3810602043260225, -4.125576111928997, -2.5183983741319023, -0.11367199824706764, 0.2949873298274258, -0.3110192949844549, False
-2.869048933997622, -5.103059093475002, -2.9462604194364306, -0.11367199824706764, 0.2949873298274258, -0.3110192949844549, True
0.02149275760086411, -3.160119651003164, -1.4931927909507028, -0.11367199824706764, 0.2949873298274258, -0.3110192949844549, False
2.2591055323105795, 3.4968176040869015, 0.5742009812513533, -0.11367199824706764, 0.2949873298274258, -0.3110192949844549, False
-2.509089487482529, -2.7803122119153705, 0.3681415846057292, -0.11367199824706764, 0.2949873298274258, -0.3110192949844549, False
-2.7001841917208034, -4.468282553624169, 0.43980494299376094, -0.11367199824706764, 0.2949873298274258, -0.3110192949844549, False
-0.5367837620649007, 2.15395151666182, 2.0562511308161726, -0.11367199824706764, 0.2949873298274258, -0.3110192949844549, True
-4.4895485145079, 3.992050198609757, 0.42027701301955656, -0.11367199824706764, 0.2949873298274258, -0.3110192949844549, False
-5.442172384050086, -4.673224908293865, 0.6907610974514999, -0.11367199824706764, 0.2949873298274258, -0.3110192949844549, False
-0.7240755920534134, -2.3827838326619197, 2.329926097058875, -0.11367199824706764, 0.2949873298274258, -0.3110192949844549, False
5.396223593228234, -2.4794597714218365, -1.0732182304578592, -0.11367199824706764, 0.2949873298274258, -0.3110192949844549, False
6.057082694642602, -2.785175255311923, -0.2208618648913263, -0.11367199824706764, 0.2949873298274258, -0.3110192949844549, False
1.7651135675589273, -4.1714075655167, -2.1193494689026062, -0.11367199824706764, 0.2949873298274258, -0.3110192949844549, True
-1.785837384970125, -6.010209527133384, 2.1285526068104836, -0.11367199824706764, 0.2949873298274258, -0.3110192949844549, False
-4.670375315049439, -4.590411099777597, -1.990389063056691, -0.11367199824706764, 0.2949873298274258, -0.3110192949844549, True
1.424185873557601, -3.4447703708665784, 1.1799283034597154, -0.11367199824706764, 0.2949873298274258, -0.3110192949844549, False
5.538129846828058, -2.745249474484019, -3.0563760554950172, -0.11367199824706764, 0.2949873298274258, -0.3110192949844549, True
3.2835310529908472, -1.0157240379798695, 2.4752854287629766, -0.11367199824706764, 0.2949873298274258, -0.3110192949844549, False
4.524749394870772, 2.961601586344539, -0.2736398784230958, -0.11367199824706764, 0.2949873298274258, -0.3110192949844549, False
4.657336285314377, 4.356412899046461, -0.33707009713947356, -0.11367199824706764, 0.2949873298274258, -0.3110192949844549, False
5.682003945299741, 2.7455032817475313, 0.5281968379534319, -0.11367199824706764, 0.2949873298274258, -0.3110192949844549, False
-0.6673869716693233, -2.0634618801397373, -1.299216978811885, -0.11367199824706764, 0.2949873298274258, -0.3110192949844549, False
-5.973985520933925, -0.768519704587189, -0.013480080075852552, -0.11367199824706764, 0.2949873298274258, -0.3110192949844549, False
0.7695142545308071, -5.053543178679107, -0.22621145042342405, -0.11367199824706764, 0.2949873298274258, -0.3110192949844549, True
0.13940536358524813, 4.688032246470966, 1.6879277138989668, -0.11367199824706764, 0.2949873298274258, -0.3110192949844549, False
-3.826711732985886, -3.1738536776571045, 0.2227050163476485, -0.11367199824706764, 0.2949873298274258, -0.3110192949844549, False
-4.382955934013491, -6.24418856018816, -2.3490431956861686, -0.11367199824706764, 0.2949873298274258, -0.3110192949844549, False
-0.15485720738753894, -6.062434797861605, -0.8204924062339343, -0.11367199824706764, 0.2949873298274258, -0.3110192949844549, False
2.996214408408129, -4.374291712859215, 1.3982171371483743, -0.11367199824706764, 0.2949873298274258, -0.3110192949844549, False
-0.8166116581697631, -1.4380291122901827, -2.1424376611555287, -0.11367199824706764, 0.2949873298274258, -0.3110192949844549, False
-0.4232787353461074, -2.962813207812694, -0.04663850121382129, -0.11367199824706764, 0.2949873298274258, -0.3110192949844549, False
4.764839454621896, 0.9356836105157065, 2.2550634518125134, -0.11367199824706764, 0.2949873298274258, -0.3110192949844549, False
6.0873575274424745, -3.5686248777295964, 2.772232471475917, -0.11367199824706764, 0.2949873298274258, -0.3110192949844549, False
-5.469482578532457, 6.197227979391313, -2.020569410457715, -0.11367199824706764, 0.2949873298274258, -0.3110192949844549, False
5.805110308824014, -6.176176614194885, 3.077085077566162, -0.11367199824706764, 0.2949873298274258, -0.3110192949844549, True
-3.101452306554937, 2.683772772887938, 2.1598735735980066, -0.11367199824706764, 0.2949873298274258, -0.3110192949844549, False
-5.325066142616537, 4.658676079441722, 3.1098796160636226, -0.11367199824706764, 0.2949873298274258, -0.3110192949844549, True
-5.73956832251423, 2.113029008693376, -2.636810922913531, -0.11367199824706764, 0.2949873298274258, -0.3110192949844549, False
-2.1166515475558834, 3.5743518822828158, -1.9979632078022689, -0.11367199824706764, 0.2949873298274258, -0.3110192949844549, False
1.195384177257636, -1.017157455856851, 2.2224999080457, -0.11367199824706764, 0.2949873298274258, -0.3110192949844549, False
5.853345280343092, -2.378821852104754, 0.481076501814814, -0.11367199824706764, 0.2949873298274258, -0.3110192949844549, False
-1.3256659317098043, -0.3563766530380219, 0.4822901906014452, -0.11367199824706764, 0.2949873298274258, -0.3110192949844549, False
-0.39966182048370147, 1.9984702966249284, 0.2220576179630358, -0.11367199824706764, 0.2949873298274258, -0.3110192949844549, True
-4.540159875864454, -1.543747795294931, -1.516830791525601, -0.11367199824706764, 0.2949873298274258, -0.3110192949844549, False
-4.236986373060233, -3.655007960598689, -1.6535248601800696, -0.11367199824706764, 0.2949873298274258, -0.3110192949844549, False
-0.12335164065155357, 5.918265783974551, -0.9376599321690988, -0.11367199824706764, 0.2949873298274258, -0.3110192949844549, False
1.1030020369499507, -0.08927816692982304, 0.10942752801719946, -0.11367199824706764, 0.2949873298274258, -0.3110192949844549, False
6.03647013957068, 2.2777893172116084, -2.3832233418097473, -0.11367199824706764, 0.2949873298274258, -0.3110192949844549, True
0.040921069213256445, -2.7411650284563653, -2.8437915728991863, -0.11367199824706764, 0.2949873298274258, -0.3110192949844549, True
-2.133609139714326, -1.3381188631519931, 2.185549067758137, -0.11367199824706764, 0.2949873298274258, -0.3110192949844549, False
-4.5718322311505215, 4.530011266353018, 2.7143068655657396, -0.11367199824706764, 0.2949873298274258, -0.3110192949844549, False
-6.247978785093588, -6.041511020559988, 2.2333511630883605, -0.11367199824706764, 0.2949873298274258, -0.3110192949844549, False
6.209444552499436, -5.7319943726034355, -0.6906236443784803, -0.11367199824706764, 0.2949873298274258, -0.3110192949844549, False
-2.7585264364280357, 5.048420641110871, -2.2803385443324578, -0.11367199824706764, 0.2949873298274258, -0.3110192949844549, False
-5.721757024805011, -1.3597078661579456, -1.9757974342134657, -0.11367199824706764, 0.2949873298274258, -0.3110192949844549, False
2.0973852443850536, 5.6043417635366435, -2.908781908756388, -0.11367199824706764, 0.2949873298274258, -0.3110192949844549, True
-3.973798793405538, -2.4879460282602337, 0.9404018697573973, -0.11367199824706764, 0.2949873298274258, -0.3110192949844549, False
-4.913454193696165, -4.043731880298568, -1.6733052247530165, -0.11367199824706764, 0.2949873298274258, -0.3110192949844549, False
-4.456907645682508, 4.819475982482917, -2.213865433278204, -0.11367199824706764, 0.2949873298274258, -0.3110192949844549, False
-3.175453335430025, 1.5437327288861002, -0.651580614435388, -0.11367199824706764, 0.2949873298274258, -0.3110192949844549, False
4.025115050756041, 4.738332913106284, 2.299153699268815, -0.11367199824706764, 0.2949873298274258, -0.3110192949844549, False
4.109614399729537, -3.038020037784593, 0.17984015409092402, -0.11367199824706764, 0.2949873298274258, -0.3110192949844549, False
3.151472788696857, -1.7781602617522623, 1.5642747921560511, -0.11367199824706764, 0.2949873298274258, -0.3110192949844549, False
-1.4223946731866048, 0.8121163716546445, 0.6062260791557859, -0.11367199824706764, 0.2949873298274258, -0.3110192949844549, False
-3.2666789416959725, -3.3471045094184784, -2.9685152259608443, -0.11367199824706764, 0.2949873298274258, -0.3110192949844549, True
0.7183729404652599, -0.0026279681811542943, -2.8054937055966067, -0.11367199824706764, 0.2949873298274258, -0.3110192949844549, False
-5.632474589608174, 1.8746770509070316, 0.4209048576564074, -0.11367199824706764, 0.2949873298274258, -0.3110192949844549, False
-6.124578210007566, 2.8466006668296426, -2.4771535345696045, -0.11367199824706764, 0.2949873298274258, -0.3110192949844549, False
-0.7682090425359229, 2.7584217311683137, -1.888268341892111, -0.11367199824706764, 0.2949873298274258, -0.3110192949844549, True
-0.2085864725101434, 4.811481375128324, 0.9448078187380284, -0.11367199824706764, 0.2949873298274258, -0.3110192949844549, False
-5.413287226931982, -2.15985077834881, 3.1106717695774133, -0.11367199824706764, 0.2949873298274258, -0.3110192949844549, True
-2.285243291230658, 4.054711562771416, 1.3848765418282056, -0.11367199824706764, 0.2949873298274258, -0.3110192949844549, False
5.163111205410425, -2.435568721781154, 1.8827648571901916, -0.11367199824706764, 0.2949873298274258, -0.3110192949844549, False
2.5160252817736026, 6.190666814186455, 2.0569285712792693, -0.11367199824706764, 0.2949873298274258, -0.3110192949844549, True
-1.6094446367076998, -1.7538186302876202, -1.5758749266597158, -0.11367199824706764, 0.2949873298274258, -0.3110192949844549, False
4.169333005143663, 5.14332992845468, -1.6278958615499366, -0.11367199824706764, 0.2949873298274258, -0.3110192949844549, False
-2.9835728563213957, 2.3759846231551656, -1.4608123774826387, -0.11367199824706764, 0.2949873298274258, -0.3110192949844549, False
-1.8692407240459321, -5.926912356695937, 1.3501034312764606, -0.11367199824706764, 0.2949873298274258, -0.3110192949844549, False
-3.8916853912807463, 3.236258360200841, -1.0053313731697582, -0.11367199824706764, 0.2949873298274258, -0.3110192949844549, False
-0.7119067524874287, -4.5305121830522594, 1.8251384780423736, -0.11367199824706764, 0.2949873298274258, -0.3110192949844549, True
-3.316354561447837, 5.194602109680902, 0.39579768575777985, -0.11367199824706764, 0.2949873298274258, -0.3110192949844549, False
5.159145976088503, -1.1975974908077252, -2.5676260127422337, -0.11367199824706764, 0.2949873298274258, -0.3110192949844549, False
-3.572713036302216, 0.2555746730990833, 1.6528644489528261, -0.11367199824706764, 0.2949873298274258, -0.3110192949844549, False
1.243926726349473, -1.4387705061490834, -0.4930811016348011, -0.11367199824706764, 0.2949873298274258, -0.3110192949844549, False
5.712709250280476, 3.2386370666416298, 2.8973670804885003, -0.11367199824706764, 0.2949873298274258, -0.3110192949844549, True
5.588192419340416, 5.416828617227596, -2.91817176439747, -0.11367199824706764, 0.2949873298274258, -0.3110192949844549, True
-2.7659113129560695, 1.0349530708670223, -2.1988825484337715, -0.11367199824706764, 0.2949873298274258, -0.3110192949844549, False
-2.505452366050405, 0.43989259988633744, 1.1877010258369634, -0.11367199824706764, 0.2949873298274258, -0.3110192949844549, False
-4.096036713136375, -5.010383611029996, 1.1172702427279502, -0.11367199824706764, 0.2949873298274258, -0.3110192949844549, False
2.8707266545238905, 3.2767456596295474, -1.4064090588647977, -0.11367199824706764, 0.2949873298274258, -0.3110192949844549, False
-0.8319744847207273, 6.125304820557314, -1.6768786623545795, -0.11367199824706764, 0.2949873298274258, -0.3110192949844549, False
-3.457484577734204, -2.3510472185545295, 2.2053115922607214, -0.11367199824706764, 0.2949873298274258, -0.3110192949844549, False
1.674485516402278, 0.5879559297256547, -2.228316771795723, -0.11367199824706764, 0.2949873298274258, -0.3110192949844549, False
4.544602006147985, 3.6172408007762034, 2.0771334522759153, -0.11367199824706764, 0.2949873298274258, -0.3110192949844549, False
2.956469344569282, 3.4868419285965775, -1.3563026323073288, -0.11367199824706764, 0.2949873298274258, -0.3110192949844549, False
3.806250266365275, -6.131759597036492, 1.4471503285396548, -0.11367199824706764, 0.2949873298274258, -0.3110192949844549, False
3.617242329743391, -2.205792221234857, 1.2630136882254508, -0.11367199824706764, 0.2949873298274258, -0.3110192949844549, False
-5.615282800081234, 4.239970039078171, 1.2424549643464404, -0.11367199824706764, 0.2949873298274258, -0.3110192949844549, False
-2.7991250253304423, -0.6889252884719559, 0.305649965276515, -0.11367199824706764, 0.2949873298274258, -0.3110192949844549, False
1.1118969145619904, -4.977483048878438, 2.117848072003249, -0.11367199824706764, 0.2949873298274258, -0.3110192949844549, True
-0.4938646418863071, 0.9594443161240944, -2.6046177992236124, -0.11367199824706764, 0.2949873298274258, -0.3110192949844549, False
5.708330315787348, -3.7988184853839293, -0.3897049635784846, -0.11367199824706764, 0.2949873298274258, -0.3110192949844549, True
-3.1352354224796177, 5.846288546168035, 2.7421677854778137, -0.11367199824706764, 0.2949873298274258, -0.3110192949844549, False
5.450650522951774, 3.1171419368387436, -2.800159808075885, -0.11367199824706764, 0.2949873298274258, -0.3110192949844549, False
3.4293725426696327, -5.1087913204760484, -1.1238769665171957, -0.11367199824706764, 0.2949873298274258, -0.3110192949844549, False
0.2030706377158058, 1.0986062214760484, 3.0055164363152755, -0.11367199824706764, 0.2949873298274258, -0.3110192949844549, True
-1.310884412059992, -1.1071610681400488, -0.6595815589888421, -0.11367199824706764, 0.2949873298274258, -0.3110192949844549, False
-0.2680316272371783, 4.0229492290156035, 0.36778349027201296, -0.11367199824706764, 0.2949873298274258, -0.3110192949844549, False
5.5422663860212396, 0.17684122135151092, 0.5204791269621207, -0.11367199824706764, 0.2949873298274258, -0.3110192949844549, False
-0.607159781769818, 5.387085643735048, -0.8699871067832579, -0.11367199824706764, 0.2949873298274258, -0.3110192949844549, False
0.9154542020133416, 2.0098552802033236, -0.45874731538886326, -0.11367199824706764, 0.2949873298274258, -0.3110192949844549, False
-4.429454661135766, 0.18621407684340596, 0.189134279496471, -0.11367199824706764, 0.2949873298274258, -0.3110192949844549, False
-4.176991064559738, 3.4023322610236253, -2.7676779476138114, -0.11367199824706764, 0.2949873298274258, -0.3110192949844549, False
3.7005720439113414, 3.670554580562669, 0.5928170829145958, -0.11367199824706764, 0.2949873298274258, -0.3110192949844549, False
1.6287049340785238, -0.7560461083909553, -2.768661887289656, -0.11367199824706764, 0.2949873298274258, -0.3110192949844549, False
2.24491549030688, 5.171740820427059, -2.9736908454307764, -0.11367199824706764, 0.2949873298274258, -0.3110192949844549, True
3.8642318328218987, 3.756485810429064, 1.7454708230261797, -0.11367199824706764, 0.2949873298274258, -0.3110192949844549, False
-5.028310688764838, -5.1916732334150995, -3.0746147641871895, -0.11367199824706764, 0.2949873298274258, -0.3110192949844549, True
-3.6471404751008265, -4.422485210391923, -1.2964471488782776, -0.11367199824706764, 0.2949873298274258, -0.3110192949844549, False
0.10532147321905772, -3.915923704047989, -0.43936825943218816, -0.11367199824706764, 0.2949873298274258, -0.3110192949844549, False
0.2563300222699443, 0.47989517452606645, 3.098680617904388, -0.11367199824706764, 0.2949873298274258, -0.3110192949844549, True
-4.055455705364357, -2.2050516629315533, 3.0975136808085972, -0.11367199824706764, 0.2949873298274258, -0.3110192949844549, True
3.9970193432919707, -4.3078663328734335, -2.003979310348351, -0.11367199824706764, 0.2949873298274258, -0.3110192949844549, False
6.086659561753782, 1.7541161718193763, 0.4914259110032866, -0.11367199824706764, 0.2949873298274258, -0.3110192949844549, True
-0.6829661639584312, 2.3181700181987797, 0.355832222470839, -0.11367199824706764, 0.2949873298274258, -0.3110192949844549, True
6.227233808148453, -2.2209148176476656, -2.2086008220629383, -0.11367199824706764, 0.2949873298274258, -0.3110192949844549, False
-0.4027016291752785, -4.005959123138789, -3.0972703878744605, -0.11367199824706764, 0.2949873298274258, -0.3110192949844549, True
4.254143977253044, 0.7437126554504188, 1.812781335967311, -0.11367199824706764, 0.2949873298274258, -0.3110192949844549, False
4.851710085571103, 1.6185041555850717, -2.2672525229076337, -0.11367199824706764, 0.2949873298274258, -0.3110192949844549, False
-1.9234997092313764, -3.114593951565305, -2.9001750081977895, -0.11367199824706764, 0.2949873298274258, -0.3110192949844549, True
-0.21759968009853026, 0.01106974694083096, 2.87071137135226, -0.11367199824706764, 0.2949873298274258, -0.3110192949844549, True
-5.889292250435773, 4.553085924284527, 2.9459312833244438, -0.11367199824706764, 0.2949873298274258, -0.3110192949844549, True
-1.414630635717013, -6.176468949272301, 2.976964784021206, -0.11367199824706764, 0.2949873298274258, -0.3110192949844549, True
2.144599377167772, 1.6214787397228383, 2.006639299425016, -0.11367199824706764, 0.2949873298274258, -0.3110192949844549, False
2.545497841084387, -2.7798067267578523, -2.5242164117790677, -0.11367199824706764, 0.2949873298274258, -0.3110192949844549, False
1.9644253636640858, -0.378213953154825, -1.3586605864967942, -0.11367199824706764, 0.2949873298274258, -0.3110192949844549, False
4.27337565317336, 1.9128767041495216, 2.583119954491993, -0.11367199824706764, 0.2949873298274258, -0.3110192949844549, False
-2.3194237544856424, 4.602006631798119, 2.1981348126428832, -0.11367199824706764, 0.2949873298274258, -0.3110192949844549, False
-4.482036189311019, -6.102922878357884, 0.661571520638927, -0.11367199824706764, 0.2949873298274258, -0.3110192949844549, False
4.306911011120365, -1.314058178133159, -2.207763040573914, -0.11367199824706764, 0.2949873298274258, -0.3110192949844549, False
5.4229468080972865, -4.294703613052409, 2.4100859986308825, -0.11367199824706764, 0.2949873298274258, -0.3110192949844549, True
4.81790022662517, 1.7287292026350567, -2.9900578672459246, -0.11367199824706764, 0.2949873298274258, -0.3110192949844549, True
-2.0022738845492842, 2.487372602382992, -0.9916978206131382, -0.11367199824706764, 0.2949873298274258, -0.3110192949844549, False
3.248777697977122, 0.01110142143860493, -2.9084789838715435, -0.11367199824706764, 0.2949873298274258, -0.3110192949844549, True
5.632756444590498, -3.5437300596099983, 1.568704753047907, -0.11367199824706764, 0.2949873298274258, -0.3110192949844549, False
-5.054945595528816, -2.553530276637305, -0.9759725406213611, -0.11367199824706764, 0.2949873298274258, -0.3110192949844549, False
5.425522601289996, 1.1866383682263955, -0.14897644627561624, -0.11367199824706764, 0.2949873298274258, -0.3110192949844549, False
-5.3096231911899725, 1.8508900373126576, 2.9595336077633654, -0.11367199824706764, 0.2949873298274258, -0.3110192949844549, True
5.1925789551543, -4.29468756797156, 1.2967373618256017, -0.11367199824706764, 0.2949873298274258, -0.3110192949844549, True
2.2745869918571398, 0.1884798032707371, -1.7064430670559454, -0.11367199824706764, 0.2949873298274258, -0.3110192949844549, False
-0.8361536660577311, 4.9588947520524655, -1.28356491881533, -0.11367199824706764, 0.2949873298274258, -0.3110192949844549, False
-5.1909155176291755, -2.1044368165776115, 0.739319542938762, -0.11367199824706764, 0.2949873298274258, -0.3110192949844549, False
-3.871208209072314, 5.236010999743364, -1.1557343728308145, -0.11367199824706764, 0.2949873298274258, -0.3110192949844549, False
-4.167190475686762, 5.176785488572486, -1.8651260081428294, -0.11367199824706764, 0.2949873298274258, -0.3110192949844549, False
-1.4935954501875255, 2.117922975546488, -2.745081517958641, -0.11367199824706764, 0.2949873298274258, -0.3110192949844549, True
2.49844900332368, 3.4797286124082873, -1.9268125833174368, -0.11367199824706764, 0.2949873298274258, -0.3110192949844549, False
2.392055613150193, -4.2075478307856, -0.1397115527980617, -0.11367199824706764, 0.2949873298274258, -0.3110192949844549, False
-2.6703989785636884, 5.116736218684906, -2.7709570153557097, -0.11367199824706764, 0.2949873298274258, -0.3110192949844549, False
2.056770794636746, 3.168190082349895, 0.8289458960445955, -0.11367199824706764, 0.2949873298274258, -0.3110192949844549, False
4.3057238521515995, -2.903595259184052, 1.1900420420070459, -0.11367199824706764, 0.2949873298274258, -0.3110192949844549, False
-4.780991792354726, 5.478251379321641, -0.39519981284613914, -0.11367199824706764, 0.2949873298274258, -0.3110192949844549, False
-4.670571043768309, 2.2779255216985845, -3.019150081225711, -0.11367199824706764, 0.2949873298274258, -0.3110192949844549, True
2.830638949556059, -5.878135908248049, -2.063496803810243, -0.11367199824706764, 0.2949873298274258, -0.3110192949844549, False
-1.8704160983035676, 2.4311999080204707, -2.221888459511268, -0.11367199824706764, 0.2949873298274258, -0.3110192949844549, False
-5.4691043448396846, -4.134252143367779, -2.387387138979786, -0.11367199824706764, 0.2949873298274258, -0.3110192949844549, False
1.7735821099259557, -4.159651120651017, -1.100881428785772, -0.11367199824706764, 0.2949873298274258, -0.3110192949844549, False
1.179115168077285, -4.55634785294716, -1.848079189222831, -0.11367199824706764, 0.2949873298274258, -0.3110192949844549, False
-0.5562594379340293, 4.9491474406229, -2.215557655941867, -0.11367199824706764, 0.2949873298274258, -0.3110192949844549, False
0.46198304202939244, 1.2289785132269753, -0.6645207407746123, -0.11367199824706764, 0.2949873298274258, -0.3110192949844549, True
1.369413158438907, -0.06150350263327109, -2.662885988335692, -0.11367199824706764, 0.2949873298274258, -0.3110192949844549, False
1.1491564368670097, 5.702347116087385, 1.2265324463873677, -0.11367199824706764, 0.2949873298274258, -0.3110192949844549, False
-3.8354397534553577, -5.264973967319687, 2.593236410192363, -0.11367199824706764, 0.2949873298274258, -0.3110192949844549, False
1.8478328685720466, 4.5045094093927975, -0.6859519896200634, -0.11367199824706764, 0.2949873298274258, -0.3110192949844549, False
-4.45025738347498, 4.231415336294857, 1.1509742883026997, -0.11367199824706764, 0.2949873298274258, -0.3110192949844549, False
0.07680845627488075, -5.016760210167215, 2.736713321965321, -0.11367199824706764, 0.2949873298274258, -0.3110192949844549, False
-2.8866761951438478, -0.2568839083411065, 2.245410726906143, -0.11367199824706764, 0.2949873298274258, -0.3110192949844549, False
4.139168753645173, 3.1764804239215554, -1.423754606248826, -0.11367199824706764, 0.2949873298274258, -0.3110192949844549, False
-2.766079491708272, -2.5207950972586053, 1.9302073864135973, -0.11367199824706764, 0.2949873298274258, -0.3110192949844549, False
4.485911044034253, 1.253151970054435, 0.8397114345240531, -0.11367199824706764, 0.2949873298274258, -0.3110192949844549, False
