-3.9181130346283246, -1.1292884818097404, -1.1092167913525501, -0.10744373635670013, -0.30561426247826085, 0.5613671007044443, False
5.4853159643866345, 1.5649648070116466, -0.773862834454667, -0.10744373635670013, -0.30561426247826085, 0.5613671007044443, False
-3.195779435854935, 6.2578819855704815, -1.110567813379168, -0.10744373635670013, -0.30561426247826085, 0.5613671007044443, False
5.044367028478671, -6.0248352194923855, 2.140244918461944, -0.10744373635670013, -0.30561426247826085, 0.5613671007044443, False
-1.9142092298417621, 5.644158995090615, 1.1702393826344304, -0.10744373635670013, -0.30561426247826085, 0.5613671007044443, False
-0.6340279824669164, -3.8970203377430264, 0.20352450820794754, -0.10744373635670013, -0.30561426247826085, 0.5613671007044443, False
5.898571718355074, 3.5195885111447467, 0.16328902789327104, -0.10744373635670013, -0.30561426247826085, 0.5613671007044443, False
2.5041355567856076, 6.024950952389181, -0.09301649211032537, -0.10744373635670013, -0.30561426247826085, 0.5613671007044443, False
3.1454185495631304, 2.634559665594697, -1.7556594855189736, -0.10744373635670013, -0.30561426247826085, 0.5613671007044443, False
4.5643014475033645, 2.705662490422016, 1.9480379109006218, -0.10744373635670013, -0.30561426247826085, 0.5613671007044443, False
-3.002304245504149, 5.256754089528966, 2.630791618433988, -0.10744373635670013, -0.30561426247826085, 0.5613671007044443, True
-0.28057151268043956, 4.017486727458449, -0.1805108974772609, -0.10744373635670013, -0.30561426247826085, 0.5613671007044443, False
6.011687939886794, 1.9645605827005568, 2.4721831705773605, -0.10744373635670013, -0.30561426247826085, 0.5613671007044443, False
-4.121539143144468, 5.353034310716776, -0.22104969181967205, -0.10744373635670013, -0.30561426247826085, 0.5613671007044443, False
-1.415757958278082, 1.5894959421814265, 0.9054531660318998, -0.10744373635670013, -0.30561426247826085, 0.5613671007044443, False
3.706994710734378, -5.89504511684636, 2.357558022233685, -0.10744373635670013, -0.30561426247826085, 0.5613671007044443, False
3.3076389849891896, 2.5368878031901048, 1.5637593203945226, -0.10744373635670013, -0.30561426247826085, 0.5613671007044443, False
-0.64140437129487, -2.603625512646646, -2.4357880190648564, -0.10744373635670013, -0.30561426247826085, 0.5613671007044443, False
2.7495743361661553, -4.77922190823487, -1.1911491350988699, -0.10744373635670013, -0.30561426247826085, 0.5613671007044443, False
6.044181738135167, -4.467414407028503, -3.061330311477232, -0.10744373635670013, -0.30561426247826085, 0.5613671007044443, True
-6.137555579967485, -2.747353417054991, 2.1906424388473127, -0.10744373635670013, -0.30561426247826085, 0.5613671007044443, False
6.031704482688026, -3.4298550758513953, 1.513012821668413, -0.10744373635670013, -0.30561426247826085, 0.5613671007044443, False
3.7795872991703963, -1.2850422789638092, 1.7339044373620913, -0.10744373635670013, -0.30561426247826085, 0.5613671007044443, True
2.263748683010153, 1.6211186518699465, -2.884754704743912, -0.10744373635670013, -0.30561426247826085, 0.5613671007044443, True
-4.512196821709457, 0.21507721372380928, 3.064791502411211, -0.10744373635670013, -0.30561426247826085, 0.5613671007044443, True
0.5840279289177639, -5.119200998554389, 2.586614006052347, -0.10744373635670013, -0.30561426247826085, 0.5613671007044443, False
-5.4573315576822985, -1.9632574508674674, 1.1492424857956962, -0.10744373635670013, -0.30561426247826085, 0.5613671007044443, False
-1.4270469407028008, 1.5524898624612433, 0.6040965850170283, -0.10744373635670013, -0.30561426247826085, 0.5613671007044443, False
-3.92576157138575, 0.8497603032606191, -2.8308298202982827, -0.10744373635670013, -0.30561426247826085, 0.5613671007044443, False
2.39791282041967, 5.230863683376821, -2.4331463352814136, -0.10744373635670013, -0.30561426247826085, 0.5613671007044443, False
3.9347880435075435, -5.869266285534396, -1.6914201193488683, -0.10744373635670013, -0.30561426247826085, 0.5613671007044443, False
1.2170883580373228, -3.9581742464740883, -2.8984245933393376, -0.10744373635670013, -0.30561426247826085, 0.5613671007044443, True
0.5902608727029577, -1.5183049048641966, 0.37010282751077916, -0.10744373635670013, -0.30561426247826085, 0.5613671007044443, False
-5.94634937700628, 4.776463161812416, 1.6976639909124573, -0.10744373635670013, -0.30561426247826085, 0.5613671007044443, False
1.4401184711937773, -4.730800729951887, 0.45286470058985806, -0.10744373635670013, -0.30561426247826085, 0.5613671007044443, False
-3.841115432275102, -3.367834381439596, -0.11166685874339422, -0.10744373635670013, -0.30561426247826085, 0.5613671007044443, False
-4.245188536527556, -5.5995035487207065, 0.3875408281635804, -0.10744373635670013, -0.30561426247826085, 0.5613671007044443, False
1.031866484200032, 0.1815391982478074, 0.7107261773887528, -0.10744373635670013, -0.30561426247826085, 0.5613671007044443, False
-6.058401166774628, 0.42614921370177594, 1.8308378915532968, -0.10744373635670013, -0.30561426247826085, 0.5613671007044443, False
-6.0369495593617994, -3.6643869758981245, 0.2299632055713099, -0.10744373635670013, -0.30561426247826085, 0.5613671007044443, False
-4.0362764313042945, -2.331818357712826, 0.3577792818976677, -0.10744373635670013, -0.30561426247826085, 0.5613671007044443, False
1.3685094058558178, 5.488385073724931, -0.4870719656804905, -0.10744373635670013, -0.30561426247826085, 0.5613671007044443, False
5.2031181968377425, -2.9860876356260433, -0.196901836046242, -0.10744373635670013, -0.30561426247826085, 0.5613671007044443, False
4.3529506857163955, 2.799022359746152, 1.7718771987965631, -0.10744373635670013, -0.30561426247826085, 0.5613671007044443, False
-2.7192923821406723, -5.48760649648879, 1.7296921651356065, -0.10744373635670013, -0.30561426247826085, 0.5613671007044443, False
6.164969572169097, -4.421566968348282, 2.1421974279104985, -0.10744373635670013, -0.30561426247826085, 0.5613671007044443, False
-0.9341853907567081, -4.258585682173456, -2.1869995177565364, -0.10744373635670013, -0.30561426247826085, 0.5613671007044443, False
4.121871770901928, 2.9986817309746794, 0.38471579604926953, -0.10744373635670013, -0.30561426247826085, 0.5613671007044443, False
4.896769674166379, -1.7270360753054286, 0.8766851148162775, -0.10744373635670013, -0.30561426247826085, 0.5613671007044443, False
0.5241090614028119, 3.450549289909798, 2.2096122480046088, -0.10744373635670013, -0.30561426247826085, 0.5613671007044443, False
-2.9364425582625886, 0.2458292370035613, -1.8975940384795251, -0.10744373635670013, -0.30561426247826085, 0.5613671007044443, False
-4.224501523557449, -3.110483323161464, -1.4084957006263346, -0.10744373635670013, -0.30561426247826085, 0.5613671007044443, False
3.9675362679966675, -0.3182612947005419, 1.837884823598463, -0.10744373635670013, -0.30561426247826085, 0.5613671007044443, False
-4.734760423225575, -1.71990069164442, -0.23108921886856404, -0.10744373635670013, -0.30561426247826085, 0.5613671007044443, False
5.6226073218396895, -1.1760843992109749, -0.7770056941090782, -0.10744373635670013, -0.30561426247826085, 0.5613671007044443, False
3.4977474272878997, -0.7391958395287146, -3.1283321893210236, -0.10744373635670013, -0.30561426247826085, 0.5613671007044443, True
-0.397217221119039, -4.173267155482506, -0.8498023839347963, -0.10744373635670013, -0.30561426247826085, 0.5613671007044443, False
2.8410685694898774, 0.9016852561521658, -2.143642566408488, -0.10744373635670013, -0.30561426247826085, 0.5613671007044443, False
-5.645523773667181, 3.045215610626199, -1.6286986244698416, -0.10744373635670013, -0.30561426247826085, 0.5613671007044443, False
-0.6383855719550349, 6.151614619247733, -1.9615517630960455, -0.10744373635670013, -0.30561426247826085, 0.5613671007044443, False
1.1277187109994005, -4.261784948327881, -1.4533014339963022, -0.10744373635670013, -0.30561426247826085, 0.5613671007044443, False
5.789233091214564, -0.5053866558355358, 2.5007894645872364, -0.10744373635670013, -0.30561426247826085, 0.5613671007044443, False
1.2689061686353496, 0.7285061258048682, 0.2611847443808286, -0.10744373635670013, -0.30561426247826085, 0.5613671007044443, False
2.7752508288939506, -6.011374550945897, 2.4724094613127106, -0.10744373635670013, -0.30561426247826085, 0.5613671007044443, False
-1.0908033170941032, 3.529569403940325, 1.6059440293817264, -0.10744373635670013, -0.30561426247826085, 0.5613671007044443, False
1.5323347198854194, -5.173560385718117, 2.704654582140253, -0.10744373635670013, -0.30561426247826085, 0.5613671007044443, False
2.113279850821968, 2.8628369128946964, 2.229913041703279, -0.10744373635670013, -0.30561426247826085, 0.5613671007044443, False
-5.298903019910788, -3.6342628124022363, 0.7762819289856853, -0.10744373635670013, -0.30561426247826085, 0.5613671007044443, False
-0.697248816543591, 3.8687597860577725, -2.4540706045212914, -0.10744373635670013, -0.30561426247826085, 0.5613671007044443, False
-4.082152185966083, -1.8087095392446608, -0.13971812579139842, -0.10744373635670013, -0.30561426247826085, 0.5613671007044443, True
-1.883116787369901, -1.0409976030352581, -1.7716221975911837, -0.10744373635670013, -0.30561426247826085, 0.5613671007044443, True
-2.3691437822503523, -3.3770045423693977, -0.22933140648087402, -0.10744373635670013, -0.30561426247826085, 0.5613671007044443, False
-0.47375682510840633, 4.664501888279464, 2.581753032369984, -0.10744373635670013, -0.30561426247826085, 0.5613671007044443, False
-0.4840083743459793, -2.579078311467476, 2.100079353528356, -0.10744373635670013, -0.30561426247826085, 0.5613671007044443, False
1.728558107729473, -1.0647237996541223, -2.611025499177621, -0.10744373635670013, -0.30561426247826085, 0.5613671007044443, False
6.029958936045267, -2.0317965733376955, 1.7064399439768403, -0.10744373635670013, -0.30561426247826085, 0.5613671007044443, False
0.09201363426208697, -2.980050933827093, 1.2464718318741816, -0.10744373635670013, -0.30561426247826085, 0.5613671007044443, False
2.700797591681715, 4.665090727563699, 0.3974236664918651, -0.10744373635670013, -0.30561426247826085, 0.5613671007044443, True
1.0889113480923198, -2.0037618792616403, 0.44840446548199697, -0.10744373635670013, -0.30561426247826085, 0.5613671007044443, False
0.36865312577475606, 1.8060191198845565, 0.5435520029866692, -0.10744373635670013, -0.30561426247826085, 0.5613671007044443, False
-0.30146910058964593, 0.07258806010507524, 2.4876395948942713, -0.10744373635670013, -0.30561426247826085, 0.5613671007044443, False
2.766399987567711, 1.9319418894661293, 2.3786094232425326, -0.10744373635670013, -0.30561426247826085, 0.5613671007044443, False
2.8106989744916486, -0.4508047676217064, -1.026335236891474, -0.10744373635670013, -0.30561426247826085, 0.5613671007044443, False
-0.928450475716069, 5.621373194008687, 0.4853411690927074, -0.10744373635670013, -0.30561426247826085, 0.5613671007044443, False
-1.5551931763211542, 5.890366794499807, -1.180640840608884, -0.10744373635670013, -0.30561426247826085, 0.5613671007044443, True
1.3275826165731566, 5.376401900570523, -0.4969047276144285, -0.10744373635670013, -0.30561426247826085, 0.5613671007044443, False
-6.250046886955022, -4.954767630622848, 1.5303655336050355, -0.10744373635670013, -0.30561426247826085, 0.5613671007044443, False
-1.2715556434549882, 1.7241610959616818, 1.4933669441166764, -0.10744373635670013, -0.30561426247826085, 0.5613671007044443, False
5.914549633445596, 1.8322278572104747, -1.849349808542811, -0.10744373635670013, -0.30561426247826085, 0.5613671007044443, False
0.4600111009483516, -1.7629246195209687, -1.8762312775573955, -0.10744373635670013, -0.30561426247826085, 0.5613671007044443, False
-0.6148038841885857, -3.19899755659221, 0.06300520148743738, -0.10744373635670013, -0.30561426247826085, 0.5613671007044443, False
2.1720033487365615, -6.172356507291465, 0.18606566263134372, -0.10744373635670013, -0.30561426247826085, 0.5613671007044443, False
-3.639450386524144, 0.9530206123372844, -3.0737829471931364, -0.10744373635670013, -0.30561426247826085, 0.5613671007044443, True
5.793984769094974, -6.247589757520556, -0.7143532313802603, -0.10744373635670013, -0.30561426247826085, 0.5613671007044443, False
-4.625884864132233, 1.2630362350668722, 1.8264828075720052, -0.10744373635670013, -0.30561426247826085, 0.5613671007044443, False
4.27582703536838, 1.2348218966057818, -1.6983075860964416, -0.10744373635670013, -0.30561426247826085, 0.5613671007044443, False
1.6405277516592385, -1.6555885665556174, -2.666029145727265, -0.10744373635670013, -0.30561426247826085, 0.5613671007044443, False
-4.712879379256137, 5.418947193540424, -0.09944675479007703, -0.10744373635670013, -0.30561426247826085, 0.5613671007044443, False
5.528033954553857, 5.447382245760188, -0.8663547687317363, -0.10744373635670013, -0.30561426247826085, 0.5613671007044443, False
2.775284404799903, 2.010539871304193, 1.3100349530060438, -0.10744373635670013, -0.30561426247826085, 0.5613671007044443, False
4.5077003770469375, -5.6121802902305955, 1.391913462048242, -0.10744373635670013, -0.30561426247826085, 0.5613671007044443, False
2.7250438895149696, -3.384797439067904, -0.46614891010006465, -0.10744373635670013, -0.30561426247826085, 0.5613671007044443, False
2.8612954782786453, 0.665085934711489, 1.6549194419501383, -0.10744373635670013, -0.30561426247826085, 0.5613671007044443, False
5.217733693477445, 5.855352920268539, 0.10073505538853356, -0.10744373635670013, -0.30561426247826085, 0.5613671007044443, False
1.0377478899955301, 0.9642677568370388, 1.0631785245035212, -0.10744373635670013, -0.30561426247826085, 0.5613671007044443, False
0.8801607849526434, 5.1820119006982495, 1.2043104635062925, -0.10744373635670013, -0.30561426247826085, 0.5613671007044443, False
4.700852540609164, 3.162567979664006, -2.0149587306067946, -0.10744373635670013, -0.30561426247826085, 0.5613671007044443, False
-2.4053499226422357, 5.398973566252682, -2.583761270795133, -0.10744373635670013, -0.30561426247826085, 0.5613671007044443, True
-2.715280756332423, -4.647570279443934, -2.9428610775313193, -0.10744373635670013, -0.30561426247826085, 0.5613671007044443, True
3.3628849414459, -0.9060588925778355, 0.8705366680947169, -0.10744373635670013, -0.30561426247826085, 0.5613671007044443, True
-5.072956421860328, 3.445593939728285, -2.113660791954458, -0.10744373635670013, -0.30561426247826085, 0.5613671007044443, False
0.44915800029791253, 3.7934878682845774, 2.9160346618336073, -0.10744373635670013, -0.30561426247826085, 0.5613671007044443, True
1.6823445222893785, -1.4363319074738046, 1.9421880367188633, -0.10744373635670013, -0.30561426247826085, 0.5613671007044443, False
-4.518678443468977, 4.781028122729703, -0.8779172941193467, -0.10744373635670013, -0.30561426247826085, 0.5613671007044443, False
-1.2163668599726813, -2.060196940122207, -2.6749410916660934, -0.10744373635670013, -0.30561426247826085, 0.5613671007044443, False
-1.3493860888504567, 2.275660742890871, -1.7400403005567893, -0.10744373635670013, -0.30561426247826085, 0.5613671007044443, False
4.333659857884776, -4.152957864202474, -0.15243322919609348, -0.10744373635670013, -0.30561426247826085, 0.5613671007044443, False
-0.2068682672284199, 1.0631359808795082, -0.28742439100444184, -0.10744373635670013, -0.30561426247826085, 0.5613671007044443, False
1.086381314058137, 3.4371250680157885, -1.0116900579921793, -0.10744373635670013, -0.30561426247826085, 0.5613671007044443, False
-5.292491832252227, 2.001237731071752, 1.1875431862807098, -0.10744373635670013, -0.30561426247826085, 0.5613671007044443, False
1.61843730583091, 5.9705760257532035, 0.24443049570443964, -0.10744373635670013, -0.30561426247826085, 0.5613671007044443, False
1.5462850655569866, 5.367082122013745, -0.5107959678840741, -0.10744373635670013, -0.30561426247826085, 0.5613671007044443, False
-2.304275308443592, -4.418651128647844, 0.2795536546047388, -0.10744373635670013, -0.30561426247826085, 0.5613671007044443, False
3.475722687007897, -5.904779474415351, -0.4582396468253771, -0.10744373635670013, -0.30561426247826085, 0.5613671007044443, False
-2.732586973817056, 0.032586194314141004, 0.36946235693248886, -0.10744373635670013, -0.30561426247826085, 0.5613671007044443, False
-0.9564129214846506, -2.6811767162124984, 2.3167594335812067, -0.10744373635670013, -0.30561426247826085, 0.5613671007044443, False
1.2379298318304262, 3.876173868594737, 0.9395092960592653, -0.10744373635670013, -0.30561426247826085, 0.5613671007044443, True
3.0322257376042288, -0.9336934647696529, -0.5434361237966776, -0.10744373635670013, -0.30561426247826085, 0.5613671007044443, False
-1.252615958867862, 5.525316213808953, 0.5010896615911555, -0.10744373635670013, -0.30561426247826085, 0.5613671007044443, False
3.917452528220453, 4.403839831576732, -0.665107702232381, -0.10744373635670013, -0.30561426247826085, 0.5613671007044443, False
4.978355095960831, -1.4866559115706792, -2.3046385401804557, -0.10744373635670013, -0.30561426247826085, 0.5613671007044443, False
-0.4857238962841892, 3.17433005142332, -2.7932746325479614, -0.10744373635670013, -0.30561426247826085, 0.5613671007044443, False
-4.480488991225753, -2.1345070867474725, 0.1406606668058883, -0.10744373635670013, -0.30561426247826085, 0.5613671007044443, True
3.9619143362415894, -2.614719341777026, -1.2719496758099607, -0.10744373635670013, -0.30561426247826085, 0.5613671007044443, False
-5.288213475652527, -6.2565890220190665, 3.0807294706016517, -0.10744373635670013, -0.30561426247826085, 0.5613671007044443, True
6.155927544813819, 5.784438686140803, 2.003590634144448, -0.10744373635670013, -0.30561426247826085, 0.5613671007044443, False
3.317069390353204, 6.245228761029805, -0.4604011200882865, -0.10744373635670013, -0.30561426247826085, 0.5613671007044443, False
-3.2735121378124195, 1.4325027978753857, -1.0930325712962499, -0.10744373635670013, -0.30561426247826085, 0.5613671007044443, False
2.0530162290677048, 3.6614961231175887, -1.7540682077293037, -0.10744373635670013, -0.30561426247826085, 0.5613671007044443, False
-3.4582207187484544, 2.405318131420623, 2.82095105812901, -0.10744373635670013, -0.30561426247826085, 0.5613671007044443, False
4.109905128354891, 2.323311814832552, -0.9652732800844559, -0.10744373635670013, -0.30561426247826085, 0.5613671007044443, False
-4.585890259531924, -4.414655863057282, 2.5802942081248403, -0.10744373635670013, -0.30561426247826085, 0.5613671007044443, False
-2.5655014231576487, -4.045387690264305, -1.1664130926717544, -0.10744373635670013, -0.30561426247826085, 0.5613671007044443, False
6.098541089965179, -3.3642348416889, -0.2813631527385021, -0.10744373635670013, -0.30561426247826085, 0.5613671007044443, False
-1.9123296030742205, 1.7817014603048111, 0.28295954125884704, -0.10744373635670013, -0.30561426247826085, 0.5613671007044443, False
-5.855858840782378, 0.8763135105174396, 2.8047232535626723, -0.10744373635670013, -0.30561426247826085, 0.5613671007044443, False
-2.824711943878266, -0.7910145284988426, 2.828099162782978, -0.10744373635670013, -0.30561426247826085, 0.5613671007044443, True
1.6555890604327406, -5.867668912389499, 2.231107744464187, -0.10744373635670013, -0.30561426247826085, 0.5613671007044443, False
-1.729845627147741, 5.050222389856538, 1.6279686647509104, -0.10744373635670013, -0.30561426247826085, 0.5613671007044443, True
2.0743579659749347, 4.694661629443065, -1.2645648621275505, -0.10744373635670013, -0.30561426247826085, 0.5613671007044443, False
-5.141743755649755, 4.996298323436875, 2.938625817334515, -0.10744373635670013, -0.30561426247826085, 0.5613671007044443, True
0.40919267445689744, 3.843795133766534, 2.804882745934507, -0.10744373635670013, -0.30561426247826085, 0.5613671007044443, False
1.7473955615023815, 4.760145687444286, 1.1048812818114762, -0.10744373635670013, -0.30561426247826085, 0.5613671007044443, False
-0.8604076610123412, -5.591462012228608, -2.2127959685390755, -0.10744373635670013, -0.30561426247826085, 0.5613671007044443, False
-0.3072783069900993, -4.350583489360397, -2.203253226477724, -0.10744373635670013, -0.30561426247826085, 0.5613671007044443, False
-3.5641121108465863, -0.6024278496499296, -0.32176968653350846, -0.10744373635670013, -0.30561426247826085, 0.5613671007044443, False
2.3365520088540723, -2.419442163587187, -2.803021913761148, -0.10744373635670013, -0.30561426247826085, 0.5613671007044443, False
5.409622769189578, 5.142760784973369, -1.1483755543422618, -0.10744373635670013, -0.30561426247826085, 0.5613671007044443, False
5.050922783982356, 2.2814967476658445, 2.272872387373207, -0.10744373635670013, -0.30561426247826085, 0.5613671007044443, False
-1.129770614823487, -5.635862338051694, -1.5853797428954948, -0.10744373635670013, -0.30561426247826085, 0.5613671007044443, False
4.7047090456994844, -4.429345533034627, -1.9094072069783439, -0.10744373635670013, -0.30561426247826085, 0.5613671007044443, False
-2.9716530603282063, 3.4119682386301555, 1.2749116144429369, -0.10744373635670013, -0.30561426247826085, 0.5613671007044443, False
4.497520766824023, 3.4890854991569764, -1.5892909224316165, -0.10744373635670013, -0.30561426247826085, 0.5613671007044443, False
-2.902045601495052, 1.954833007535342, 1.7360490236565154, -0.10744373635670013, -0.30561426247826085, 0.5613671007044443, False
-1.7442121841930263, -5.286135974987275, 0.501907440687908, -0.10744373635670013, -0.30561426247826085, 0.5613671007044443, False
-4.232336057567688, -0.7298642363900063, 1.1226096395582674, -0.10744373635670013, -0.30561426247826085, 0.5613671007044443, False
2.2751784670747277, -5.643432392740076, -0.2899327344146889, -0.10744373635670013, -0.30561426247826085, 0.5613671007044443, False
2.9982014613122363, -5.116724383458311, 0.9445436608118536, -0.10744373635670013, -0.30561426247826085, 0.5613671007044443, False
3.9063499452258643, -0.9410724007486593, 1.4497071261222834, -0.10744373635670013, -0.30561426247826085, 0.5613671007044443, True
4.956531169988235, -3.9670200956331785, 1.2411711336372493, -0.10744373635670013, -0.30561426247826085, 0.5613671007044443, False
-3.6225064694948834, 3.5768790172793246, -2.9332636833057526, -0.10744373635670013, -0.30561426247826085, 0.5613671007044443, True
5.277259536710764, 3.90691308027578, 2.4681137562013307, -0.10744373635670013, -0.30561426247826085, 0.5613671007044443, False
-3.881587941725594, 4.963443789864666, 2.115800525094465, -0.10744373635670013, -0.30561426247826085, 0.5613671007044443, False
1.2142167327401676, -5.574684661500785, 0.25026081026628955, -0.10744373635670013, -0.30561426247826085, 0.5613671007044443, False
4.278266147975799, -4.923981248061322, 1.0004469438743806, -0.10744373635670013, -0.30561426247826085, 0.5613671007044443, False
2.2362235524425156, 5.664903516542601, 2.821231310285407, -0.10744373635670013, -0.30561426247826085, 0.5613671007044443, False
-0.3354216444735183, 4.229076483841121, -2.479122787243484, -0.10744373635670013, -0.30561426247826085, 0.5613671007044443, False
3.847152769582353, 2.645188424582617, 0.9639725604164457, -0.10744373635670013, -0.30561426247826085, 0.5613671007044443, False
-1.6104460619719232, 4.065144210717282, 2.0495666727106805, -0.10744373635670013, -0.30561426247826085, 0.5613671007044443, False
6.115511869951359, -4.113909214425032, -0.715188756258403, -0.10744373635670013, -0.30561426247826085, 0.5613671007044443, False
0.503021604395502, 1.91488580616058, 0.26941028344926554, -0.10744373635670013, -0.30561426247826085, 0.5613671007044443, False
-4.256904721359971, 2.6004538904615, 1.797886555319554, -0.10744373635670013, -0.30561426247826085, 0.5613671007044443, False
-4.749785904127299, 0.7566651100312516, -2.73249715390973, -0.10744373635670013, -0.30561426247826085, 0.5613671007044443, False
-0.4367081676047295, 6.028034896105364, -1.2408718527859022, -0.10744373635670013, -0.30561426247826085, 0.5613671007044443, False
-1.6873554515764377, 4.816791802759312, -2.7426783302374376, -0.10744373635670013, -0.30561426247826085, 0.5613671007044443, False
-5.066094440157208, -1.6375075328872484, -0.45810701299088885, -0.10744373635670013, -0.30561426247826085, 0.5613671007044443, False
-5.9022504867558485, 0.5045030924947165, -3.012435467041298, -0.10744373635670013, -0.30561426247826085, 0.5613671007044443, True
-6.194962221335538, 6.128855919298225, 1.32552189386531, -0.10744373635670013, -0.30561426247826085, 0.5613671007044443, False
-3.260972943412909, 6.236359373695954, 1.2520266374229436, -0.10744373635670013, -0.30561426247826085, 0.5613671007044443, False
4.212507838072437, 2.7567035417725148, 1.9861806757743814, -0.10744373635670013, -0.30561426247826085, 0.5613671007044443, False
-3.020579675301526, -3.345530538996806, -0.8613730322620134, -0.10744373635670013, -0.30561426247826085, 0.5613671007044443, False
-3.2287728274567704, -2.2355949319490387, 2.86588075005103, -0.10744373635670013, -0.30561426247826085, 0.5613671007044443, True
-1.542011492429765, -1.0848869876721157, -2.8618601778763053, -0.10744373635670013, -0.30561426247826085, 0.5613671007044443, True
-3.959780153041875, -2.2565986698779046, 1.5697914605628513, -0.10744373635670013, -0.30561426247826085, 0.5613671007044443, False
2.957614587343871, 4.605450346100856, -2.3088031000842393, -0.10744373635670013, -0.30561426247826085, 0.5613671007044443, True
-2.553078457704815, -3.6625468106945553, -2.0687769062037518, -0.10744373635670013, -0.30561426247826085, 0.5613671007044443, False
-3.540531495631762, -5.636038104246428, -1.5075178225168886, -0.10744373635670013, -0.30561426247826085, 0.5613671007044443, False
-0.8157628512566824, -0.9373362392076716, 0.6469280657974075, -0.10744373635670013, -0.30561426247826085, 0.5613671007044443, False
-5.356010104029001, -3.3928668589339055, 2.77960217839568, -0.10744373635670013, -0.30561426247826085, 0.5613671007044443, False
-4.2031258345733, -2.413880450265594, 2.8725034491023163, -0.10744373635670013, -0.30561426247826085, 0.5613671007044443, False
