-1.2170696412945423, 1.0704589314545343, -2.4796918137051143, 0.3113703408381262, -0.2579701099046383, 0.3212506547360636, False
1.0556134000856465, -2.8603515951293907, -1.3985883445792067, 0.3113703408381262, -0.2579701099046383, 0.3212506547360636, False
6.072892957337496, -2.136940634564075, 0.22685545139777652, 0.3113703408381262, -0.2579701099046383, 0.3212506547360636, False
-2.76325515505411, 5.305301011164277, 1.6161765218223971, 0.3113703408381262, -0.2579701099046383, 0.3212506547360636, False
5.851619863248622, -1.2719474025039652, 2.0994045745550913, 0.3113703408381262, -0.2579701099046383, 0.3212506547360636, True
-2.9463904131052985, 5.477768342736368, 0.49785962862226274, 0.3113703408381262, -0.2579701099046383, 0.3212506547360636, False
0.06585552986027476, -6.100701295593379, 0.6937675086167894, 0.3113703408381262, -0.2579701099046383, 0.3212506547360636, False
-1.810017854532906, -1.3654985810695965, 0.2718557302073399, 0.3113703408381262, -0.2579701099046383, 0.3212506547360636, False
1.8864326308778239, -2.5107184495623374, 1.9554685295092948, 0.3113703408381262, -0.2579701099046383, 0.3212506547360636, False
-1.4552924054065235, 2.981142335873777, -1.23391389038868, 0.3113703408381262, -0.2579701099046383, 0.3212506547360636, False
0.06512718566532705, 2.842556681745977, -0.984398856903475, 0.3113703408381262, -0.2579701099046383, 0.3212506547360636, False
6.000879243147095, 5.490765469263771, 0.9963785719371812, 0.3113703408381262, -0.2579701099046383, 0.3212506547360636, False
-1.0320088668418856, 1.156867532419791, -1.8031744118287762, 0.3113703408381262, -0.2579701099046383, 0.3212506547360636, False
-2.9560952754997114, 4.799034493216583, -1.872854582151199, 0.3113703408381262, -0.2579701099046383, 0.3212506547360636, False
-1.441015235091462, 2.5094841970011537, 1.1516064907658041, 0.3113703408381262, -0.2579701099046383, 0.3212506547360636, False
-0.5245731566282217, -3.3532341638693186, 1.950636804314616, 0.3113703408381262, -0.2579701099046383, 0.3212506547360636, False
4.610710320616352, 1.3511587225815411, 1.7098371959037983, 0.3113703408381262, -0.2579701099046383, 0.3212506547360636, False
-5.004006852552536, -0.04057322861738566, 2.7316168094138833, 0.3113703408381262, -0.2579701099046383, 0.3212506547360636, False
-3.4568076780206813, -5.9498264096783195, 1.1258392515591522, 0.3113703408381262, -0.2579701099046383, 0.3212506547360636, False
-2.47531069744322, -3.421705700470802, 0.13015983551554378, 0.3113703408381262, -0.2579701099046383, 0.3212506547360636, False
2.535522207967979, -1.4633153595978294, -1.552761239328441, 0.3113703408381262, -0.2579701099046383, 0.3212506547360636, False
-1.4353326217742213, -0.17637754368345515, -2.766575615362002, 0.3113703408381262, -0.2579701099046383, 0.3212506547360636, True
-5.259209239062331, 5.625865768135089, -2.9481506695130824, 0.3113703408381262, -0.2579701099046383, 0.3212506547360636, True
5.412114545939062, -1.86597421340905, 0.3925171190798644, 0.3113703408381262, -0.2579701099046383, 0.3212506547360636, False
2.483740408100811, -5.17631099579669, 2.5278408716204543, 0.3113703408381262, -0.2579701099046383, 0.3212506547360636, False
-3.2830224639701164, -3.0861877691891073, -1.0461643399890437, 0.3113703408381262, -0.2579701099046383, 0.3212506547360636, False
1.8507354257027213, 1.4010539480818487, 2.3944773605444105, 0.3113703408381262, -0.2579701099046383, 0.3212506547360636, False
-4.809758082783006, 1.87425867857106, 2.50333060718543, 0.3113703408381262, -0.2579701099046383, 0.3212506547360636, False
-2.66705191815258, -5.275873235538777, 1.6068219270339226, 0.3113703408381262, -0.2579701099046383, 0.3212506547360636, False
-0.5137318811516511, 5.008915708886187, -1.4949599041729682, 0.3113703408381262, -0.2579701099046383, 0.3212506547360636, False
-2.2531933541408984, 2.493951154436324, -2.4648183647424515, 0.3113703408381262, -0.2579701099046383, 0.3212506547360636, False
3.2717147277855165, -5.021101693600831, 1.2589146211486621, 0.3113703408381262, -0.2579701099046383, 0.3212506547360636, False
4.651980171744592, 5.733684237017444, -0.8925198058596799, 0.3113703408381262, -0.2579701099046383, 0.3212506547360636, False
-1.4361260820690616, -4.945110263166772, -0.6034743966806504, 0.3113703408381262, -0.2579701099046383, 0.3212506547360636, False
-0.03746533987126899, 1.8214088956668277, -2.2864136632292436, 0.3113703408381262, -0.2579701099046383, 0.3212506547360636, False
-5.093199460440244, 2.6593416396355885, 1.7356793821975662, 0.3113703408381262, -0.2579701099046383, 0.3212506547360636, False
5.678009764868275, -0.06539833803792394, -2.504497041629504, 0.3113703408381262, -0.2579701099046383, 0.3212506547360636, True
1.196386984849724, 5.92913502059724, 2.938763478411638, 0.3113703408381262, -0.2579701099046383, 0.3212506547360636, True
-5.946625082414304, 4.160887931277804, 2.5688329887457755, 0.3113703408381262, -0.2579701099046383, 0.3212506547360636, False
-2.670764016654019, -1.123076088628716, 0.20923004569067594, 0.3113703408381262, -0.2579701099046383, 0.3212506547360636, False
5.97464821282678, 0.21612352572798876, -0.45055321740904564, 0.3113703408381262, -0.2579701099046383, 0.3212506547360636, False
-4.319992002974178, 0.4130348189153379, 0.6727574523639737, 0.3113703408381262, -0.2579701099046383, 0.3212506547360636, False
4.8451996560609185, -1.4105627145765913, -0.445399295763945, 0.3113703408381262, -0.2579701099046383, 0.3212506547360636, False
-3.4254499358718835, -1.89793933850222, 2.079180292824234, 0.3113703408381262, -0.2579701099046383, 0.3212506547360636, False
-6.178946542690641, 3.9162734183452663, 0.9794840958524107, 0.3113703408381262, -0.2579701099046383, 0.3212506547360636, False
-3.598560986877623, 2.7054734483122864, 0.4821258745010386, 0.3113703408381262, -0.2579701099046383, 0.3212506547360636, False
3.0933176829576094, -4.212010705484233, -2.5680163646726353, 0.3113703408381262, -0.2579701099046383, 0.3212506547360636, False
0.45199445009637707, 3.0319497965709665, -3.1137631194459883, 0.3113703408381262, -0.2579701099046383, 0.3212506547360636, True
5.907153201553967, 2.6243342359577806, 2.5062463044593724, 0.3113703408381262, -0.2579701099046383, 0.3212506547360636, False
1.0335531960447808, 5.885247723038189, 2.6072604221502624, 0.3113703408381262, -0.2579701099046383, 0.3212506547360636, False
-1.4504897933363408, -5.90294506417766, 0.5803730199093979, 0.3113703408381262, -0.2579701099046383, 0.3212506547360636, False
5.508204571115083, -3.85099756018837, 1.519497607280167, 0.3113703408381262, -0.2579701099046383, 0.3212506547360636, False
-2.457292034045097, 1.3052818018278405, 1.7207158211324574, 0.3113703408381262, -0.2579701099046383, 0.3212506547360636, False
6.187213375166554, -5.318561093600362, -2.260876765380281, 0.3113703408381262, -0.2579701099046383, 0.3212506547360636, False
-4.613642635888974, -2.3861024732141183, 2.6915073959939013, 0.3113703408381262, -0.2579701099046383, 0.3212506547360636, False
3.816316927907577, 3.6569696659264626, 0.14733157274118502, 0.3113703408381262, -0.2579701099046383, 0.3212506547360636, False
2.395256639812427, -3.0830657786963402, 0.8867074557326831, 0.3113703408381262, -0.2579701099046383, 0.3212506547360636, True
1.5820079537363148, -5.810349192570871, -2.5006100789730703, 0.3113703408381262, -0.2579701099046383, 0.3212506547360636, False
-0.49145915614998437, -1.9770323297890213, -0.7770465654105867, 0.3113703408381262, -0.2579701099046383, 0.3212506547360636, False
-4.931654901680474, 5.222570686331705, -2.0813968356207466, 0.3113703408381262, -0.2579701099046383, 0.3212506547360636, False
5.288059936092383, 0.23034040748741536, 2.117682644373418, 0.3113703408381262, -0.2579701099046383, 0.3212506547360636, False
-1.872716103695188, 3.845297295100284, -2.8209625998910552, 0.3113703408381262, -0.2579701099046383, 0.3212506547360636, False
2.263136522721865, -0.04887445865574502, -2.9557494744375723, 0.3113703408381262, -0.2579701099046383, 0.3212506547360636, True
4.081912717437337, 0.2975614311971011, -2.964516555838229, 0.3113703408381262, -0.2579701099046383, 0.3212506547360636, True
-4.524531786843281, 4.535747279304582, -1.195425406619307, 0.3113703408381262, -0.2579701099046383, 0.3212506547360636, False
-1.6316201298137916, -2.3328714421747647, -2.761974425597289, 0.3113703408381262, -0.2579701099046383, 0.3212506547360636, False
0.10924067972185636, 0.5401144742296218, 0.3710711414774033, 0.3113703408381262, -0.2579701099046383, 0.3212506547360636, False
3.419220602005666, -4.413272666038836, -2.6765698864848613, 0.3113703408381262, -0.2579701099046383, 0.3212506547360636, False
0.9878628176456923, -5.793334530998806, 2.8426959225053885, 0.3113703408381262, -0.2579701099046383, 0.3212506547360636, False
-4.593662495828751, -1.6992459487262774, 0.10855391936646486, 0.3113703408381262, -0.2579701099046383, 0.3212506547360636, False
1.3750363513763784, 2.837530261247812, 1.1714380712219468, 0.3113703408381262, -0.2579701099046383, 0.3212506547360636, False
2.0904635784226215, -0.17375118249790766, 1.73277758164821, 0.3113703408381262, -0.2579701099046383, 0.3212506547360636, False
-1.2679597605618955, -0.377376468261752, 0.6295276715207021, 0.3113703408381262, -0.2579701099046383, 0.3212506547360636, True
2.4715722211602493, -0.31239073849598764, 1.5362392608579958, 0.3113703408381262, -0.2579701099046383, 0.3212506547360636, False
3.3141112364874896, -0.5041935012432113, 2.3670574418172317, 0.3113703408381262, -0.2579701099046383, 0.3212506547360636, False
0.5958967781732483, -2.0422276150750402, 2.398428192078205, 0.3113703408381262, -0.2579701099046383, 0.3212506547360636, False
-3.2664392606536845, 0.632107578401107, 0.6829150374798059, 0.3113703408381262, -0.2579701099046383, 0.3212506547360636, False
-3.7151447392506096, -0.6287635567854526, 2.047624221184498, 0.3113703408381262, -0.2579701099046383, 0.3212506547360636, False
5.419915520161743, 4.3723578794275895, -2.899728838688644, 0.3113703408381262, -0.2579701099046383, 0.3212506547360636, False
-0.3222705506453112, -3.6771081085913466, -0.8874800413427195, 0.3113703408381262, -0.2579701099046383, 0.3212506547360636, False
-3.153210916292209, -4.825979582371549, 2.017416391607683, 0.3113703408381262, -0.2579701099046383, 0.3212506547360636, False
0.40993018179472607, -3.479535145693154, -0.7867328141381522, 0.3113703408381262, -0.2579701099046383, 0.3212506547360636, False
-1.6639746964233701, 1.7341349977902532, 0.9697729917461109, 0.3113703408381262, -0.2579701099046383, 0.3212506547360636, False
-3.25588313664749, 4.28911738501942, 1.2739881398397328, 0.3113703408381262, -0.2579701099046383, 0.3212506547360636, False
-1.4002358022256143, -3.185367240385119, 2.4203770901611605, 0.3113703408381262, -0.2579701099046383, 0.3212506547360636, False
5.1184907510113735, -1.3965273206231403, 2.025270634544764, 0.3113703408381262, -0.2579701099046383, 0.3212506547360636, True
1.6286161719377166, 3.829141330565699, -2.298863545290254, 0.3113703408381262, -0.2579701099046383, 0.3212506547360636, False
-2.287482589347543, -4.4857689877415226, 1.33714973605787, 0.3113703408381262, -0.2579701099046383, 0.3212506547360636, False
2.6106634838095744, 5.886875680247767, -2.437190407371733, 0.3113703408381262, -0.2579701099046383, 0.3212506547360636, False
-1.7804386836922648, -6.139888948195644, 3.115836719758705, 0.3113703408381262, -0.2579701099046383, 0.3212506547360636, True
0.1683951884207504, 5.97224632258045, 2.7800412876752745, 0.3113703408381262, -0.2579701099046383, 0.3212506547360636, False
-3.228608818427442, -6.212308978881071, -0.48097651993847634, 0.3113703408381262, -0.2579701099046383, 0.3212506547360636, False
5.258749118324863, 2.36787620990264, -0.235083315064601, 0.3113703408381262, -0.2579701099046383, 0.3212506547360636, False
-5.590192642717896, -4.664037110783163, 1.814911520057147, 0.3113703408381262, -0.2579701099046383, 0.3212506547360636, False
-4.753770318768795, 3.7965877512470048, -0.6258257852474944, 0.3113703408381262, -0.2579701099046383, 0.3212506547360636, False
2.802259573360322, 5.955762876250443, 0.9182255252177285, 0.3113703408381262, -0.2579701099046383, 0.3212506547360636, False
3.788544459984413, -6.211153597243486, -2.1925895416745687, 0.3113703408381262, -0.2579701099046383, 0.3212506547360636, False
-0.012192327417845483, -3.635817503350526, 1.781111478892254, 0.3113703408381262, -0.2579701099046383, 0.3212506547360636, False
-3.345983148815515, -2.704753851806498, 1.4430758473385445, 0.3113703408381262, -0.2579701099046383, 0.3212506547360636, True
-4.568389186245112, -0.4595443361197269, -0.877451949505816, 0.3113703408381262, -0.2579701099046383, 0.3212506547360636, False
