3.487351410141356, -2.759822728538083, 2.07823831869724, -0.42432838460489974, 0.08074520158977261, 0.5916377773703246, False
5.108248602318559, -5.021799626744808, -2.2418627748593822, -0.42432838460489974, 0.08074520158977261, 0.5916377773703246, True
5.042583072683547, 1.8719060781020609, -2.4831264769591717, -0.42432838460489974, 0.08074520158977261, 0.5916377773703246, True
2.189107094547394, 4.980716147051169, -3.1197731321001894, -0.42432838460489974, 0.08074520158977261, 0.5916377773703246, True
3.56734703377022, -5.652197281474126, 0.9188777579703649, -0.42432838460489974, 0.08074520158977261, 0.5916377773703246, True
-2.1639835710943345, 5.529806620341272, 0.4234038995708609, -0.42432838460489974, 0.08074520158977261, 0.5916377773703246, False
-5.482109468874743, 0.650034558808267, -2.050345806455356, -0.42432838460489974, 0.08074520158977261, 0.5916377773703246, True
-5.068390013300493, 3.4825022743575165, 1.0715939089850206, -0.42432838460489974, 0.08074520158977261, 0.5916377773703246, False
1.7937511795551604, -2.897262486547319, -2.335214424769248, -0.42432838460489974, 0.08074520158977261, 0.5916377773703246, True
-5.703673279525748, -3.035756644154357, -2.2458869001187196, -0.42432838460489974, 0.08074520158977261, 0.5916377773703246, True
2.1834249871296514, -1.4343174941436967, 1.1667904428913847, -0.42432838460489974, 0.08074520158977261, 0.5916377773703246, False
-2.8921668723437026, -2.9096699979589644, -2.2140561693710414, -0.42432838460489974, 0.08074520158977261, 0.5916377773703246, True
5.956641394541119, 5.228750911744427, 0.029693907633030925, -0.42432838460489974, 0.08074520158977261, 0.5916377773703246, False
5.681846963754317, -4.1478358213314905, -1.180645179705923, -0.42432838460489974, 0.08074520158977261, 0.5916377773703246, True
0.16265061416234783, 0.672067962026242, -2.314173590171073, -0.42432838460489974, 0.08074520158977261, 0.5916377773703246, True
-3.1256227558914067, -1.4214079215668542, -2.8081993096302886, -0.42432838460489974, 0.08074520158977261, 0.5916377773703246, False
-2.7079848572337255, -5.298081751853525, 2.0347099434452627, -0.42432838460489974, 0.08074520158977261, 0.5916377773703246, True
-5.497768200813536, -5.691455066055437, -0.9625279583564392, -0.42432838460489974, 0.08074520158977261, 0.5916377773703246, True
0.2775360275630421, -6.272283322901553, 2.3703963739833878, -0.42432838460489974, 0.08074520158977261, 0.5916377773703246, True
3.4365124495146144, -2.217273660856189, -1.0150120484909628, -0.42432838460489974, 0.08074520158977261, 0.5916377773703246, False
2.33773980344837, 4.218739880827274, -0.13263909052801992, -0.42432838460489974, 0.08074520158977261, 0.5916377773703246, False
2.9449020683164413, 2.0914739710844845, 1.7042905282402714, -0.42432838460489974, 0.08074520158977261, 0.5916377773703246, True
-1.2802132723119044, 0.7772236396072927, 2.333535644677089, -0.42432838460489974, 0.08074520158977261, 0.5916377773703246, True
2.5061086052447585, 6.060682996753934, 1.9160789832050948, -0.42432838460489974, 0.08074520158977261, 0.5916377773703246, True
-0.12764375297140784, 0.29305521917004285, 2.9532780804791186, -0.42432838460489974, 0.08074520158977261, 0.5916377773703246, True
-5.320326375354527, 2.8640645562636884, 2.7433259104491228, -0.42432838460489974, 0.08074520158977261, 0.5916377773703246, True
-5.841850329438855, -1.442306781109342, -0.4277365806657478, -0.42432838460489974, 0.08074520158977261, 0.5916377773703246, False
1.74367004425309, -5.898534090147513, 1.4325101833215061, -0.42432838460489974, 0.08074520158977261, 0.5916377773703246, True
-5.019131809309647, -4.764230420023549, -2.783097724278379, -0.42432838460489974, 0.08074520158977261, 0.5916377773703246, True
-0.4566631348545993, -3.563603359838022, -1.0916493972846588, -0.42432838460489974, 0.08074520158977261, 0.5916377773703246, True
-4.4076044645671795, -2.3023941183026624, -3.1261441450246763, -0.42432838460489974, 0.08074520158977261, 0.5916377773703246, True
-0.20108991703267076, 0.6269993834716656, -1.1102280452922817, -0.42432838460489974, 0.08074520158977261, 0.5916377773703246, True
-0.3272052514617174, 0.07076982387907815, -2.1429352112353786, -0.42432838460489974, 0.08074520158977261, 0.5916377773703246, False
0.600122128802691, 3.949094397091512, 1.6046386593265094, -0.42432838460489974, 0.08074520158977261, 0.5916377773703246, False
1.3946811097050587, 4.564861346514315, 2.3419175914755224, -0.42432838460489974, 0.08074520158977261, 0.5916377773703246, False
-2.725072089296917, 5.282491655165602, -2.7037356302914635, -0.42432838460489974, 0.08074520158977261, 0.5916377773703246, False
-2.3086056248988966, -0.9921890125255874, 2.4866598274753597, -0.42432838460489974, 0.08074520158977261, 0.5916377773703246, False
-2.681508478969878, -5.5971298387095905, 2.000132537094035, -0.42432838460489974, 0.08074520158977261, 0.5916377773703246, True
5.434364796692245, 4.979957561765641, 0.16419349012546558, -0.42432838460489974, 0.08074520158977261, 0.5916377773703246, False
1.2909186241120327, 4.0009773820587995, -1.4049821726497749, -0.42432838460489974, 0.08074520158977261, 0.5916377773703246, False
1.6191810319236222, 1.7447495024254476, 0.37895536951407216, -0.42432838460489974, 0.08074520158977261, 0.5916377773703246, True
-3.3860429805680026, -4.460464593849203, -2.7793714937884078, -0.42432838460489974, 0.08074520158977261, 0.5916377773703246, True
2.793223328973035, 5.35467030726306, -1.879461722436878, -0.42432838460489974, 0.08074520158977261, 0.5916377773703246, False
-6.1872248104353815, -4.9708565293796045, -1.998816833644411, -0.42432838460489974, 0.08074520158977261, 0.5916377773703246, True
3.6631122010010237, -4.034554845422857, -0.74007263495937, -0.42432838460489974, 0.08074520158977261, 0.5916377773703246, True
-0.8101630267473672, 2.862945700335242, 2.4716976656004803, -0.42432838460489974, 0.08074520158977261, 0.5916377773703246, True
3.9131462539356043, 1.0811645878198775, -2.194981096254618, -0.42432838460489974, 0.08074520158977261, 0.5916377773703246, True
1.191160169422882, -0.22573445037670048, -1.0389788582850241, -0.42432838460489974, 0.08074520158977261, 0.5916377773703246, False
5.3991302491771265, -3.1183426135001695, 1.4013058165819556, -0.42432838460489974, 0.08074520158977261, 0.5916377773703246, False
-1.6486108175186942, 2.84082582682821, 2.2468575369933683, -0.42432838460489974, 0.08074520158977261, 0.5916377773703246, True
4.281388036169771, -2.6456692344946795, -0.539098741726598, -0.42432838460489974, 0.08074520158977261, 0.5916377773703246, False
-5.295529596719454, -3.1687022374715856, 2.0133752996710417, -0.42432838460489974, 0.08074520158977261, 0.5916377773703246, False
0.8638307308491013, -6.001433916968459, 1.6471781242146566, -0.42432838460489974, 0.08074520158977261, 0.5916377773703246, True
-1.486609528489657, 0.5309063389803512, -1.4147437739556323, -0.42432838460489974, 0.08074520158977261, 0.5916377773703246, True
4.519016690801706, -2.4352839424923993, 1.269016885892091, -0.42432838460489974, 0.08074520158977261, 0.5916377773703246, False
3.353952090845125, -2.4252883377392545, 0.8115412402350617, -0.42432838460489974, 0.08074520158977261, 0.5916377773703246, False
-0.027297577962767328, -0.789532252382692, -0.4035946483737085, -0.42432838460489974, 0.08074520158977261, 0.5916377773703246, False
-2.216876318284373, 6.197626303951811, 2.1732962167666194, -0.42432838460489974, 0.08074520158977261, 0.5916377773703246, True
2.626347735250665, 1.1471693673989023, 0.9128720295514192, -0.42432838460489974, 0.08074520158977261, 0.5916377773703246, True
-4.263711071959584, 0.42256681277004304, -0.2659477009184128, -0.42432838460489974, 0.08074520158977261, 0.5916377773703246, True
3.0326786693405126, 4.287542580517229, 3.04540861824987, -0.42432838460489974, 0.08074520158977261, 0.5916377773703246, True
-0.41666486291932614, -4.285462574945829, -1.910896147915976, -0.42432838460489974, 0.08074520158977261, 0.5916377773703246, True
-4.970486369741723, -4.459501117585106, 2.719244593212456, -0.42432838460489974, 0.08074520158977261, 0.5916377773703246, True
2.342790404574691, 5.299571209930868, 0.5117711088444814, -0.42432838460489974, 0.08074520158977261, 0.5916377773703246, True
2.4289484684547915, 4.553080912630129, -2.0362603489217577, -0.42432838460489974, 0.08074520158977261, 0.5916377773703246, False
-1.6043135189371736, -3.6526434878442107, -1.7693627084622228, -0.42432838460489974, 0.08074520158977261, 0.5916377773703246, True
-1.999986822784516, 5.882442152920868, 1.02783813232681, -0.42432838460489974, 0.08074520158977261, 0.5916377773703246, False
5.796570210594794, -0.8682596752710827, 0.9133702097619665, -0.42432838460489974, 0.08074520158977261, 0.5916377773703246, False
-0.061079666689946244, -6.031587158894571, 1.524162716091225, -0.42432838460489974, 0.08074520158977261, 0.5916377773703246, True
4.465623437493933, -5.576629445744971, -1.9385291892443772, -0.42432838460489974, 0.08074520158977261, 0.5916377773703246, True
-5.909813271052293, 2.7670690400453157, 1.9165084489609852, -0.42432838460489974, 0.08074520158977261, 0.5916377773703246, True
-4.379806382886347, -0.007067985062596982, 1.7322761717746262, -0.42432838460489974, 0.08074520158977261, 0.5916377773703246, True
3.051008890259574, -3.146438388460291, 1.6125511633675176, -0.42432838460489974, 0.08074520158977261, 0.5916377773703246, False
-3.253858714329485, 1.9106123792308551, -1.8342018873736632, -0.42432838460489974, 0.08074520158977261, 0.5916377773703246, True
4.223901091117657, -1.4559138626614327, 1.8555628228698637, -0.42432838460489974, 0.08074520158977261, 0.5916377773703246, False
-4.300977781011831, -1.9953530763572784, -2.981290574232256, -0.42432838460489974, 0.08074520158977261, 0.5916377773703246, True
4.709462741772342, 4.082523538104494, -0.6380949525931672, -0.42432838460489974, 0.08074520158977261, 0.5916377773703246, False
1.1265704831148575, -0.8857524999733295, 0.603830042220753, -0.42432838460489974, 0.08074520158977261, 0.5916377773703246, False
-1.9142848371256553, 2.9595812578289564, -1.3136407313347687, -0.42432838460489974, 0.08074520158977261, 0.5916377773703246, True
-3.056247628570062, -4.965617103049963, -1.86951084784878, -0.42432838460489974, 0.08074520158977261, 0.5916377773703246, True
-3.0586339782560756, 4.985050788547916, -2.7762279766537263, -0.42432838460489974, 0.08074520158977261, 0.5916377773703246, False
-5.836319609588415, -4.215650324539503, -2.1051475929678114, -0.42432838460489974, 0.08074520158977261, 0.5916377773703246, True
4.471901452375258, 5.575990321266799, 1.118506742234298, -0.42432838460489974, 0.08074520158977261, 0.5916377773703246, False
2.7039745610633172, -6.118608145007535, -2.4578195301596413, -0.42432838460489974, 0.08074520158977261, 0.5916377773703246, True
-5.915644889078256, -0.012252270518117392, 1.080743440491391, -0.42432838460489974, 0.08074520158977261, 0.5916377773703246, True
-2.372237261534753, 5.367343646250754, -1.295903967513692, -0.42432838460489974, 0.08074520158977261, 0.5916377773703246, False
-4.553946589068844, -1.1976309940036431, 2.7574930532548416, -0.42432838460489974, 0.08074520158977261, 0.5916377773703246, False
6.204587343897691, 3.2796411454043586, -1.6085762704649895, -0.42432838460489974, 0.08074520158977261, 0.5916377773703246, True
4.505583901983327, 1.3526251022011762, -2.3348440181035817, -0.42432838460489974, 0.08074520158977261, 0.5916377773703246, True
4.197569792674571, 2.0676692617251256, 2.8672937522916966, -0.42432838460489974, 0.08074520158977261, 0.5916377773703246, True
-0.011794440118688243, 4.986543726794345, 0.6112707029565323, -0.42432838460489974, 0.08074520158977261, 0.5916377773703246, False
1.4899527799421408, 1.1370483594821312, 0.04144276958399873, -0.42432838460489974, 0.08074520158977261, 0.5916377773703246, True
-3.027551873298733, -2.597899405104499, -2.118569945508025, -0.42432838460489974, 0.08074520158977261, 0.5916377773703246, True
0.2611871655453939, -2.701626023191945, -0.11826895082392541, -0.42432838460489974, 0.08074520158977261, 0.5916377773703246, False
-0.8604199848342162, 4.875886304083945, -2.157706832213344, -0.42432838460489974, 0.08074520158977261, 0.5916377773703246, False
-2.35897118361987, 3.400393130330867, -2.649208751067714, -0.42432838460489974, 0.08074520158977261, 0.5916377773703246, True
1.5686940503712448, 0.7394121910384515, -0.38463247990519633, -0.42432838460489974, 0.08074520158977261, 0.5916377773703246, True
-4.721615242207155, 0.21164817107646083, 0.7897746104474193, -0.42432838460489974, 0.08074520158977261, 0.5916377773703246, True
-5.342072935522267, -4.8634912420273935, 1.652264741299109, -0.42432838460489974, 0.08074520158977261, 0.5916377773703246, True
-2.1810342262205404, -0.7263084875930241, -2.07655109301749, -0.42432838460489974, 0.08074520158977261, 0.5916377773703246, False
5.85691701934587, 1.402262501523838, -1.1899767282776093, -0.42432838460489974, 0.08074520158977261, 0.5916377773703246, True
-2.7838633962300676, -3.5496926336932795, -1.0138768846538664, -0.42432838460489974, 0.08074520158977261, 0.5916377773703246, True
5.774210233820062, -2.5085190546627882, -2.5203107826110607, -0.42432838460489974, 0.08074520158977261, 0.5916377773703246, True
4.855568440439972, 3.7118718875511547, 3.1169256841255484, -0.42432838460489974, 0.08074520158977261, 0.5916377773703246, True
4.772149940037284, 2.766948203697771, 0.7171165147894634, -0.42432838460489974, 0.08074520158977261, 0.5916377773703246, True
2.0651666401118263, -3.817117819583797, 1.6928231226478818, -0.42432838460489974, 0.08074520158977261, 0.5916377773703246, True
-3.771607126523583, -3.066472075878717, 1.1393927196154117, -0.42432838460489974, 0.08074520158977261, 0.5916377773703246, False
-2.1240565996203022, -3.47433883383922, -2.0311724905668727, -0.42432838460489974, 0.08074520158977261, 0.5916377773703246, True
0.7424349394609226, -1.4609223213482085, 2.8393138014168073, -0.42432838460489974, 0.08074520158977261, 0.5916377773703246, False
2.7763334726565123, 2.5876196676998795, 2.746389598549184, -0.42432838460489974, 0.08074520158977261, 0.5916377773703246, True
3.909159172672757, -3.3905080376431633, 2.3006718664089973, -0.42432838460489974, 0.08074520158977261, 0.5916377773703246, True
3.3881220146638285, 5.458609885431422, -0.9990386250063739, -0.42432838460489974, 0.08074520158977261, 0.5916377773703246, False
-2.834572099408045, -4.270603348696339, 1.4236880838574484, -0.42432838460489974, 0.08074520158977261, 0.5916377773703246, True
1.4897256385468207, -2.2887385887631115, -0.11269363592285764, -0.42432838460489974, 0.08074520158977261, 0.5916377773703246, False
-0.4228135776477533, -1.2918367293819495, 0.04635390994771127, -0.42432838460489974, 0.08074520158977261, 0.5916377773703246, False
0.5805867972601124, 4.058381131432636, 0.824517836850557, -0.42432838460489974, 0.08074520158977261, 0.5916377773703246, True
1.852584629802303, -2.8869599665082437, 2.5455959571159017, -0.42432838460489974, 0.08074520158977261, 0.5916377773703246, False
-2.716457114970568, -2.727839563402037, 2.1436724808314187, -0.42432838460489974, 0.08074520158977261, 0.5916377773703246, False
6.059476286542477, -2.746585873687133, -0.7355267506219678, -0.42432838460489974, 0.08074520158977261, 0.5916377773703246, False
5.424737129268456, -2.3407600724781976, -3.0426969990926005, -0.42432838460489974, 0.08074520158977261, 0.5916377773703246, True
-4.903631267600058, 1.9644299724800884, 0.9457939676464928, -0.42432838460489974, 0.08074520158977261, 0.5916377773703246, True
-1.5069016847224548, 4.9628319633390525, -0.8187013475042484, -0.42432838460489974, 0.08074520158977261, 0.5916377773703246, False
5.27056263099324, -4.516065171364571, 0.694351908929721, -0.42432838460489974, 0.08074520158977261, 0.5916377773703246, True
2.9479405633155764, -4.945760376266893, -2.611729868306273, -0.42432838460489974, 0.08074520158977261, 0.5916377773703246, True
5.211181283017119, 4.874884593887627, 1.818106606370013, -0.42432838460489974, 0.08074520158977261, 0.5916377773703246, False
0.4358602444191382, -0.3786251712853357, -1.544400952273373, -0.42432838460489974, 0.08074520158977261, 0.5916377773703246, False
-1.2283616223880198, 5.758498602380675, -1.30807405761424, -0.42432838460489974, 0.08074520158977261, 0.5916377773703246, False
1.9585204918200354, -3.841482174299936, 1.7301882555041876, -0.42432838460489974, 0.08074520158977261, 0.5916377773703246, True
6.1948404505007915, -3.7866884586219363, -1.648380860926967, -0.42432838460489974, 0.08074520158977261, 0.5916377773703246, True
2.9540517852185246, -0.6926559541240023, 0.1825485833783218, -0.42432838460489974, 0.08074520158977261, 0.5916377773703246, True
-1.7675549185135404, -0.0574099751574062, -1.528731274016345, -0.42432838460489974, 0.08074520158977261, 0.5916377773703246, False
0.31334607955269433, 4.388821051637276, 1.7627098416531508, -0.42432838460489974, 0.08074520158977261, 0.5916377773703246, False
1.7964828869397564, 5.5849859834677, 1.4910911971750185, -0.42432838460489974, 0.08074520158977261, 0.5916377773703246, False
-2.264225461206385, 2.996638485789264, -2.110082377205944, -0.42432838460489974, 0.08074520158977261, 0.5916377773703246, True
-2.588158840826649, 0.5465945961753969, 1.3055622742991586, -0.42432838460489974, 0.08074520158977261, 0.5916377773703246, True
5.920270410924569, -1.9991989460056665, -1.2682129185207456, -0.42432838460489974, 0.08074520158977261, 0.5916377773703246, True
5.434378309133656, -5.942150382627407, 2.8928571953802322, -0.42432838460489974, 0.08074520158977261, 0.5916377773703246, True
-3.603774134861406, 5.934056293766222, 0.64839782043207, -0.42432838460489974, 0.08074520158977261, 0.5916377773703246, False
5.78767728348102, -0.7320584840245807, -2.561896371586548, -0.42432838460489974, 0.08074520158977261, 0.5916377773703246, False
-3.724707206484789, 1.0169000605263214, 2.068983174296676, -0.42432838460489974, 0.08074520158977261, 0.5916377773703246, True
-0.015419582264756926, -4.369286545819199, 0.6991720805504569, -0.42432838460489974, 0.08074520158977261, 0.5916377773703246, True
3.063448205410552, -3.670392458798824, 2.233312008469495, -0.42432838460489974, 0.08074520158977261, 0.5916377773703246, True
4.230375692093007, -5.0727369214805815, 0.5567428903181098, -0.42432838460489974, 0.08074520158977261, 0.5916377773703246, True
-1.5403612749370348, -3.457779683146067, -1.0985673969650547, -0.42432838460489974, 0.08074520158977261, 0.5916377773703246, True
2.283537379743029, -6.265870302261801, -1.1065922309126597, -0.42432838460489974, 0.08074520158977261, 0.5916377773703246, False
-4.849937804334539, 4.634755674184818, -1.3243232337494002, -0.42432838460489974, 0.08074520158977261, 0.5916377773703246, False
6.13426176809144, -1.744381084354865, 2.9740111760695678, -0.42432838460489974, 0.08074520158977261, 0.5916377773703246, True
4.883041117388508, 3.6257217748822423, -1.675895594414827, -0.42432838460489974, 0.08074520158977261, 0.5916377773703246, True
-4.7808590928767165, 5.4202298525696495, 3.0903758146619236, -0.42432838460489974, 0.08074520158977261, 0.5916377773703246, True
-3.0615392124521, 0.6656365747425808, -1.438763279001031, -0.42432838460489974, 0.08074520158977261, 0.5916377773703246, True
-1.3884642619592817, -5.452401915942198, -2.59403503279002, -0.42432838460489974, 0.08074520158977261, 0.5916377773703246, True
4.645493350612142, -4.509343985964971, -0.2222362562855542, -0.42432838460489974, 0.08074520158977261, 0.5916377773703246, True
1.2853307211562246, -3.2776280601742704, -2.308863737619016, -0.42432838460489974, 0.08074520158977261, 0.5916377773703246, True
-0.6520325179459725, -1.2414914803460144, 0.9734082178099426, -0.42432838460489974, 0.08074520158977261, 0.5916377773703246, False
0.36213143630257516, -6.139490258787895, -0.30155766985570276, -0.42432838460489974, 0.08074520158977261, 0.5916377773703246, True
-0.06626573703676097, 3.2487567213028576, 2.115819951985202, -0.42432838460489974, 0.08074520158977261, 0.5916377773703246, False
1.7024805910454868, -0.5862588722718618, 1.6849900591867852, -0.42432838460489974, 0.08074520158977261, 0.5916377773703246, True
5.082333662231166, -4.560622693807333, 2.1171487360105985, -0.42432838460489974, 0.08074520158977261, 0.5916377773703246, True
-5.447557466111015, 5.1662421056512144, 1.3750892670332764, -0.42432838460489974, 0.08074520158977261, 0.5916377773703246, False
-5.1273708989502325, -0.767102317632312, 2.2173305440650157, -0.42432838460489974, 0.08074520158977261, 0.5916377773703246, True
-0.7876799909923324, 0.4546560867306253, -2.98117299757837, -0.42432838460489974, 0.08074520158977261, 0.5916377773703246, True
-0.35635865393670585, 2.605383878423657, 0.25797627618052443, -0.42432838460489974, 0.08074520158977261, 0.5916377773703246, True
-2.974101250359611, -2.866807860126374, 0.5354454483656417, -0.42432838460489974, 0.08074520158977261, 0.5916377773703246, False
3.9827899406025224, 2.2773404673031354, -0.5041012457105603, -0.42432838460489974, 0.08074520158977261, 0.5916377773703246, True
2.7360865925560436, 5.327790023292735, -0.2890588570126198, -0.42432838460489974, 0.08074520158977261, 0.5916377773703246, True
-2.1388289677711665, -6.07467993082135, -1.4896425101363036, -0.42432838460489974, 0.08074520158977261, 0.5916377773703246, True
-4.892437066214134, 3.093865275312286, 0.28229307129908543, -0.42432838460489974, 0.08074520158977261, 0.5916377773703246, False
1.5030857211059017, 5.14017220909734, 0.21946771101999207, -0.42432838460489974, 0.08074520158977261, 0.5916377773703246, False
2.2970820978142577, -5.990124998712749, 2.7992609645354394, -0.42432838460489974, 0.08074520158977261, 0.5916377773703246, True
-5.150236406913016, -5.924667461079879, -0.003205872917796615, -0.42432838460489974, 0.08074520158977261, 0.5916377773703246, True
2.2940154279872225, -0.8024365483839304, 1.5798120044166906, -0.42432838460489974, 0.08074520158977261, 0.5916377773703246, False
-1.8449802329371323, 1.723273800658884, -2.495204472776751, -0.42432838460489974, 0.08074520158977261, 0.5916377773703246, True
-5.709807619417771, 1.9902374268916283, 2.4357859481847033, -0.42432838460489974, 0.08074520158977261, 0.5916377773703246, True
1.4996509636975883, 3.589381342456022, -1.3985598323176482, -0.42432838460489974, 0.08074520158977261, 0.5916377773703246, True
1.4795572320071093, -0.31998366387848076, -0.7260465012948782, -0.42432838460489974, 0.08074520158977261, 0.5916377773703246, False
3.7044780202236893, -3.7952163394711493, 2.9595260379228217, -0.42432838460489974, 0.08074520158977261, 0.5916377773703246, True
-6.129279713094967, 4.73279469027262, 0.10752131235980578, -0.42432838460489974, 0.08074520158977261, 0.5916377773703246, False
5.024216951643885, 5.382727526356268, 0.3517260764646135, -0.42432838460489974, 0.08074520158977261, 0.5916377773703246, False
-2.4316769523755175, -1.2714502147953866, 0.2835913531905354, -0.42432838460489974, 0.08074520158977261, 0.5916377773703246, False
0.9600024713590134, -3.7050475645726606, 0.05192958773312517, -0.42432838460489974, 0.08074520158977261, 0.5916377773703246, True
3.1217365564597337, -0.3736364652212316, 0.9664929065904246, -0.42432838460489974, 0.08074520158977261, 0.5916377773703246, False
3.6619006751484804, -1.3910396267170473, 1.6711775420192492, -0.42432838460489974, 0.08074520158977261, 0.5916377773703246, False
-1.1313096283931339, 4.466566955899182, 0.777671056733503, -0.42432838460489974, 0.08074520158977261, 0.5916377773703246, False
0.4385932579577432, -1.7087292226787643, 0.3851010720944328, -0.42432838460489974, 0.08074520158977261, 0.5916377773703246, False
5.069579749977793, -4.735776926335408, -2.021521718562141, -0.42432838460489974, 0.08074520158977261, 0.5916377773703246, True
2.762779306423935, 4.080986099665729, 0.9158006355448602, -0.42432838460489974, 0.08074520158977261, 0.5916377773703246, False
-5.910453280688111, -5.207136564688134, -2.386755925319071, -0.42432838460489974, 0.08074520158977261, 0.5916377773703246, True
-2.29504179552744, 5.702001998301551, 2.9068811172245006, -0.42432838460489974, 0.08074520158977261, 0.5916377773703246, True
1.7531174899128192, -2.5702153723828287, -2.556183794346833, -0.42432838460489974, 0.08074520158977261, 0.5916377773703246, True
0.8828495851626457, -6.128084707969931, 1.628680175816604, -0.42432838460489974, 0.08074520158977261, 0.5916377773703246, True
2.893591471477725, -1.427726374713596, -2.62070731670313, -0.42432838460489974, 0.08074520158977261, 0.5916377773703246, False
2.7054386516841706, -3.519859625129637, 0.514287905925559, -0.42432838460489974, 0.08074520158977261, 0.5916377773703246, True
-5.483796528827353, 5.155950232390392, 2.853569535554848, -0.42432838460489974, 0.08074520158977261, 0.5916377773703246, False
-2.240153305129735, 0.974589343510412, 0.6907113760090575, -0.42432838460489974, 0.08074520158977261, 0.5916377773703246, True
-3.1777170482669406, 0.20511392842264975, 2.0886617287618217, -0.42432838460489974, 0.08074520158977261, 0.5916377773703246, True
-2.0145391458104287, 1.799924754260548, 0.4583722399725523, -0.42432838460489974, 0.08074520158977261, 0.5916377773703246, True
0.9371168934849656, 5.354531540866374, 0.3050860608534305, -0.42432838460489974, 0.08074520158977261, 0.5916377773703246, False
5.023335162295556, 2.3796786814308124, 0.7188728379018259, -0.42432838460489974, 0.08074520158977261, 0.5916377773703246, True
5.478182041434865, -4.6675038351887395, -0.17067800086015295, -0.42432838460489974, 0.08074520158977261, 0.5916377773703246, True
-3.9330785565952016, -2.5858708551442082, 2.804999348230969, -0.42432838460489974, 0.08074520158977261, 0.5916377773703246, False
