-4.152970106661426, -4.965293606318596, -2.8941251104513532, -0.47066342573184217, 0.03377578225934674, 0.7369292823318836, True
5.538190473319148, -0.7692746557652193, 2.355429121931298, -0.47066342573184217, 0.03377578225934674, 0.7369292823318836, True
-2.324048143989857, 2.580564232395039, 1.1034615936055738, -0.47066342573184217, 0.03377578225934674, 0.7369292823318836, True
4.158074145302409, 0.142972656506398, 2.213015153255874, -0.47066342573184217, 0.03377578225934674, 0.7369292823318836, True
1.0663246063430858, 2.5027343599421332, -1.2863068273961724, -0.47066342573184217, 0.03377578225934674, 0.7369292823318836, True
4.200817008959694, 3.2987678176974917, -0.3209088934210249, -0.47066342573184217, 0.03377578225934674, 0.7369292823318836, False
0.12834368788882156, -2.3991828367329364, 1.004488675713052, -0.47066342573184217, 0.03377578225934674, 0.7369292823318836, False
4.32653993077569, 2.239694299655829, 0.13850669680608663, -0.47066342573184217, 0.03377578225934674, 0.7369292823318836, True
-4.66652024872578, -1.0767559826178097, 2.79675097111892, -0.47066342573184217, 0.03377578225934674, 0.7369292823318836, False
-6.192370712974451, 2.0013880895149505, 1.5433828212997502, -0.47066342573184217, 0.03377578225934674, 0.7369292823318836, True
0.9281686734545866, 5.955956394591263, -0.440023303893466, -0.47066342573184217, 0.03377578225934674, 0.7369292823318836, False
-5.6231040123328695, -0.9228828510393221, 1.6057198436051143, -0.47066342573184217, 0.03377578225934674, 0.7369292823318836, False
2.787976251221057, 5.0888010875250504, -3.0805518388331765, -0.47066342573184217, 0.03377578225934674, 0.7369292823318836, True
5.787732407499131, -5.666075691992502, -0.808637364443618, -0.47066342573184217, 0.03377578225934674, 0.7369292823318836, True
-1.1426119587286436, -1.5511938100536389, -1.1556414593782196, -0.47066342573184217, 0.03377578225934674, 0.7369292823318836, False
-3.2394288616843046, -2.5190831417040176, 3.119490371813619, -0.47066342573184217, 0.03377578225934674, 0.7369292823318836, True
-2.974467162306146, 0.5023305597719192, -2.4750310694221054, -0.47066342573184217, 0.03377578225934674, 0.7369292823318836, True
4.238851672232077, 2.8355856603452114, -1.8002132996081328, -0.47066342573184217, 0.03377578225934674, 0.7369292823318836, True
-5.564634793853808, 5.49349100653175, 1.8780096698973958, -0.47066342573184217, 0.03377578225934674, 0.7369292823318836, False
1.6110745499048829, -2.50597120332414, 1.4858312568628156, -0.47066342573184217, 0.03377578225934674, 0.7369292823318836, False
-2.512306534140272, 0.19461647692945494, 2.245244306941914, -0.47066342573184217, 0.03377578225934674, 0.7369292823318836, True
-0.8289784714588206, -4.888426096514074, -2.558915692973663, -0.47066342573184217, 0.03377578225934674, 0.7369292823318836, True
-4.398025358603368, -2.397165571371646, -1.5259724979954605, -0.47066342573184217, 0.03377578225934674, 0.7369292823318836, False
-3.55868658609543, 4.944876075155914, 2.810378397994765, -0.47066342573184217, 0.03377578225934674, 0.7369292823318836, False
1.1783311370758227, -0.8865372331910892, -0.6126615845353185, -0.47066342573184217, 0.03377578225934674, 0.7369292823318836, False
3.9192188719428067, 5.447289705587396, 0.2177545083917911, -0.47066342573184217, 0.03377578225934674, 0.7369292823318836, False
-5.1019242909200715, 1.2372772915675272, -0.40178426350857777, -0.47066342573184217, 0.03377578225934674, 0.7369292823318836, True
2.324366798399568, 2.226396245590184, 1.7096273946379696, -0.47066342573184217, 0.03377578225934674, 0.7369292823318836, True
-3.5306054590767926, -2.223136525218833, -2.9538289309970054, -0.47066342573184217, 0.03377578225934674, 0.7369292823318836, True
0.7997875713427272, 5.9511522760340245, 2.0056885772817417, -0.47066342573184217, 0.03377578225934674, 0.7369292823318836, True
0.6399832283780968, -5.963077207931754, 0.8451048638625052, -0.47066342573184217, 0.03377578225934674, 0.7369292823318836, True
-5.2106389421980435, -3.771324921603773, -0.2679564626709059, -0.47066342573184217, 0.03377578225934674, 0.7369292823318836, True
-1.8009383633675844, -5.487853674094601, 0.13277933599053648, -0.47066342573184217, 0.03377578225934674, 0.7369292823318836, True
0.7527945987239351, 2.7686878904000256, 1.9453714221763372, -0.47066342573184217, 0.03377578225934674, 0.7369292823318836, True
2.336570615856907, 0.03668044252472047, 1.4910944270001139, -0.47066342573184217, 0.03377578225934674, 0.7369292823318836, True
-2.2052264541590425, 2.775348850615254, 0.17605326945268462, -0.47066342573184217, 0.03377578225934674, 0.7369292823318836, True
-4.228509293008473, -0.9565350615980233, 0.9228538278668816, -0.47066342573184217, 0.03377578225934674, 0.7369292823318836, False
2.5661125250088173, 5.131432099624815, -1.7293335609930456, -0.47066342573184217, 0.03377578225934674, 0.7369292823318836, False
-3.7109242292263405, 5.3121128817432375, -0.3959312161764883, -0.47066342573184217, 0.03377578225934674, 0.7369292823318836, False
-5.946745621900124, 3.3894203887620744, -1.9264164001334805, -0.47066342573184217, 0.03377578225934674, 0.7369292823318836, True
0.18626300230454707, 5.409832419361392, 0.19689515688694126, -0.47066342573184217, 0.03377578225934674, 0.7369292823318836, False
-2.158941164967059, -3.9060015410634015, 3.101424318178047, -0.47066342573184217, 0.03377578225934674, 0.7369292823318836, True
4.33432020244563, 1.5348990621373124, -0.4670476962333323, -0.47066342573184217, 0.03377578225934674, 0.7369292823318836, True
-1.5278190701398913, 2.946568803812726, 1.361937243150849, -0.47066342573184217, 0.03377578225934674, 0.7369292823318836, True
5.491860695263577, 5.657360517315315, 1.8097530963978263, -0.47066342573184217, 0.03377578225934674, 0.7369292823318836, True
0.5790751996057937, -2.6826581328963095, 0.077631965655657, -0.47066342573184217, 0.03377578225934674, 0.7369292823318836, False
-0.7184534281207222, 2.769379246635568, -1.4935480747293237, -0.47066342573184217, 0.03377578225934674, 0.7369292823318836, True
1.37636106786747, 5.8997394547163395, 0.48789615239941675, -0.47066342573184217, 0.03377578225934674, 0.7369292823318836, False
-1.7894684065105757, -1.4602291550904924, 0.2858724404549329, -0.47066342573184217, 0.03377578225934674, 0.7369292823318836, False
-3.0912555624056437, 2.7404053278756866, 1.2905398555648828, -0.47066342573184217, 0.03377578225934674, 0.7369292823318836, True
-0.26513101455644605, -0.16769532598038772, 0.3078952061637521, -0.47066342573184217, 0.03377578225934674, 0.7369292823318836, False
4.433445045129739, 4.6589252289503555, -2.456463856283311, -0.47066342573184217, 0.03377578225934674, 0.7369292823318836, False
0.8417711405485653, -1.785779066896806, -2.831220436072919, -0.47066342573184217, 0.03377578225934674, 0.7369292823318836, False
-5.540217743028335, -4.471012964147201, 2.345565482454715, -0.47066342573184217, 0.03377578225934674, 0.7369292823318836, True
-4.439844277060853, 0.18769767368792145, -2.8314224425606938, -0.47066342573184217, 0.03377578225934674, 0.7369292823318836, True
4.094108229865439, -2.8185922212517647, -2.5583345343762973, -0.47066342573184217, 0.03377578225934674, 0.7369292823318836, True
-0.6631016820051832, -4.393516001368741, 2.6972142683064027, -0.47066342573184217, 0.03377578225934674, 0.7369292823318836, True
-3.01012857181763, -2.482848692446845, 3.10291752251164, -0.47066342573184217, 0.03377578225934674, 0.7369292823318836, True
-0.43862338419174485, -3.7505022200097593, -1.365593801879171, -0.47066342573184217, 0.03377578225934674, 0.7369292823318836, True
1.4519212291723633, 5.190264848624912, 2.0788415513077547, -0.47066342573184217, 0.03377578225934674, 0.7369292823318836, False
-4.79625113182901, -1.154892313715668, 0.856285627896324, -0.47066342573184217, 0.03377578225934674, 0.7369292823318836, False
-0.3610177129254488, -3.165413243117619, -2.308218132086104, -0.47066342573184217, 0.03377578225934674, 0.7369292823318836, True
3.095877791535507, 0.9228730721276177, 2.3653898918270215, -0.47066342573184217, 0.03377578225934674, 0.7369292823318836, True
-3.907542963229042, -3.4215100150027666, 0.8614764973933973, -0.47066342573184217, 0.03377578225934674, 0.7369292823318836, True
-0.9396887081689682, 2.5912151574930355, 1.2140882435562412, -0.47066342573184217, 0.03377578225934674, 0.7369292823318836, True
0.6864790297329044, 4.078967573235353, -2.262507419049664, -0.47066342573184217, 0.03377578225934674, 0.7369292823318836, False
1.4114496285363183, -5.420928485619726, -0.06414374333662032, -0.47066342573184217, 0.03377578225934674, 0.7369292823318836, True
-2.7106936434576077, -6.273335470408591, 0.93874421948993, -0.47066342573184217, 0.03377578225934674, 0.7369292823318836, True
3.3042681481173783, -1.4197748788761482, 2.3335996176334985, -0.47066342573184217, 0.03377578225934674, 0.7369292823318836, False
-1.0289096164054525, -5.718290552677936, 0.00807553699193475, -0.47066342573184217, 0.03377578225934674, 0.7369292823318836, True
-0.02662186143891976, 2.357985553614899, -0.10435000356313795, -0.47066342573184217, 0.03377578225934674, 0.7369292823318836, True
1.6430646591090943, -1.1740639511220365, 0.9230013495802485, -0.47066342573184217, 0.03377578225934674, 0.7369292823318836, False
-0.7166533836418845, 2.791218987054279, 0.11995844252394683, -0.47066342573184217, 0.03377578225934674, 0.7369292823318836, True
-2.843973453415931, -0.3896800099069768, -2.3796235257004166, -0.47066342573184217, 0.03377578225934674, 0.7369292823318836, False
6.256844318714661, 4.605726619915625, 0.47570328988849786, -0.47066342573184217, 0.03377578225934674, 0.7369292823318836, False
-2.6234153653757337, -3.4117101939934473, -1.3583736918876046, -0.47066342573184217, 0.03377578225934674, 0.7369292823318836, True
-2.916072885968854, -1.5806886343384399, 0.18125092437626922, -0.47066342573184217, 0.03377578225934674, 0.7369292823318836, False
5.226163810911187, -1.5909641770606857, 3.049645643386982, -0.47066342573184217, 0.03377578225934674, 0.7369292823318836, True
-6.0404786666929375, -0.8179933683973291, 1.622536250847988, -0.47066342573184217, 0.03377578225934674, 0.7369292823318836, False
4.257185027555547, -3.574741520228707, 1.9525746362772614, -0.47066342573184217, 0.03377578225934674, 0.7369292823318836, True
-5.373765147340058, 2.9466176426506863, -0.37473694363144006, -0.47066342573184217, 0.03377578225934674, 0.7369292823318836, True
-0.4434272254394287, 0.2765952221439649, 0.27657477866250435, -0.47066342573184217, 0.03377578225934674, 0.7369292823318836, True
1.706439905180722, 2.6896583895891553, 0.7510934607165209, -0.47066342573184217, 0.03377578225934674, 0.7369292823318836, True
5.063975110382843, -5.420172266672748, -1.4981258517426979, -0.47066342573184217, 0.03377578225934674, 0.7369292823318836, True
-0.028680442909667647, 3.7012548876864653, 1.5792912811366593, -0.47066342573184217, 0.03377578225934674, 0.7369292823318836, False
3.2981160934511955, -1.6121571095687823, 0.6541025543525296, -0.47066342573184217, 0.03377578225934674, 0.7369292823318836, False
-0.5587522116381205, -6.045491927162166, -2.6552400726966265, -0.47066342573184217, 0.03377578225934674, 0.7369292823318836, True
5.4059022967768655, 4.3222678953631934, 2.156980690114942, -0.47066342573184217, 0.03377578225934674, 0.7369292823318836, False
-2.447972956354939, 5.0084734974487155, -0.0868455628652347, -0.47066342573184217, 0.03377578225934674, 0.7369292823318836, False
-4.838747832617358, 5.107212426289559, 1.6365583064041465, -0.47066342573184217, 0.03377578225934674, 0.7369292823318836, False
-6.246748657024907, 1.6248408381129797, 1.6029950813435931, -0.47066342573184217, 0.03377578225934674, 0.7369292823318836, True
5.618284049893466, -2.825399802711078, -3.074254330627109, -0.47066342573184217, 0.03377578225934674, 0.7369292823318836, True
-4.330678481159607, -0.901383614037095, -0.9402632703413922, -0.47066342573184217, 0.03377578225934674, 0.7369292823318836, False
2.668836360607889, 4.7640883220893855, -3.0380959422920566, -0.47066342573184217, 0.03377578225934674, 0.7369292823318836, True
-2.79418976615345, 0.8885297080813146, 0.8416271022130708, -0.47066342573184217, 0.03377578225934674, 0.7369292823318836, True
-5.34956753666994, -0.434163032721016, -0.2199337986794272, -0.47066342573184217, 0.03377578225934674, 0.7369292823318836, False
4.217654947983455, -2.0696560871152663, 2.879986346771804, -0.47066342573184217, 0.03377578225934674, 0.7369292823318836, True
0.820361429744759, 2.208644676163784, 2.7293051987430053, -0.47066342573184217, 0.03377578225934674, 0.7369292823318836, True
-3.628995835156603, 0.48164650774057005, -1.9830014600333223, -0.47066342573184217, 0.03377578225934674, 0.7369292823318836, True
-0.31192910518851225, 0.10402922646047763, -0.31079364816894506, -0.47066342573184217, 0.03377578225934674, 0.7369292823318836, False
-5.472341169003157, 1.9568991919551433, 2.0728931925508842, -0.47066342573184217, 0.03377578225934674, 0.7369292823318836, True
-1.054043196116388, -3.857711578599086, 1.6114246925460174, -0.47066342573184217, 0.03377578225934674, 0.7369292823318836, True
-3.0469353319870374, -5.32756228118118, 2.5907360212851165, -0.47066342573184217, 0.03377578225934674, 0.7369292823318836, True
-3.876635568478918, 0.6688554175082864, -2.195004690551564, -0.47066342573184217, 0.03377578225934674, 0.7369292823318836, True
-2.27302185169978, 0.8081585813812531, 2.8123551149844355, -0.47066342573184217, 0.03377578225934674, 0.7369292823318836, True
-2.5217281045740356, -4.457099697894013, 1.5314604660651385, -0.47066342573184217, 0.03377578225934674, 0.7369292823318836, True
-2.9545716109237374, -0.03881465691090735, 0.06581055402447733, -0.47066342573184217, 0.03377578225934674, 0.7369292823318836, False
4.372879322533976, -1.7996176118382028, 1.109154474616286, -0.47066342573184217, 0.03377578225934674, 0.7369292823318836, False
-5.5143652260943625, -6.091241863720937, -1.779655686438108, -0.47066342573184217, 0.03377578225934674, 0.7369292823318836, True
2.101007625535104, 1.1535761140454843, 0.47236140861642806, -0.47066342573184217, 0.03377578225934674, 0.7369292823318836, True
2.5342274157308484, 5.784473275343574, -0.12464372243111432, -0.47066342573184217, 0.03377578225934674, 0.7369292823318836, False
3.311723434077498, 4.46376597214155, 0.943591188507523, -0.47066342573184217, 0.03377578225934674, 0.7369292823318836, False
3.854833373647674, 4.341988330735301, 1.5591421549332773, -0.47066342573184217, 0.03377578225934674, 0.7369292823318836, False
2.2535606564558712, -5.855719252376055, 1.6228116044294048, -0.47066342573184217, 0.03377578225934674, 0.7369292823318836, True
1.4520134526943718, -0.8425600486343603, -0.9668932026793531, -0.47066342573184217, 0.03377578225934674, 0.7369292823318836, False
-0.722760539855086, -3.0011891617517947, -0.9355828446508392, -0.47066342573184217, 0.03377578225934674, 0.7369292823318836, True
-1.1773925890351498, -5.013920313477275, -0.43799018018951363, -0.47066342573184217, 0.03377578225934674, 0.7369292823318836, True
-4.8595856222226885, -4.42371535730093, -3.087077239308257, -0.47066342573184217, 0.03377578225934674, 0.7369292823318836, True
0.7066114375662611, 2.213506016231417, 0.22106171215273607, -0.47066342573184217, 0.03377578225934674, 0.7369292823318836, True
-4.667524360850108, -0.6750199382626754, -2.183185087699711, -0.47066342573184217, 0.03377578225934674, 0.7369292823318836, False
6.131739424230204, 0.44264671170764025, -2.660012463032959, -0.47066342573184217, 0.03377578225934674, 0.7369292823318836, True
-0.4051306232362446, -4.09066014024164, 1.80553328762202, -0.47066342573184217, 0.03377578225934674, 0.7369292823318836, True
0.04564773219728213, 2.704730825541862, -2.2550681751706687, -0.47066342573184217, 0.03377578225934674, 0.7369292823318836, True
-3.5032289703706647, -1.533862630419753, 2.403866559473572, -0.47066342573184217, 0.03377578225934674, 0.7369292823318836, False
1.231397656960488, 3.3143965261003743, 1.3743926637205401, -0.47066342573184217, 0.03377578225934674, 0.7369292823318836, False
4.408722072486546, 5.185635936822083, -1.147002746657587, -0.47066342573184217, 0.03377578225934674, 0.7369292823318836, False
-5.018823348522117, -4.029610381641721, 1.5657969845202029, -0.47066342573184217, 0.03377578225934674, 0.7369292823318836, True
0.019909467108469414, 5.315816015360113, 2.255175794114166, -0.47066342573184217, 0.03377578225934674, 0.7369292823318836, False
0.20141920715136408, 2.027433857249182, -0.009268421208948663, -0.47066342573184217, 0.03377578225934674, 0.7369292823318836, True
-2.2192626203856927, -1.9414188356691495, 1.2893200494796044, -0.47066342573184217, 0.03377578225934674, 0.7369292823318836, False
4.513562657865082, 2.77995083306684, 0.5349099286637333, -0.47066342573184217, 0.03377578225934674, 0.7369292823318836, True
-3.0429483195532354, -3.942666820040435, 1.164062577335307, -0.47066342573184217, 0.03377578225934674, 0.7369292823318836, True
3.3666393298129638, 0.9796979146835474, -1.463956405190379, -0.47066342573184217, 0.03377578225934674, 0.7369292823318836, True
0.8830831490777173, -1.775025357333396, 0.7348488321789746, -0.47066342573184217, 0.03377578225934674, 0.7369292823318836, False
0.6689733905760491, -3.878637401461126, -1.262167243096278, -0.47066342573184217, 0.03377578225934674, 0.7369292823318836, True
0.2983510193375878, 5.415256947791994, 2.3505518035397976, -0.47066342573184217, 0.03377578225934674, 0.7369292823318836, False
-0.9794400093260576, -0.44938376652568746, 1.1174473341904543, -0.47066342573184217, 0.03377578225934674, 0.7369292823318836, False
-5.359691009363359, -1.736975222905584, -1.4845140643057362, -0.47066342573184217, 0.03377578225934674, 0.7369292823318836, False
-6.249101589709358, 2.213675912632171, 2.0858021840801992, -0.47066342573184217, 0.03377578225934674, 0.7369292823318836, True
-3.0397449962512435, 4.706869841995033, -1.8818852729827042, -0.47066342573184217, 0.03377578225934674, 0.7369292823318836, False
-3.164182192421453, -1.448131977074107, -2.908053060479843, -0.47066342573184217, 0.03377578225934674, 0.7369292823318836, True
-3.6409787129680073, 1.4530476989248964, 2.5907580919206454, -0.47066342573184217, 0.03377578225934674, 0.7369292823318836, True
0.4442523432476735, 3.8580293535440227, 1.2434597222046762, -0.47066342573184217, 0.03377578225934674, 0.7369292823318836, False
2.5306255642329276, 0.3948451541508833, 0.13323924026539657, -0.47066342573184217, 0.03377578225934674, 0.7369292823318836, True
-0.4564520735491957, -0.6004927524866863, 2.2732142800609214, -0.47066342573184217, 0.03377578225934674, 0.7369292823318836, True
4.803353682644103, -0.6227677198913915, 1.0871046544312675, -0.47066342573184217, 0.03377578225934674, 0.7369292823318836, False
4.373091299832426, 3.050055010145961, 0.48896797597544284, -0.47066342573184217, 0.03377578225934674, 0.7369292823318836, False
-3.6873539767944568, 0.591985575057917, -2.0803218490322912, -0.47066342573184217, 0.03377578225934674, 0.7369292823318836, True
3.777633076167703, -3.5729390025783574, -1.5012368401226934, -0.47066342573184217, 0.03377578225934674, 0.7369292823318836, True
-3.274538601336478, 5.905131755094111, -0.09889959359760336, -0.47066342573184217, 0.03377578225934674, 0.7369292823318836, False
5.013537179436286, -5.57667405331369, -0.684140539050508, -0.47066342573184217, 0.03377578225934674, 0.7369292823318836, True
3.9429347680736697, -4.110965095608014, 0.4794832788423449, -0.47066342573184217, 0.03377578225934674, 0.7369292823318836, True
-3.8368881065657003, 0.40402416243748185, 2.1331786830036465, -0.47066342573184217, 0.03377578225934674, 0.7369292823318836, True
2.1871381649834607, -1.7977788626100253, -0.6857589172321616, -0.47066342573184217, 0.03377578225934674, 0.7369292823318836, False
-0.90037861930099, 3.5644193709633303, -2.57295614057198, -0.47066342573184217, 0.03377578225934674, 0.7369292823318836, True
0.22673114839809028, -3.002256688874928, 2.816513787445955, -0.47066342573184217, 0.03377578225934674, 0.7369292823318836, False
-1.464538531947185, -5.926206183962018, 2.051937643410037, -0.47066342573184217, 0.03377578225934674, 0.7369292823318836, True
-0.22430818118999785, 1.8091346973508085, 2.150489670642557, -0.47066342573184217, 0.03377578225934674, 0.7369292823318836, True
4.630254887371715, -3.5626435395173868, -0.32935681386182436, -0.47066342573184217, 0.03377578225934674, 0.7369292823318836, True
4.441795949515413, 6.208434300553286, 2.4907001636085138, -0.47066342573184217, 0.03377578225934674, 0.7369292823318836, True
-3.1350090150535483, -3.2816295247429146, -0.4263228822842082, -0.47066342573184217, 0.03377578225934674, 0.7369292823318836, True
-1.8876070643926663, 6.249296528698732, -2.870380639210984, -0.47066342573184217, 0.03377578225934674, 0.7369292823318836, True
-3.226236098931153, 4.545659393268101, 2.429342902378309, -0.47066342573184217, 0.03377578225934674, 0.7369292823318836, False
6.2416402367920885, -0.9209593364093891, 0.8680870372653837, -0.47066342573184217, 0.03377578225934674, 0.7369292823318836, False
-1.4881741178075405, 6.2776658242590475, 1.2933893786228712, -0.47066342573184217, 0.03377578225934674, 0.7369292823318836, True
0.6318375895376054, 1.6658656954039914, 1.0762606842759084, -0.47066342573184217, 0.03377578225934674, 0.7369292823318836, True
0.6475815134044494, -0.8630307646712927, -0.15426318602614852, -0.47066342573184217, 0.03377578225934674, 0.7369292823318836, False
0.35256115115790454, -5.613548403377427, -2.4456284758883857, -0.47066342573184217, 0.03377578225934674, 0.7369292823318836, True
4.380464992482667, 2.057278633844499, 0.1576961457181003, -0.47066342573184217, 0.03377578225934674, 0.7369292823318836, True
-4.773207574841099, 2.2415923771020427, -0.5059479506468998, -0.47066342573184217, 0.03377578225934674, 0.7369292823318836, True
-0.8304760424395852, -1.8055595009166403, -3.054788447744802, -0.47066342573184217, 0.03377578225934674, 0.7369292823318836, True
1.370461069956911, -5.491227703738702, 0.35436588549995207, -0.47066342573184217, 0.03377578225934674, 0.7369292823318836, True
4.464759153496988, 1.6908098372124298, -2.298860096570418, -0.47066342573184217, 0.03377578225934674, 0.7369292823318836, True
-5.782695704885196, -1.426416532998748, -2.3404681982351794, -0.47066342573184217, 0.03377578225934674, 0.7369292823318836, False
5.331170450241775, -5.545749221593735, -2.7519093996891066, -0.47066342573184217, 0.03377578225934674, 0.7369292823318836, True
-0.13272250097338212, -0.6359742131628137, -1.0642732108156996, -0.47066342573184217, 0.03377578225934674, 0.7369292823318836, False
-1.7242212631822378, -5.949080572058728, -1.7058489856786234, -0.47066342573184217, 0.03377578225934674, 0.7369292823318836, True
5.137648662495749, 3.6055762483912623, 2.3828496120000207, -0.47066342573184217, 0.03377578225934674, 0.7369292823318836, False
-0.800356417463397, -1.4009730647791772, -2.667153669628609, -0.47066342573184217, 0.03377578225934674, 0.7369292823318836, False
-4.96579129971807, -2.8443390521446488, -0.06595784571636276, -0.47066342573184217, 0.03377578225934674, 0.7369292823318836, False
-4.968341754969384, -4.453172974213462, 2.758140585313484, -0.47066342573184217, 0.03377578225934674, 0.7369292823318836, True
-2.4816842165146875, -5.807917280238788, -1.7538559913689011, -0.47066342573184217, 0.03377578225934674, 0.7369292823318836, True
0.926006006342952, 2.094019864383263, 2.9544005120806416, -0.47066342573184217, 0.03377578225934674, 0.7369292823318836, True
1.1623900858794638, 1.0270494052090768, 3.129953695286881, -0.47066342573184217, 0.03377578225934674, 0.7369292823318836, True
-4.662851522055314, 6.043258406537799, 0.16159197107391599, -0.47066342573184217, 0.03377578225934674, 0.7369292823318836, False
-2.300024084054139, 0.017518427252098512, 0.7197461200143818, -0.47066342573184217, 0.03377578225934674, 0.7369292823318836, True
-5.6403886737950755, -1.160606450626938, -1.8941588645959928, -0.47066342573184217, 0.03377578225934674, 0.7369292823318836, False
-4.2365897158155, -0.5017175764492059, 0.8209379228079499, -0.47066342573184217, 0.03377578225934674, 0.7369292823318836, False
5.778480305577691, 4.986205160564779, 1.371524174882179, -0.47066342573184217, 0.03377578225934674, 0.7369292823318836, False
0.31706206381680424, 6.220427133425174, -0.7072380269780352, -0.47066342573184217, 0.03377578225934674, 0.7369292823318836, False
2.9807433095762743, 2.3742710161509013, 1.4587915494648511, -0.47066342573184217, 0.03377578225934674, 0.7369292823318836, True
-0.43951373339513733, -6.106553405215358, -1.8921758650913194, -0.47066342573184217, 0.03377578225934674, 0.7369292823318836, True
-3.615906609185438, -0.37432832327196763, 1.1243294019880894, -0.47066342573184217, 0.03377578225934674, 0.7369292823318836, True
6.2093506875512645, -4.30544780296633, -2.4669139650572776, -0.47066342573184217, 0.03377578225934674, 0.7369292823318836, True
1.664538803789049, 1.1341456604655837, -2.75020247802374, -0.47066342573184217, 0.03377578225934674, 0.7369292823318836, True
-2.033436029553039, 5.858960650160929, -2.3999337404133123, -0.47066342573184217, 0.03377578225934674, 0.7369292823318836, False
-4.506204763742078, -3.0394462825708826, 0.8352730711228329, -0.47066342573184217, 0.03377578225934674, 0.7369292823318836, False
1.6559892159899317, 5.918983126841596, 2.5091182102250293, -0.47066342573184217, 0.03377578225934674, 0.7369292823318836, True
5.890576125016695, 0.8536060951413749, -2.813638551925324, -0.47066342573184217, 0.03377578225934674, 0.7369292823318836, True
-0.06938846637281415, -5.972778873836998, 2.155580016953455, -0.47066342573184217, 0.03377578225934674, 0.7369292823318836, True
