-3.162583146871817, 3.4456476635274935, 1.5635329364813302, 0.13279547428060767, 0.09281276794349025, -0.5426976741377084, False
-4.5216296862959275, -1.762758377111636, -0.36847889586049076, 0.13279547428060767, 0.09281276794349025, -0.5426976741377084, False
-0.03216516947612735, 5.139903957436154, 3.091358676944383, 0.13279547428060767, 0.09281276794349025, -0.5426976741377084, True
-2.699121321493542, 1.7424177946127326, -2.6739759027422574, 0.13279547428060767, 0.09281276794349025, -0.5426976741377084, False
3.061963966618398, -6.112102009042561, -0.279973564002741, 0.13279547428060767, 0.09281276794349025, -0.5426976741377084, False
-6.095260860341239, -0.8308241826399936, 1.484606647755096, 0.13279547428060767, 0.09281276794349025, -0.5426976741377084, False
1.0359318324044535, 5.652841031514628, 2.544366014510386, 0.13279547428060767, 0.09281276794349025, -0.5426976741377084, False
-4.624882955478265, 2.5732197037038507, -0.9377897625845684, 0.13279547428060767, 0.09281276794349025, -0.5426976741377084, False
0.06527242089281238, 3.1592805685614174, -0.7442625895302073, 0.13279547428060767, 0.09281276794349025, -0.5426976741377084, False
-3.489027790772413, 5.548668956552284, 0.13148329270267833, 0.13279547428060767, 0.09281276794349025, -0.5426976741377084, False
1.4554302751903183, -4.992285173816579, 1.1751117373439133, 0.13279547428060767, 0.09281276794349025, -0.5426976741377084, False
6.059581641748506, 4.637967675819981, 1.232328244216565, 0.13279547428060767, 0.09281276794349025, -0.5426976741377084, False
-3.33408931035707, -0.3873586090828356, -0.9530160214167944, 0.13279547428060767, 0.09281276794349025, -0.5426976741377084, False
-3.668465818349723, 0.8743270214858079, -1.7088736073587814, 0.13279547428060767, 0.09281276794349025, -0.5426976741377084, False
5.557543573165489, 6.157078106869209, -2.6957259048515905, 0.13279547428060767, 0.09281276794349025, -0.5426976741377084, False
-5.1588147931768695, 2.4597895479392626, -3.101329947927486, 0.13279547428060767, 0.09281276794349025, -0.5426976741377084, True
3.6797173085270067, -0.7397542018850753, -1.2052825981784494, 0.13279547428060767, 0.09281276794349025, -0.5426976741377084, False
-2.4335836181606876, 1.4383577971590062, 0.6776836681324969, 0.13279547428060767, 0.09281276794349025, -0.5426976741377084, True
1.2387054428282163, 3.0126761729746896, 0.9151545480668384, 0.13279547428060767, 0.09281276794349025, -0.5426976741377084, False
2.8659109053509635, -4.303094985270942, -0.09247995659771391, 0.13279547428060767, 0.09281276794349025, -0.5426976741377084, False
0.5218011369600806, 2.1296072939173083, 0.9434115944222636, 0.13279547428060767, 0.09281276794349025, -0.5426976741377084, False
1.7310320567968862, 6.088094722655242, 1.4083319161448298, 0.13279547428060767, 0.09281276794349025, -0.5426976741377084, False
-5.243511580327514, 4.72930648060065, 1.5731989964483652, 0.13279547428060767, 0.09281276794349025, -0.5426976741377084, False
1.1182342143459527, 1.5921322383248881, -1.552457799011433, 0.13279547428060767, 0.09281276794349025, -0.5426976741377084, False
-4.430986075820149, -0.8357639178323879, 2.2707707049554378, 0.13279547428060767, 0.09281276794349025, -0.5426976741377084, False
-3.485228805583245, -3.2629471272392205, 3.0507716875395365, 0.13279547428060767, 0.09281276794349025, -0.5426976741377084, True
0.2501976624714315, 1.9227713453178286, 2.0539727665533443, 0.13279547428060767, 0.09281276794349025, -0.5426976741377084, False
2.8667786369310395, -0.2835031678206761, 2.3027303283280416, 0.13279547428060767, 0.09281276794349025, -0.5426976741377084, False
5.614247951048389, 0.6813407429192315, -1.1434713921067492, 0.13279547428060767, 0.09281276794349025, -0.5426976741377084, False
5.586927628841423, 3.117851754394385, 2.080612510817531, 0.13279547428060767, 0.09281276794349025, -0.5426976741377084, False
-4.398500394078322, 2.7256709182761707, -2.8216008478923036, 0.13279547428060767, 0.09281276794349025, -0.5426976741377084, False
-4.340754037144265, -4.3174464270808635, 0.6687591477710146, 0.13279547428060767, 0.09281276794349025, -0.5426976741377084, False
-0.17569062859502083, 3.064532865315595, -2.982995003509423, 0.13279547428060767, 0.09281276794349025, -0.5426976741377084, True
3.7050659049207884, 4.257515685231578, -0.11198672685495215, 0.13279547428060767, 0.09281276794349025, -0.5426976741377084, False
6.064172827126795, -1.4994905500466675, -2.0273414908474168, 0.13279547428060767, 0.09281276794349025, -0.5426976741377084, False
-3.7524839557291116, -2.111882417739859, -1.3966208937296782, 0.13279547428060767, 0.09281276794349025, -0.5426976741377084, False
4.709155733816827, -2.428799191934266, -0.5239868942602142, 0.13279547428060767, 0.09281276794349025, -0.5426976741377084, False
0.3010556851567179, -1.6068953441451184, 0.2328095556230032, 0.13279547428060767, 0.09281276794349025, -0.5426976741377084, False
6.1056210565041, -4.811369222864929, 1.9541198311311954, 0.13279547428060767, 0.09281276794349025, -0.5426976741377084, False
-4.894557666581479, 2.8369167156392106, 0.021326637639624835, 0.13279547428060767, 0.09281276794349025, -0.5426976741377084, False
2.2617789040178327, 1.6236241867833208, 0.424260163875259, 0.13279547428060767, 0.09281276794349025, -0.5426976741377084, False
5.192164375300459, -2.6830181990196147, -0.3203283169024762, 0.13279547428060767, 0.09281276794349025, -0.5426976741377084, False
-3.697834691235398, 6.02543242585325, 0.36045467946088783, 0.13279547428060767, 0.09281276794349025, -0.5426976741377084, False
0.9573151642396756, -0.6364143252599108, 2.732983533509814, 0.13279547428060767, 0.09281276794349025, -0.5426976741377084, False
-4.61037343251055, -0.49941053288893755, -1.3072082669440634, 0.13279547428060767, 0.09281276794349025, -0.5426976741377084, False
4.1009404727762195, 3.2713768019696214, -1.2296369103283915, 0.13279547428060767, 0.09281276794349025, -0.5426976741377084, False
4.970281407275358, -1.2373391367412676, -0.03173397890112506, 0.13279547428060767, 0.09281276794349025, -0.5426976741377084, False
-0.9583528525838938, 3.4996921127315446, 0.6395472911389657, 0.13279547428060767, 0.09281276794349025, -0.5426976741377084, False
2.806082528176118, 0.1734830418471649, -2.9106998694767072, 0.13279547428060767, 0.09281276794349025, -0.5426976741377084, True
-3.076718338145665, -6.1471340423502605, 0.7098028409514243, 0.13279547428060767, 0.09281276794349025, -0.5426976741377084, False
-0.6700634790187783, 5.78657405898584, 0.3580254371481195, 0.13279547428060767, 0.09281276794349025, -0.5426976741377084, False
-0.8859115055755771, 6.0933078049654235, 0.38658787415499773, 0.13279547428060767, 0.09281276794349025, -0.5426976741377084, False
-1.6972444486377238, -2.96218082955671, 1.972888433661133, 0.13279547428060767, 0.09281276794349025, -0.5426976741377084, False
-1.430720544290769, 2.23622059291049, 2.6142627572013115, 0.13279547428060767, 0.09281276794349025, -0.5426976741377084, False
5.071538966476092, -0.694142463501934, -0.37414850463190685, 0.13279547428060767, 0.09281276794349025, -0.5426976741377084, False
-6.099456965017307, -0.10903087012306223, 0.762160462901377, 0.13279547428060767, 0.09281276794349025, -0.5426976741377084, False
0.043840818748416055, 6.121685198071223, -1.2232364277204544, 0.13279547428060767, 0.09281276794349025, -0.5426976741377084, False
-1.5944416106986097, -5.658462639756761, -0.44402132520938054, 0.13279547428060767, 0.09281276794349025, -0.5426976741377084, False
-3.5927292664487696, -5.659605624584694, 2.056812344974654, 0.13279547428060767, 0.09281276794349025, -0.5426976741377084, False
6.122515086818149, -3.7133557920333824, -1.791351641663964, 0.13279547428060767, 0.09281276794349025, -0.5426976741377084, False
1.0063727753892255, -3.64687756514189, 1.5225142456803198, 0.13279547428060767, 0.09281276794349025, -0.5426976741377084, False
0.2954691678350523, -1.0433609410476459, 1.2739358120072888, 0.13279547428060767, 0.09281276794349025, -0.5426976741377084, False
0.647131039010084, -5.014221218276118, -0.42276238194951343, 0.13279547428060767, 0.09281276794349025, -0.5426976741377084, True
0.41332997186663256, 5.658880591854295, 2.810642740084771, 0.13279547428060767, 0.09281276794349025, -0.5426976741377084, False
-2.7909910376603224, 6.06413837536217, 2.5838205471294113, 0.13279547428060767, 0.09281276794349025, -0.5426976741377084, False
-4.411290857863293, 3.950155473467861, 0.12341131515223935, 0.13279547428060767, 0.09281276794349025, -0.5426976741377084, False
-2.5142070812534643, -2.9362212880854517, -2.6668951781895434, 0.13279547428060767, 0.09281276794349025, -0.5426976741377084, False
-2.848159590784262, 2.8132943497922422, -0.774103513953861, 0.13279547428060767, 0.09281276794349025, -0.5426976741377084, False
5.447677761568746, -1.3647844980869674, 2.455231123443437, 0.13279547428060767, 0.09281276794349025, -0.5426976741377084, False
5.818168880609605, 0.5536611849114612, 3.1266100182906866, 0.13279547428060767, 0.09281276794349025, -0.5426976741377084, True
5.219566457719678, 6.02394509379544, 1.9316553802706418, 0.13279547428060767, 0.09281276794349025, -0.5426976741377084, False
-5.3303582970102115, -1.7593136242706038, 0.4163060762559412, 0.13279547428060767, 0.09281276794349025, -0.5426976741377084, False
-1.5067939337323466, -0.18689131141084037, -0.8914623709154297, 0.13279547428060767, 0.09281276794349025, -0.5426976741377084, False
5.5221008386244925, 2.336408378236186, 0.1606608461630601, 0.13279547428060767, 0.09281276794349025, -0.5426976741377084, False
3.2633589588827245, 1.577964829521287, 2.517966404591836, 0.13279547428060767, 0.09281276794349025, -0.5426976741377084, False
-0.49891200186419926, -1.4782284576628744, 0.9971977686337432, 0.13279547428060767, 0.09281276794349025, -0.5426976741377084, False
-2.3874666457017795, 4.053467541579449, 0.6335462522098729, 0.13279547428060767, 0.09281276794349025, -0.5426976741377084, False
-0.8212220328696187, -0.39876891749489474, -1.4151796331311055, 0.13279547428060767, 0.09281276794349025, -0.5426976741377084, False
-3.674564039711292, 5.7705869714894895, 0.44449307667467775, 0.13279547428060767, 0.09281276794349025, -0.5426976741377084, False
-3.9936195169506696, 3.9261946638322467, -0.26282148188800614, 0.13279547428060767, 0.09281276794349025, -0.5426976741377084, False
3.6955608194753857, -4.608169170979525, 0.23588875646037577, 0.13279547428060767, 0.09281276794349025, -0.5426976741377084, True
0.7790257216911813, 2.1976357173977394, -1.5195827008496692, 0.13279547428060767, 0.09281276794349025, -0.5426976741377084, True
6.123683465709711, -4.857230537555353, 2.19126823749483, 0.13279547428060767, 0.09281276794349025, -0.5426976741377084, False
-2.0597468386197306, 1.1739234042336149, -1.3355444293377694, 0.13279547428060767, 0.09281276794349025, -0.5426976741377084, False
-2.451321147110251, -0.9837517911039084, 2.1434224946889673, 0.13279547428060767, 0.09281276794349025, -0.5426976741377084, False
0.9021559389758416, 1.604768456178796, -0.3905714411957595, 0.13279547428060767, 0.09281276794349025, -0.5426976741377084, True
2.2294577731079475, 4.538707863591975, -0.4449428021960373, 0.13279547428060767, 0.09281276794349025, -0.5426976741377084, False
1.5398655246228676, 0.4599917140299752, 2.3956143716889065, 0.13279547428060767, 0.09281276794349025, -0.5426976741377084, False
-4.750289417977491, -5.814589006696849, 2.78943025240632, 0.13279547428060767, 0.09281276794349025, -0.5426976741377084, False
-5.23602314867682, -4.472308040767938, 0.31079048784392604, 0.13279547428060767, 0.09281276794349025, -0.5426976741377084, False
3.846102274817799, 5.700470287867654, 0.8104694101141341, 0.13279547428060767, 0.09281276794349025, -0.5426976741377084, False
1.732943037502782, 1.6762797583063094, 0.28049641330955, 0.13279547428060767, 0.09281276794349025, -0.5426976741377084, False
1.4849746331739793, -5.728967205271866, -1.0847206794372775, 0.13279547428060767, 0.09281276794349025, -0.5426976741377084, False
-2.6320927341496527, -5.80457858418245, 1.9129947680665342, 0.13279547428060767, 0.09281276794349025, -0.5426976741377084, False
1.4820498263414343, -3.665825587091331, -2.6314070203513005, 0.13279547428060767, 0.09281276794349025, -0.5426976741377084, False
-2.1790612864515033, 1.9448578079591954, -2.405121101687836, 0.13279547428060767, 0.09281276794349025, -0.5426976741377084, False
4.2912782374962735, -3.8569854357166506, 2.618381151834485, 0.13279547428060767, 0.09281276794349025, -0.5426976741377084, False
1.1344590417280598, -2.2189025342315603, 1.5470794747316603, 0.13279547428060767, 0.09281276794349025, -0.5426976741377084, False
4.553703603072167, -0.7962233404357093, -1.193981318334546, 0.13279547428060767, 0.09281276794349025, -0.5426976741377084, False
4.0336877009177865, -1.731321435372493, 1.3882379580108806, 0.13279547428060767, 0.09281276794349025, -0.5426976741377084, False
