-3.883009034446954, 5.728036694465674, -0.05576568987011976, -0.0791952266588265, 0.4178215525792668, -0.0627295105741772, False
0.4009221206072473, -0.9320220741410683, -1.2725276252827182, -0.0791952266588265, 0.4178215525792668, -0.0627295105741772, False
4.916661100331515, -2.032950434003663, 2.751192852026887, -0.0791952266588265, 0.4178215525792668, -0.0627295105741772, False
-6.039516450614916, 4.232066512408878, -1.9868585454486267, -0.0791952266588265, 0.4178215525792668, -0.0627295105741772, False
1.3142171350004057, -0.19446449539310784, 0.8473742077169679, -0.0791952266588265, 0.4178215525792668, -0.0627295105741772, False
5.421325939636137, 2.187556700825038, -3.121247502973511, -0.0791952266588265, 0.4178215525792668, -0.0627295105741772, True
-0.6706730906032439, 5.611859355181512, 1.5326979201229385, -0.0791952266588265, 0.4178215525792668, -0.0627295105741772, False
1.6177193732945465, 2.9200401027234744, 1.414899853950505, -0.0791952266588265, 0.4178215525792668, -0.0627295105741772, False
-5.198488478822856, 0.3522954525763673, -2.2460759901081664, -0.0791952266588265, 0.4178215525792668, -0.0627295105741772, True
-6.2140752497980944, -0.1837238441046729, -2.485990639069663, -0.0791952266588265, 0.4178215525792668, -0.0627295105741772, False
0.9195178175104122, -2.1024570382527923, 1.890501666138297, -0.0791952266588265, 0.4178215525792668, -0.0627295105741772, False
5.531708680271718, -1.380710965729345, -1.4286255357750364, -0.0791952266588265, 0.4178215525792668, -0.0627295105741772, False
-1.227215470415488, 0.35017548931637243, 2.0654970988602095, -0.0791952266588265, 0.4178215525792668, -0.0627295105741772, False
1.5852899837250796, -1.5556642572005392, -2.6119530355098846, -0.0791952266588265, 0.4178215525792668, -0.0627295105741772, False
2.524391832712352, 5.159024898750381, -2.322369770346348, -0.0791952266588265, 0.4178215525792668, -0.0627295105741772, False
-0.18987730287127746, 1.4423914585185633, 1.2923131249267392, -0.0791952266588265, 0.4178215525792668, -0.0627295105741772, False
1.5547868429865996, 0.18298922683099317, 3.0570761332071115, -0.0791952266588265, 0.4178215525792668, -0.0627295105741772, True
2.5931258599155793, 1.4186147538252358, 2.680574646299929, -0.0791952266588265, 0.4178215525792668, -0.0627295105741772, False
-2.5410074510619194, 1.379562067484711, -2.2403405291334337, -0.0791952266588265, 0.4178215525792668, -0.0627295105741772, False
5.176257877945751, 5.070902096246964, -1.75406613988158, -0.0791952266588265, 0.4178215525792668, -0.0627295105741772, False
3.684175276130322, -0.6861086421302884, -0.764942863692101, -0.0791952266588265, 0.4178215525792668, -0.0627295105741772, False
-1.6331884392558509, 4.341913305761764, -1.4831016297159105, -0.0791952266588265, 0.4178215525792668, -0.0627295105741772, False
-4.355872163245802, -1.8749798683285865, 0.4287487339123457, -0.0791952266588265, 0.4178215525792668, -0.0627295105741772, False
5.387807150562649, 0.7127692021020646, 2.2994087892506654, -0.0791952266588265, 0.4178215525792668, -0.0627295105741772, False
4.0293858629477945, 3.56007082613157, -2.537893863108532, -0.0791952266588265, 0.4178215525792668, -0.0627295105741772, False
-2.4770163838293486, -2.78667142297105, -2.990919554828386, -0.0791952266588265, 0.4178215525792668, -0.0627295105741772, True
2.4738362597693886, -1.5731007013142442, 1.3258467952129251, -0.0791952266588265, 0.4178215525792668, -0.0627295105741772, False
1.163446179582209, -2.1724298009863903, 0.8863108089638425, -0.0791952266588265, 0.4178215525792668, -0.0627295105741772, False
-2.672159250834187, -3.6678912942153925, 2.5363153289706677, -0.0791952266588265, 0.4178215525792668, -0.0627295105741772, False
-4.444768585940766, -3.801069626283277, 0.7088125520363002, -0.0791952266588265, 0.4178215525792668, -0.0627295105741772, False
-6.157858149422811, 2.0081508601911544, -0.8816406500330478, -0.0791952266588265, 0.4178215525792668, -0.0627295105741772, False
-6.109923327824815, -3.9198220677614133, 0.6278275861114464, -0.0791952266588265, 0.4178215525792668, -0.0627295105741772, False
0.8671697980240056, 5.985081397479938, 0.7978495199505602, -0.0791952266588265, 0.4178215525792668, -0.0627295105741772, False
-4.225836444941098, 3.3362755718716848, -1.5838513145578774, -0.0791952266588265, 0.4178215525792668, -0.0627295105741772, False
1.060508563376998, 0.611684989976176, -1.8668159703948872, -0.0791952266588265, 0.4178215525792668, -0.0627295105741772, True
6.015418714422214, -2.5975762407550778, -0.6650208167669573, -0.0791952266588265, 0.4178215525792668, -0.0627295105741772, False
4.890996383716153, -5.4120094375199095, 1.555493901211312, -0.0791952266588265, 0.4178215525792668, -0.0627295105741772, False
-6.20580661828506, -4.9151641122098315, 3.100254615615299, -0.0791952266588265, 0.4178215525792668, -0.0627295105741772, True
-3.005123778792507, -5.340483649638822, -1.8209319911762167, -0.0791952266588265, 0.4178215525792668, -0.0627295105741772, False
4.735896497108508, -0.765680097424406, -2.5241523922993805, -0.0791952266588265, 0.4178215525792668, -0.0627295105741772, False
4.393479222758076, -0.6632645111971973, -2.1381394175947293, -0.0791952266588265, 0.4178215525792668, -0.0627295105741772, False
-3.703021696028139, -3.8857667355683523, -2.333183850542715, -0.0791952266588265, 0.4178215525792668, -0.0627295105741772, False
0.43124264058914097, -1.9073047686494524, 0.1750680524042476, -0.0791952266588265, 0.4178215525792668, -0.0627295105741772, False
-0.14415551040342933, 1.8466266091433567, -0.47099721589279886, -0.0791952266588265, 0.4178215525792668, -0.0627295105741772, False
-4.549771993546603, -2.376302996217333, -0.14870011755810797, -0.0791952266588265, 0.4178215525792668, -0.0627295105741772, False
0.5107922801885802, -5.088279716826835, 0.00022209869295020113, -0.0791952266588265, 0.4178215525792668, -0.0627295105741772, False
1.5938470173116608, 1.732987023930237, -1.5972974070104393, -0.0791952266588265, 0.4178215525792668, -0.0627295105741772, False
5.250591098666959, -6.102245676175854, 2.3205835495229428, -0.0791952266588265, 0.4178215525792668, -0.0627295105741772, False
2.877277514522399, -0.04052821244202853, -1.7121043797249278, -0.0791952266588265, 0.4178215525792668, -0.0627295105741772, False
4.5994444105198085, -2.8455819897944, -2.7479031789767983, -0.0791952266588265, 0.4178215525792668, -0.0627295105741772, False
1.488333369293195, 3.3464982950198365, -2.494587859985029, -0.0791952266588265, 0.4178215525792668, -0.0627295105741772, False
-5.547479055243491, 0.15844754651255055, -2.909923175562457, -0.0791952266588265, 0.4178215525792668, -0.0627295105741772, True
-2.6148336418624694, -2.448129131410653, 1.5847140005014584, -0.0791952266588265, 0.4178215525792668, -0.0627295105741772, False
-2.19047957597144, -0.5246419869655821, 2.6324700513159414, -0.0791952266588265, 0.4178215525792668, -0.0627295105741772, False
2.9502860162136972, -5.166410244077241, 1.8452596823428005, -0.0791952266588265, 0.4178215525792668, -0.0627295105741772, False
-1.1408608390585488, 4.34538563290951, 0.5164842786713768, -0.0791952266588265, 0.4178215525792668, -0.0627295105741772, False
-1.5024592218795627, 5.474896849809268, 0.2831359642038058, -0.0791952266588265, 0.4178215525792668, -0.0627295105741772, False
-3.0433859247397037, 4.404868680338835, 1.1967292467495385, -0.0791952266588265, 0.4178215525792668, -0.0627295105741772, False
-2.3455568071425383, 0.15713680188248969, -1.3722312205828384, -0.0791952266588265, 0.4178215525792668, -0.0627295105741772, False
3.8799156326253765, 2.9458751529113805, 0.3594415044894479, -0.0791952266588265, 0.4178215525792668, -0.0627295105741772, False
-4.230817262636066, -3.277631196847837, -0.3952609491926564, -0.0791952266588265, 0.4178215525792668, -0.0627295105741772, False
-0.29647810637467664, 0.22290326498292057, 0.20848104184551897, -0.0791952266588265, 0.4178215525792668, -0.0627295105741772, False
-2.48740867434148, 2.2748933878538082, -1.1987032236249129, -0.0791952266588265, 0.4178215525792668, -0.0627295105741772, False
-6.138339129305801, 3.6479377713408834, -1.3064477803947239, -0.0791952266588265, 0.4178215525792668, -0.0627295105741772, False
-3.736810504354393, -1.4141598075765547, 0.959963328917584, -0.0791952266588265, 0.4178215525792668, -0.0627295105741772, False
3.2235316937627285, 4.693981872081965, 0.23108867696289037, -0.0791952266588265, 0.4178215525792668, -0.0627295105741772, False
2.616277370079194, 5.226350387304171, -2.6102781037945655, -0.0791952266588265, 0.4178215525792668, -0.0627295105741772, False
-5.256031340731875, -3.3804195539919317, 2.8583719837194783, -0.0791952266588265, 0.4178215525792668, -0.0627295105741772, True
-0.5150538753551803, -5.588573322735412, 0.5028461757564768, -0.0791952266588265, 0.4178215525792668, -0.0627295105741772, False
-4.794793812027438, -4.621100207090889, -1.577322327382673, -0.0791952266588265, 0.4178215525792668, -0.0627295105741772, False
-4.602866951259065, -2.3914942155039762, -2.0111353362410664, -0.0791952266588265, 0.4178215525792668, -0.0627295105741772, False
-4.440473226967941, 5.286443710538686, -0.42542843100477157, -0.0791952266588265, 0.4178215525792668, -0.0627295105741772, False
-3.39738530049986, 3.2012713411262315, -0.920643190788418, -0.0791952266588265, 0.4178215525792668, -0.0627295105741772, False
-2.598267892901456, 2.1310406338704375, -0.451799802209051, -0.0791952266588265, 0.4178215525792668, -0.0627295105741772, False
-0.32941852189253673, -1.4126566492950197, 1.6632821471814996, -0.0791952266588265, 0.4178215525792668, -0.0627295105741772, False
-3.3051414861312263, -5.171322311803186, 3.0434059580166695, -0.0791952266588265, 0.4178215525792668, -0.0627295105741772, True
3.6590011632680124, -1.685302875568964, -1.1926802317779837, -0.0791952266588265, 0.4178215525792668, -0.0627295105741772, False
-4.86191398718659, 5.401112184724811, 0.7540463851008266, -0.0791952266588265, 0.4178215525792668, -0.0627295105741772, False
1.7228642190162375, 3.238670272280059, 0.402224998650464, -0.0791952266588265, 0.4178215525792668, -0.0627295105741772, False
-1.6908257114284257, -1.653088029494187, -0.05823383927136172, -0.0791952266588265, 0.4178215525792668, -0.0627295105741772, False
1.7289643324628745, -1.6304729583152202, -1.8599496517416458, -0.0791952266588265, 0.4178215525792668, -0.0627295105741772, False
-0.0015798527092378833, 0.9115475297277369, -1.0950545412421402, -0.0791952266588265, 0.4178215525792668, -0.0627295105741772, False
1.1189032257768785, 5.269182614065787, 1.1949857996644981, -0.0791952266588265, 0.4178215525792668, -0.0627295105741772, False
3.801291427059338, -4.38835689235534, 0.5726612953403207, -0.0791952266588265, 0.4178215525792668, -0.0627295105741772, False
0.9169537606914275, -1.6761558390905646, 0.43016733306037613, -0.0791952266588265, 0.4178215525792668, -0.0627295105741772, False
2.609243682480594, -0.6366552518925541, 0.6551997691614555, -0.0791952266588265, 0.4178215525792668, -0.0627295105741772, False
0.624304670681469, -3.9959818112174155, -1.6731050711515836, -0.0791952266588265, 0.4178215525792668, -0.0627295105741772, False
-3.503914228374355, -0.7172253830795245, -2.9172975468721876, -0.0791952266588265, 0.4178215525792668, -0.0627295105741772, True
-2.759133009075579, -3.0987897588848994, 1.3025733426653003, -0.0791952266588265, 0.4178215525792668, -0.0627295105741772, False
1.330593264158777, -5.768190381605392, -0.9792028352307232, -0.0791952266588265, 0.4178215525792668, -0.0627295105741772, True
-4.412967495717051, -0.5202706213655359, 1.3886866085687402, -0.0791952266588265, 0.4178215525792668, -0.0627295105741772, False
-0.8803679657176389, 0.7039582544958867, 0.019717464608343338, -0.0791952266588265, 0.4178215525792668, -0.0627295105741772, False
4.34047618469164, 0.378940741509437, 0.038268105157555965, -0.0791952266588265, 0.4178215525792668, -0.0627295105741772, False
3.9122273066271376, -2.4848849236783623, 0.012474088121122051, -0.0791952266588265, 0.4178215525792668, -0.0627295105741772, False
2.81313426240237, -0.2953763658997417, -1.605978514716807, -0.0791952266588265, 0.4178215525792668, -0.0627295105741772, False
-4.435577749990714, 1.3947834864263937, 2.5055778030322013, -0.0791952266588265, 0.4178215525792668, -0.0627295105741772, False
-1.3088553600371062, 1.5016816545639413, -1.5079543648691063, -0.0791952266588265, 0.4178215525792668, -0.0627295105741772, False
-2.7306820805293643, -5.5874835082490755, -2.3460132011035872, -0.0791952266588265, 0.4178215525792668, -0.0627295105741772, False
-0.4172222742064262, -3.336956577817234, -1.5264497241195703, -0.0791952266588265, 0.4178215525792668, -0.0627295105741772, False
0.2688302015269377, -2.9663334878096523, 1.664135614932075, -0.0791952266588265, 0.4178215525792668, -0.0627295105741772, False
