2.0263705149214832, -5.41021317640868, -1.838302139657155, -0.18254121868884132, -0.39072535687300425, -0.6396939014706103, False
-5.668121816397814, 5.6070862082742465, 1.0699815513298594, -0.18254121868884132, -0.39072535687300425, -0.6396939014706103, False
-0.05242414615925206, -2.901865120997149, 0.7410410641499281, -0.18254121868884132, -0.39072535687300425, -0.6396939014706103, False
4.426031000270328, 3.9281684455426635, 1.3951965775956294, -0.18254121868884132, -0.39072535687300425, -0.6396939014706103, False
-3.797415312829821, 5.3492641903096025, -3.0996969678914965, -0.18254121868884132, -0.39072535687300425, -0.6396939014706103, True
-2.559550975688495, -2.0235828958149717, 0.6668314842508591, -0.18254121868884132, -0.39072535687300425, -0.6396939014706103, False
5.100514618626422, -4.139446156374148, -2.4361364978441875, -0.18254121868884132, -0.39072535687300425, -0.6396939014706103, False
3.6116030457960484, 2.389320450838129, 1.7756116830643167, -0.18254121868884132, -0.39072535687300425, -0.6396939014706103, False
5.20021908686806, -0.8861056173233397, -1.809653168309295, -0.18254121868884132, -0.39072535687300425, -0.6396939014706103, False
-3.685419193331026, 0.5731004497299272, -0.6308002143026923, -0.18254121868884132, -0.39072535687300425, -0.6396939014706103, False
-5.995661193338447, 2.8016174361760022, 2.330661718278236, -0.18254121868884132, -0.39072535687300425, -0.6396939014706103, False
-4.344037208365125, -0.7283428509650429, -0.917691468081288, -0.18254121868884132, -0.39072535687300425, -0.6396939014706103, False
2.1351344335686395, -3.158597139129481, -0.870593632426357, -0.18254121868884132, -0.39072535687300425, -0.6396939014706103, False
1.7832651145612264, -4.581685242720912, 2.801671873876101, -0.18254121868884132, -0.39072535687300425, -0.6396939014706103, False
-0.8524000692785441, -0.6204998663000012, -0.933421783270052, -0.18254121868884132, -0.39072535687300425, -0.6396939014706103, False
-0.3157971838723306, 5.69666363278813, -2.605439015137314, -0.18254121868884132, -0.39072535687300425, -0.6396939014706103, False
2.570158254147225, -1.6089525083750749, 1.9658267839914174, -0.18254121868884132, -0.39072535687300425, -0.6396939014706103, False
-1.7978355205334973, -1.8078918811543554, -1.4435178046985289, -0.18254121868884132, -0.39072535687300425, -0.6396939014706103, False
-3.4527876655656096, -3.639867110375577, -2.0848442386646537, -0.18254121868884132, -0.39072535687300425, -0.6396939014706103, False
2.918969030084792, 3.025049471257665, 2.178040029557244, -0.18254121868884132, -0.39072535687300425, -0.6396939014706103, False
-5.221212930856684, 1.4575435105469365, 0.056877454550345874, -0.18254121868884132, -0.39072535687300425, -0.6396939014706103, False
-1.680173135037589, -6.2669128486767045, -1.3329491260124664, -0.18254121868884132, -0.39072535687300425, -0.6396939014706103, False
4.480783820558944, -1.4594872197907227, -2.7358042450302853, -0.18254121868884132, -0.39072535687300425, -0.6396939014706103, False
2.2291346472910245, 0.4177826998808962, -1.3646439183672368, -0.18254121868884132, -0.39072535687300425, -0.6396939014706103, False
-1.115580641213766, -4.93779777212859, -1.4407602367835135, -0.18254121868884132, -0.39072535687300425, -0.6396939014706103, False
-1.287892585319148, -2.8199894353154447, 2.0140996085519687, -0.18254121868884132, -0.39072535687300425, -0.6396939014706103, False
0.4717030249151861, 5.397580540661126, -2.559953208239224, -0.18254121868884132, -0.39072535687300425, -0.6396939014706103, False
0.9243493600516235, 5.979519892660104, -0.937302315699104, -0.18254121868884132, -0.39072535687300425, -0.6396939014706103, False
6.030502156993222, -0.3675786410557311, -2.515795210578684, -0.18254121868884132, -0.39072535687300425, -0.6396939014706103, False
3.457169909370455, -0.484839941096487, 0.40467670610416073, -0.18254121868884132, -0.39072535687300425, -0.6396939014706103, False
4.689972904031579, 2.021043495599214, -2.7743851648171654, -0.18254121868884132, -0.39072535687300425, -0.6396939014706103, False
-5.4182570612445105, 0.7131441964636895, -1.1256126657285082, -0.18254121868884132, -0.39072535687300425, -0.6396939014706103, False
2.495271445420629, 2.624280389587593, 1.361285992931978, -0.18254121868884132, -0.39072535687300425, -0.6396939014706103, False
2.163047343986536, 0.08254553460209024, -2.298331188180789, -0.18254121868884132, -0.39072535687300425, -0.6396939014706103, False
-4.747371433107288, 5.390061919590449, -2.908535237675777, -0.18254121868884132, -0.39072535687300425, -0.6396939014706103, True
-4.901155910425531, 4.41294954290211, 0.21751269981897758, -0.18254121868884132, -0.39072535687300425, -0.6396939014706103, False
1.962809060287011, 1.7763642295781494, 1.4401848692210288, -0.18254121868884132, -0.39072535687300425, -0.6396939014706103, False
-4.485993625845563, 4.867286395605825, 2.755950952951972, -0.18254121868884132, -0.39072535687300425, -0.6396939014706103, False
5.182923304130576, -4.725903862633382, 2.5484259516175065, -0.18254121868884132, -0.39072535687300425, -0.6396939014706103, False
1.4231658921531398, -5.006697063448841, 1.2149928337876181, -0.18254121868884132, -0.39072535687300425, -0.6396939014706103, False
0.31827539952689055, 0.4879393804383909, -1.2877319278238608, -0.18254121868884132, -0.39072535687300425, -0.6396939014706103, False
-1.2539894317226699, 1.1802891627152547, -1.6836625796362996, -0.18254121868884132, -0.39072535687300425, -0.6396939014706103, False
-0.4437437079322981, 3.2861724537095753, -3.09677599172939, -0.18254121868884132, -0.39072535687300425, -0.6396939014706103, True
-2.943711237515599, -2.7253284448759105, 2.528753871627967, -0.18254121868884132, -0.39072535687300425, -0.6396939014706103, False
3.8154506278653813, -3.596482003440965, -2.319336564308888, -0.18254121868884132, -0.39072535687300425, -0.6396939014706103, False
-4.807895193154678, 4.124037666154866, 2.8773349725548085, -0.18254121868884132, -0.39072535687300425, -0.6396939014706103, True
-4.119754095708888, -5.44845532067922, -2.9256145218804837, -0.18254121868884132, -0.39072535687300425, -0.6396939014706103, True
3.136504840087241, 2.15122549032332, -1.13863459223945, -0.18254121868884132, -0.39072535687300425, -0.6396939014706103, False
0.0936111694342685, -0.9461025215471199, 0.18533322248836326, -0.18254121868884132, -0.39072535687300425, -0.6396939014706103, False
-2.1583301235549035, -2.7091237101748655, -1.6965155654803095, -0.18254121868884132, -0.39072535687300425, -0.6396939014706103, False
3.522398871486624, -1.4441690619660328, 2.87898053604411, -0.18254121868884132, -0.39072535687300425, -0.6396939014706103, False
-1.1419322937672103, -0.6795656584240213, -1.9140230008662722, -0.18254121868884132, -0.39072535687300425, -0.6396939014706103, False
-2.225027333823947, 3.79748330041018, -0.3459543528986271, -0.18254121868884132, -0.39072535687300425, -0.6396939014706103, False
-3.64743712021408, 2.1847793819260843, -0.5875038706654383, -0.18254121868884132, -0.39072535687300425, -0.6396939014706103, False
3.459821613805108, -3.6006009603431393, -0.6865750198469818, -0.18254121868884132, -0.39072535687300425, -0.6396939014706103, False
-5.392537470094486, 4.089834818326317, -1.953291893029335, -0.18254121868884132, -0.39072535687300425, -0.6396939014706103, False
-2.7640065797766167, -0.37473086205239614, -2.04245309005497, -0.18254121868884132, -0.39072535687300425, -0.6396939014706103, False
5.019014470054541, -6.036220309926169, 1.7721273569649902, -0.18254121868884132, -0.39072535687300425, -0.6396939014706103, False
-3.4703389044139596, -0.8374782667533989, -2.7934770376260567, -0.18254121868884132, -0.39072535687300425, -0.6396939014706103, False
5.400878985276542, -6.194548729070951, -3.036836028748266, -0.18254121868884132, -0.39072535687300425, -0.6396939014706103, True
-6.2142080781631925, 0.8476885861058054, 2.9740510031293397, -0.18254121868884132, -0.39072535687300425, -0.6396939014706103, True
0.8110147057851318, 5.342001393429184, -0.8166261294002277, -0.18254121868884132, -0.39072535687300425, -0.6396939014706103, False
-4.88194994568446, 2.971376169687563, 0.8417892898385633, -0.18254121868884132, -0.39072535687300425, -0.6396939014706103, False
-1.4045399859468866, -4.929777416995387, 0.7304570939501778, -0.18254121868884132, -0.39072535687300425, -0.6396939014706103, False
-1.4703429536604595, -1.6469680938417328, -2.2937149462387914, -0.18254121868884132, -0.39072535687300425, -0.6396939014706103, False
-5.618076164514237, -4.408594605644704, -2.341848795900574, -0.18254121868884132, -0.39072535687300425, -0.6396939014706103, False
1.5664049748866313, -4.557717984145714, -0.954123724769258, -0.18254121868884132, -0.39072535687300425, -0.6396939014706103, False
-4.84410353873186, 1.7731683515674703, 0.7651868698023767, -0.18254121868884132, -0.39072535687300425, -0.6396939014706103, True
5.73871437050723, -5.667738001378493, -0.8789302611410736, -0.18254121868884132, -0.39072535687300425, -0.6396939014706103, False
-3.0579375805863838, -5.336314949648227, 1.771612719806134, -0.18254121868884132, -0.39072535687300425, -0.6396939014706103, False
-5.019478696740714, -0.572077137538451, 2.1464897380640062, -0.18254121868884132, -0.39072535687300425, -0.6396939014706103, False
2.279706907933072, -2.1205949318030353, -2.33102335666775, -0.18254121868884132, -0.39072535687300425, -0.6396939014706103, False
-3.086186455369648, -2.673981684485289, -1.1916347987296108, -0.18254121868884132, -0.39072535687300425, -0.6396939014706103, False
-1.5413984915827967, -1.357256472969901, 1.6590328101493235, -0.18254121868884132, -0.39072535687300425, -0.6396939014706103, False
-1.3244210511063939, 4.181022676784245, 2.9350819484035062, -0.18254121868884132, -0.39072535687300425, -0.6396939014706103, True
3.750479716756937, -5.868460815007306, -1.785958395756018, -0.18254121868884132, -0.39072535687300425, -0.6396939014706103, False
-2.5987936630287716, 3.5431446110382723, 0.9319750661904473, -0.18254121868884132, -0.39072535687300425, -0.6396939014706103, False
1.5766610836356918, 2.2322209979301917, 1.243865165526782, -0.18254121868884132, -0.39072535687300425, -0.6396939014706103, False
-5.461165180840072, 6.151690371424438, -0.10014455343704176, -0.18254121868884132, -0.39072535687300425, -0.6396939014706103, False
5.6872606510490815, 1.716017085791103, -2.8815911559790632, -0.18254121868884132, -0.39072535687300425, -0.6396939014706103, True
5.346707772003155, 4.14346815807129, -2.4942182768175374, -0.18254121868884132, -0.39072535687300425, -0.6396939014706103, False
4.189133063644938, -1.2055346544262786, 0.8177805001155978, -0.18254121868884132, -0.39072535687300425, -0.6396939014706103, False
4.887009582176981, 1.2731114706898596, -0.8993542786163413, -0.18254121868884132, -0.39072535687300425, -0.6396939014706103, False
4.2355006285172205, 4.324874009262773, 0.07341166662206877, -0.18254121868884132, -0.39072535687300425, -0.6396939014706103, False
5.275366331080473, 1.0420629248572988, -2.6098756562578176, -0.18254121868884132, -0.39072535687300425, -0.6396939014706103, False
-0.2150681536062109, -4.082659108006025, -2.833439847334651, -0.18254121868884132, -0.39072535687300425, -0.6396939014706103, False
6.074302523201544, 2.704878552360176, 0.6971887027187353, -0.18254121868884132, -0.39072535687300425, -0.6396939014706103, False
1.337577645985939, 0.11708739802298318, 2.0434330931937605, -0.18254121868884132, -0.39072535687300425, -0.6396939014706103, False
-1.3786423106168728, 0.7111694330838976, 1.7406464203582654, -0.18254121868884132, -0.39072535687300425, -0.6396939014706103, False
-0.10983478260300217, -1.3776914806463925, 1.3465839425827095, -0.18254121868884132, -0.39072535687300425, -0.6396939014706103, False
-0.64125814460672, 4.323255790611723, -0.8308165698922036, -0.18254121868884132, -0.39072535687300425, -0.6396939014706103, False
-1.685917093968758, 0.1025973921621155, 0.13498564244358757, -0.18254121868884132, -0.39072535687300425, -0.6396939014706103, False
1.26577586749812, 0.624323304460872, -1.83236041214156, -0.18254121868884132, -0.39072535687300425, -0.6396939014706103, False
0.26779356715703706, -2.204956437783296, -2.995916844299906, -0.18254121868884132, -0.39072535687300425, -0.6396939014706103, True
0.8202740119463154, 3.796505913995583, 0.15338211270343738, -0.18254121868884132, -0.39072535687300425, -0.6396939014706103, False
0.8192400327463973, -4.6250350471009245, -1.160157328839673, -0.18254121868884132, -0.39072535687300425, -0.6396939014706103, False
5.649195365479677, 2.9224890732567026, -0.7927057544172325, -0.18254121868884132, -0.39072535687300425, -0.6396939014706103, False
1.9018695510127763, -0.6938039169714347, -0.03386380707890524, -0.18254121868884132, -0.39072535687300425, -0.6396939014706103, False
-4.920822106893361, 5.729098773971982, 0.8257844793898563, -0.18254121868884132, -0.39072535687300425, -0.6396939014706103, False
1.5047269028663726, -3.3920251682518514, 3.1362069249847613, -0.18254121868884132, -0.39072535687300425, -0.6396939014706103, True
-2.9229425068853554, -2.256195058968631, 1.7680120638963386, -0.18254121868884132, -0.39072535687300425, -0.6396939014706103, False
-5.7812196371535265, 3.9020418191528936, 0.8652145386733165, -0.18254121868884132, -0.39072535687300425, -0.6396939014706103, False
-3.568532954214346, 1.4604473769007775, -0.7106294244770437, -0.18254121868884132, -0.39072535687300425, -0.6396939014706103, False
-1.8397875030216202, -5.677744872185178, -2.143323572912316, -0.18254121868884132, -0.39072535687300425, -0.6396939014706103, False
4.854520682636121, -5.227425697536331, 2.1324111299395643, -0.18254121868884132, -0.39072535687300425, -0.6396939014706103, False
-4.373105906511152, 5.316040759679403, -0.30884470859382196, -0.18254121868884132, -0.39072535687300425, -0.6396939014706103, False
2.464946181077618, 3.681226251384281, -1.188436982797205, -0.18254121868884132, -0.39072535687300425, -0.6396939014706103, False
-4.994607293430437, -5.041964352813002, -1.9699672465671554, -0.18254121868884132, -0.39072535687300425, -0.6396939014706103, False
-5.924063887887289, 5.466552495679288, -2.416863925342094, -0.18254121868884132, -0.39072535687300425, -0.6396939014706103, False
-1.7614489073871384, -1.7800969923956815, 1.74958477084287, -0.18254121868884132, -0.39072535687300425, -0.6396939014706103, False
-2.876242360953479, 0.9772201225843311, -0.6069610890174846, -0.18254121868884132, -0.39072535687300425, -0.6396939014706103, False
1.3111970301152587, 0.20740937082017297, 0.24110868971695254, -0.18254121868884132, -0.39072535687300425, -0.6396939014706103, False
2.4744030569707505, -4.209710406929128, 0.18495684489174202, -0.18254121868884132, -0.39072535687300425, -0.6396939014706103, False
-3.2004407635037286, 1.9226364721567606, 1.2994996158587506, -0.18254121868884132, -0.39072535687300425, -0.6396939014706103, False
4.3566146830182575, 5.98730899724262, 2.9806239647615635, -0.18254121868884132, -0.39072535687300425, -0.6396939014706103, True
-5.758400113858165, 2.10772010779891, -0.3239082561148101, -0.18254121868884132, -0.39072535687300425, -0.6396939014706103, False
-3.9027247022783507, -2.6837194290134674, 2.123561056646512, -0.18254121868884132, -0.39072535687300425, -0.6396939014706103, False
-1.383726621099357, 3.341581875081493, -1.7950821834826935, -0.18254121868884132, -0.39072535687300425, -0.6396939014706103, False
-3.091132909995458, -0.42885497877945244, -0.18049458639807625, -0.18254121868884132, -0.39072535687300425, -0.6396939014706103, False
0.7845573294167654, 1.872397384293805, -1.9406749752503882, -0.18254121868884132, -0.39072535687300425, -0.6396939014706103, False
-0.8160565757682674, 3.3167019765972423, -1.7494204386553687, -0.18254121868884132, -0.39072535687300425, -0.6396939014706103, False
-4.011289341370514, -1.5144727113673264, 0.5472386630082222, -0.18254121868884132, -0.39072535687300425, -0.6396939014706103, False
1.1416462329822519, 3.129911412675712, -1.1814022467066088, -0.18254121868884132, -0.39072535687300425, -0.6396939014706103, False
-2.8578416273840923, 0.35178271541508455, -3.0766451232596417, -0.18254121868884132, -0.39072535687300425, -0.6396939014706103, True
-1.2848814072764725, 4.742899496271026, -2.209592694701254, -0.18254121868884132, -0.39072535687300425, -0.6396939014706103, False
0.15826495030120658, -6.039303023652945, -3.0290399929152763, -0.18254121868884132, -0.39072535687300425, -0.6396939014706103, True
-1.4340603993811483, -3.6964708723649147, 1.6302418063380006, -0.18254121868884132, -0.39072535687300425, -0.6396939014706103, False
-2.293655922056536, 3.465627615512556, 2.6102760436473034, -0.18254121868884132, -0.39072535687300425, -0.6396939014706103, False
3.5535215402682105, 0.5792546318786522, 2.5386034286388535, -0.18254121868884132, -0.39072535687300425, -0.6396939014706103, False
1.467500270516351, 3.4973733587813527, 2.8313080937016863, -0.18254121868884132, -0.39072535687300425, -0.6396939014706103, False
-2.3483347559676484, -0.15143812457403616, -1.4923561323453296, -0.18254121868884132, -0.39072535687300425, -0.6396939014706103, False
5.740201041802754, -4.117454083134028, 2.1448672836078746, -0.18254121868884132, -0.39072535687300425, -0.6396939014706103, False
-3.814422974327753, 4.454490845506566, 2.71665560901869, -0.18254121868884132, -0.39072535687300425, -0.6396939014706103, False
-2.977184275070665, 1.9661592932573235, -3.0394346135111845, -0.18254121868884132, -0.39072535687300425, -0.6396939014706103, True
6.088410224414449, -0.9224733416323865, -1.1848099453910312, -0.18254121868884132, -0.39072535687300425, -0.6396939014706103, False
1.3776370547948718, -4.599621402466928, -1.8790382982757206, -0.18254121868884132, -0.39072535687300425, -0.6396939014706103, False
3.114515755517214, 4.5353590992279535, 0.7578696150001796, -0.18254121868884132, -0.39072535687300425, -0.6396939014706103, False
-0.8394986125106074, -0.24652732103178998, -2.5397633613316577, -0.18254121868884132, -0.39072535687300425, -0.6396939014706103, False
4.237281455995417, 2.186111105823157, 0.7295400437889952, -0.18254121868884132, -0.39072535687300425, -0.6396939014706103, False
2.0346272735290913, 0.20353224406725712, -2.82283161354322, -0.18254121868884132, -0.39072535687300425, -0.6396939014706103, False
0.17331331320479393, -0.8990270977046517, 2.193646600629825, -0.18254121868884132, -0.39072535687300425, -0.6396939014706103, False
1.7556665292063283, 2.479466733452538, -0.5796166591547318, -0.18254121868884132, -0.39072535687300425, -0.6396939014706103, False
1.5156810093412734, -2.2647803914748517, -2.9505541208858994, -0.18254121868884132, -0.39072535687300425, -0.6396939014706103, True
-1.9566476569111568, 3.5641731880291, 1.818970819042959, -0.18254121868884132, -0.39072535687300425, -0.6396939014706103, False
2.9437881381037414, -0.4368379344862676, -1.3932628905174034, -0.18254121868884132, -0.39072535687300425, -0.6396939014706103, False
-1.410115557796301, -1.8341688431591967, 0.08030571338505421, -0.18254121868884132, -0.39072535687300425, -0.6396939014706103, False
0.02628691701877539, -4.828283520522162, 0.40523699631867105, -0.18254121868884132, -0.39072535687300425, -0.6396939014706103, False
-6.197836372758579, -3.5027310761722057, -1.9311361483562466, -0.18254121868884132, -0.39072535687300425, -0.6396939014706103, False
-5.245289658394085, -4.283746798762109, 0.6984431149160346, -0.18254121868884132, -0.39072535687300425, -0.6396939014706103, False
-4.12860171985798, 0.9668577785972206, -0.10942148305695376, -0.18254121868884132, -0.39072535687300425, -0.6396939014706103, False
-4.9361944684733405, 5.927048752298489, -2.6949178266144007, -0.18254121868884132, -0.39072535687300425, -0.6396939014706103, False
-3.39494242225967, -3.0328201427015733, 0.032642039430420766, -0.18254121868884132, -0.39072535687300425, -0.6396939014706103, False
-6.208310360953347, -5.450250870948703, -2.675293340609962, -0.18254121868884132, -0.39072535687300425, -0.6396939014706103, False
0.2945606353619965, 0.14324588967698126, 0.5350427162421436, -0.18254121868884132, -0.39072535687300425, -0.6396939014706103, False
4.662305299994294, -0.8766353931711306, -2.8226838388393487, -0.18254121868884132, -0.39072535687300425, -0.6396939014706103, False
-5.257461119804759, -0.38371009455043836, -0.4892749540217438, -0.18254121868884132, -0.39072535687300425, -0.6396939014706103, False
-2.7390741969251424, 3.754571756307687, -2.6743055224273267, -0.18254121868884132, -0.39072535687300425, -0.6396939014706103, False
-1.9855158280707803, 0.6336586720054704, -2.2957238525931527, -0.18254121868884132, -0.39072535687300425, -0.6396939014706103, False
3.1637572718039735, -2.6683761223409257, 2.9910121142235715, -0.18254121868884132, -0.39072535687300425, -0.6396939014706103, True
-0.8061010304516696, 4.1870782615070965, 0.6980239113878217, -0.18254121868884132, -0.39072535687300425, -0.6396939014706103, False
-1.0472139183410434, 2.170265379805027, -2.4269985405445014, -0.18254121868884132, -0.39072535687300425, -0.6396939014706103, False
-4.926021197874096, -5.490472590584554, -1.749107956297682, -0.18254121868884132, -0.39072535687300425, -0.6396939014706103, False
-1.3350803757668999, -0.6992129070052675, -1.5172772910279955, -0.18254121868884132, -0.39072535687300425, -0.6396939014706103, False
-5.259272982069153, 4.368058551387126, 2.450796422101968, -0.18254121868884132, -0.39072535687300425, -0.6396939014706103, False
0.7178678412398263, 5.997045423204618, 1.5289276875723363, -0.18254121868884132, -0.39072535687300425, -0.6396939014706103, False
0.2406007483920103, 4.459802352750453, 1.2092160421250737, -0.18254121868884132, -0.39072535687300425, -0.6396939014706103, False
3.722731040251837, 4.603773489966024, -3.085225529396317, -0.18254121868884132, -0.39072535687300425, -0.6396939014706103, True
4.992953949524431, 2.9451582275433292, -0.7568732938700578, -0.18254121868884132, -0.39072535687300425, -0.6396939014706103, False
-0.17799038554491542, 0.36402533874325993, 1.8363142077880727, -0.18254121868884132, -0.39072535687300425, -0.6396939014706103, False
5.7781788323455405, -0.8861669084807184, -2.416753529912572, -0.18254121868884132, -0.39072535687300425, -0.6396939014706103, False
-2.3819988491631543, -0.5304972929206313, 0.305600257098007, -0.18254121868884132, -0.39072535687300425, -0.6396939014706103, False
3.2354103741359257, 3.6958049573558878, -2.9538641352111594, -0.18254121868884132, -0.39072535687300425, -0.6396939014706103, True
-4.529593535395869, -5.736264931409925, -0.7028566865939823, -0.18254121868884132, -0.39072535687300425, -0.6396939014706103, False
-0.19909484855569382, -1.6262948000703927, -2.409691947709605, -0.18254121868884132, -0.39072535687300425, -0.6396939014706103, False
1.0630758231977468, 0.8241030654043549, 1.1066005600750781, -0.18254121868884132, -0.39072535687300425, -0.6396939014706103, False
-6.012168841429275, -3.776103956704766, -3.105912557050198, -0.18254121868884132, -0.39072535687300425, -0.6396939014706103, True
-2.818511218039687, -1.0879814733660194, -1.3784155829285862, -0.18254121868884132, -0.39072535687300425, -0.6396939014706103, False
1.5934426393391048, -4.823784205673887, -0.23537150674318852, -0.18254121868884132, -0.39072535687300425, -0.6396939014706103, False
1.1070332191792263, 3.8827951417180238, -1.1555574394836727, -0.18254121868884132, -0.39072535687300425, -0.6396939014706103, False
-4.55269132293733, 3.1404156718942424, -2.046882504754615, -0.18254121868884132, -0.39072535687300425, -0.6396939014706103, False
-5.026924831108295, 0.8882642665425537, 2.8827098963184294, -0.18254121868884132, -0.39072535687300425, -0.6396939014706103, True
-3.097368240414117, 6.276269349236703, -0.24899234823667804, -0.18254121868884132, -0.39072535687300425, -0.6396939014706103, False
-3.654957984095897, 0.4142015313720062, -0.5528111034838861, -0.18254121868884132, -0.39072535687300425, -0.6396939014706103, False
4.089131154001425, 5.9353414671904225, -1.3153001183016055, -0.18254121868884132, -0.39072535687300425, -0.6396939014706103, False
5.003756562830306, 3.9099013640313736, -2.693136952513016, -0.18254121868884132, -0.39072535687300425, -0.6396939014706103, False
-3.4231153988611935, 2.896607612555858, -0.7601883640016203, -0.18254121868884132, -0.39072535687300425, -0.6396939014706103, False
-0.8804374688221221, -2.8212447949115678, 2.055568158568267, -0.18254121868884132, -0.39072535687300425, -0.6396939014706103, False
2.914213388287381, 1.3795710005443684, 0.5293098712994122, -0.18254121868884132, -0.39072535687300425, -0.6396939014706103, False
-4.912199521778989, -3.3309669566416016, 0.9437974373141138, -0.18254121868884132, -0.39072535687300425, -0.6396939014706103, False
-0.5949331166044267, -5.340517795403747, 3.061788353929461, -0.18254121868884132, -0.39072535687300425, -0.6396939014706103, True
4.056869279134315, 0.8270926036359718, 0.7987415262977446, -0.18254121868884132, -0.39072535687300425, -0.6396939014706103, False
5.220855344966335, 2.143215238974154, 2.36999504928664, -0.18254121868884132, -0.39072535687300425, -0.6396939014706103, False
-3.412336180341454, 3.543646356221222, 0.993580147407954, -0.18254121868884132, -0.39072535687300425, -0.6396939014706103, False
2.3953460183283273, 2.4383795976676534, 2.9848131069371586, -0.18254121868884132, -0.39072535687300425, -0.6396939014706103, True
4.7812538201368024, 1.8413247094559662, -1.577811878351502, -0.18254121868884132, -0.39072535687300425, -0.6396939014706103, False
-0.7401742630449215, 5.2526310045514855, -2.763712248723329, -0.18254121868884132, -0.39072535687300425, -0.6396939014706103, False
3.067812089105036, -4.576450300305299, -1.5334238424388222, -0.18254121868884132, -0.39072535687300425, -0.6396939014706103, False
-4.365179050427345, 5.757135341238781, 1.8289887154730824, -0.18254121868884132, -0.39072535687300425, -0.6396939014706103, False
1.796082831076717, -3.6228994077372674, 2.935684101784579, -0.18254121868884132, -0.39072535687300425, -0.6396939014706103, True
1.204244974046465, -5.928130734099257, -2.0907325388300855, -0.18254121868884132, -0.39072535687300425, -0.6396939014706103, False
