0.019463673101373757, 5.31953994827939, 1.2896917288358098, -0.4101806549816577, 0.14860902397176656, 0.7234839707424301, False
3.7585510739401613, 4.282151422801638, 2.2226357971483397, -0.4101806549816577, 0.14860902397176656, 0.7234839707424301, False
2.091909766678171, -4.486974782525128, 1.0710487530972141, -0.4101806549816577, 0.14860902397176656, 0.7234839707424301, False
3.5375952787605662, 0.563704062432465, -2.0331176914288775, -0.4101806549816577, 0.14860902397176656, 0.7234839707424301, False
6.124763009876551, -4.5287771408317505, -0.8274765374158983, -0.4101806549816577, 0.14860902397176656, 0.7234839707424301, False
3.7360523063042415, -4.577339182508923, -1.2423244256350923, -0.4101806549816577, 0.14860902397176656, 0.7234839707424301, False
-6.2061321945082755, -1.721588415763632, -1.816914251327995, -0.4101806549816577, 0.14860902397176656, 0.7234839707424301, False
-4.202787867113813, -3.0803007847037107, 1.1441793081226859, -0.4101806549816577, 0.14860902397176656, 0.7234839707424301, False
-3.989287653061953, 5.444768672392536, -1.9047928337388484, -0.4101806549816577, 0.14860902397176656, 0.7234839707424301, False
-5.360443873228737, -5.609605340377004, -2.786573060267027, -0.4101806549816577, 0.14860902397176656, 0.7234839707424301, False
2.2777664024063142, 4.09361963618905, 1.531661984990878, -0.4101806549816577, 0.14860902397176656, 0.7234839707424301, False
-6.106024654391024, 2.954188229348768, 2.597291414879579, -0.4101806549816577, 0.14860902397176656, 0.7234839707424301, False
-2.514614655945039, -4.689768008347394, 2.378543162298051, -0.4101806549816577, 0.14860902397176656, 0.7234839707424301, False
-1.2840310342833403, -5.653969219096051, 1.1582930647930167, -0.4101806549816577, 0.14860902397176656, 0.7234839707424301, False
2.7864467013027916, -2.2525438951255508, 0.7994434232270118, -0.4101806549816577, 0.14860902397176656, 0.7234839707424301, False
-5.304020288265305, 5.580364919563776, 3.009305543798728, -0.4101806549816577, 0.14860902397176656, 0.7234839707424301, True
-2.8344485941932334, -2.131501703405994, 0.9994831855188124, -0.4101806549816577, 0.14860902397176656, 0.7234839707424301, False
-2.1991093224597265, -5.451763031501412, 2.3578099667109855, -0.4101806549816577, 0.14860902397176656, 0.7234839707424301, False
1.8422665550239437, -0.6055772880452546, -1.7486608614207584, -0.4101806549816577, 0.14860902397176656, 0.7234839707424301, False
2.5270622205137645, -2.397909482785716, 2.953685210161101, -0.4101806549816577, 0.14860902397176656, 0.7234839707424301, True
2.431387040605168, 1.652715879948488, -1.4008922889817803, -0.4101806549816577, 0.14860902397176656, 0.7234839707424301, False
-2.506811092112735, 2.8328503825545894, -0.5173894856753511, -0.4101806549816577, 0.14860902397176656, 0.7234839707424301, False
1.2161740985627558, -4.560093601675311, -2.4827166135266805, -0.4101806549816577, 0.14860902397176656, 0.7234839707424301, False
0.07315285381983827, -2.25639842988788, 1.4933637746113062, -0.4101806549816577, 0.14860902397176656, 0.7234839707424301, False
2.2577766002013746, 2.4886349456263854, -0.8130418118156224, -0.4101806549816577, 0.14860902397176656, 0.7234839707424301, False
0.11848718025771898, -1.1324992790812924, 2.0180491897252297, -0.4101806549816577, 0.14860902397176656, 0.7234839707424301, False
-2.2672353434887835, -1.8591501486559316, -1.421046327590751, -0.4101806549816577, 0.14860902397176656, 0.7234839707424301, False
1.2774413893378558, 0.06557381928602535, 0.4133111378430301, -0.4101806549816577, 0.14860902397176656, 0.7234839707424301, False
-0.5075999512969656, -5.233460371699962, -1.7628170123963105, -0.4101806549816577, 0.14860902397176656, 0.7234839707424301, False
-6.059792630364743, -1.5228678165842764, 1.3368413194429758, -0.4101806549816577, 0.14860902397176656, 0.7234839707424301, False
4.197149964606012, -0.5606418910716933, 0.8870609856595841, -0.4101806549816577, 0.14860902397176656, 0.7234839707424301, False
2.124346781725322, -5.933437382897918, -0.7535265795459369, -0.4101806549816577, 0.14860902397176656, 0.7234839707424301, False
-1.1912691868490874, 4.833516888707829, -1.8698941937826898, -0.4101806549816577, 0.14860902397176656, 0.7234839707424301, False
-2.0155719652152344, -3.890807576754023, 0.7227665481839982, -0.4101806549816577, 0.14860902397176656, 0.7234839707424301, False
-3.0782371864686606, 6.1271529167034, -2.1135948658852524, -0.4101806549816577, 0.14860902397176656, 0.7234839707424301, False
0.11929857577939895, 5.691102282218104, 2.7041880704851726, -0.4101806549816577, 0.14860902397176656, 0.7234839707424301, False
-1.911369785498028, 4.576353314756933, 0.11602256467107619, -0.4101806549816577, 0.14860902397176656, 0.7234839707424301, False
2.463421118966755, 4.883993532303526, 0.15047928384448594, -0.4101806549816577, 0.14860902397176656, 0.7234839707424301, False
-5.269352021753097, -3.3496508569035752, 1.8350570353894273, -0.4101806549816577, 0.14860902397176656, 0.7234839707424301, False
-1.059279389227287, -3.23080472655355, 0.20437471158970189, -0.4101806549816577, 0.14860902397176656, 0.7234839707424301, False
3.7088586800119643, -3.049856727403048, -0.7517359133351058, -0.4101806549816577, 0.14860902397176656, 0.7234839707424301, False
-6.059656263261665, 2.7629592696579373, 0.17640473897993925, -0.4101806549816577, 0.14860902397176656, 0.7234839707424301, False
4.055229658636298, 2.8874263962957816, -2.653695942221895, -0.4101806549816577, 0.14860902397176656, 0.7234839707424301, False
3.308431258778093, 6.08730230822019, 2.313302141665579, -0.4101806549816577, 0.14860902397176656, 0.7234839707424301, False
3.8468993840491272, -3.350228403422539, -1.7057619953676026, -0.4101806549816577, 0.14860902397176656, 0.7234839707424301, False
-1.1647911934479334, 2.964747853870236, 0.02195838171415776, -0.4101806549816577, 0.14860902397176656, 0.7234839707424301, False
4.158203324378158, -1.3294505928078673, -2.3880668382490313, -0.4101806549816577, 0.14860902397176656, 0.7234839707424301, False
2.7840193770542054, 1.2671734219188746, -1.6954290895614716, -0.4101806549816577, 0.14860902397176656, 0.7234839707424301, False
-3.389358608910125, -3.2804113240799033, 2.283647413189354, -0.4101806549816577, 0.14860902397176656, 0.7234839707424301, False
1.5237966212174117, -1.2377472523493749, -1.7355486911287006, -0.4101806549816577, 0.14860902397176656, 0.7234839707424301, False
4.319976082764299, 1.536250875837534, 2.5762014132418454, -0.4101806549816577, 0.14860902397176656, 0.7234839707424301, False
0.6832801053358715, -1.7517130996529167, -1.6612541621110015, -0.4101806549816577, 0.14860902397176656, 0.7234839707424301, False
5.098941419681145, 5.212846683430197, -2.8858535185168, -0.4101806549816577, 0.14860902397176656, 0.7234839707424301, True
4.013086689552248, -0.8835308490714153, 2.2311218284297736, -0.4101806549816577, 0.14860902397176656, 0.7234839707424301, False
2.734925119429322, 3.6726676637525717, 0.4447761069408558, -0.4101806549816577, 0.14860902397176656, 0.7234839707424301, False
2.172344446895451, -2.660713785750716, 0.8067228055969253, -0.4101806549816577, 0.14860902397176656, 0.7234839707424301, False
3.385255310363485, -5.57772606779575, 3.0734891226709244, -0.4101806549816577, 0.14860902397176656, 0.7234839707424301, True
-3.5794377329962477, -2.58831868138436, -2.154880248668561, -0.4101806549816577, 0.14860902397176656, 0.7234839707424301, False
4.795519617896355, -3.8664131884492847, -2.6579766499411877, -0.4101806549816577, 0.14860902397176656, 0.7234839707424301, False
-4.777879620175529, -3.9459849763817303, -1.0135232928177853, -0.4101806549816577, 0.14860902397176656, 0.7234839707424301, False
-4.709282995095654, -4.022827142892982, 1.2012870305699543, -0.4101806549816577, 0.14860902397176656, 0.7234839707424301, False
3.5625214118857222, -0.0953549063282928, 0.9450852615799095, -0.4101806549816577, 0.14860902397176656, 0.7234839707424301, False
5.938598773444337, -0.5880722532154214, 1.3994181622934914, -0.4101806549816577, 0.14860902397176656, 0.7234839707424301, False
2.811937164785947, 1.1525854486660263, -2.9283561307597767, -0.4101806549816577, 0.14860902397176656, 0.7234839707424301, True
-1.4472008031334234, 4.448378381627817, 1.285678506735092, -0.4101806549816577, 0.14860902397176656, 0.7234839707424301, False
-2.0143410258577754, -1.7859777839958664, -2.0679612693386344, -0.4101806549816577, 0.14860902397176656, 0.7234839707424301, False
0.4403182859006929, 2.559630653655468, -1.765261703475922, -0.4101806549816577, 0.14860902397176656, 0.7234839707424301, False
0.9503957861318053, -4.382186900040565, 2.5918593745627243, -0.4101806549816577, 0.14860902397176656, 0.7234839707424301, False
3.2157611371914108, 3.8449087234595343, 0.9716304208913344, -0.4101806549816577, 0.14860902397176656, 0.7234839707424301, False
-5.702868840563815, -2.328634723255352, -1.4292955117127542, -0.4101806549816577, 0.14860902397176656, 0.7234839707424301, False
0.7570457904544767, 0.9901506955572934, 2.820379191571644, -0.4101806549816577, 0.14860902397176656, 0.7234839707424301, False
-2.3218960969166598, 3.7545839987165905, 0.17259032717634337, -0.4101806549816577, 0.14860902397176656, 0.7234839707424301, False
-1.5467026637812857, -5.574170352217665, -0.8026387712522185, -0.4101806549816577, 0.14860902397176656, 0.7234839707424301, False
-3.2428910485825364, 0.2172378015450267, -1.5029495200411114, -0.4101806549816577, 0.14860902397176656, 0.7234839707424301, False
1.2593955420024203, 2.302366405143921, 0.8134650108926271, -0.4101806549816577, 0.14860902397176656, 0.7234839707424301, False
2.9328718489849237, -4.221065296211924, 1.944862769558683, -0.4101806549816577, 0.14860902397176656, 0.7234839707424301, False
4.180424311080317, -0.631646076004249, 1.8834164215237283, -0.4101806549816577, 0.14860902397176656, 0.7234839707424301, False
1.2846877583292553, -4.1820928537332245, -3.113654453115895, -0.4101806549816577, 0.14860902397176656, 0.7234839707424301, True
-1.6657851659183969, 0.22400611490178868, -0.774797715378289, -0.4101806549816577, 0.14860902397176656, 0.7234839707424301, False
-4.8518519261921265, -4.781260518204466, 0.02602146342070677, -0.4101806549816577, 0.14860902397176656, 0.7234839707424301, False
-3.717474406110665, 3.827087141742018, -0.33120076387783737, -0.4101806549816577, 0.14860902397176656, 0.7234839707424301, False
1.1304223190444969, 3.353061283384763, -2.113462814974556, -0.4101806549816577, 0.14860902397176656, 0.7234839707424301, False
-3.3317736909271796, -2.692104519604807, 1.6023806280800734, -0.4101806549816577, 0.14860902397176656, 0.7234839707424301, False
5.160783118731326, -4.288041784707443, 2.181040908678858, -0.4101806549816577, 0.14860902397176656, 0.7234839707424301, False
-4.5878266459817585, -1.730724708621472, 1.9918143969375093, -0.4101806549816577, 0.14860902397176656, 0.7234839707424301, False
3.9297259457432023, 3.7930987541165955, 1.2098714562424258, -0.4101806549816577, 0.14860902397176656, 0.7234839707424301, False
5.307030376827919, -2.65515535335655, -2.847075573092493, -0.4101806549816577, 0.14860902397176656, 0.7234839707424301, False
1.4034468821905781, -1.2300012362714217, 1.83062853526053, -0.4101806549816577, 0.14860902397176656, 0.7234839707424301, False
-2.548042062669642, 0.42285580697369607, 1.6739801292919614, -0.4101806549816577, 0.14860902397176656, 0.7234839707424301, False
3.837501843090534, -4.820145500878526, 0.560817882628263, -0.4101806549816577, 0.14860902397176656, 0.7234839707424301, False
3.0528264772214264, 5.535913122339785, -0.1317798379253614, -0.4101806549816577, 0.14860902397176656, 0.7234839707424301, True
-3.4879039359260133, -2.9757434929441513, 0.726733004593517, -0.4101806549816577, 0.14860902397176656, 0.7234839707424301, False
-3.552470487566774, 0.7602478762651819, -2.7101505228102747, -0.4101806549816577, 0.14860902397176656, 0.7234839707424301, False
6.230813506364866, -2.2682388408799037, 2.353999663260981, -0.4101806549816577, 0.14860902397176656, 0.7234839707424301, False
-2.4281377549095153, 2.9025700926200315, 2.403756188781327, -0.4101806549816577, 0.14860902397176656, 0.7234839707424301, False
-6.057147342203487, -4.500210754133258, 2.3255583370419872, -0.4101806549816577, 0.14860902397176656, 0.7234839707424301, False
4.068533092510197, -2.064268092354828, -2.5108256763004695, -0.4101806549816577, 0.14860902397176656, 0.7234839707424301, False
3.2040886408401814, 4.461313414243316, 0.4466981169009254, -0.4101806549816577, 0.14860902397176656, 0.7234839707424301, False
4.333868980433472, 5.497491599579234, -2.0604604528755948, -0.4101806549816577, 0.14860902397176656, 0.7234839707424301, False
-3.2378766220141193, 1.0377892796389094, 3.0012062696507247, -0.4101806549816577, 0.14860902397176656, 0.7234839707424301, True
