4.85434176187904, -1.592118052001716, -2.7760641198626748, 0.494479917529128, -0.09989935759607749, 0.34769867629556805, False
-0.799374531019458, -5.2295246831289965, 2.41763997721681, 0.494479917529128, -0.09989935759607749, 0.34769867629556805, False
-5.642439301444811, -5.1908143599087335, 0.7122430127640418, 0.494479917529128, -0.09989935759607749, 0.34769867629556805, False
-0.9471158140519966, -6.249001333993407, -1.4384098247422867, 0.494479917529128, -0.09989935759607749, 0.34769867629556805, False
3.459804260559576, 0.6017750039901024, 1.0384457084529277, 0.494479917529128, -0.09989935759607749, 0.34769867629556805, False
-5.738206197412041, -1.7225635860683157, -0.16163658188639385, 0.494479917529128, -0.09989935759607749, 0.34769867629556805, False
0.3626015042429218, -5.138941497903877, 2.0394363434112917, 0.494479917529128, -0.09989935759607749, 0.34769867629556805, False
0.4421716224431558, 4.359590184835923, -2.9516632435077863, 0.494479917529128, -0.09989935759607749, 0.34769867629556805, True
5.127321838016957, 0.13913865644007295, 1.332746198214589, 0.494479917529128, -0.09989935759607749, 0.34769867629556805, False
-1.085716117496001, -3.0831090722198526, -0.041414501240565116, 0.494479917529128, -0.09989935759607749, 0.34769867629556805, False
-3.3565896381703566, -3.6235331005592943, -2.4198560502987547, 0.494479917529128, -0.09989935759607749, 0.34769867629556805, False
5.737170731531629, -0.10168000833228863, -1.5318013558179127, 0.494479917529128, -0.09989935759607749, 0.34769867629556805, True
0.6650592885387647, -5.369535808109666, -0.7948128880675003, 0.494479917529128, -0.09989935759607749, 0.34769867629556805, False
-0.6375997239709923, 1.9306303938911302, -1.7186659469266317, 0.494479917529128, -0.09989935759607749, 0.34769867629556805, False
-3.4824391258671485, -4.718963985465917, -2.788134174492715, 0.494479917529128, -0.09989935759607749, 0.34769867629556805, False
-0.6083829180044598, 4.491281934780547, 1.1936571502264304, 0.494479917529128, -0.09989935759607749, 0.34769867629556805, False
-2.785800962550322, -2.293381955720712, -2.8553617876817885, 0.494479917529128, -0.09989935759607749, 0.34769867629556805, False
-4.840663754393649, -3.9094880823608884, -1.4968987792136677, 0.494479917529128, -0.09989935759607749, 0.34769867629556805, False
-1.617841319323797, -5.303148709078148, -3.02959232186354, 0.494479917529128, -0.09989935759607749, 0.34769867629556805, True
-0.7527846516776924, 5.9248370604295655, 0.8450819530731368, 0.494479917529128, -0.09989935759607749, 0.34769867629556805, True
0.3272561128987048, 2.234227064803692, -2.241525279468554, 0.494479917529128, -0.09989935759607749, 0.34769867629556805, False
-2.5023556267561617, 5.102477858273774, 0.7740133064894072, 0.494479917529128, -0.09989935759607749, 0.34769867629556805, False
-0.45040687990629813, 2.897462328665423, -2.380312399338636, 0.494479917529128, -0.09989935759607749, 0.34769867629556805, False
-1.5376976374316156, 5.118201922671851, -2.15586011227055, 0.494479917529128, -0.09989935759607749, 0.34769867629556805, False
1.5171947791536171, 4.584149420888371, -0.5641302380392896, 0.494479917529128, -0.09989935759607749, 0.34769867629556805, False
-6.226175831452994, 2.3391466385408943, -2.7770526246368563, 0.494479917529128, -0.09989935759607749, 0.34769867629556805, False
-1.8651427051544118, -1.4077751398368674, -1.5926339094115294, 0.494479917529128, -0.09989935759607749, 0.34769867629556805, False
-6.212728689821, 1.8205162989152033, 0.581950127855698, 0.494479917529128, -0.09989935759607749, 0.34769867629556805, False
3.0174093917476412, -3.9254928931277937, 1.4052378504516456, 0.494479917529128, -0.09989935759607749, 0.34769867629556805, False
2.2647311628846865, -0.6825755476886615, -2.908891627537658, 0.494479917529128, -0.09989935759607749, 0.34769867629556805, True
1.1665446788831515, -5.399011758979294, 1.4901453683396086, 0.494479917529128, -0.09989935759607749, 0.34769867629556805, False
1.0997808472311021, -5.367878153401249, 1.58733634860213, 0.494479917529128, -0.09989935759607749, 0.34769867629556805, False
6.010477611411677, 5.265577311945233, -3.036848793536686, 0.494479917529128, -0.09989935759607749, 0.34769867629556805, True
-4.881120586147359, -3.907268024233032, 2.7185084336502543, 0.494479917529128, -0.09989935759607749, 0.34769867629556805, False
-4.8245013509680525, -6.139206419053025, -0.5234480877060079, 0.494479917529128, -0.09989935759607749, 0.34769867629556805, False
-0.475712047449087, 1.2199010581301355, 0.6663188293160949, 0.494479917529128, -0.09989935759607749, 0.34769867629556805, False
2.9533222719595145, 2.7823787235665964, 1.9097411115592742, 0.494479917529128, -0.09989935759607749, 0.34769867629556805, True
1.119171238099387, -4.008659948139023, -2.419773242984597, 0.494479917529128, -0.09989935759607749, 0.34769867629556805, False
0.1269176296728336, -4.406708839824713, 1.2837609690449776, 0.494479917529128, -0.09989935759607749, 0.34769867629556805, False
-3.8491225988487363, -0.9807690146447943, -1.6190158128928591, 0.494479917529128, -0.09989935759607749, 0.34769867629556805, False
-1.2089483729098571, 4.134975434238903, -0.26784941193669676, 0.494479917529128, -0.09989935759607749, 0.34769867629556805, False
-4.885447467939212, 6.145372199780438, -2.283107842086112, 0.494479917529128, -0.09989935759607749, 0.34769867629556805, False
3.383839570933427, -6.20792523858769, 2.099128647347329, 0.494479917529128, -0.09989935759607749, 0.34769867629556805, False
2.0486327829838284, -6.252627411557128, -1.930170837182695, 0.494479917529128, -0.09989935759607749, 0.34769867629556805, False
4.965610746800252, 3.2246973311508906, 1.1017703978495703, 0.494479917529128, -0.09989935759607749, 0.34769867629556805, False
-5.348474234272305, 5.875751794631896, -1.2125743171141241, 0.494479917529128, -0.09989935759607749, 0.34769867629556805, False
-1.7096560323707628, -0.9947354813832847, -2.86691032508658, 0.494479917529128, -0.09989935759607749, 0.34769867629556805, True
-5.306299937454537, 5.6128273162807485, -1.40217793104303, 0.494479917529128, -0.09989935759607749, 0.34769867629556805, False
-2.041348772904347, 3.669023172599484, 1.802756418077034, 0.494479917529128, -0.09989935759607749, 0.34769867629556805, False
4.289983377940606, -5.0194969930413675, 2.0334309578507224, 0.494479917529128, -0.09989935759607749, 0.34769867629556805, False
3.411781956702802, -1.434283558093452, -0.3905403382171717, 0.494479917529128, -0.09989935759607749, 0.34769867629556805, False
1.002232030179476, -4.9913982683959315, -1.1269254286713468, 0.494479917529128, -0.09989935759607749, 0.34769867629556805, False
4.749855344797663, -2.010596553638929, -1.8940133316436458, 0.494479917529128, -0.09989935759607749, 0.34769867629556805, False
-2.2682972739873444, 0.17791227107675933, -1.574371751260181, 0.494479917529128, -0.09989935759607749, 0.34769867629556805, False
-0.22953830904596018, -4.117945217761633, 1.818041932002183, 0.494479917529128, -0.09989935759607749, 0.34769867629556805, False
0.6985552598943485, -5.361601640721552, 1.7632463265842535, 0.494479917529128, -0.09989935759607749, 0.34769867629556805, False
-4.018747978029155, 2.094812412740559, 0.6615486961724595, 0.494479917529128, -0.09989935759607749, 0.34769867629556805, False
1.8822101981347998, -5.541339730811783, 0.8483802847144664, 0.494479917529128, -0.09989935759607749, 0.34769867629556805, False
-0.2906724580641429, -3.85083529245041, -2.60874362942112, 0.494479917529128, -0.09989935759607749, 0.34769867629556805, False
-1.5653381692120316, -5.424222161933993, 0.6858829735447878, 0.494479917529128, -0.09989935759607749, 0.34769867629556805, False
-5.563387204615289, -4.655502235968791, 1.5080614014598437, 0.494479917529128, -0.09989935759607749, 0.34769867629556805, False
-5.54495287117335, -5.9294447518100455, 0.6447308989060234, 0.494479917529128, -0.09989935759607749, 0.34769867629556805, False
4.194247686345266, 5.637636846412407, 2.2860242322809254, 0.494479917529128, -0.09989935759607749, 0.34769867629556805, False
-2.0713328828721522, 0.7016216566861253, 1.1461830247739622, 0.494479917529128, -0.09989935759607749, 0.34769867629556805, False
-1.8082800152848835, 0.30344359288418854, 1.9836953305399376, 0.494479917529128, -0.09989935759607749, 0.34769867629556805, False
-3.2008729510173106, 0.37975292760055, 2.4093036483381987, 0.494479917529128, -0.09989935759607749, 0.34769867629556805, False
-3.435323815785525, 0.14088214948528766, 0.8400545126300716, 0.494479917529128, -0.09989935759607749, 0.34769867629556805, False
-5.219315186659934, -5.8532936999326735, -3.1293579448325923, 0.494479917529128, -0.09989935759607749, 0.34769867629556805, True
-1.1167193851565642, 0.11033303663924698, -1.910649809195553, 0.494479917529128, -0.09989935759607749, 0.34769867629556805, False
3.9347834320007102, 1.7361676749884083, -0.9473128269979978, 0.494479917529128, -0.09989935759607749, 0.34769867629556805, False
1.3319343364073344, -1.6459384880218293, 2.1518328124791495, 0.494479917529128, -0.09989935759607749, 0.34769867629556805, False
3.305226679095309, 1.601442385074253, 0.6215374976232395, 0.494479917529128, -0.09989935759607749, 0.34769867629556805, False
-0.8740760107966565, -2.6932168552274756, -1.383166232349882, 0.494479917529128, -0.09989935759607749, 0.34769867629556805, False
-3.353271828083533, -2.553222314511331, 0.6608457030748562, 0.494479917529128, -0.09989935759607749, 0.34769867629556805, True
-3.2438546343213406, 5.331359902118466, 2.849019412136694, 0.494479917529128, -0.09989935759607749, 0.34769867629556805, False
5.028316950615194, 1.788730858132773, 1.2921205516190177, 0.494479917529128, -0.09989935759607749, 0.34769867629556805, False
4.189991831718837, 1.2989089381690029, -2.8190700478922683, 0.494479917529128, -0.09989935759607749, 0.34769867629556805, False
-1.0642117974808372, -2.6707372237283016, -1.065274180937719, 0.494479917529128, -0.09989935759607749, 0.34769867629556805, False
1.9296697633597653, 1.445655490880907, -1.315184975259383, 0.494479917529128, -0.09989935759607749, 0.34769867629556805, False
-6.204387811316988, -1.6891350676441146, 2.6071946284054306, 0.494479917529128, -0.09989935759607749, 0.34769867629556805, False
-4.784032599635253, 2.6290897855866078, 2.5323257405605775, 0.494479917529128, -0.09989935759607749, 0.34769867629556805, False
-5.501218044143081, -2.465254050860857, 1.5849213749011284, 0.494479917529128, -0.09989935759607749, 0.34769867629556805, False
2.6975374715851963, -6.217209808705208, 1.1263276723809748, 0.494479917529128, -0.09989935759607749, 0.34769867629556805, False
-4.219406357233378, 2.4319700017365253, -0.7925654215407252, 0.494479917529128, -0.09989935759607749, 0.34769867629556805, False
3.252964350117759, -0.7627916279068803, -2.6453100921949857, 0.494479917529128, -0.09989935759607749, 0.34769867629556805, False
3.9640305867033163, 5.3357067565290475, -0.19792803487639077, 0.494479917529128, -0.09989935759607749, 0.34769867629556805, False
-5.081124899829463, 0.14562122291159962, -0.4144777752669375, 0.494479917529128, -0.09989935759607749, 0.34769867629556805, False
4.389840180645965, 5.726913092863143, -2.9825399646450936, 0.494479917529128, -0.09989935759607749, 0.34769867629556805, True
-1.460042049737777, 6.022235007037317, -2.0162486921610805, 0.494479917529128, -0.09989935759607749, 0.34769867629556805, False
0.34565112680167065, -0.15715873920942514, 0.6108449658882726, 0.494479917529128, -0.09989935759607749, 0.34769867629556805, False
-1.476741725033289, 3.4444689505015944, -1.8644807558850864, 0.494479917529128, -0.09989935759607749, 0.34769867629556805, False
6.024241600414609, -4.334637150197209, 0.9510360225942049, 0.494479917529128, -0.09989935759607749, 0.34769867629556805, False
-4.373216858609419, 4.289570325288755, -2.5323363996015837, 0.494479917529128, -0.09989935759607749, 0.34769867629556805, False
-5.574248216360037, 5.556331556000572, -0.5332895484248485, 0.494479917529128, -0.09989935759607749, 0.34769867629556805, False
2.6690609760642765, -5.311831663017149, 0.9578825468758847, 0.494479917529128, -0.09989935759607749, 0.34769867629556805, False
4.980568330130298, 1.5609536377279296, -2.518542274184997, 0.494479917529128, -0.09989935759607749, 0.34769867629556805, False
4.861162094760607, -4.708371067379147, -2.7812894268536077, 0.494479917529128, -0.09989935759607749, 0.34769867629556805, False
-4.254205638381947, 6.094975558986123, -1.6601722394498484, 0.494479917529128, -0.09989935759607749, 0.34769867629556805, False
3.360946446001236, 3.8807162474161956, 2.290764929339306, 0.494479917529128, -0.09989935759607749, 0.34769867629556805, True
5.596399379680134, 1.511563841125934, 2.8491696810489175, 0.494479917529128, -0.09989935759607749, 0.34769867629556805, False
