-0.2963881894912923, 5.986706547461184, -0.2588880675862959, -0.046708050692366054, 0.1665766452837889, 0.053073028853902054, True
-2.6440831621661434, -4.304878621810043, 0.4138300217686619, -0.046708050692366054, 0.1665766452837889, 0.053073028853902054, True
-0.8822467270998073, -4.630109778813976, 1.5471426054619357, -0.046708050692366054, 0.1665766452837889, 0.053073028853902054, True
0.9199560696968208, -1.3624622286309158, 1.7681196894104554, -0.046708050692366054, 0.1665766452837889, 0.053073028853902054, True
-5.484949052502412, -2.9784518954836083, -0.42114425154732427, -0.046708050692366054, 0.1665766452837889, 0.053073028853902054, True
2.40981243023432, -5.761373609832152, -1.924504943832295, -0.046708050692366054, 0.1665766452837889, 0.053073028853902054, True
0.1583612342367129, 0.7914982247862872, -1.863876644932782, -0.046708050692366054, 0.1665766452837889, 0.053073028853902054, True
-2.9893743893370384, 2.6245047146296407, 0.20844750482677155, -0.046708050692366054, 0.1665766452837889, 0.053073028853902054, True
4.369397749561585, 5.990720277453551, 0.03563955887627479, -0.046708050692366054, 0.1665766452837889, 0.053073028853902054, True
-1.584271164162712, 5.158972939331001, -2.6068400363067417, -0.046708050692366054, 0.1665766452837889, 0.053073028853902054, True
2.105784929461569, 4.9002870514775285, 2.3585038664178057, -0.046708050692366054, 0.1665766452837889, 0.053073028853902054, True
4.4990905554913, -5.5401348196633355, 2.0369254696167527, -0.046708050692366054, 0.1665766452837889, 0.053073028853902054, True
0.7926540363839836, 5.249638895624946, 2.413516115713893, -0.046708050692366054, 0.1665766452837889, 0.053073028853902054, True
1.5366144524765275, -4.968322434629025, 2.4244086209795803, -0.046708050692366054, 0.1665766452837889, 0.053073028853902054, True
-2.9506799066876837, -4.773767924475894, 1.7249460989798315, -0.046708050692366054, 0.1665766452837889, 0.053073028853902054, True
-5.549499620904537, -5.872489177471117, -0.4520302531435436, -0.046708050692366054, 0.1665766452837889, 0.053073028853902054, True
-5.183656328989727, 0.6710803482716825, 1.644015880716374, -0.046708050692366054, 0.1665766452837889, 0.053073028853902054, True
3.8925788831490227, 5.4807986832874445, 3.0009183359199527, -0.046708050692366054, 0.1665766452837889, 0.053073028853902054, True
-4.925016353113987, 2.087714916614088, 1.7368906272903057, -0.046708050692366054, 0.1665766452837889, 0.053073028853902054, True
-4.581863818150049, -5.148458359285336, -2.23088972425051, -0.046708050692366054, 0.1665766452837889, 0.053073028853902054, True
-1.7850019876447778, -1.5873173568262562, 0.929186309623411, -0.046708050692366054, 0.1665766452837889, 0.053073028853902054, True
-2.387456201512436, 4.271889681001383, 2.110362563313444, -0.046708050692366054, 0.1665766452837889, 0.053073028853902054, True
-0.34228778972544127, -1.352353625282423, 1.1020496711655934, -0.046708050692366054, 0.1665766452837889, 0.053073028853902054, True
-3.629266611713731, 3.253896094948841, 2.092697315470361, -0.046708050692366054, 0.1665766452837889, 0.053073028853902054, True
2.7887980070653917, -4.590588338227923, 1.7436783814545107, -0.046708050692366054, 0.1665766452837889, 0.053073028853902054, True
5.710450036777628, 5.259094488494364, -2.2828622347396332, -0.046708050692366054, 0.1665766452837889, 0.053073028853902054, True
-2.3116087763330957, -6.215268079627195, -1.2857725768878885, -0.046708050692366054, 0.1665766452837889, 0.053073028853902054, True
1.1880423034430532, 1.2106066904481079, -2.554285907445535, -0.046708050692366054, 0.1665766452837889, 0.053073028853902054, True
2.6941999500173797, 4.2605102825743675, 0.3581198522062987, -0.046708050692366054, 0.1665766452837889, 0.053073028853902054, True
-4.058909492821357, -0.5425357853945734, -0.5130768652987858, -0.046708050692366054, 0.1665766452837889, 0.053073028853902054, True
5.611623213966366, -3.538471187091954, -0.46455721359009505, -0.046708050692366054, 0.1665766452837889, 0.053073028853902054, True
5.294859516707543, 2.604870234804892, -2.570853488456504, -0.046708050692366054, 0.1665766452837889, 0.053073028853902054, True
-5.869810529468991, 2.4741353226873493, -0.2737306989986066, -0.046708050692366054, 0.1665766452837889, 0.053073028853902054, True
-2.5051577600598707, 0.10604594869205108, -0.4552124960683961, -0.046708050692366054, 0.1665766452837889, 0.053073028853902054, True
-1.6024131123868806, -0.42452626361257817, 1.2980765649500547, -0.046708050692366054, 0.1665766452837889, 0.053073028853902054, True
-4.657649734262555, 3.7329794849131517, -2.7452601812770387, -0.046708050692366054, 0.1665766452837889, 0.053073028853902054, True
-1.6086449461777397, 3.119216594277134, -1.477383438653888, -0.046708050692366054, 0.1665766452837889, 0.053073028853902054, True
-1.1994827228112097, -5.999273266763895, 0.9921148307121683, -0.046708050692366054, 0.1665766452837889, 0.053073028853902054, True
2.408133917234908, -1.9977878461100396, 1.9420900367268503, -0.046708050692366054, 0.1665766452837889, 0.053073028853902054, True
3.9093018216301907, -1.7011700720468026, -0.6249206311375142, -0.046708050692366054, 0.1665766452837889, 0.053073028853902054, True
-1.8096927874519713, 1.5507775146264082, 2.2469489127425044, -0.046708050692366054, 0.1665766452837889, 0.053073028853902054, True
-2.415567359372728, -2.2092577980805643, 0.4383686081363076, -0.046708050692366054, 0.1665766452837889, 0.053073028853902054, True
5.157772583002542, -3.633997605257835, 2.782666852355029, -0.046708050692366054, 0.1665766452837889, 0.053073028853902054, True
5.6488554478051345, 2.583033127454124, -1.9481533664311164, -0.046708050692366054, 0.1665766452837889, 0.053073028853902054, True
5.62094150133375, -0.36393894152024764, 1.7563001499068207, -0.046708050692366054, 0.1665766452837889, 0.053073028853902054, True
-5.776163329164058, 3.3089704478247484, -3.0685188077136245, -0.046708050692366054, 0.1665766452837889, 0.053073028853902054, True
5.369702281008514, 1.23404001459427, 1.818087749630572, -0.046708050692366054, 0.1665766452837889, 0.053073028853902054, True
3.322487562336123, 4.574851027752469, -1.031579737880966, -0.046708050692366054, 0.1665766452837889, 0.053073028853902054, True
-4.948931498849849, 0.23035145437514082, -3.1020556338717595, -0.046708050692366054, 0.1665766452837889, 0.053073028853902054, True
0.9105549414661374, -3.8783169642707027, 0.09872437775345944, -0.046708050692366054, 0.1665766452837889, 0.053073028853902054, True
3.0503608774257245, -4.291144324229389, -0.18812168089228454, -0.046708050692366054, 0.1665766452837889, 0.053073028853902054, True
-2.1921237780824994, -3.33582150081384, 0.9636545354325978, -0.046708050692366054, 0.1665766452837889, 0.053073028853902054, True
2.252318276890243, -2.68297766296653, 1.8228444397767767, -0.046708050692366054, 0.1665766452837889, 0.053073028853902054, True
1.9790845619893034, -2.0003215595790147, 0.825856257743204, -0.046708050692366054, 0.1665766452837889, 0.053073028853902054, True
-1.2873830972799416, 0.556808235522551, 1.6780206217665858, -0.046708050692366054, 0.1665766452837889, 0.053073028853902054, True
-0.5332025310009589, 5.237684599853562, -2.7859689469028646, -0.046708050692366054, 0.1665766452837889, 0.053073028853902054, True
-3.369086967837986, -1.5255342427836043, -1.0096845149110143, -0.046708050692366054, 0.1665766452837889, 0.053073028853902054, True
1.5803758342345775, 4.6439927850803695, -2.203093423615831, -0.046708050692366054, 0.1665766452837889, 0.053073028853902054, True
0.18309613647831302, -5.507691250050251, -2.589875178259293, -0.046708050692366054, 0.1665766452837889, 0.053073028853902054, True
3.272863677546061, 1.5048769718667732, -2.7708761723305417, -0.046708050692366054, 0.1665766452837889, 0.053073028853902054, True
4.892847531013317, -2.759601759287455, 3.1086030790613517, -0.046708050692366054, 0.1665766452837889, 0.053073028853902054, True
4.497395744160137, -4.374540497935368, 2.951483534744061, -0.046708050692366054, 0.1665766452837889, 0.053073028853902054, True
-2.8909666631806408, -0.5713996731656827, 1.4092005482882142, -0.046708050692366054, 0.1665766452837889, 0.053073028853902054, True
0.9441577202768121, -1.53255197616694, -1.4510924130974927, -0.046708050692366054, 0.1665766452837889, 0.053073028853902054, True
-3.6694323108470526, 3.834325984949926, 2.8081363006022473, -0.046708050692366054, 0.1665766452837889, 0.053073028853902054, True
-0.2725927010417868, -0.3307972371547425, -2.7648115026232, -0.046708050692366054, 0.1665766452837889, 0.053073028853902054, True
0.7924142174810411, -0.6909429147476622, 1.936463098528086, -0.046708050692366054, 0.1665766452837889, 0.053073028853902054, True
-2.6061990447766332, 1.126958036639797, 1.6331974749360434, -0.046708050692366054, 0.1665766452837889, 0.053073028853902054, True
0.49510517702647316, -4.5932802882611785, 1.5828346564036329, -0.046708050692366054, 0.1665766452837889, 0.053073028853902054, True
5.699846859024772, 0.06382719543285553, -0.5686454055558401, -0.046708050692366054, 0.1665766452837889, 0.053073028853902054, True
0.4203863970634547, -3.305600714008309, -2.333234327976493, -0.046708050692366054, 0.1665766452837889, 0.053073028853902054, True
-5.891644236311453, 6.024122338566112, -2.3552755142796165, -0.046708050692366054, 0.1665766452837889, 0.053073028853902054, True
-3.1094780936617803, 4.846567724966375, -2.3457617187700346, -0.046708050692366054, 0.1665766452837889, 0.053073028853902054, True
-2.504908694325707, -5.735752299352689, 1.0013521779715697, -0.046708050692366054, 0.1665766452837889, 0.053073028853902054, True
-2.9732675936949735, 0.6685146927338046, 2.44447968640056, -0.046708050692366054, 0.1665766452837889, 0.053073028853902054, True
0.28936999278107134, 4.592252165989807, 2.008681382779809, -0.046708050692366054, 0.1665766452837889, 0.053073028853902054, True
-0.028737350906817838, -4.1427713655151805, -0.06805586413462006, -0.046708050692366054, 0.1665766452837889, 0.053073028853902054, True
0.14577000212295133, -1.8673851367332501, 2.096390981401221, -0.046708050692366054, 0.1665766452837889, 0.053073028853902054, True
-0.008527156636882971, 1.7962520639293587, -1.1523221578196883, -0.046708050692366054, 0.1665766452837889, 0.053073028853902054, True
6.019713583835465, 1.3812854635708955, -2.4542574634244345, -0.046708050692366054, 0.1665766452837889, 0.053073028853902054, True
4.25914476184324, 0.5989453973356573, -2.9244007073456957, -0.046708050692366054, 0.1665766452837889, 0.053073028853902054, True
2.4093977138280156, -5.770408776711169, -0.16347957864229246, -0.046708050692366054, 0.1665766452837889, 0.053073028853902054, True
-5.103915553326438, 1.4089410739047636, 1.036052503120752, -0.046708050692366054, 0.1665766452837889, 0.053073028853902054, True
1.9176619091158393, -4.737503546390894, -2.962248954685227, -0.046708050692366054, 0.1665766452837889, 0.053073028853902054, True
-5.532030382928147, -3.5888760916153504, -0.2657620435607697, -0.046708050692366054, 0.1665766452837889, 0.053073028853902054, True
3.607486912114659, 4.151497127398892, 1.4753976700937388, -0.046708050692366054, 0.1665766452837889, 0.053073028853902054, True
-1.2290051665886814, -3.938398881484753, -0.654299913895648, -0.046708050692366054, 0.1665766452837889, 0.053073028853902054, True
3.3503932065834228, 1.1330569450479997, 1.6801619786077477, -0.046708050692366054, 0.1665766452837889, 0.053073028853902054, True
-1.515844679145756, 0.3021316154678271, 2.907326088290012, -0.046708050692366054, 0.1665766452837889, 0.053073028853902054, True
-3.0711528333505584, -5.0049832980562385, -1.7748097261581932, -0.046708050692366054, 0.1665766452837889, 0.053073028853902054, True
0.9501817114627702, 0.8156208629271591, -0.23721496799909048, -0.046708050692366054, 0.1665766452837889, 0.053073028853902054, True
-1.8809072300972867, -0.08573799967949824, 1.5696685690272183, -0.046708050692366054, 0.1665766452837889, 0.053073028853902054, True
-1.8801824986629212, -3.4488923900535347, 1.4319907648802062, -0.046708050692366054, 0.1665766452837889, 0.053073028853902054, True
1.3057799485681123, 5.360954199057213, 1.1353876006356725, -0.046708050692366054, 0.1665766452837889, 0.053073028853902054, True
-4.846817939102529, -0.8007614028863026, -2.5798802104765235, -0.046708050692366054, 0.1665766452837889, 0.053073028853902054, True
-5.875487057915038, 4.484788884102599, 0.690072125387843, -0.046708050692366054, 0.1665766452837889, 0.053073028853902054, True
-4.633329243924228, 6.24660234759925, -2.9728958367272758, -0.046708050692366054, 0.1665766452837889, 0.053073028853902054, True
-4.687360994172152, 5.267898633539094, -1.1228744613473287, -0.046708050692366054, 0.1665766452837889, 0.053073028853902054, True
-0.14327185247739038, -0.3107809859238104, 0.23657861749168063, -0.046708050692366054, 0.1665766452837889, 0.053073028853902054, True
0.43971963395874614, 3.799296428141396, 2.060995433248838, -0.046708050692366054, 0.1665766452837889, 0.053073028853902054, True
-3.2601139138166535, -4.644932745902555, -2.7676364818112233, -0.046708050692366054, 0.1665766452837889, 0.053073028853902054, True
-4.400870265323911, 0.2377212874224064, 1.7112800556938392, -0.046708050692366054, 0.1665766452837889, 0.053073028853902054, True
-6.234243484546306, -3.6668742578367173, 0.8140179975809132, -0.046708050692366054, 0.1665766452837889, 0.053073028853902054, True
1.5382208318771777, -4.3259109417406565, -1.8617662583541228, -0.046708050692366054, 0.1665766452837889, 0.053073028853902054, True
3.101848222523799, -1.6982498583831482, 0.6083273372455023, -0.046708050692366054, 0.1665766452837889, 0.053073028853902054, True
4.795308588393166, 0.6483554764219539, -1.1775004317699114, -0.046708050692366054, 0.1665766452837889, 0.053073028853902054, True
-3.1700828080011405, -1.8180634166737937, 2.178364182546166, -0.046708050692366054, 0.1665766452837889, 0.053073028853902054, True
2.6648105299778386, -1.541500821169266, 2.9796939701502794, -0.046708050692366054, 0.1665766452837889, 0.053073028853902054, True
-0.41449089068863554, -0.3936028204891677, -1.2144289106537633, -0.046708050692366054, 0.1665766452837889, 0.053073028853902054, True
5.97541191113978, 0.5056631741314419, -1.5317351267731343, -0.046708050692366054, 0.1665766452837889, 0.053073028853902054, True
2.355046411467665, -2.467005073884342, 1.0470792152496307, -0.046708050692366054, 0.1665766452837889, 0.053073028853902054, True
-6.239682761783021, 5.062593916104451, 2.0261572183312033, -0.046708050692366054, 0.1665766452837889, 0.053073028853902054, True
-0.28915381481488023, -0.9157608316036407, -2.8619495376736106, -0.046708050692366054, 0.1665766452837889, 0.053073028853902054, True
-3.381733415235539, -0.517688783336995, -2.382023748074394, -0.046708050692366054, 0.1665766452837889, 0.053073028853902054, True
0.2518749741033126, -4.313652418903281, 0.747219124003228, -0.046708050692366054, 0.1665766452837889, 0.053073028853902054, True
1.4046159794407682, -1.8409129330904364, -2.423304852377621, -0.046708050692366054, 0.1665766452837889, 0.053073028853902054, True
-3.9225629930046706, 2.9884603259810216, -1.9030754223988973, -0.046708050692366054, 0.1665766452837889, 0.053073028853902054, True
-5.632805516493428, 2.868972273549689, -3.1356236847464434, -0.046708050692366054, 0.1665766452837889, 0.053073028853902054, True
-5.1964020139393865, -3.5020799136435805, -0.8355404447851829, -0.046708050692366054, 0.1665766452837889, 0.053073028853902054, True
-3.111359776530129, -4.929262186274694, -1.047588782317444, -0.046708050692366054, 0.1665766452837889, 0.053073028853902054, True
-6.153934729631132, 0.8657532496177929, -0.2590456228933071, -0.046708050692366054, 0.1665766452837889, 0.053073028853902054, True
-0.4424240991766064, 1.7826399334743321, 3.0967194746014384, -0.046708050692366054, 0.1665766452837889, 0.053073028853902054, True
5.520561495184602, -3.632451456046421, 2.8257093956364416, -0.046708050692366054, 0.1665766452837889, 0.053073028853902054, True
5.419197913438586, 5.091028187842481, 2.7900983973338187, -0.046708050692366054, 0.1665766452837889, 0.053073028853902054, True
-4.951475315920339, -3.3615946244358237, 2.8621176399935893, -0.046708050692366054, 0.1665766452837889, 0.053073028853902054, True
4.091164778639142, 1.218239584310905, -1.5433655369933845, -0.046708050692366054, 0.1665766452837889, 0.053073028853902054, True
-5.6876835533663535, 3.160198677268175, 2.189911620797905, -0.046708050692366054, 0.1665766452837889, 0.053073028853902054, True
0.6974749472792663, -1.0619621176379317, 0.43529519071988654, -0.046708050692366054, 0.1665766452837889, 0.053073028853902054, True
-4.138673925767045, 1.6728489646432365, -2.7177320307985577, -0.046708050692366054, 0.1665766452837889, 0.053073028853902054, True
0.8228265432760704, 4.174116634546246, -2.687320280155233, -0.046708050692366054, 0.1665766452837889, 0.053073028853902054, True
-6.254228014049478, 4.577278978437926, -0.9906741835893653, -0.046708050692366054, 0.1665766452837889, 0.053073028853902054, True
-2.5170772967563146, 4.464815305061876, -2.6444382184989035, -0.046708050692366054, 0.1665766452837889, 0.053073028853902054, True
4.7633709287422015, -2.321022820223357, 1.540296451968863, -0.046708050692366054, 0.1665766452837889, 0.053073028853902054, True
-3.174977454147962, 0.6068003433335507, -1.640557260296263, -0.046708050692366054, 0.1665766452837889, 0.053073028853902054, True
-5.7131861042868755, 4.416712897807431, -0.343435424681811, -0.046708050692366054, 0.1665766452837889, 0.053073028853902054, True
5.559515245701148, -5.14526586455416, -1.236067083327815, -0.046708050692366054, 0.1665766452837889, 0.053073028853902054, True
1.487303637101971, 2.4853830260166454, -2.5003336416952813, -0.046708050692366054, 0.1665766452837889, 0.053073028853902054, True
3.0041225221703876, 3.1863935931711787, -2.6769533643226757, -0.046708050692366054, 0.1665766452837889, 0.053073028853902054, True
-3.488277666222197, -2.762336483464782, -0.38363291440739555, -0.046708050692366054, 0.1665766452837889, 0.053073028853902054, True
6.244639964081276, 1.6534469215083654, -0.3988312360838919, -0.046708050692366054, 0.1665766452837889, 0.053073028853902054, True
-4.734734615594438, 4.08307067267936, 0.6974894271616634, -0.046708050692366054, 0.1665766452837889, 0.053073028853902054, True
0.9959690838800279, 0.010836755155902544, 2.9532844937102514, -0.046708050692366054, 0.1665766452837889, 0.053073028853902054, True
1.1583285407924508, 5.078563344118649, -0.3017476838174953, -0.046708050692366054, 0.1665766452837889, 0.053073028853902054, True
-3.752853024611182, 1.520943596444532, -1.5354122497949116, -0.046708050692366054, 0.1665766452837889, 0.053073028853902054, True
5.5879513699488665, 0.5830141883874953, -0.8591347634680551, -0.046708050692366054, 0.1665766452837889, 0.053073028853902054, True
0.9777820539292295, -0.41840217914610633, 1.7205902486702023, -0.046708050692366054, 0.1665766452837889, 0.053073028853902054, True
1.954563494825857, -1.0702393045088696, 0.9034324351597407, -0.046708050692366054, 0.1665766452837889, 0.053073028853902054, True
6.028861933612198, 5.392132121550448, -1.234327291402383, -0.046708050692366054, 0.1665766452837889, 0.053073028853902054, True
-5.131545180767599, 6.1007238330802505, -0.7832387129065439, -0.046708050692366054, 0.1665766452837889, 0.053073028853902054, True
4.565600869834729, 3.2236999635280075, -2.9445601565327317, -0.046708050692366054, 0.1665766452837889, 0.053073028853902054, True
2.957318052134246, -3.1497854726651693, -1.309859012437079, -0.046708050692366054, 0.1665766452837889, 0.053073028853902054, True
-0.053247140603020604, -1.2494705194614113, 0.4321051408853309, -0.046708050692366054, 0.1665766452837889, 0.053073028853902054, True
-3.4289108044083565, -1.533803769304951, -2.0217048409905383, -0.046708050692366054, 0.1665766452837889, 0.053073028853902054, True
5.013289343708051, 5.000315981084171, 2.08829038765459, -0.046708050692366054, 0.1665766452837889, 0.053073028853902054, True
2.3547579161445, 0.055034117862523324, 1.059997202408355, -0.046708050692366054, 0.1665766452837889, 0.053073028853902054, True
1.6985295247877907, -1.9963691528576755, -0.17830259176841778, -0.046708050692366054, 0.1665766452837889, 0.053073028853902054, True
3.7633301330851463, -1.6171807828364217, -3.0287428589399297, -0.046708050692366054, 0.1665766452837889, 0.053073028853902054, True
3.330831749760728, -1.6274919948308932, 0.4422272027980556, -0.046708050692366054, 0.1665766452837889, 0.053073028853902054, True
-3.139787905293198, 0.2110046851407983, -3.124563608831184, -0.046708050692366054, 0.1665766452837889, 0.053073028853902054, True
5.7617804440169245, -5.576250279266883, -2.734220890184119, -0.046708050692366054, 0.1665766452837889, 0.053073028853902054, True
3.345734449186512, -4.743644168850556, -3.019581213452666, -0.046708050692366054, 0.1665766452837889, 0.053073028853902054, True
4.590341607924387, 3.9059912884925954, 1.494251462331361, -0.046708050692366054, 0.1665766452837889, 0.053073028853902054, True
-4.307279424321684, -4.3945450767050644, -1.402284169691029, -0.046708050692366054, 0.1665766452837889, 0.053073028853902054, True
-3.285247006726455, -1.3491750867075787, 2.0388168067359187, -0.046708050692366054, 0.1665766452837889, 0.053073028853902054, True
-1.6012125292203523, -3.1244901096257527, -0.16043434117597766, -0.046708050692366054, 0.1665766452837889, 0.053073028853902054, True
-1.4794163350007707, 4.634427821624325, 1.9737003667023298, -0.046708050692366054, 0.1665766452837889, 0.053073028853902054, True
-2.6634744601826403, -4.939944686808835, -2.7291876165189772, -0.046708050692366054, 0.1665766452837889, 0.053073028853902054, True
-2.4802805713897116, 0.47757670759998927, 1.857085342508233, -0.046708050692366054, 0.1665766452837889, 0.053073028853902054, True
0.3369296036293301, -5.462715058726035, 0.8739169125615076, -0.046708050692366054, 0.1665766452837889, 0.053073028853902054, True
-0.5993077637946911, -3.7946230313520384, -0.8852082901268759, -0.046708050692366054, 0.1665766452837889, 0.053073028853902054, True
-2.245693081622221, -1.9069365312772417, -1.3539664556658522, -0.046708050692366054, 0.1665766452837889, 0.053073028853902054, True
3.052257193235997, 2.522052824106426, -0.7283057824927575, -0.046708050692366054, 0.1665766452837889, 0.053073028853902054, True
-4.498634046162636, 3.3697210350665685, -2.7778149013698985, -0.046708050692366054, 0.1665766452837889, 0.053073028853902054, True
1.8247614612951306, -3.979459366311627, -1.2738091829032367, -0.046708050692366054, 0.1665766452837889, 0.053073028853902054, True
0.4938746426964187, -1.0837822800741632, 0.24663228491406608, -0.046708050692366054, 0.1665766452837889, 0.053073028853902054, True
-5.935967016681385, -2.687255402971195, 2.957815677553217, -0.046708050692366054, 0.1665766452837889, 0.053073028853902054, True
2.923997325525294, 3.475664091609902, -1.5741901141317975, -0.046708050692366054, 0.1665766452837889, 0.053073028853902054, True
-1.6574271010742514, 1.826714855865312, -1.0215289061545305, -0.046708050692366054, 0.1665766452837889, 0.053073028853902054, True
-1.5362343996799437, 4.451587174036764, 2.6894020633614844, -0.046708050692366054, 0.1665766452837889, 0.053073028853902054, True
-2.0302443800299548, -1.3232120714975153, 1.3498844645957044, -0.046708050692366054, 0.1665766452837889, 0.053073028853902054, True
3.9963905873353163, -4.00250521628643, 1.9908123346751463, -0.046708050692366054, 0.1665766452837889, 0.053073028853902054, True
3.3277914462737854, 5.890739252695218, -1.2075348457402637, -0.046708050692366054, 0.1665766452837889, 0.053073028853902054, True
4.644366710411671, 2.4641411010986527, -1.2783904694187909, -0.046708050692366054, 0.1665766452837889, 0.053073028853902054, True
5.824744896676739, -3.307003907821873, 1.032173333490121, -0.046708050692366054, 0.1665766452837889, 0.053073028853902054, True
-5.247847248409902, 3.809828637605742, 3.0855020644141833, -0.046708050692366054, 0.1665766452837889, 0.053073028853902054, True
-2.9084949952339714, -4.409381227332377, -1.2799981709755313, -0.046708050692366054, 0.1665766452837889, 0.053073028853902054, True
-3.1819939681709144, -3.4991430459919117, -2.4471948835884723, -0.046708050692366054, 0.1665766452837889, 0.053073028853902054, True
-2.5455808074007145, 4.670305091443657, -0.39817514455935754, -0.046708050692366054, 0.1665766452837889, 0.053073028853902054, True
0.9732434408257635, -4.357628460778258, 1.191890550239572, -0.046708050692366054, 0.1665766452837889, 0.053073028853902054, True
0.6468109771341783, 4.7322338444345995, -1.7159586912201106, -0.046708050692366054, 0.1665766452837889, 0.053073028853902054, True
-0.7882970574017625, -3.2803161011159623, 1.992576311485597, -0.046708050692366054, 0.1665766452837889, 0.053073028853902054, True
2.3414467772469365, 3.110697317814939, 1.0092340620129159, -0.046708050692366054, 0.1665766452837889, 0.053073028853902054, True
-4.708234057479325, 1.191343218158293, -1.7146455933057334, -0.046708050692366054, 0.1665766452837889, 0.053073028853902054, True
-4.2963992945011285, 4.903597274245362, -2.4803534102962086, -0.046708050692366054, 0.1665766452837889, 0.053073028853902054, True
2.154289709156833, -5.785111154446648, -0.573954268863138, -0.046708050692366054, 0.1665766452837889, 0.053073028853902054, True
3.1252315820336527, -5.2711695518744035, -1.1013775373062318, -0.046708050692366054, 0.1665766452837889, 0.053073028853902054, True
-2.065314768799042, -1.7449526711763106, 2.3057678184408923, -0.046708050692366054, 0.1665766452837889, 0.053073028853902054, True
-1.1763960919661711, 6.053931568882032, -1.306604873848238, -0.046708050692366054, 0.1665766452837889, 0.053073028853902054, True
0.3675389881592608, -0.24983621781106358, 2.0654791551123877, -0.046708050692366054, 0.1665766452837889, 0.053073028853902054, True
3.651587283036408, 2.099963708868911, 0.08460357581834499, -0.046708050692366054, 0.1665766452837889, 0.053073028853902054, True
