1.7838149368326945, -0.5191808117637438, -2.174801056159615, -0.1119636073229513, 0.06717276137229733, 0.29857398296164805, True
1.0762960863524755, 5.109011087798882, 0.2072327970997283, -0.1119636073229513, 0.06717276137229733, 0.29857398296164805, True
-0.24802960648868844, 4.28074195339555, 3.043284798424782, -0.1119636073229513, 0.06717276137229733, 0.29857398296164805, True
0.33468867075076414, -4.219423207871938, -1.1469812923722118, -0.1119636073229513, 0.06717276137229733, 0.29857398296164805, False
-1.3809861757806985, 5.891121742839955, 2.589174714543864, -0.1119636073229513, 0.06717276137229733, 0.29857398296164805, False
-5.183651764977188, 0.5338867730274988, -1.4774165512428332, -0.1119636073229513, 0.06717276137229733, 0.29857398296164805, False
-1.8228048921055633, 2.3331406916227433, -0.8337376814815167, -0.1119636073229513, 0.06717276137229733, 0.29857398296164805, False
3.0433267458872653, 3.592166649005824, 2.9058272165109438, -0.1119636073229513, 0.06717276137229733, 0.29857398296164805, True
3.602029913433956, 4.724752330589931, -2.1264863538689402, -0.1119636073229513, 0.06717276137229733, 0.29857398296164805, False
3.341089511633683, 1.1467702418472623, 0.9886312187803883, -0.1119636073229513, 0.06717276137229733, 0.29857398296164805, False
-1.2664593647238673, -1.8920193029187962, -2.6368709288126277, -0.1119636073229513, 0.06717276137229733, 0.29857398296164805, True
5.60063175365768, -0.36141281570599304, 2.0454931114310364, -0.1119636073229513, 0.06717276137229733, 0.29857398296164805, False
5.951649192052857, 2.5293327779945685, 2.9549573492459755, -0.1119636073229513, 0.06717276137229733, 0.29857398296164805, True
-0.245616564468504, -4.203945294622091, 1.215983974738089, -0.1119636073229513, 0.06717276137229733, 0.29857398296164805, False
-3.859831819064345, -2.690161300536608, 0.9846819609736661, -0.1119636073229513, 0.06717276137229733, 0.29857398296164805, False
1.3752348186899361, 4.558622829127236, -0.6251207845338467, -0.1119636073229513, 0.06717276137229733, 0.29857398296164805, True
-3.2301969034359264, 5.770112416480545, -3.0553319322829138, -0.1119636073229513, 0.06717276137229733, 0.29857398296164805, True
-5.459267585249686, -1.2050224576536674, -0.33719734017512204, -0.1119636073229513, 0.06717276137229733, 0.29857398296164805, True
2.690793052551994, -0.46627340916869287, 2.183307998836443, -0.1119636073229513, 0.06717276137229733, 0.29857398296164805, True
-3.8975637231235494, 1.796551241557843, 1.6689912891464802, -0.1119636073229513, 0.06717276137229733, 0.29857398296164805, False
0.06481070094073615, -3.4104043345362323, -1.6844085582650201, -0.1119636073229513, 0.06717276137229733, 0.29857398296164805, False
1.0253337922941181, -6.053227054769879, -2.6113469245267327, -0.1119636073229513, 0.06717276137229733, 0.29857398296164805, False
-3.5350501737598945, -3.155140231237854, 0.6643664299803538, -0.1119636073229513, 0.06717276137229733, 0.29857398296164805, False
-0.09249397323583164, -2.7717132951587486, -1.8901066369232327, -0.1119636073229513, 0.06717276137229733, 0.29857398296164805, True
-0.12075131679402684, 1.9588830422048584, 1.9116583489567942, -0.1119636073229513, 0.06717276137229733, 0.29857398296164805, False
-1.1181909656437998, 4.797832285904759, 1.0133917238438865, -0.1119636073229513, 0.06717276137229733, 0.29857398296164805, False
-5.13252516142641, 3.6910876404464723, 2.7269452718171294, -0.1119636073229513, 0.06717276137229733, 0.29857398296164805, True
1.857052474470338, -2.440958770505765, -2.260340729422447, -0.1119636073229513, 0.06717276137229733, 0.29857398296164805, False
4.735497770938544, 0.6604827551784584, -1.09050811266186, -0.1119636073229513, 0.06717276137229733, 0.29857398296164805, False
2.1952221009914865, -1.4094104283259767, 0.9640839910614121, -0.1119636073229513, 0.06717276137229733, 0.29857398296164805, True
3.9401117062195787, -0.23729014801005288, 1.2665174167052413, -0.1119636073229513, 0.06717276137229733, 0.29857398296164805, False
3.6759369220464446, 2.406160560176403, -2.4212411789364605, -0.1119636073229513, 0.06717276137229733, 0.29857398296164805, False
0.9713049890660903, 5.208314099488804, 3.037981175362816, -0.1119636073229513, 0.06717276137229733, 0.29857398296164805, True
-5.858799890935598, -3.713263281404697, 0.878397738422585, -0.1119636073229513, 0.06717276137229733, 0.29857398296164805, False
5.418910297701617, 6.064059512824079, 0.7474978029479558, -0.1119636073229513, 0.06717276137229733, 0.29857398296164805, False
0.9195614864018067, 4.912720920775753, -0.48970482511640556, -0.1119636073229513, 0.06717276137229733, 0.29857398296164805, True
-3.1376314361735016, 2.55811507930024, -2.0213483526850626, -0.1119636073229513, 0.06717276137229733, 0.29857398296164805, False
5.351146597527119, -5.603984928605134, 1.7578457112897947, -0.1119636073229513, 0.06717276137229733, 0.29857398296164805, False
-6.259675061722131, -3.9500017542969523, -0.08918542869267787, -0.1119636073229513, 0.06717276137229733, 0.29857398296164805, False
5.9457070606674005, -0.3405777176529172, -1.6069381215498306, -0.1119636073229513, 0.06717276137229733, 0.29857398296164805, False
-3.3821888768138852, 5.315540922072728, 0.6223378321860702, -0.1119636073229513, 0.06717276137229733, 0.29857398296164805, True
-0.3268806034991858, 4.391760040483662, 1.9080383103457006, -0.1119636073229513, 0.06717276137229733, 0.29857398296164805, True
1.6386887473592981, -4.7117588463597135, 2.5362439165879582, -0.1119636073229513, 0.06717276137229733, 0.29857398296164805, False
6.054887045637605, 2.1560683007067247, 0.5546815011017929, -0.1119636073229513, 0.06717276137229733, 0.29857398296164805, False
1.1979840197613525, 3.920824698202054, 1.9436807035826735, -0.1119636073229513, 0.06717276137229733, 0.29857398296164805, True
3.829360320706982, -5.425694790678012, -2.2987847869115177, -0.1119636073229513, 0.06717276137229733, 0.29857398296164805, False
5.662530442114809, 1.1808740543347938, -1.0543573833104802, -0.1119636073229513, 0.06717276137229733, 0.29857398296164805, False
1.479698675358872, 0.13084469773624274, 0.2660963738249986, -0.1119636073229513, 0.06717276137229733, 0.29857398296164805, False
-2.0507191683827006, 1.6461756290231078, 2.787531198586657, -0.1119636073229513, 0.06717276137229733, 0.29857398296164805, False
-2.8244503905667866, 0.2921313582673841, -1.327421107947617, -0.1119636073229513, 0.06717276137229733, 0.29857398296164805, False
1.7567543299100414, -4.762098921227604, 2.3570455747986507, -0.1119636073229513, 0.06717276137229733, 0.29857398296164805, False
3.5280210431891206, 2.9749403971447066, -2.011943978668121, -0.1119636073229513, 0.06717276137229733, 0.29857398296164805, False
-4.394520962152163, 4.858660222321367, -2.2721806665309345, -0.1119636073229513, 0.06717276137229733, 0.29857398296164805, True
2.707247784163542, -3.39715070885242, -0.5338032592415467, -0.1119636073229513, 0.06717276137229733, 0.29857398296164805, False
-3.97781591438332, 1.9539760376732431, 0.26654720908270724, -0.1119636073229513, 0.06717276137229733, 0.29857398296164805, False
3.5540319094191, 0.3443888462968401, -0.9230664306935932, -0.1119636073229513, 0.06717276137229733, 0.29857398296164805, False
-6.165924729412436, 2.518511775355318, 2.905608152084622, -0.1119636073229513, 0.06717276137229733, 0.29857398296164805, True
2.9750841374540826, 3.014689348842426, 2.910796287181803, -0.1119636073229513, 0.06717276137229733, 0.29857398296164805, True
2.86687191292274, 4.649632029081243, 2.3057589417653928, -0.1119636073229513, 0.06717276137229733, 0.29857398296164805, True
3.224554190576141, -1.0644173064898705, -0.9568333923516774, -0.1119636073229513, 0.06717276137229733, 0.29857398296164805, False
-0.6755081184527043, -4.54116050013543, 0.49128663546730067, -0.1119636073229513, 0.06717276137229733, 0.29857398296164805, False
-1.8957900682851276, 2.1766934670467, -2.4249059040658287, -0.1119636073229513, 0.06717276137229733, 0.29857398296164805, False
0.8958813115973436, -1.595079557040771, -0.5130748110305619, -0.1119636073229513, 0.06717276137229733, 0.29857398296164805, True
6.185492207618115, 1.4067510875531797, 0.21321605934464793, -0.1119636073229513, 0.06717276137229733, 0.29857398296164805, False
-5.2013780160322005, -3.0235624730833073, 2.146062401191272, -0.1119636073229513, 0.06717276137229733, 0.29857398296164805, False
3.314333228773174, 5.18242593834109, -2.5323604324384785, -0.1119636073229513, 0.06717276137229733, 0.29857398296164805, True
2.396492107849854, -6.193137325506183, 0.733849433797837, -0.1119636073229513, 0.06717276137229733, 0.29857398296164805, False
-0.7298403353611169, 5.685779655665087, -0.47022663668118225, -0.1119636073229513, 0.06717276137229733, 0.29857398296164805, False
5.058059669400743, -4.717605572649986, -0.7727836474488767, -0.1119636073229513, 0.06717276137229733, 0.29857398296164805, False
0.5149063031447385, 4.023314359889227, -3.0346916917499556, -0.1119636073229513, 0.06717276137229733, 0.29857398296164805, True
4.487230038599581, -4.538958688424209, -0.06736640221727486, -0.1119636073229513, 0.06717276137229733, 0.29857398296164805, False
5.3551512945918045, 6.192626907028963, 0.3504385636592793, -0.1119636073229513, 0.06717276137229733, 0.29857398296164805, False
-4.122123547919529, -5.685381767167968, -0.02997089731366165, -0.1119636073229513, 0.06717276137229733, 0.29857398296164805, False
1.184775494514371, 1.477197770762392, -0.03434075071429232, -0.1119636073229513, 0.06717276137229733, 0.29857398296164805, False
4.294138551373454, -2.633892644052437, 0.13350658346100763, -0.1119636073229513, 0.06717276137229733, 0.29857398296164805, False
1.8725917400663228, -1.8978993823564618, 2.4243828479467506, -0.1119636073229513, 0.06717276137229733, 0.29857398296164805, True
-3.1740076821222556, -4.312604271897988, -0.9633825261032549, -0.1119636073229513, 0.06717276137229733, 0.29857398296164805, False
3.0886442958789253, 2.8329175175635655, -0.3374280232341489, -0.1119636073229513, 0.06717276137229733, 0.29857398296164805, False
4.1544433686615925, -3.9871745638933676, -0.4440922199855981, -0.1119636073229513, 0.06717276137229733, 0.29857398296164805, False
-5.977457187126604, 0.16484383630541455, 2.227088964862138, -0.1119636073229513, 0.06717276137229733, 0.29857398296164805, False
1.4370637721720865, 2.9104214823757495, -1.0166935861726185, -0.1119636073229513, 0.06717276137229733, 0.29857398296164805, False
-5.434134711934161, 0.6591462812783542, -1.0455129895246085, -0.1119636073229513, 0.06717276137229733, 0.29857398296164805, False
-2.80556659299264, 4.628142869587775, -1.7285193134080228, -0.1119636073229513, 0.06717276137229733, 0.29857398296164805, False
-3.582016300526497, -3.3930728481543255, 0.4777812770976011, -0.1119636073229513, 0.06717276137229733, 0.29857398296164805, False
-5.576875688287997, -4.403933186112922, 2.6359058568348326, -0.1119636073229513, 0.06717276137229733, 0.29857398296164805, False
3.296954933254641, 1.1632599593641366, 1.8589123423369172, -0.1119636073229513, 0.06717276137229733, 0.29857398296164805, False
4.184295749825148, -4.897673883302847, 1.730393044072672, -0.1119636073229513, 0.06717276137229733, 0.29857398296164805, False
-5.461384461624447, 1.2651821480584493, 0.7872266962958512, -0.1119636073229513, 0.06717276137229733, 0.29857398296164805, False
-4.384926344584088, -4.623565238914344, -2.8974340286030515, -0.1119636073229513, 0.06717276137229733, 0.29857398296164805, True
-2.7691232842243596, -1.1191822341360522, 0.42006684025994057, -0.1119636073229513, 0.06717276137229733, 0.29857398296164805, False
-2.006275407833801, 6.027794226296514, 1.2632083481710978, -0.1119636073229513, 0.06717276137229733, 0.29857398296164805, False
-1.6297752855508225, 1.5764951063519748, 1.0644460594256167, -0.1119636073229513, 0.06717276137229733, 0.29857398296164805, False
-2.3417538439815964, -4.924697089567289, -0.6417502657780907, -0.1119636073229513, 0.06717276137229733, 0.29857398296164805, False
-3.292381319730997, -1.820734699173011, 1.3496735159452742, -0.1119636073229513, 0.06717276137229733, 0.29857398296164805, False
2.6601542091255084, 1.5066632541368223, -1.1022957146302534, -0.1119636073229513, 0.06717276137229733, 0.29857398296164805, False
-3.4297472772290027, -1.4041686399444977, 2.2043301991028894, -0.1119636073229513, 0.06717276137229733, 0.29857398296164805, True
4.566488898750642, 3.7194040220714975, 1.4233809559913615, -0.1119636073229513, 0.06717276137229733, 0.29857398296164805, False
6.01100587388974, -1.7955046858744774, 0.692866538535851, -0.1119636073229513, 0.06717276137229733, 0.29857398296164805, True
-1.8922498708364701, -6.111066702734793, -2.9983133582607033, -0.1119636073229513, 0.06717276137229733, 0.29857398296164805, True
3.0222517464324525, 4.821537823676454, 2.251925081929919, -0.1119636073229513, 0.06717276137229733, 0.29857398296164805, True
1.4407929215692565, 1.6528732268034645, 2.061665322224435, -0.1119636073229513, 0.06717276137229733, 0.29857398296164805, False
-2.9691530491659375, -4.2179584807085195, 1.819736573228222, -0.1119636073229513, 0.06717276137229733, 0.29857398296164805, False
-1.0140595176960954, -2.3494221922908234, 2.1738266843896614, -0.1119636073229513, 0.06717276137229733, 0.29857398296164805, True
1.095856148376904, 5.265426176957593, 1.979097422171586, -0.1119636073229513, 0.06717276137229733, 0.29857398296164805, True
-0.12016871613014679, -2.0470250768783895, -1.7060907712561086, -0.1119636073229513, 0.06717276137229733, 0.29857398296164805, True
3.6616434446540325, 3.489283884159928, -1.088017084355723, -0.1119636073229513, 0.06717276137229733, 0.29857398296164805, False
1.158054846695915, 0.4671816422106376, -0.9146113671570042, -0.1119636073229513, 0.06717276137229733, 0.29857398296164805, False
-5.065691920410449, 0.06560792664934567, 1.8753937343348168, -0.1119636073229513, 0.06717276137229733, 0.29857398296164805, False
4.501992473264355, 3.52295230148186, -1.5009198927547227, -0.1119636073229513, 0.06717276137229733, 0.29857398296164805, False
-0.20737744834940042, 4.082140636350289, 0.5779907887153475, -0.1119636073229513, 0.06717276137229733, 0.29857398296164805, True
-4.169501263783113, -2.703569997700615, 3.0503424357343762, -0.1119636073229513, 0.06717276137229733, 0.29857398296164805, True
0.047773831617480944, -1.6713890922086465, 2.8447821042841888, -0.1119636073229513, 0.06717276137229733, 0.29857398296164805, True
0.14599185218842425, -5.540255491162251, 1.9253633111103108, -0.1119636073229513, 0.06717276137229733, 0.29857398296164805, False
2.827542012657908, 3.645681757898389, -2.2699298116094453, -0.1119636073229513, 0.06717276137229733, 0.29857398296164805, False
-0.07500939659299277, -0.18265282380635295, -1.4137011310372383, -0.1119636073229513, 0.06717276137229733, 0.29857398296164805, False
-0.6535158601698585, 5.367905229564693, -2.494225185296139, -0.1119636073229513, 0.06717276137229733, 0.29857398296164805, True
-5.406250758260655, 2.9206844679832304, 0.986276711761092, -0.1119636073229513, 0.06717276137229733, 0.29857398296164805, False
-5.105006820493321, -4.121078918452978, -0.6414083824323726, -0.1119636073229513, 0.06717276137229733, 0.29857398296164805, False
0.6216229999197767, 0.29862566066849805, -1.2586609724957254, -0.1119636073229513, 0.06717276137229733, 0.29857398296164805, False
-4.275374111108365, -1.4070794883018616, 2.8113407181756447, -0.1119636073229513, 0.06717276137229733, 0.29857398296164805, True
1.3718766371186382, 0.36556628258365187, -0.6129609118924599, -0.1119636073229513, 0.06717276137229733, 0.29857398296164805, False
-0.43501506847782867, -3.280229970499649, 0.16999680551529606, -0.1119636073229513, 0.06717276137229733, 0.29857398296164805, False
5.890591554061558, 4.220897135696529, 0.11906533509714645, -0.1119636073229513, 0.06717276137229733, 0.29857398296164805, True
0.9751806390359867, -3.3016839178279036, -0.8637984715948925, -0.1119636073229513, 0.06717276137229733, 0.29857398296164805, False
1.0979769433659214, -1.220342989206335, 0.7676965083569809, -0.1119636073229513, 0.06717276137229733, 0.29857398296164805, True
-3.1808736184750774, -5.882961510121067, 2.1095375849780593, -0.1119636073229513, 0.06717276137229733, 0.29857398296164805, False
5.621585571807728, 2.6567936161836876, 1.8749680532312034, -0.1119636073229513, 0.06717276137229733, 0.29857398296164805, False
-2.0700201289804214, 2.0218213864061845, 2.8985759256522723, -0.1119636073229513, 0.06717276137229733, 0.29857398296164805, False
0.7882301074312617, 5.291499703323613, -0.2130571077776824, -0.1119636073229513, 0.06717276137229733, 0.29857398296164805, True
-5.532137032859292, 2.122888388479451, 1.3321446927677227, -0.1119636073229513, 0.06717276137229733, 0.29857398296164805, False
6.085047861871203, 5.12660947370874, -2.1942823144103616, -0.1119636073229513, 0.06717276137229733, 0.29857398296164805, True
-0.21487183720272895, -5.0657067793487585, 0.08079584586161825, -0.1119636073229513, 0.06717276137229733, 0.29857398296164805, False
5.364256331585953, 1.0239700089317427, -0.49138908340690124, -0.1119636073229513, 0.06717276137229733, 0.29857398296164805, False
3.822468398978687, 3.1808342597509984, -0.2435186418015105, -0.1119636073229513, 0.06717276137229733, 0.29857398296164805, False
2.422744023766901, -3.8208117837930287, -2.904911420839431, -0.1119636073229513, 0.06717276137229733, 0.29857398296164805, True
-2.0197762452050867, 0.4128873190539899, 0.3046174667554298, -0.1119636073229513, 0.06717276137229733, 0.29857398296164805, False
0.7388073110674416, -5.810947045715592, 2.8356716996182696, -0.1119636073229513, 0.06717276137229733, 0.29857398296164805, False
1.3178131892398888, -0.3127639853109585, -2.2055074677535846, -0.1119636073229513, 0.06717276137229733, 0.29857398296164805, True
-5.745058340820025, 2.4673894730976897, -1.3867166602506946, -0.1119636073229513, 0.06717276137229733, 0.29857398296164805, False
-0.13514984756007742, 3.175439017700281, -2.710008662257954, -0.1119636073229513, 0.06717276137229733, 0.29857398296164805, False
-2.1705608214362995, -5.2148811798716945, 0.5231767898930535, -0.1119636073229513, 0.06717276137229733, 0.29857398296164805, False
-0.7451972652783176, -2.392408616697978, 0.46246348505537815, -0.1119636073229513, 0.06717276137229733, 0.29857398296164805, True
2.762985647288488, 3.652558572491026, 1.178702987767938, -0.1119636073229513, 0.06717276137229733, 0.29857398296164805, False
0.3376011115278521, 0.26831568845147924, -2.1707424473162504, -0.1119636073229513, 0.06717276137229733, 0.29857398296164805, False
2.331858405989232, 2.613414465362302, -0.09580474805190287, -0.1119636073229513, 0.06717276137229733, 0.29857398296164805, False
-5.476928562252826, 1.4827528136305306, 1.7618564436267077, -0.1119636073229513, 0.06717276137229733, 0.29857398296164805, False
5.415108850482174, 1.5766146262258953, 1.9514153767550546, -0.1119636073229513, 0.06717276137229733, 0.29857398296164805, False
1.8200611657581849, 4.7391235241033325, 0.8588320567098622, -0.1119636073229513, 0.06717276137229733, 0.29857398296164805, True
-4.359084696780816, -1.5471236096558894, 2.585048907333684, -0.1119636073229513, 0.06717276137229733, 0.29857398296164805, True
-4.866217870781169, -4.081263912041864, -2.630742506695089, -0.1119636073229513, 0.06717276137229733, 0.29857398296164805, False
0.5083062198988904, 4.248282588860874, -1.8218895258294834, -0.1119636073229513, 0.06717276137229733, 0.29857398296164805, True
0.014291803144433679, -1.8115298197764673, -0.6244043348511057, -0.1119636073229513, 0.06717276137229733, 0.29857398296164805, True
5.968303362557014, 6.041798081779458, -1.7186121191655783, -0.1119636073229513, 0.06717276137229733, 0.29857398296164805, False
4.178511352565122, -6.28162013856468, -1.054970494575235, -0.1119636073229513, 0.06717276137229733, 0.29857398296164805, False
0.10506170951360705, 4.2521363121216265, -0.2297507597789732, -0.1119636073229513, 0.06717276137229733, 0.29857398296164805, True
4.329734052206817, -5.632248697390552, -1.1015024842549503, -0.1119636073229513, 0.06717276137229733, 0.29857398296164805, False
5.282113480419264, 5.506741469238877, -2.0715989322052, -0.1119636073229513, 0.06717276137229733, 0.29857398296164805, False
-0.7466124241686041, -5.440959230449524, 0.21974106040841024, -0.1119636073229513, 0.06717276137229733, 0.29857398296164805, False
-4.900148521324738, 2.4083676372580882, -1.3874756422326078, -0.1119636073229513, 0.06717276137229733, 0.29857398296164805, False
-1.8064290558680511, 5.404694479951264, -0.9646197725175387, -0.1119636073229513, 0.06717276137229733, 0.29857398296164805, False
-0.09892421057050704, -1.7225336164741814, -1.3072786870171085, -0.1119636073229513, 0.06717276137229733, 0.29857398296164805, True
4.27408008999541, 0.8807066730672259, -1.880959659012024, -0.1119636073229513, 0.06717276137229733, 0.29857398296164805, False
-4.289215513286688, -1.1276508305248036, 2.3643472296904324, -0.1119636073229513, 0.06717276137229733, 0.29857398296164805, True
6.235437539049952, 3.998820336044883, 1.6175547098727963, -0.1119636073229513, 0.06717276137229733, 0.29857398296164805, True
-2.577254510975773, 3.2390191111154003, -0.042871893204393885, -0.1119636073229513, 0.06717276137229733, 0.29857398296164805, False
-6.015287682253271, 2.2372745527883726, 2.131861949400845, -0.1119636073229513, 0.06717276137229733, 0.29857398296164805, False
4.75005068419777, 1.9066368333882693, -1.0127701781999856, -0.1119636073229513, 0.06717276137229733, 0.29857398296164805, False
-3.2830158758456025, -1.5933481305939328, 2.2052361664486693, -0.1119636073229513, 0.06717276137229733, 0.29857398296164805, True
0.29278857529621316, 3.089259265762024, -0.7659160793059288, -0.1119636073229513, 0.06717276137229733, 0.29857398296164805, False
-0.6154886222858824, -1.7600400085074988, 1.763785275612599, -0.1119636073229513, 0.06717276137229733, 0.29857398296164805, True
5.278770897627638, -4.502062534818808, -1.5599130189237005, -0.1119636073229513, 0.06717276137229733, 0.29857398296164805, False
-6.211175653914942, 1.6011535218518347, -2.6148419009717476, -0.1119636073229513, 0.06717276137229733, 0.29857398296164805, False
-2.633795805981403, 5.8867543904760105, 0.030717705716830856, -0.1119636073229513, 0.06717276137229733, 0.29857398296164805, False
2.9190061643384944, -2.377043595592185, -1.649638139357091, -0.1119636073229513, 0.06717276137229733, 0.29857398296164805, False
1.2832276427706102, -2.777693171942232, 2.415341868323863, -0.1119636073229513, 0.06717276137229733, 0.29857398296164805, True
-4.276215916895474, 2.083058825479206, 0.15872815516852912, -0.1119636073229513, 0.06717276137229733, 0.29857398296164805, False
-1.7010964709326108, 1.8094058206137937, -2.2946119038909654, -0.1119636073229513, 0.06717276137229733, 0.29857398296164805, False
0.048597582806209516, -2.4944534699437613, 0.23086279745422367, -0.1119636073229513, 0.06717276137229733, 0.29857398296164805, True
-4.9249144541245515, 0.9957907470956071, 0.44681611010212263, -0.1119636073229513, 0.06717276137229733, 0.29857398296164805, False
3.7074768274068433, -5.989293821208111, -0.7274211658477205, -0.1119636073229513, 0.06717276137229733, 0.29857398296164805, False
-4.802640326838055, 3.6900281019885295, -2.2442352263536747, -0.1119636073229513, 0.06717276137229733, 0.29857398296164805, True
-1.7355878431859697, -3.6163189150981694, 1.273780605657869, -0.1119636073229513, 0.06717276137229733, 0.29857398296164805, False
-4.580768026768799, -5.566809379161544, -0.6877873888836277, -0.1119636073229513, 0.06717276137229733, 0.29857398296164805, False
5.9599086667578565, 3.7555892262718054, 0.38006819137949366, -0.1119636073229513, 0.06717276137229733, 0.29857398296164805, True
0.6307340978049698, 3.4719117749133677, 0.591753247243338, -0.1119636073229513, 0.06717276137229733, 0.29857398296164805, True
3.6540780435174405, 1.4296888644175292, 3.0561027012008184, -0.1119636073229513, 0.06717276137229733, 0.29857398296164805, True
-5.523120523175866, -0.09325014970609491, -1.7573996462698367, -0.1119636073229513, 0.06717276137229733, 0.29857398296164805, False
-3.2238262375289573, 4.684237950745279, 2.107138215299698, -0.1119636073229513, 0.06717276137229733, 0.29857398296164805, True
0.8687125021811228, 0.9471438872571394, -0.7800540984312145, -0.1119636073229513, 0.06717276137229733, 0.29857398296164805, False
5.859585694555022, 2.949988354975602, -0.1503979409534275, -0.1119636073229513, 0.06717276137229733, 0.29857398296164805, False
3.171635600786823, 3.8030809755886636, 1.742766943456008, -0.1119636073229513, 0.06717276137229733, 0.29857398296164805, False
0.357165674968579, -4.156827100817928, -2.0814010937073335, -0.1119636073229513, 0.06717276137229733, 0.29857398296164805, False
-4.109149856419981, 0.9100444191254606, -1.0596534954473946, -0.1119636073229513, 0.06717276137229733, 0.29857398296164805, False
-2.9021182826560414, 0.08707111574766468, 3.0158177788086347, -0.1119636073229513, 0.06717276137229733, 0.29857398296164805, True
-3.2916299097276154, 5.394867069357888, 2.176148836821409, -0.1119636073229513, 0.06717276137229733, 0.29857398296164805, False
5.432699324702508, -2.9471569836036386, -3.080666786415754, -0.1119636073229513, 0.06717276137229733, 0.29857398296164805, True
1.928220821258261, 0.03464934813424758, -0.5684018016816652, -0.1119636073229513, 0.06717276137229733, 0.29857398296164805, False
1.0816152230284652, 1.6783732101754438, 2.5616093229044425, -0.1119636073229513, 0.06717276137229733, 0.29857398296164805, False
6.125057601631671, -6.129461348220671, 0.845227268079531, -0.1119636073229513, 0.06717276137229733, 0.29857398296164805, False
3.3239789245993183, -3.4450614583917223, 0.785970531239427, -0.1119636073229513, 0.06717276137229733, 0.29857398296164805, False
