0.6315681767091004, -5.8990639357905525, 0.07206412389452632, -0.04475705210822023, -0.44543385822259185, 0.6105140012777595, False
-2.10328750575289, 0.4308549698642494, 2.6323356015605697, -0.04475705210822023, -0.44543385822259185, 0.6105140012777595, False
2.5818969780212395, -2.5381376203484285, -2.5559624461440786, -0.04475705210822023, -0.44543385822259185, 0.6105140012777595, False
-3.0084160252178345, -2.9329057524445257, 1.2407283308676913, -0.04475705210822023, -0.44543385822259185, 0.6105140012777595, False
-5.003094649311667, -5.091185814094802, -1.093814650546172, -0.04475705210822023, -0.44543385822259185, 0.6105140012777595, False
2.997728195272243, 2.7454050267567798, 1.1777658398171562, -0.04475705210822023, -0.44543385822259185, 0.6105140012777595, False
-3.2754201100286036, 5.199950236575036, 3.062912428913278, -0.04475705210822023, -0.44543385822259185, 0.6105140012777595, True
-2.3580239860201746, -3.726165911329865, -1.8578918900960442, -0.04475705210822023, -0.44543385822259185, 0.6105140012777595, False
1.655505659547912, -2.2163594368447033, -1.0179320002750423, -0.04475705210822023, -0.44543385822259185, 0.6105140012777595, False
-6.0881355730998505, -3.9182649720499856, -1.473778947280466, -0.04475705210822023, -0.44543385822259185, 0.6105140012777595, False
4.177538877942533, -0.7769948302607066, 2.3724875028268118, -0.04475705210822023, -0.44543385822259185, 0.6105140012777595, False
4.959191208332829, 0.027984577178669312, 2.3091548034720244, -0.04475705210822023, -0.44543385822259185, 0.6105140012777595, False
3.9275099309693697, 0.20264372047524581, 2.4626147233035933, -0.04475705210822023, -0.44543385822259185, 0.6105140012777595, False
1.3861163722936363, -3.461248406607589, -1.9799208946226414, -0.04475705210822023, -0.44543385822259185, 0.6105140012777595, False
-2.9137953442238613, -1.9729257861499843, -1.5504999895033866, -0.04475705210822023, -0.44543385822259185, 0.6105140012777595, False
-3.0209246099633678, 4.874519814612787, -1.0727449563975546, -0.04475705210822023, -0.44543385822259185, 0.6105140012777595, False
2.6256158257032585, -1.0905469786736361, 2.112560641282413, -0.04475705210822023, -0.44543385822259185, 0.6105140012777595, False
4.080352174420661, -4.621064792919513, 2.2519936988158076, -0.04475705210822023, -0.44543385822259185, 0.6105140012777595, False
4.611210005188701, -1.174128931655578, 1.2137330973078582, -0.04475705210822023, -0.44543385822259185, 0.6105140012777595, True
0.09199926681159099, 0.7396909392490283, -1.3869633401011545, -0.04475705210822023, -0.44543385822259185, 0.6105140012777595, False
-2.781773213327834, 1.3348934907122425, 2.2331207577713936, -0.04475705210822023, -0.44543385822259185, 0.6105140012777595, False
3.1148124109781534, 1.2324315924987213, 2.894817697589758, -0.04475705210822023, -0.44543385822259185, 0.6105140012777595, True
0.19552255589886158, 2.0304757494890655, 2.7123373800015678, -0.04475705210822023, -0.44543385822259185, 0.6105140012777595, False
-0.4313791062483787, -0.061896759882383634, -1.5288102903482548, -0.04475705210822023, -0.44543385822259185, 0.6105140012777595, False
5.133032996885618, -3.3409777638666442, -0.7764093718183145, -0.04475705210822023, -0.44543385822259185, 0.6105140012777595, False
-2.332008040744282, 5.297155291776075, 1.1907171198120183, -0.04475705210822023, -0.44543385822259185, 0.6105140012777595, False
-4.985666271328061, -1.9567506721063692, -1.2826815388110249, -0.04475705210822023, -0.44543385822259185, 0.6105140012777595, True
-2.9311546194983036, -4.4806530879577, 1.9254979026002355, -0.04475705210822023, -0.44543385822259185, 0.6105140012777595, False
6.167251663122574, 3.1374817146217566, -1.9892700274470378, -0.04475705210822023, -0.44543385822259185, 0.6105140012777595, False
-1.8555321360750412, -6.205696056616159, 0.27060375983030616, -0.04475705210822023, -0.44543385822259185, 0.6105140012777595, False
1.7108842897994991, 5.212807451406469, -2.5449786741604288, -0.04475705210822023, -0.44543385822259185, 0.6105140012777595, False
5.463830216808622, 0.7886981775885067, 2.0173900544383265, -0.04475705210822023, -0.44543385822259185, 0.6105140012777595, False
1.398482578128628, -3.730457125171337, -1.7372430448563065, -0.04475705210822023, -0.44543385822259185, 0.6105140012777595, False
-1.3312418375081219, -4.325994080412769, -1.601279833763841, -0.04475705210822023, -0.44543385822259185, 0.6105140012777595, False
-1.4302662754309141, 2.001371959257698, 3.1078156479575574, -0.04475705210822023, -0.44543385822259185, 0.6105140012777595, True
2.0087954546348286, 4.566052268417783, 2.0503419068446638, -0.04475705210822023, -0.44543385822259185, 0.6105140012777595, False
1.0644377237452307, -5.398073105637788, 1.3359119869285454, -0.04475705210822023, -0.44543385822259185, 0.6105140012777595, False
6.234212506941658, 1.8022543582048804, 1.6212021596770665, -0.04475705210822023, -0.44543385822259185, 0.6105140012777595, False
1.6963864830109188, -1.4016623706661333, -1.1644514195412472, -0.04475705210822023, -0.44543385822259185, 0.6105140012777595, False
2.139046204105531, 5.666568972961098, 1.8264041348493656, -0.04475705210822023, -0.44543385822259185, 0.6105140012777595, False
2.456210231172564, 0.5265497906212628, 0.29697703260335384, -0.04475705210822023, -0.44543385822259185, 0.6105140012777595, False
-3.578112918390634, 1.2831020626329703, -0.9646871140870692, -0.04475705210822023, -0.44543385822259185, 0.6105140012777595, False
-2.5906461366179494, -1.0424526401995138, 2.3909927238076953, -0.04475705210822023, -0.44543385822259185, 0.6105140012777595, False
4.239442255585727, -3.5380387733062846, 1.1242145246581483, -0.04475705210822023, -0.44543385822259185, 0.6105140012777595, False
-1.710156778607054, -4.525596990165726, -0.49960987154965997, -0.04475705210822023, -0.44543385822259185, 0.6105140012777595, False
5.955891418371733, 3.4001484352830342, -0.3069165728920753, -0.04475705210822023, -0.44543385822259185, 0.6105140012777595, False
-2.34989322246865, 2.9376677116267196, -0.17469661762100364, -0.04475705210822023, -0.44543385822259185, 0.6105140012777595, False
-1.6269626700219355, -2.847110509363912, -1.2260067710564788, -0.04475705210822023, -0.44543385822259185, 0.6105140012777595, False
-2.173037919338512, 4.589099248146676, -2.214293576682567, -0.04475705210822023, -0.44543385822259185, 0.6105140012777595, False
5.820558987123325, -5.93570097951518, 2.5192407776522234, -0.04475705210822023, -0.44543385822259185, 0.6105140012777595, False
5.010824101843177, 0.3100978495786473, 2.399688234610098, -0.04475705210822023, -0.44543385822259185, 0.6105140012777595, False
2.408937241306889, 5.1411383627341785, -0.34220053095233993, -0.04475705210822023, -0.44543385822259185, 0.6105140012777595, False
0.23451859215621607, 5.202029005923185, -1.0765160565430278, -0.04475705210822023, -0.44543385822259185, 0.6105140012777595, False
-2.3099374280142593, 3.6828850242907087, -2.664902934285857, -0.04475705210822023, -0.44543385822259185, 0.6105140012777595, False
4.697032649311307, -1.1066819866587645, -1.3339935853379719, -0.04475705210822023, -0.44543385822259185, 0.6105140012777595, False
-0.8308168610204358, 6.011393056075532, -0.07361042861790024, -0.04475705210822023, -0.44543385822259185, 0.6105140012777595, False
-1.8410279755215866, 2.182169915464403, -1.6597130172596717, -0.04475705210822023, -0.44543385822259185, 0.6105140012777595, False
-0.6649910154746763, 2.939224986632894, 2.493761960220149, -0.04475705210822023, -0.44543385822259185, 0.6105140012777595, False
-5.1297709655445, -3.691911082832383, -0.9570414633171422, -0.04475705210822023, -0.44543385822259185, 0.6105140012777595, False
5.576056823432179, 3.820465916052701, -2.519078914943673, -0.04475705210822023, -0.44543385822259185, 0.6105140012777595, False
-1.8990810538323943, -0.0886468219941392, 0.3360408741704135, -0.04475705210822023, -0.44543385822259185, 0.6105140012777595, False
1.738141690746403, -1.9287709383947407, -0.9451948540903854, -0.04475705210822023, -0.44543385822259185, 0.6105140012777595, True
-0.45011600835947885, 4.968373731178456, -2.3183855466043264, -0.04475705210822023, -0.44543385822259185, 0.6105140012777595, False
0.004799031075129356, 2.8996805685292415, 2.9975677966026133, -0.04475705210822023, -0.44543385822259185, 0.6105140012777595, True
3.3873789911135734, 3.8456755218575704, -1.671334617760057, -0.04475705210822023, -0.44543385822259185, 0.6105140012777595, False
-5.166009669944312, 0.4573148641554319, 0.0056791433799054936, -0.04475705210822023, -0.44543385822259185, 0.6105140012777595, False
3.825672529439805, 0.6419330064659814, 1.3349592893991247, -0.04475705210822023, -0.44543385822259185, 0.6105140012777595, False
-1.7493383715305075, 5.54520195546664, 2.9473249096219245, -0.04475705210822023, -0.44543385822259185, 0.6105140012777595, True
-5.526303371872776, -2.9271528217222977, 0.9830986391813843, -0.04475705210822023, -0.44543385822259185, 0.6105140012777595, False
-4.56248938869127, -1.2229324853640087, 0.32433537427979564, -0.04475705210822023, -0.44543385822259185, 0.6105140012777595, False
6.16682623132721, -0.4419572243777017, 2.757380923205683, -0.04475705210822023, -0.44543385822259185, 0.6105140012777595, False
-3.468548926923555, 0.226279087573503, 0.7843893193825595, -0.04475705210822023, -0.44543385822259185, 0.6105140012777595, False
-0.7452403152727545, -1.7590693819397503, 2.692124662758552, -0.04475705210822023, -0.44543385822259185, 0.6105140012777595, False
3.9454585818208443, -5.29898248103172, 0.7368759427344842, -0.04475705210822023, -0.44543385822259185, 0.6105140012777595, False
3.457640019190748, 2.410405576244754, 1.682727720862605, -0.04475705210822023, -0.44543385822259185, 0.6105140012777595, False
3.61698040381696, 3.5631162640552763, -2.2316887771900835, -0.04475705210822023, -0.44543385822259185, 0.6105140012777595, False
-1.3181639188403302, -1.9736642817253554, -2.016604304001002, -0.04475705210822023, -0.44543385822259185, 0.6105140012777595, False
3.4992667919893243, 2.077523251015462, 2.284868097192378, -0.04475705210822023, -0.44543385822259185, 0.6105140012777595, False
1.2129309107242952, -3.341509170252933, -2.7978966472439293, -0.04475705210822023, -0.44543385822259185, 0.6105140012777595, False
-5.2235888226208695, 5.07184118391007, 2.3887190350412135, -0.04475705210822023, -0.44543385822259185, 0.6105140012777595, False
-6.159203726959272, 6.272415022509728, 0.9967900513413035, -0.04475705210822023, -0.44543385822259185, 0.6105140012777595, False
-3.593820722545998, -0.374341195374285, -3.110933806993858, -0.04475705210822023, -0.44543385822259185, 0.6105140012777595, True
5.841284738480793, -5.2840329905190195, 0.7324549744068629, -0.04475705210822023, -0.44543385822259185, 0.6105140012777595, False
1.9531847173262573, 4.19766842319803, -0.047518909444928426, -0.04475705210822023, -0.44543385822259185, 0.6105140012777595, False
0.9745176159616502, 0.9431641890799405, 1.6491825525981572, -0.04475705210822023, -0.44543385822259185, 0.6105140012777595, False
3.2556326134777063, -3.1369149203865265, -1.296248160807612, -0.04475705210822023, -0.44543385822259185, 0.6105140012777595, False
-3.5705754214317826, -0.33158948762288176, -2.3046123859311805, -0.04475705210822023, -0.44543385822259185, 0.6105140012777595, False
-2.6421865583183566, 5.818223891017174, 1.5534973965336114, -0.04475705210822023, -0.44543385822259185, 0.6105140012777595, False
0.5678367627880707, 2.3193051706426715, 1.7573022108598053, -0.04475705210822023, -0.44543385822259185, 0.6105140012777595, False
2.6502789797759476, -5.150110505381778, 0.9049394036391716, -0.04475705210822023, -0.44543385822259185, 0.6105140012777595, False
5.954274215070093, -1.771943229645867, -0.9800509769149346, -0.04475705210822023, -0.44543385822259185, 0.6105140012777595, False
4.590043111591326, -4.2141913875708825, -2.2891825961945256, -0.04475705210822023, -0.44543385822259185, 0.6105140012777595, False
-0.9273453427378167, -2.234518208125145, -1.979766289418312, -0.04475705210822023, -0.44543385822259185, 0.6105140012777595, False
4.314878308255027, -2.9507133583101974, 0.7070166858950708, -0.04475705210822023, -0.44543385822259185, 0.6105140012777595, False
-2.730806363811411, -5.187256149677998, -2.817483451690845, -0.04475705210822023, -0.44543385822259185, 0.6105140012777595, False
-1.2786322266180887, 5.097760915965189, -1.906681204815842, -0.04475705210822023, -0.44543385822259185, 0.6105140012777595, False
-1.6148243439065455, 2.2702338639966566, 2.0798809749824256, -0.04475705210822023, -0.44543385822259185, 0.6105140012777595, False
-1.7210633659245893, 4.031265017012366, 0.4357382106298764, -0.04475705210822023, -0.44543385822259185, 0.6105140012777595, False
0.9111903367220293, -4.228983007659051, -2.332067062629662, -0.04475705210822023, -0.44543385822259185, 0.6105140012777595, False
-4.439459254098393, -0.5149282354372415, 1.3122884621439077, -0.04475705210822023, -0.44543385822259185, 0.6105140012777595, False
