0.3836138598833445, -1.465878613232947, -3.084265286847123, 0.2691083081204271, 0.2334936185578177, -0.16828529785925816, True
-5.571611128410191, -4.2819785259605965, -1.8430046365676587, 0.2691083081204271, 0.2334936185578177, -0.16828529785925816, False
-5.722240794251648, 2.949460041253669, -2.6853523336940857, 0.2691083081204271, 0.2334936185578177, -0.16828529785925816, False
-2.216033015715044, -1.8079551470408823, 2.457189501058668, 0.2691083081204271, 0.2334936185578177, -0.16828529785925816, False
4.068542446120615, 6.003668016052446, -0.777960326728381, 0.2691083081204271, 0.2334936185578177, -0.16828529785925816, False
-4.458945028076931, -6.260587799883935, 1.3153112258652424, 0.2691083081204271, 0.2334936185578177, -0.16828529785925816, False
2.358210456328097, 1.1449367046718884, -1.1452679554370988, 0.2691083081204271, 0.2334936185578177, -0.16828529785925816, False
-0.10112796833699633, -0.8462014773449793, 2.783410751514392, 0.2691083081204271, 0.2334936185578177, -0.16828529785925816, False
-0.9037230028131908, 4.041414221392689, 1.9848329867551113, 0.2691083081204271, 0.2334936185578177, -0.16828529785925816, False
-5.627200420302771, 3.074342531388467, -1.3171204712531661, 0.2691083081204271, 0.2334936185578177, -0.16828529785925816, False
0.6919742062930325, 1.1426002122874195, -1.9956776080268988, 0.2691083081204271, 0.2334936185578177, -0.16828529785925816, True
2.6900379764299274, 0.03949343293844798, -1.9471541379189659, 0.2691083081204271, 0.2334936185578177, -0.16828529785925816, False
3.258504150798485, 6.2088144525988636, 0.22976662790013513, 0.2691083081204271, 0.2334936185578177, -0.16828529785925816, False
5.731340901894663, -0.038398838584799755, 2.5497090898631836, 0.2691083081204271, 0.2334936185578177, -0.16828529785925816, False
-1.0315540698856962, 4.472209350898767, -1.0524548910553917, 0.2691083081204271, 0.2334936185578177, -0.16828529785925816, False
-5.673077608251868, -0.6422246875978601, 3.0936612779244204, 0.2691083081204271, 0.2334936185578177, -0.16828529785925816, True
-0.35045261515707526, 3.848920373848971, -0.15745505270067106, 0.2691083081204271, 0.2334936185578177, -0.16828529785925816, False
-6.141465139931904, -5.080726028371234, -0.8953112045961866, 0.2691083081204271, 0.2334936185578177, -0.16828529785925816, True
-3.30138337141219, 4.641084582895314, 1.4010307368225918, 0.2691083081204271, 0.2334936185578177, -0.16828529785925816, False
0.7986466960016623, -4.399993796865173, -1.6477524948649989, 0.2691083081204271, 0.2334936185578177, -0.16828529785925816, False
-0.2010565699336988, -4.926511211731263, 1.0396686337275156, 0.2691083081204271, 0.2334936185578177, -0.16828529785925816, True
-3.0002633870321804, 0.7095538024752734, -1.7825768526572747, 0.2691083081204271, 0.2334936185578177, -0.16828529785925816, False
-3.600711221932174, 3.9950612147976017, -2.8410844106380266, 0.2691083081204271, 0.2334936185578177, -0.16828529785925816, False
1.9522654090581781, 0.30656248211443327, 1.7531092739191223, 0.2691083081204271, 0.2334936185578177, -0.16828529785925816, False
2.5990594187713167, 2.248709531313116, -0.9767029444168127, 0.2691083081204271, 0.2334936185578177, -0.16828529785925816, False
1.0824540635610926, 3.903999238766156, 1.097238227122567, 0.2691083081204271, 0.2334936185578177, -0.16828529785925816, False
2.777321655640206, -1.297829970205405, -1.666808043185012, 0.2691083081204271, 0.2334936185578177, -0.16828529785925816, False
5.46870142371316, -3.6515576809892543, -1.183663860489167, 0.2691083081204271, 0.2334936185578177, -0.16828529785925816, False
-1.9209298529163252, -3.0792362090907033, 0.8644707194070262, 0.2691083081204271, 0.2334936185578177, -0.16828529785925816, False
5.063288669472296, 4.18641338108508, 2.751416622915693, 0.2691083081204271, 0.2334936185578177, -0.16828529785925816, False
2.8708357906492896, -3.80107340666684, 2.5384230707784337, 0.2691083081204271, 0.2334936185578177, -0.16828529785925816, False
5.282322287644588, -3.4734790427970705, -1.421371590083797, 0.2691083081204271, 0.2334936185578177, -0.16828529785925816, False
-3.0306986448262982, 2.0621410857480384, -2.2164694446287565, 0.2691083081204271, 0.2334936185578177, -0.16828529785925816, False
4.210959680513991, 4.555173240141276, -3.10507376495673, 0.2691083081204271, 0.2334936185578177, -0.16828529785925816, True
-6.0141197606487244, -1.5121198216388292, -1.4474414683189722, 0.2691083081204271, 0.2334936185578177, -0.16828529785925816, False
-1.241222727064648, 1.0476960512853353, 0.515315813592153, 0.2691083081204271, 0.2334936185578177, -0.16828529785925816, False
5.4272357108741875, -0.18817335429268045, 1.4732014256207906, 0.2691083081204271, 0.2334936185578177, -0.16828529785925816, False
0.18082969718199848, 4.054019809686533, 2.824522800736143, 0.2691083081204271, 0.2334936185578177, -0.16828529785925816, False
-1.081940182301845, -0.2937820742493802, 2.3180343669183516, 0.2691083081204271, 0.2334936185578177, -0.16828529785925816, False
4.204634509266949, 5.012319483582093, 1.4879011232648436, 0.2691083081204271, 0.2334936185578177, -0.16828529785925816, False
-2.762634421490108, -5.105955766159557, -1.7829055456187501, 0.2691083081204271, 0.2334936185578177, -0.16828529785925816, False
1.230358639363497, 1.8331849866060512, -2.8664304365707998, 0.2691083081204271, 0.2334936185578177, -0.16828529785925816, True
1.8441541745698249, -4.647301929146417, 0.9361265516519488, 0.2691083081204271, 0.2334936185578177, -0.16828529785925816, False
1.362390534132527, -4.325748802838762, -3.026395923377011, 0.2691083081204271, 0.2334936185578177, -0.16828529785925816, True
0.42263439786386225, -5.978060602999703, 0.040476859459509296, 0.2691083081204271, 0.2334936185578177, -0.16828529785925816, True
-2.00981467841864, -4.503355018195635, 2.79089331713919, 0.2691083081204271, 0.2334936185578177, -0.16828529785925816, False
-0.9839667692171048, -2.6141110794630387, 1.8640119438881362, 0.2691083081204271, 0.2334936185578177, -0.16828529785925816, False
2.3897036928052184, -0.2598725965605535, -2.2886365816178484, 0.2691083081204271, 0.2334936185578177, -0.16828529785925816, False
2.2733481881339497, -2.3175568743793185, -2.9453051193886424, 0.2691083081204271, 0.2334936185578177, -0.16828529785925816, True
-0.4131497918803779, -3.4504795559375716, 0.4663625616635789, 0.2691083081204271, 0.2334936185578177, -0.16828529785925816, False
2.934927476182498, 1.3252144750264003, -0.5122436897891909, 0.2691083081204271, 0.2334936185578177, -0.16828529785925816, False
0.08664775055877172, -0.2566263243103135, 1.6323343287367251, 0.2691083081204271, 0.2334936185578177, -0.16828529785925816, False
0.6583477748839375, 1.9486296413685764, -1.0797584785265202, 0.2691083081204271, 0.2334936185578177, -0.16828529785925816, False
1.1214762363604445, -5.628202634546462, -1.0197112166504296, 0.2691083081204271, 0.2334936185578177, -0.16828529785925816, True
-3.2608010404788454, -2.3149585005967226, 0.15618740568394074, 0.2691083081204271, 0.2334936185578177, -0.16828529785925816, False
-1.4002142392950896, 1.384192105270742, -0.618312197088632, 0.2691083081204271, 0.2334936185578177, -0.16828529785925816, False
1.1962657809403732, 2.1775177600835693, -0.31698247619771225, 0.2691083081204271, 0.2334936185578177, -0.16828529785925816, False
-3.7266183470061724, -3.963736781189275, 3.0101761222261665, 0.2691083081204271, 0.2334936185578177, -0.16828529785925816, True
-4.469435419360237, -6.058118422749837, -1.1824483547302358, 0.2691083081204271, 0.2334936185578177, -0.16828529785925816, False
-5.513147563332346, 2.6333911124161755, 2.8004704601626074, 0.2691083081204271, 0.2334936185578177, -0.16828529785925816, False
0.6899098870171256, 5.1162524129990405, -0.09946362755465721, 0.2691083081204271, 0.2334936185578177, -0.16828529785925816, False
5.940410999486804, 5.411707775400972, -1.632238597917267, 0.2691083081204271, 0.2334936185578177, -0.16828529785925816, False
-5.8427599953846325, 5.64685123683358, 2.352639737112554, 0.2691083081204271, 0.2334936185578177, -0.16828529785925816, False
3.0575660295138896, -4.291803064710555, -0.8064975275609201, 0.2691083081204271, 0.2334936185578177, -0.16828529785925816, False
-4.818166348361588, -2.6054426973540306, 0.8654488739945831, 0.2691083081204271, 0.2334936185578177, -0.16828529785925816, False
2.2941223465018794, 0.6418030042946121, 0.6032724228235549, 0.2691083081204271, 0.2334936185578177, -0.16828529785925816, False
-6.2423822970766665, -5.179461209252466, 0.3190043911141909, 0.2691083081204271, 0.2334936185578177, -0.16828529785925816, True
-0.7589105857732106, -5.584248640266295, -0.22003140575537783, 0.2691083081204271, 0.2334936185578177, -0.16828529785925816, False
2.8791533126545836, -0.7889298264314428, -1.9740288238922044, 0.2691083081204271, 0.2334936185578177, -0.16828529785925816, False
2.7456064508700546, 1.5691942185704502, 2.1316932217093534, 0.2691083081204271, 0.2334936185578177, -0.16828529785925816, False
5.1675611570066415, 1.414991179495063, 0.8910149867921895, 0.2691083081204271, 0.2334936185578177, -0.16828529785925816, False
1.2575198218527461, 0.1851759527919805, -2.5208472091714134, 0.2691083081204271, 0.2334936185578177, -0.16828529785925816, False
5.741854442721774, -1.6030608699081021, -0.7612599644586946, 0.2691083081204271, 0.2334936185578177, -0.16828529785925816, False
-5.634715809965818, -4.503237854434153, 1.0684359096652978, 0.2691083081204271, 0.2334936185578177, -0.16828529785925816, False
-1.744552011447463, 0.38019100399835004, 0.4147019326186485, 0.2691083081204271, 0.2334936185578177, -0.16828529785925816, False
3.558866451755309, 1.0470019475593721, 1.8294398532227678, 0.2691083081204271, 0.2334936185578177, -0.16828529785925816, False
-1.1491610368367668, 4.00828737785217, -0.552656770599472, 0.2691083081204271, 0.2334936185578177, -0.16828529785925816, False
-3.645849536560437, -1.5911686633718451, 0.4030295614497126, 0.2691083081204271, 0.2334936185578177, -0.16828529785925816, False
-1.939244933745166, 4.890764622462346, 1.2797064466007564, 0.2691083081204271, 0.2334936185578177, -0.16828529785925816, False
0.9154905417251378, 4.773215702282215, -1.6699088140044422, 0.2691083081204271, 0.2334936185578177, -0.16828529785925816, False
5.832765514968317, 4.680013450352767, 2.7421905018528676, 0.2691083081204271, 0.2334936185578177, -0.16828529785925816, False
2.040130201895213, -5.543066654176672, -1.9641476272892187, 0.2691083081204271, 0.2334936185578177, -0.16828529785925816, False
5.027536889656853, -2.178091149408343, 0.7004135369817241, 0.2691083081204271, 0.2334936185578177, -0.16828529785925816, False
2.230054665275741, -5.059337098364336, -2.719111065336743, 0.2691083081204271, 0.2334936185578177, -0.16828529785925816, False
-2.6285509926178756, 1.9503792931739792, 1.3146190371950937, 0.2691083081204271, 0.2334936185578177, -0.16828529785925816, True
2.041387903155801, -0.33355542028811414, 2.1043641625824545, 0.2691083081204271, 0.2334936185578177, -0.16828529785925816, False
-0.7128573535379452, -4.029781207639021, 0.02858809849820476, 0.2691083081204271, 0.2334936185578177, -0.16828529785925816, False
-4.418662269111565, -3.3083679692809516, 3.0564010790976903, 0.2691083081204271, 0.2334936185578177, -0.16828529785925816, True
-3.5562772591580347, -0.6333332521675281, 0.44232232100770785, 0.2691083081204271, 0.2334936185578177, -0.16828529785925816, False
1.057630817094111, 1.6130426118235963, -2.32142141719357, 0.2691083081204271, 0.2334936185578177, -0.16828529785925816, True
5.8591032697591565, 5.485513014236227, -2.7748544012145646, 0.2691083081204271, 0.2334936185578177, -0.16828529785925816, False
-2.9811154773202917, -5.576596935595806, -1.8569421391331402, 0.2691083081204271, 0.2334936185578177, -0.16828529785925816, False
1.276998072971005, 2.3331958518097675, 2.9301001063694576, 0.2691083081204271, 0.2334936185578177, -0.16828529785925816, True
4.5545566538862925, 4.469352550954566, 1.0319437641047475, 0.2691083081204271, 0.2334936185578177, -0.16828529785925816, False
-0.3912194512431757, 4.335960793381728, 0.026821723373768425, 0.2691083081204271, 0.2334936185578177, -0.16828529785925816, False
-4.2264095863554765, -5.428947596150077, 2.593835672085433, 0.2691083081204271, 0.2334936185578177, -0.16828529785925816, False
-1.8407537394734028, -0.6552388995536083, -2.676119305352822, 0.2691083081204271, 0.2334936185578177, -0.16828529785925816, False
0.6744899191175122, 4.739266811490454, -1.220203647219867, 0.2691083081204271, 0.2334936185578177, -0.16828529785925816, False
2.19063846962254, -0.1657934613112655, -1.036892754351236, 0.2691083081204271, 0.2334936185578177, -0.16828529785925816, False
-3.4796518473820672, -2.556390542909752, -0.09976664911802047, 0.2691083081204271, 0.2334936185578177, -0.16828529785925816, False
