4.998070176715013, -5.636013653309172, -2.9294252601606274, -0.49919058616429535, -0.010947635389229382, 0.6973378551968925, True
-3.7044931216224426, -4.458650629340863, -1.0918290723800013, -0.49919058616429535, -0.010947635389229382, 0.6973378551968925, False
3.856204197423656, 5.5705069824712705, 0.3337246861412808, -0.49919058616429535, -0.010947635389229382, 0.6973378551968925, False
-5.302981309647142, -2.6124095267503313, 2.58563589631248, -0.49919058616429535, -0.010947635389229382, 0.6973378551968925, False
4.786538638076106, 2.0248802815601525, 1.8836662488578417, -0.49919058616429535, -0.010947635389229382, 0.6973378551968925, False
-2.449780502822552, -0.3755917855524835, 2.331856829841783, -0.49919058616429535, -0.010947635389229382, 0.6973378551968925, False
-3.839976910534548, -4.542744644669298, 1.0884434274345667, -0.49919058616429535, -0.010947635389229382, 0.6973378551968925, False
0.7092761362673636, 3.748497231707523, 3.120098476957187, -0.49919058616429535, -0.010947635389229382, 0.6973378551968925, True
-3.4478642684695027, 0.40132291154298105, -0.2495891057020625, -0.49919058616429535, -0.010947635389229382, 0.6973378551968925, False
3.8956673740364973, 5.906309880426225, 3.037730569318758, -0.49919058616429535, -0.010947635389229382, 0.6973378551968925, True
4.138017713069507, 5.616163183944828, -1.9222858748398313, -0.49919058616429535, -0.010947635389229382, 0.6973378551968925, False
-0.6692707689236688, -0.25336005149016305, -0.31716155852600236, -0.49919058616429535, -0.010947635389229382, 0.6973378551968925, False
1.2357785049523704, 3.356967753685927, 0.9829405618976752, -0.49919058616429535, -0.010947635389229382, 0.6973378551968925, False
2.727123605696276, 5.887031473683608, 2.717991548922125, -0.49919058616429535, -0.010947635389229382, 0.6973378551968925, False
4.450418375349516, -5.160725528763088, 0.7664730169509202, -0.49919058616429535, -0.010947635389229382, 0.6973378551968925, False
-1.804985735219331, -1.3890065685669137, -0.32012721927414267, -0.49919058616429535, -0.010947635389229382, 0.6973378551968925, False
-2.162987992184296, 1.9109293847269146, -1.6691843814671712, -0.49919058616429535, -0.010947635389229382, 0.6973378551968925, False
5.367997049535024, -5.263911452568749, -1.8488358085770824, -0.49919058616429535, -0.010947635389229382, 0.6973378551968925, False
5.2663141318246485, 5.937273302242481, -1.002339123207101, -0.49919058616429535, -0.010947635389229382, 0.6973378551968925, False
-3.8753937425687677, -0.6161399324218388, -1.1246718853162507, -0.49919058616429535, -0.010947635389229382, 0.6973378551968925, False
4.718855380340672, -4.003674557012402, 2.3739476572130496, -0.49919058616429535, -0.010947635389229382, 0.6973378551968925, False
-0.47381707564306286, -2.094129528982407, 1.3113214249880407, -0.49919058616429535, -0.010947635389229382, 0.6973378551968925, False
6.0814900580933955, 1.7225059465270043, -0.517567530414381, -0.49919058616429535, -0.010947635389229382, 0.6973378551968925, False
-3.1912663946493987, -5.293317996691594, -1.140499456350951, -0.49919058616429535, -0.010947635389229382, 0.6973378551968925, False
-3.7210629796633135, -1.7260060063067417, -2.9865776548110308, -0.49919058616429535, -0.010947635389229382, 0.6973378551968925, True
3.226942570361283, 1.2108335262911663, -1.417913725832553, -0.49919058616429535, -0.010947635389229382, 0.6973378551968925, False
4.5757515959025685, -5.412085935828685, 1.2305589256918354, -0.49919058616429535, -0.010947635389229382, 0.6973378551968925, False
3.7463300462029885, 1.5456295617340157, -1.9445156838360138, -0.49919058616429535, -0.010947635389229382, 0.6973378551968925, False
-3.6609492161357458, 2.6699901447232612, 0.8867130462142674, -0.49919058616429535, -0.010947635389229382, 0.6973378551968925, False
-5.114073974790507, -1.1397286044871207, -0.4652383505815507, -0.49919058616429535, -0.010947635389229382, 0.6973378551968925, False
4.015000778139184, -1.3262982528389378, 0.9499858907003462, -0.49919058616429535, -0.010947635389229382, 0.6973378551968925, False
0.436794303664648, 4.607222893398683, -1.4419417570758077, -0.49919058616429535, -0.010947635389229382, 0.6973378551968925, False
6.126924702042109, -4.00626091045911, 1.3798035784278797, -0.49919058616429535, -0.010947635389229382, 0.6973378551968925, False
1.3361195362112888, -3.2468737888078394, 2.8984805712900314, -0.49919058616429535, -0.010947635389229382, 0.6973378551968925, True
-2.2461986815691484, -4.022486981081694, -1.4489620777712315, -0.49919058616429535, -0.010947635389229382, 0.6973378551968925, False
-1.282299897295542, 2.4747584281292987, -0.67829479729753, -0.49919058616429535, -0.010947635389229382, 0.6973378551968925, False
-1.8860641989147915, 3.0796215309870583, 1.134995989693457, -0.49919058616429535, -0.010947635389229382, 0.6973378551968925, False
-4.5084810324257285, -5.048790178130565, -0.858599807479695, -0.49919058616429535, -0.010947635389229382, 0.6973378551968925, False
-5.528881572499547, -1.4618475020531472, -1.6766427064050906, -0.49919058616429535, -0.010947635389229382, 0.6973378551968925, False
-4.228343476929238, 3.969054254436788, -2.105261016849835, -0.49919058616429535, -0.010947635389229382, 0.6973378551968925, False
3.683700043923606, 5.996403294328255, 2.9645500748384643, -0.49919058616429535, -0.010947635389229382, 0.6973378551968925, True
3.8368829809350586, -0.14530367665947885, 2.9036921923724703, -0.49919058616429535, -0.010947635389229382, 0.6973378551968925, True
1.7816795024214311, -4.100626665142409, -1.9648455356278458, -0.49919058616429535, -0.010947635389229382, 0.6973378551968925, False
-6.185018764266228, -2.029089204922215, 2.3563587060220224, -0.49919058616429535, -0.010947635389229382, 0.6973378551968925, False
1.5683460210975504, -1.4172783234272144, -2.1278965755506807, -0.49919058616429535, -0.010947635389229382, 0.6973378551968925, False
3.617942607931596, -6.06225786821023, -1.0410120495467194, -0.49919058616429535, -0.010947635389229382, 0.6973378551968925, False
-4.2446930903394735, -0.7519559217117191, -0.2633471706061674, -0.49919058616429535, -0.010947635389229382, 0.6973378551968925, False
1.1584846869111614, -3.5941732100151413, -1.2318990155257608, -0.49919058616429535, -0.010947635389229382, 0.6973378551968925, False
-1.855252633482011, -4.912773950889384, 2.4227876412017997, -0.49919058616429535, -0.010947635389229382, 0.6973378551968925, False
6.225344345408873, -4.4679305062645955, -0.4161080210819508, -0.49919058616429535, -0.010947635389229382, 0.6973378551968925, False
1.906688959101512, -1.422898051227345, 0.36720053890771354, -0.49919058616429535, -0.010947635389229382, 0.6973378551968925, False
5.720119275185382, -3.45687224325512, 0.7269124881991913, -0.49919058616429535, -0.010947635389229382, 0.6973378551968925, False
-4.690132316175999, -2.460815862335729, 2.779466990892611, -0.49919058616429535, -0.010947635389229382, 0.6973378551968925, False
-0.6546939266748222, -3.2821541201107567, -0.8662334811063865, -0.49919058616429535, -0.010947635389229382, 0.6973378551968925, False
4.938864030587521, -4.122631111630957, -2.5920726289877525, -0.49919058616429535, -0.010947635389229382, 0.6973378551968925, False
1.1773933831228458, -3.623845980887797, -1.7782122436856314, -0.49919058616429535, -0.010947635389229382, 0.6973378551968925, False
-2.854440952660733, 4.743553983538247, -1.1539558919775348, -0.49919058616429535, -0.010947635389229382, 0.6973378551968925, False
5.11711009248034, 5.008640403188464, -0.7844718601312217, -0.49919058616429535, -0.010947635389229382, 0.6973378551968925, False
2.4598962633041115, -1.9473186781805252, -1.5637865982068813, -0.49919058616429535, -0.010947635389229382, 0.6973378551968925, False
-4.514212449113497, -3.5081724976129522, 2.7176017701019592, -0.49919058616429535, -0.010947635389229382, 0.6973378551968925, False
-5.378059506825056, 3.0465861176748685, 0.477568278260716, -0.49919058616429535, -0.010947635389229382, 0.6973378551968925, False
0.9669907029993148, -4.316960729326773, -0.3618983141311616, -0.49919058616429535, -0.010947635389229382, 0.6973378551968925, False
-5.8000903028221895, -3.2173713070746324, 0.04250637466660123, -0.49919058616429535, -0.010947635389229382, 0.6973378551968925, False
2.178780829158807, -3.6866379908646234, -1.4006287959378014, -0.49919058616429535, -0.010947635389229382, 0.6973378551968925, False
-6.060403978931624, 2.9763230352264607, 1.8865081625365026, -0.49919058616429535, -0.010947635389229382, 0.6973378551968925, False
-3.66185577133866, 3.8586456510201934, 2.994970079314694, -0.49919058616429535, -0.010947635389229382, 0.6973378551968925, True
3.2917885365324775, -5.0096049054778975, -1.8127937247260022, -0.49919058616429535, -0.010947635389229382, 0.6973378551968925, False
1.2964679036602051, 1.335934060323317, -2.216585464031281, -0.49919058616429535, -0.010947635389229382, 0.6973378551968925, False
0.03602282582050709, -3.8466667477110397, 1.7642152360714007, -0.49919058616429535, -0.010947635389229382, 0.6973378551968925, False
-1.1218953678839476, -0.5015025991261028, 2.264451328719681, -0.49919058616429535, -0.010947635389229382, 0.6973378551968925, False
0.03295411597704234, 2.8507164046893134, -0.01035631042491536, -0.49919058616429535, -0.010947635389229382, 0.6973378551968925, False
-1.6047186592463563, 1.156402764116951, 0.6508116010324247, -0.49919058616429535, -0.010947635389229382, 0.6973378551968925, False
-4.002795386140317, 1.737108885720085, 1.2417971801560013, -0.49919058616429535, -0.010947635389229382, 0.6973378551968925, False
-4.992176201905246, -2.321297070759745, 0.760609851776398, -0.49919058616429535, -0.010947635389229382, 0.6973378551968925, False
-0.9883763141715649, 5.408006866707293, 1.3710679580011194, -0.49919058616429535, -0.010947635389229382, 0.6973378551968925, False
0.9221387657129423, -0.37915144069781803, -1.8710029863880155, -0.49919058616429535, -0.010947635389229382, 0.6973378551968925, False
-1.8855228695932666, -0.2744509922799452, 0.7143126484663171, -0.49919058616429535, -0.010947635389229382, 0.6973378551968925, False
-0.9610357939195415, 5.948843626652282, -1.6602910155974313, -0.49919058616429535, -0.010947635389229382, 0.6973378551968925, False
4.850573629559664, 3.845485912633789, 1.0255863510820955, -0.49919058616429535, -0.010947635389229382, 0.6973378551968925, False
0.5239647798398721, 0.222483817515851, -2.625532106548536, -0.49919058616429535, -0.010947635389229382, 0.6973378551968925, False
-5.657653132960769, 1.6058226349360112, 0.8349515346418008, -0.49919058616429535, -0.010947635389229382, 0.6973378551968925, False
-3.401847384621495, 5.887633404986355, -0.05156393093559464, -0.49919058616429535, -0.010947635389229382, 0.6973378551968925, False
-3.6557688841030296, 2.638088775676044, 2.7392683672854767, -0.49919058616429535, -0.010947635389229382, 0.6973378551968925, False
5.725619554359735, 5.39475119634454, 2.9733444087631247, -0.49919058616429535, -0.010947635389229382, 0.6973378551968925, True
-2.3165948911580956, 4.620507513431429, -0.26203392139970294, -0.49919058616429535, -0.010947635389229382, 0.6973378551968925, False
1.256039246742854, -3.037702869055659, -0.7989519828361731, -0.49919058616429535, -0.010947635389229382, 0.6973378551968925, False
-3.592524685202819, -0.30001247795352093, -0.31317600898488696, -0.49919058616429535, -0.010947635389229382, 0.6973378551968925, False
-3.071529175086122, 4.148120850325455, -0.08600917238363603, -0.49919058616429535, -0.010947635389229382, 0.6973378551968925, False
2.1582741720433702, -4.092976383359269, 1.2069906161252861, -0.49919058616429535, -0.010947635389229382, 0.6973378551968925, False
-3.7358585724459212, 5.856779195179277, 1.833026331416824, -0.49919058616429535, -0.010947635389229382, 0.6973378551968925, False
0.21408541974973083, -2.1246298632030944, -1.3685661810866276, -0.49919058616429535, -0.010947635389229382, 0.6973378551968925, False
-6.221355774659539, 0.25700350671018946, -1.9971336796822683, -0.49919058616429535, -0.010947635389229382, 0.6973378551968925, False
4.449584316627222, 5.375162412994126, -0.20753184100484878, -0.49919058616429535, -0.010947635389229382, 0.6973378551968925, False
-1.25070523360258, -4.638911442473412, 2.983085163904975, -0.49919058616429535, -0.010947635389229382, 0.6973378551968925, True
0.04914478977053527, -5.158870998445829, -2.7267672911431933, -0.49919058616429535, -0.010947635389229382, 0.6973378551968925, False
-0.29655569208870247, 2.9983622850088434, 2.1157569452880045, -0.49919058616429535, -0.010947635389229382, 0.6973378551968925, False
-5.49929691102577, 3.829971710768209, 1.6019102541679384, -0.49919058616429535, -0.010947635389229382, 0.6973378551968925, False
4.837335707698193, -3.8956136816504596, 2.152455228038616, -0.49919058616429535, -0.010947635389229382, 0.6973378551968925, False
-3.9562823795023236, 1.747953822355809, 2.2779664440773404, -0.49919058616429535, -0.010947635389229382, 0.6973378551968925, False
6.080234080117759, -3.0752476741702623, 0.6361489319694265, -0.49919058616429535, -0.010947635389229382, 0.6973378551968925, False
