-0.9512376565892833, 5.6184142295519734, -2.714977974917419, -0.17094428384781768, 0.42654083048624203, 0.009968926050394122, False
6.2491372923693245, -2.9913155122837027, 1.5739159374369276, -0.17094428384781768, 0.42654083048624203, 0.009968926050394122, False
-1.6497122747577793, -0.8082891897048707, -1.0106546024769125, -0.17094428384781768, 0.42654083048624203, 0.009968926050394122, False
4.623187406721486, 2.978590901256302, 0.4650725924446566, -0.17094428384781768, 0.42654083048624203, 0.009968926050394122, False
-1.6888480749460593, 0.9209202396320881, 2.0079405181042898, -0.17094428384781768, 0.42654083048624203, 0.009968926050394122, False
4.803823270651751, 5.31196665950606, -0.8149982956888819, -0.17094428384781768, 0.42654083048624203, 0.009968926050394122, False
3.0601925308673277, 4.96251890574379, -1.677470559473756, -0.17094428384781768, 0.42654083048624203, 0.009968926050394122, False
6.183830475742651, -3.142550322447819, -2.8946219758282226, -0.17094428384781768, 0.42654083048624203, 0.009968926050394122, True
-0.7925023991359543, -2.095378969336249, -0.7120008501046109, -0.17094428384781768, 0.42654083048624203, 0.009968926050394122, False
3.5434671857052713, -4.24528119547119, -1.334135136565476, -0.17094428384781768, 0.42654083048624203, 0.009968926050394122, False
-5.305542369043765, -0.1458485600521744, -1.53741016109768, -0.17094428384781768, 0.42654083048624203, 0.009968926050394122, False
2.9394097246868736, 2.394738916851008, 2.829509069071584, -0.17094428384781768, 0.42654083048624203, 0.009968926050394122, False
-0.3012072098741143, 1.3352308329031901, 1.0812109412800792, -0.17094428384781768, 0.42654083048624203, 0.009968926050394122, False
2.0086875113779463, -1.4038545572963583, 2.2795058872741745, -0.17094428384781768, 0.42654083048624203, 0.009968926050394122, False
0.7706724043852278, 0.7466684357351658, -2.6204720748209374, -0.17094428384781768, 0.42654083048624203, 0.009968926050394122, False
0.14866460812786464, 1.173734588381266, 1.509174974563356, -0.17094428384781768, 0.42654083048624203, 0.009968926050394122, False
-0.12049420661522348, 6.131412946362513, 0.2528524346254093, -0.17094428384781768, 0.42654083048624203, 0.009968926050394122, False
1.625174308660946, 1.128405941106723, -2.3501574219987322, -0.17094428384781768, 0.42654083048624203, 0.009968926050394122, True
6.027491463237517, 6.270203135364966, -1.391096123408034, -0.17094428384781768, 0.42654083048624203, 0.009968926050394122, False
-0.3609186594443585, -0.7624997789001933, -3.086192910552919, -0.17094428384781768, 0.42654083048624203, 0.009968926050394122, True
3.199141851622109, -3.2447826608415626, 1.0443575849634286, -0.17094428384781768, 0.42654083048624203, 0.009968926050394122, False
-1.9477534474756721, -0.16576776141068184, 0.12831516781216523, -0.17094428384781768, 0.42654083048624203, 0.009968926050394122, False
3.402795349314564, -6.212901508637969, 1.5878828865536354, -0.17094428384781768, 0.42654083048624203, 0.009968926050394122, False
4.958824486561568, -4.769174939370202, -1.2640660070438081, -0.17094428384781768, 0.42654083048624203, 0.009968926050394122, False
4.368351900124798, 2.6497649815110176, 2.0931262157389616, -0.17094428384781768, 0.42654083048624203, 0.009968926050394122, False
3.9577434548006156, -2.54422264579291, 2.9996082325736877, -0.17094428384781768, 0.42654083048624203, 0.009968926050394122, True
-1.1242463363021633, -4.357582274406786, -0.24733805433357503, -0.17094428384781768, 0.42654083048624203, 0.009968926050394122, False
4.435088812583571, -0.3747532950268919, 2.329735792115531, -0.17094428384781768, 0.42654083048624203, 0.009968926050394122, False
-1.0422530082263917, 1.2997695367584328, -1.4550158843157757, -0.17094428384781768, 0.42654083048624203, 0.009968926050394122, False
1.7904550436108408, -0.6379285194364064, 0.07167021167149557, -0.17094428384781768, 0.42654083048624203, 0.009968926050394122, False
-2.1813259161727947, -2.6154597152775403, -2.0181137949325327, -0.17094428384781768, 0.42654083048624203, 0.009968926050394122, False
-0.882534091044314, -5.6310630805295006, 1.6507896497158256, -0.17094428384781768, 0.42654083048624203, 0.009968926050394122, False
-5.828241448897828, -0.16403579504225618, -1.2553846473869086, -0.17094428384781768, 0.42654083048624203, 0.009968926050394122, False
1.618073077419373, -3.352218877218691, 1.0305977163164766, -0.17094428384781768, 0.42654083048624203, 0.009968926050394122, False
-2.8068918907928913, -0.3811439968619741, -0.5935031551666827, -0.17094428384781768, 0.42654083048624203, 0.009968926050394122, False
2.778716060219976, -4.126774519402033, -0.6655627875802823, -0.17094428384781768, 0.42654083048624203, 0.009968926050394122, False
-2.7647335024052184, 5.3758988602913576, -3.071972402036844, -0.17094428384781768, 0.42654083048624203, 0.009968926050394122, True
0.048563336495297094, 1.9191909893471788, 0.8000913746674261, -0.17094428384781768, 0.42654083048624203, 0.009968926050394122, False
1.753574048549316, 1.348028303493388, -2.875418442925075, -0.17094428384781768, 0.42654083048624203, 0.009968926050394122, False
-3.908872295067868, -2.2007870661756597, -2.9324709536394966, -0.17094428384781768, 0.42654083048624203, 0.009968926050394122, True
3.4868696795019467, 5.191663081766309, 0.8543508978607011, -0.17094428384781768, 0.42654083048624203, 0.009968926050394122, False
1.4917088583335607, -4.583590892408411, -2.9213206643197207, -0.17094428384781768, 0.42654083048624203, 0.009968926050394122, True
2.4704756434925272, 4.59169653881777, -1.2678485880935084, -0.17094428384781768, 0.42654083048624203, 0.009968926050394122, False
-0.3872667910700196, 0.38157064184018274, 1.1682154144338686, -0.17094428384781768, 0.42654083048624203, 0.009968926050394122, False
-3.608064411909913, 5.924239378737932, -0.7430960803281477, -0.17094428384781768, 0.42654083048624203, 0.009968926050394122, False
-1.1273684592276254, -0.1890455182038826, -0.5042882153420574, -0.17094428384781768, 0.42654083048624203, 0.009968926050394122, False
-2.459148921467619, -3.246200971442329, 1.646506450282386, -0.17094428384781768, 0.42654083048624203, 0.009968926050394122, False
-6.140669285385471, 5.4077491085675415, 2.7442587993369205, -0.17094428384781768, 0.42654083048624203, 0.009968926050394122, False
-3.4037017849351163, -3.0443340975038478, -1.7005477935018802, -0.17094428384781768, 0.42654083048624203, 0.009968926050394122, False
3.7462250420770005, -2.4549404160019748, -0.9039263836521587, -0.17094428384781768, 0.42654083048624203, 0.009968926050394122, False
0.5050480623976092, 2.192957972830696, -2.3720203594741442, -0.17094428384781768, 0.42654083048624203, 0.009968926050394122, False
6.086169897888441, 1.5498464513050916, 1.7941634082327695, -0.17094428384781768, 0.42654083048624203, 0.009968926050394122, False
1.6179544879614802, 6.125995480126798, 1.4118696998737148, -0.17094428384781768, 0.42654083048624203, 0.009968926050394122, True
-3.3074757691256615, 1.830764243047783, -3.0593144262127594, -0.17094428384781768, 0.42654083048624203, 0.009968926050394122, True
-1.467191420503286, -2.0978340839560676, -1.5927835376634267, -0.17094428384781768, 0.42654083048624203, 0.009968926050394122, False
-4.78519205035526, 3.4595212513618065, 2.539643322920665, -0.17094428384781768, 0.42654083048624203, 0.009968926050394122, False
5.39471673777749, 0.02785385229559889, -2.108703925806976, -0.17094428384781768, 0.42654083048624203, 0.009968926050394122, False
-2.8511046817531187, 5.42043532182271, 0.06879664870623525, -0.17094428384781768, 0.42654083048624203, 0.009968926050394122, False
-4.997454689815342, -2.920851115809956, 0.625510441910377, -0.17094428384781768, 0.42654083048624203, 0.009968926050394122, False
-2.045258304163811, -1.3196583452706232, -0.8398679687827588, -0.17094428384781768, 0.42654083048624203, 0.009968926050394122, False
-5.218966357842116, 4.524808394393716, -1.1412016380454366, -0.17094428384781768, 0.42654083048624203, 0.009968926050394122, False
-5.113539611927279, 0.5774859637732277, -0.3703491919877666, -0.17094428384781768, 0.42654083048624203, 0.009968926050394122, True
0.08948686395949501, -1.4983060277891989, 2.1839808989874054, -0.17094428384781768, 0.42654083048624203, 0.009968926050394122, False
-2.052551595271952, 3.645547636514925, -2.879060562471884, -0.17094428384781768, 0.42654083048624203, 0.009968926050394122, True
0.5544430837755971, 2.593978855769988, 0.5911622747866025, -0.17094428384781768, 0.42654083048624203, 0.009968926050394122, False
-2.5512038919329574, -4.42394897196418, -1.3349152701107156, -0.17094428384781768, 0.42654083048624203, 0.009968926050394122, False
-6.115833075217306, 5.492082103103094, 3.0831123861184953, -0.17094428384781768, 0.42654083048624203, 0.009968926050394122, True
0.6530583481818946, 0.1372824432643247, -1.0205774562188066, -0.17094428384781768, 0.42654083048624203, 0.009968926050394122, False
4.358503093609965, -4.1351204076517085, -0.5548930701713224, -0.17094428384781768, 0.42654083048624203, 0.009968926050394122, False
3.5456615684552197, -0.39579264063504205, -2.9490198492083683, -0.17094428384781768, 0.42654083048624203, 0.009968926050394122, True
-0.2879353461976448, 2.364343631955787, -2.1821120115264994, -0.17094428384781768, 0.42654083048624203, 0.009968926050394122, False
-1.0430003370548473, -6.1349327950251, 0.7182049079055455, -0.17094428384781768, 0.42654083048624203, 0.009968926050394122, False
1.7864665410119134, 6.175913048121776, 2.647904459713647, -0.17094428384781768, 0.42654083048624203, 0.009968926050394122, True
4.684721949886347, 6.161306690528903, 0.4868557026340361, -0.17094428384781768, 0.42654083048624203, 0.009968926050394122, False
-4.401716908080509, -4.185382841134489, -0.025665371937254378, -0.17094428384781768, 0.42654083048624203, 0.009968926050394122, False
4.503633850589125, 1.8219250444015564, -1.8175269908386513, -0.17094428384781768, 0.42654083048624203, 0.009968926050394122, False
-1.1172874391382397, -3.8916530803972793, 2.890233376481988, -0.17094428384781768, 0.42654083048624203, 0.009968926050394122, True
-1.6978071954525769, -5.079694698452334, 1.75875975749834, -0.17094428384781768, 0.42654083048624203, 0.009968926050394122, False
-4.126700765201964, -1.0665090402583273, 2.9918064113474454, -0.17094428384781768, 0.42654083048624203, 0.009968926050394122, True
3.497962408299431, -1.4571717903734376, 0.16173182706926115, -0.17094428384781768, 0.42654083048624203, 0.009968926050394122, False
3.365103364214443, -2.6827245007899934, -1.4804153098276083, -0.17094428384781768, 0.42654083048624203, 0.009968926050394122, False
-3.0196767720332938, 2.981003701427113, -2.9116517744185875, -0.17094428384781768, 0.42654083048624203, 0.009968926050394122, True
0.17047906228236354, -2.8189665056350632, -1.741838836654388, -0.17094428384781768, 0.42654083048624203, 0.009968926050394122, False
3.8063592112293225, 0.038752735928246906, 1.3036496648555165, -0.17094428384781768, 0.42654083048624203, 0.009968926050394122, False
3.741504759865766, 3.5794166299295966, 0.15340291117054505, -0.17094428384781768, 0.42654083048624203, 0.009968926050394122, False
1.2084885145866133, 3.594537135267611, 3.0718191500040755, -0.17094428384781768, 0.42654083048624203, 0.009968926050394122, True
-3.342743520265208, -2.7089992628336566, 3.040458549778813, -0.17094428384781768, 0.42654083048624203, 0.009968926050394122, True
-3.8154208430565304, -3.22996819174467, 2.82150225660049, -0.17094428384781768, 0.42654083048624203, 0.009968926050394122, False
-2.7583140146666696, 2.3998606382616394, 2.4289980179757444, -0.17094428384781768, 0.42654083048624203, 0.009968926050394122, False
1.8904609385126463, 3.2996190257720315, 2.0868239902242944, -0.17094428384781768, 0.42654083048624203, 0.009968926050394122, False
1.3368371404584325, -3.5626852423494477, -2.2607109666675482, -0.17094428384781768, 0.42654083048624203, 0.009968926050394122, False
1.4530559932013603, -1.4484444676264339, 1.3737955289427353, -0.17094428384781768, 0.42654083048624203, 0.009968926050394122, False
4.291642392146301, -3.2486734660870407, -1.9620568735473674, -0.17094428384781768, 0.42654083048624203, 0.009968926050394122, False
-2.358078853670779, 2.5463820715331362, 2.8022600943394176, -0.17094428384781768, 0.42654083048624203, 0.009968926050394122, False
-3.413773183681225, -4.353807099769417, 1.710750083669046, -0.17094428384781768, 0.42654083048624203, 0.009968926050394122, False
-5.069107451981516, -1.7970758483343738, 2.2226561622678283, -0.17094428384781768, 0.42654083048624203, 0.009968926050394122, False
2.4938977400912403, -5.751741094265091, 1.8519807956163934, -0.17094428384781768, 0.42654083048624203, 0.009968926050394122, False
0.7530925385860412, -5.335481824566838, 2.1857276671269004, -0.17094428384781768, 0.42654083048624203, 0.009968926050394122, False
4.5849737835659035, 4.132004953719752, 2.0051942553210935, -0.17094428384781768, 0.42654083048624203, 0.009968926050394122, False
-3.923577828525325, -5.736449925641938, -0.8656978189295614, -0.17094428384781768, 0.42654083048624203, 0.009968926050394122, False
