-0.6013830096576598, 1.9516224220469933, 1.9910542080112057, -0.24998467410278524, 0.48166879561316156, 0.5874400506931032, False
4.274997521139328, 2.2845509720150172, 2.7340185184085426, -0.24998467410278524, 0.48166879561316156, 0.5874400506931032, False
-6.20563956559138, -2.130934704305111, -2.5762650805894354, -0.24998467410278524, 0.48166879561316156, 0.5874400506931032, False
4.531303523621656, -5.315798082205858, -2.9137209895102054, -0.24998467410278524, 0.48166879561316156, 0.5874400506931032, True
3.6368002880508516, -1.0614604946853277, 0.12879665838193644, -0.24998467410278524, 0.48166879561316156, 0.5874400506931032, False
5.228234174285658, 1.0032208202013706, 2.1550016542322794, -0.24998467410278524, 0.48166879561316156, 0.5874400506931032, False
-4.006279379940107, -0.8633933203879609, -2.5174094410804098, -0.24998467410278524, 0.48166879561316156, 0.5874400506931032, False
-5.344634561910547, -3.7579179376333633, 1.694937352735641, -0.24998467410278524, 0.48166879561316156, 0.5874400506931032, False
-2.2613080164109656, 3.9627996697405283, 2.2484881367615666, -0.24998467410278524, 0.48166879561316156, 0.5874400506931032, False
-3.9977081643877024, -3.5496001413224105, -2.5024874913764323, -0.24998467410278524, 0.48166879561316156, 0.5874400506931032, False
3.8617058840118386, 0.5891688293413866, 0.8947518938077215, -0.24998467410278524, 0.48166879561316156, 0.5874400506931032, False
2.008637431172831, -2.0645742790568598, -1.7957032374076278, -0.24998467410278524, 0.48166879561316156, 0.5874400506931032, False
-0.4676721679678941, -0.9679246851393071, -3.09562388019097, -0.24998467410278524, 0.48166879561316156, 0.5874400506931032, True
-1.2602483658236059, -5.693406793355602, 0.6340929321624698, -0.24998467410278524, 0.48166879561316156, 0.5874400506931032, False
-0.22823442553999218, -4.068325725963177, 0.7959317271267663, -0.24998467410278524, 0.48166879561316156, 0.5874400506931032, False
-0.41018461998099554, 1.3805694411503335, 3.003473243243147, -0.24998467410278524, 0.48166879561316156, 0.5874400506931032, True
1.5981652437519092, -4.931429691801778, -2.6837175714360653, -0.24998467410278524, 0.48166879561316156, 0.5874400506931032, False
-0.5532916171321016, -3.6571652906527046, 2.327051332688571, -0.24998467410278524, 0.48166879561316156, 0.5874400506931032, False
5.627225939353851, -1.5663874827824058, -2.0592785335076265, -0.24998467410278524, 0.48166879561316156, 0.5874400506931032, False
5.9811595194092195, -2.4405787696880137, 2.59376591797571, -0.24998467410278524, 0.48166879561316156, 0.5874400506931032, False
2.4999249330329256, 4.422504408905095, -0.3697376476813181, -0.24998467410278524, 0.48166879561316156, 0.5874400506931032, False
-3.133145581330279, -0.20313855185560037, 2.4083814005107804, -0.24998467410278524, 0.48166879561316156, 0.5874400506931032, False
3.677773825453169, -0.5787196714456027, 1.7908420636288938, -0.24998467410278524, 0.48166879561316156, 0.5874400506931032, False
5.394581482656674, 0.3768403558703266, 0.6516620581673531, -0.24998467410278524, 0.48166879561316156, 0.5874400506931032, False
-1.6975336379094852, 0.21992833227962727, -1.887905705459108, -0.24998467410278524, 0.48166879561316156, 0.5874400506931032, False
-4.66580603232455, -1.7823837524186992, 1.78885540649385, -0.24998467410278524, 0.48166879561316156, 0.5874400506931032, False
1.0350730438202795, 0.1583646975938482, 2.0710552511255846, -0.24998467410278524, 0.48166879561316156, 0.5874400506931032, False
-5.716123449123661, 4.0343259408939165, 0.2696866433359837, -0.24998467410278524, 0.48166879561316156, 0.5874400506931032, False
4.429650387062095, -2.4721864304581405, 2.4195229458012024, -0.24998467410278524, 0.48166879561316156, 0.5874400506931032, False
-1.1014904614264935, 1.8153857983319615, -2.967298991279701, -0.24998467410278524, 0.48166879561316156, 0.5874400506931032, True
0.1246039669322645, 3.7559486233276225, -1.8439016781194475, -0.24998467410278524, 0.48166879561316156, 0.5874400506931032, False
-3.7019610361090547, -3.2933297573967852, -2.0453156438710716, -0.24998467410278524, 0.48166879561316156, 0.5874400506931032, False
0.18546250013456334, 5.208045694960759, 1.414643553300297, -0.24998467410278524, 0.48166879561316156, 0.5874400506931032, False
-2.48305258271744, 3.373954385721108, 2.6753651428473937, -0.24998467410278524, 0.48166879561316156, 0.5874400506931032, False
3.6069363050557186, -0.1081485405664866, -0.7984030715129524, -0.24998467410278524, 0.48166879561316156, 0.5874400506931032, False
4.827684489655979, -1.2443785358919177, -1.7354907694971866, -0.24998467410278524, 0.48166879561316156, 0.5874400506931032, False
-4.453247600784645, 0.17960389710781577, 0.15040419949686434, -0.24998467410278524, 0.48166879561316156, 0.5874400506931032, False
5.544609194139245, 0.39629657289718256, -1.8445476563667973, -0.24998467410278524, 0.48166879561316156, 0.5874400506931032, False
2.4599734761753833, -4.665652776571501, 2.5756255660899194, -0.24998467410278524, 0.48166879561316156, 0.5874400506931032, False
-3.302121643907785, -3.444841012864016, -1.741910355019033, -0.24998467410278524, 0.48166879561316156, 0.5874400506931032, False
-5.534485033582722, 2.3660687077290827, -1.747529650807474, -0.24998467410278524, 0.48166879561316156, 0.5874400506931032, False
5.177840600789493, 1.3640489386732932, 2.3355344905985067, -0.24998467410278524, 0.48166879561316156, 0.5874400506931032, False
1.8384661149168977, 2.459280554343712, 0.3207284793745897, -0.24998467410278524, 0.48166879561316156, 0.5874400506931032, False
4.234333114431568, -2.62673622824026, 2.3864441808340873, -0.24998467410278524, 0.48166879561316156, 0.5874400506931032, False
-0.2992808328961827, -6.090539843826902, 1.922073168385345, -0.24998467410278524, 0.48166879561316156, 0.5874400506931032, False
-0.9928702328655641, 1.760410155796249, -1.2134946745157509, -0.24998467410278524, 0.48166879561316156, 0.5874400506931032, False
1.0334181634380686, 5.646304563200694, 1.9878011414478411, -0.24998467410278524, 0.48166879561316156, 0.5874400506931032, False
3.1481251765872997, 0.40560527111151057, 1.2619392000338179, -0.24998467410278524, 0.48166879561316156, 0.5874400506931032, False
-3.566697640274117, -3.6219228881639287, -1.0278320536265557, -0.24998467410278524, 0.48166879561316156, 0.5874400506931032, False
-2.6532840021885082, 4.167852941792134, -0.9957069768504101, -0.24998467410278524, 0.48166879561316156, 0.5874400506931032, False
-1.2449406064085924, -6.1363997405175725, 1.8290404903165554, -0.24998467410278524, 0.48166879561316156, 0.5874400506931032, False
-2.5722259471700277, 3.867091741217955, -2.003621346306743, -0.24998467410278524, 0.48166879561316156, 0.5874400506931032, False
0.16495844537355264, -4.614853820369551, -1.9180067998020072, -0.24998467410278524, 0.48166879561316156, 0.5874400506931032, False
-0.14246623331838393, -0.32269979587952946, -1.7220486000056698, -0.24998467410278524, 0.48166879561316156, 0.5874400506931032, False
-4.941093963503652, 1.1081733496111896, 1.4734411609765425, -0.24998467410278524, 0.48166879561316156, 0.5874400506931032, False
-4.705249126943095, 4.495381712957775, 2.608312905467847, -0.24998467410278524, 0.48166879561316156, 0.5874400506931032, False
0.3387397563512806, -4.713804145828657, -1.242766952826895, -0.24998467410278524, 0.48166879561316156, 0.5874400506931032, False
3.2753165918777896, -6.265913680697679, 1.343582470131695, -0.24998467410278524, 0.48166879561316156, 0.5874400506931032, False
-2.493395315425457, -5.277860105440642, 0.6325338978271446, -0.24998467410278524, 0.48166879561316156, 0.5874400506931032, False
-1.5205742447935098, -2.7381874613343027, -1.7679989459196108, -0.24998467410278524, 0.48166879561316156, 0.5874400506931032, False
2.623999027390987, -5.609177054564502, 2.839957691108687, -0.24998467410278524, 0.48166879561316156, 0.5874400506931032, False
-0.027450687631604964, -2.9951382735534433, 2.604416852194361, -0.24998467410278524, 0.48166879561316156, 0.5874400506931032, False
4.689838717330266, 0.11144886057628511, 2.0555346108761468, -0.24998467410278524, 0.48166879561316156, 0.5874400506931032, False
3.2630249244542533, 4.9415236518867935, 2.920857906798213, -0.24998467410278524, 0.48166879561316156, 0.5874400506931032, True
-3.222855667960877, 1.3484349614141893, -0.19203181624654775, -0.24998467410278524, 0.48166879561316156, 0.5874400506931032, False
1.1301862809766012, 2.45079779194468, 1.1512512168070899, -0.24998467410278524, 0.48166879561316156, 0.5874400506931032, False
-0.3796294058416523, 3.7739066216227055, 1.7806785966216916, -0.24998467410278524, 0.48166879561316156, 0.5874400506931032, False
-2.10673546869529, -5.8150527340979075, 1.393182606912184, -0.24998467410278524, 0.48166879561316156, 0.5874400506931032, False
4.417605234993523, 5.865931566690572, -1.7665827856381275, -0.24998467410278524, 0.48166879561316156, 0.5874400506931032, False
0.2919952907399841, -4.7168718969752845, -1.745020944838185, -0.24998467410278524, 0.48166879561316156, 0.5874400506931032, False
-0.32325299393269535, -6.167844260711208, -1.761066507950391, -0.24998467410278524, 0.48166879561316156, 0.5874400506931032, False
6.10128387224526, -2.0563658393335817, 0.539113065699492, -0.24998467410278524, 0.48166879561316156, 0.5874400506931032, False
1.9076005260526117, 2.9996304439062396, -1.8598939179941323, -0.24998467410278524, 0.48166879561316156, 0.5874400506931032, False
-6.0991075584208785, -3.3033025071342688, 1.0402821434819476, -0.24998467410278524, 0.48166879561316156, 0.5874400506931032, False
-0.6776587745976776, 0.33472447800287686, -0.018062918344470713, -0.24998467410278524, 0.48166879561316156, 0.5874400506931032, False
1.2196441712736634, 2.531518549925563, -2.485704891554624, -0.24998467410278524, 0.48166879561316156, 0.5874400506931032, False
-2.525693446072984, -5.128888845711909, -2.753782321469809, -0.24998467410278524, 0.48166879561316156, 0.5874400506931032, False
2.2220759385823055, -4.977894825866772, 1.3477073926821221, -0.24998467410278524, 0.48166879561316156, 0.5874400506931032, False
3.9763839253953694, 3.739325227865855, -2.690880951857629, -0.24998467410278524, 0.48166879561316156, 0.5874400506931032, False
-3.8542900275304035, -5.645805620900933, 2.2870500824562834, -0.24998467410278524, 0.48166879561316156, 0.5874400506931032, False
4.470423129130516, 0.4142337394598661, -0.8352537442442327, -0.24998467410278524, 0.48166879561316156, 0.5874400506931032, False
2.8108802120060705, -0.5623661266899953, -2.2942578776511304, -0.24998467410278524, 0.48166879561316156, 0.5874400506931032, False
1.8918606516856062, 3.153653022749067, -2.3014714410807704, -0.24998467410278524, 0.48166879561316156, 0.5874400506931032, False
-6.173056126862863, 4.455598976684179, 1.3551925894820576, -0.24998467410278524, 0.48166879561316156, 0.5874400506931032, False
2.2655795654895474, 0.3433359511985561, 1.2363033051391463, -0.24998467410278524, 0.48166879561316156, 0.5874400506931032, False
-0.9558005964885048, 2.8698049492286355, 2.759456870557629, -0.24998467410278524, 0.48166879561316156, 0.5874400506931032, False
4.367938403772158, 1.7356853688919323, -0.25155374538598796, -0.24998467410278524, 0.48166879561316156, 0.5874400506931032, False
3.8248817992954134, 4.966072828166897, 0.41050895463807224, -0.24998467410278524, 0.48166879561316156, 0.5874400506931032, False
-3.9863302525116038, 2.528934466567172, -1.6283622758308025, -0.24998467410278524, 0.48166879561316156, 0.5874400506931032, False
4.360425754214415, 2.2657200819310788, -1.2077141347375093, -0.24998467410278524, 0.48166879561316156, 0.5874400506931032, False
3.877698042088719, -0.16391917853492455, -2.505750863971833, -0.24998467410278524, 0.48166879561316156, 0.5874400506931032, False
2.378191301959326, 2.3748938670249498, 2.297385806831996, -0.24998467410278524, 0.48166879561316156, 0.5874400506931032, False
4.140019088843431, -2.4271759633555914, 0.09690602683008054, -0.24998467410278524, 0.48166879561316156, 0.5874400506931032, False
1.641855961938182, 2.08865463945509, 3.0731360162595713, -0.24998467410278524, 0.48166879561316156, 0.5874400506931032, True
-6.254974535376056, -0.923019388758421, -1.5350038195958786, -0.24998467410278524, 0.48166879561316156, 0.5874400506931032, False
3.333620682838884, 3.925757851967676, -1.4809788889072968, -0.24998467410278524, 0.48166879561316156, 0.5874400506931032, False
4.0466783461778135, 1.3182113287537618, -1.428415169031368, -0.24998467410278524, 0.48166879561316156, 0.5874400506931032, False
-0.9929975871316898, -6.102655437735235, 2.8954896096531737, -0.24998467410278524, 0.48166879561316156, 0.5874400506931032, True
3.3678003477800065, -4.442889155523164, 2.4413233534208043, -0.24998467410278524, 0.48166879561316156, 0.5874400506931032, False
-4.918954215896751, -3.4792138801223325, 0.8605620947137806, -0.24998467410278524, 0.48166879561316156, 0.5874400506931032, False
4.256819537090575, 5.741132576961011, 3.118125428642772, -0.24998467410278524, 0.48166879561316156, 0.5874400506931032, True
-2.8057738703052846, 3.7468323691141183, 0.9511199908613079, -0.24998467410278524, 0.48166879561316156, 0.5874400506931032, False
5.860659022084633, -0.504317592363158, 1.8078271229227152, -0.24998467410278524, 0.48166879561316156, 0.5874400506931032, False
0.3217440267626106, 3.7591361230527323, -0.08231985227720084, -0.24998467410278524, 0.48166879561316156, 0.5874400506931032, False
-0.9827223182793929, -6.193887089647901, 1.2103709092814814, -0.24998467410278524, 0.48166879561316156, 0.5874400506931032, False
1.907973359674088, 2.175215619805165, -2.030297738195687, -0.24998467410278524, 0.48166879561316156, 0.5874400506931032, False
2.8467338705743934, 1.330959297125636, 3.1095903865515337, -0.24998467410278524, 0.48166879561316156, 0.5874400506931032, True
-0.5927834973873196, 4.79502861259876, 2.6013801103019993, -0.24998467410278524, 0.48166879561316156, 0.5874400506931032, False
-1.361955189034112, 4.997524000102649, 0.1477418184107484, -0.24998467410278524, 0.48166879561316156, 0.5874400506931032, False
1.1774169468535725, -2.1821947751082273, -0.7733524177238622, -0.24998467410278524, 0.48166879561316156, 0.5874400506931032, False
-3.9487467668809844, -4.4632336487734, 1.3953119129502012, -0.24998467410278524, 0.48166879561316156, 0.5874400506931032, False
-3.1166080510580287, -5.938026797710189, 2.7228625636830017, -0.24998467410278524, 0.48166879561316156, 0.5874400506931032, False
-6.245834378891159, -3.7561650204917507, -0.2867723879363573, -0.24998467410278524, 0.48166879561316156, 0.5874400506931032, False
-2.9488840323772303, 5.005114110943222, -0.9311654181441082, -0.24998467410278524, 0.48166879561316156, 0.5874400506931032, False
-2.538555912144385, 5.324520801653009, 0.47403787309803125, -0.24998467410278524, 0.48166879561316156, 0.5874400506931032, False
1.8902134153795753, 3.5077549257988725, 0.29132862978512275, -0.24998467410278524, 0.48166879561316156, 0.5874400506931032, False
1.833113695747839, -1.1513979640905854, -1.661860039239528, -0.24998467410278524, 0.48166879561316156, 0.5874400506931032, False
4.356418945151903, -1.645484530738635, -1.6014665219395132, -0.24998467410278524, 0.48166879561316156, 0.5874400506931032, False
-1.9836338669825873, 2.476879164696248, -0.9309744047349651, -0.24998467410278524, 0.48166879561316156, 0.5874400506931032, False
-4.420862222851243, 3.4370204103638198, -2.0273984467155897, -0.24998467410278524, 0.48166879561316156, 0.5874400506931032, False
3.124423405638181, 3.0594888666971514, -0.7752456927592881, -0.24998467410278524, 0.48166879561316156, 0.5874400506931032, False
3.5360282924188287, -5.087933591624704, 3.0568607290715564, -0.24998467410278524, 0.48166879561316156, 0.5874400506931032, True
-5.1371067442656395, -0.20915422701037123, -1.7267103321055952, -0.24998467410278524, 0.48166879561316156, 0.5874400506931032, False
0.7495157242651551, 3.9077636191140144, 1.652843237297577, -0.24998467410278524, 0.48166879561316156, 0.5874400506931032, False
-5.6233919394502365, -5.477538964050188, 0.2765706384071276, -0.24998467410278524, 0.48166879561316156, 0.5874400506931032, False
-4.0634198358072116, 4.786627471408973, -0.336338172340513, -0.24998467410278524, 0.48166879561316156, 0.5874400506931032, False
1.0717946885784109, -3.9997175477908056, -2.9857953121532956, -0.24998467410278524, 0.48166879561316156, 0.5874400506931032, True
4.817338037232091, 0.22594153930112704, 2.0665350641297, -0.24998467410278524, 0.48166879561316156, 0.5874400506931032, False
4.613969390008592, -4.341876444247037, 0.06319268306250514, -0.24998467410278524, 0.48166879561316156, 0.5874400506931032, False
-3.0494026469571343, 6.169513089448772, 0.98327327157015, -0.24998467410278524, 0.48166879561316156, 0.5874400506931032, False
4.522966006607421, -4.338234804171626, 3.0713613209309765, -0.24998467410278524, 0.48166879561316156, 0.5874400506931032, True
-0.4160799476542598, -6.2314165418642675, 3.1061794001309213, -0.24998467410278524, 0.48166879561316156, 0.5874400506931032, True
2.2493346017065683, 3.4510467660726203, -2.9780679913071815, -0.24998467410278524, 0.48166879561316156, 0.5874400506931032, True
-4.032594843976244, 2.530967485974136, 2.256552247287657, -0.24998467410278524, 0.48166879561316156, 0.5874400506931032, False
6.136200452279807, 5.343342156431527, 0.07608889738068436, -0.24998467410278524, 0.48166879561316156, 0.5874400506931032, False
-4.454676550084669, -1.9660499010079562, 2.98846314693907, -0.24998467410278524, 0.48166879561316156, 0.5874400506931032, True
3.1005301246542043, 1.1006577729133342, 1.1679981363689782, -0.24998467410278524, 0.48166879561316156, 0.5874400506931032, False
3.1191181311071503, 5.977587825848012, -1.2885217930023252, -0.24998467410278524, 0.48166879561316156, 0.5874400506931032, False
-5.112242018237946, -3.833131090794938, 1.5428591259295406, -0.24998467410278524, 0.48166879561316156, 0.5874400506931032, False
-3.049526845006794, 5.959176408526474, 2.016297474450715, -0.24998467410278524, 0.48166879561316156, 0.5874400506931032, False
3.426090668260869, -4.320495850051061, -0.7095143269577044, -0.24998467410278524, 0.48166879561316156, 0.5874400506931032, False
5.147673252907612, 2.4500354972224905, -0.46233998131048626, -0.24998467410278524, 0.48166879561316156, 0.5874400506931032, False
0.8273555979449645, -5.858736487894568, 0.16700176449529147, -0.24998467410278524, 0.48166879561316156, 0.5874400506931032, False
-0.30441557815826314, 3.5297815347448083, 2.9694425304054173, -0.24998467410278524, 0.48166879561316156, 0.5874400506931032, True
1.2943619744195471, -0.22047189785314192, -0.7203597547978347, -0.24998467410278524, 0.48166879561316156, 0.5874400506931032, False
-1.3630008424283515, -4.661027748070708, 0.7763227466781415, -0.24998467410278524, 0.48166879561316156, 0.5874400506931032, False
4.073032968533706, -3.353387913950111, 1.6488682567056285, -0.24998467410278524, 0.48166879561316156, 0.5874400506931032, False
-0.15725172450522074, -3.730320984994167, -0.1880046723183284, -0.24998467410278524, 0.48166879561316156, 0.5874400506931032, False
-5.277602893725795, 6.1581338972316875, 0.1696972604601572, -0.24998467410278524, 0.48166879561316156, 0.5874400506931032, False
4.378588281334338, 1.0124067438278699, 0.06986762819216885, -0.24998467410278524, 0.48166879561316156, 0.5874400506931032, False
5.2197498381977265, -4.7251538814783265, 0.6964600931373819, -0.24998467410278524, 0.48166879561316156, 0.5874400506931032, False
-5.647866321473685, -0.04944793083932186, 1.5239355400490942, -0.24998467410278524, 0.48166879561316156, 0.5874400506931032, False
1.3712927547184828, -3.2278495751601266, 0.2634330071594029, -0.24998467410278524, 0.48166879561316156, 0.5874400506931032, False
-4.081161256691852, 1.8661676698413725, -0.9757831518127564, -0.24998467410278524, 0.48166879561316156, 0.5874400506931032, False
3.125343179948965, 3.829183878080748, -1.16381047285756, -0.24998467410278524, 0.48166879561316156, 0.5874400506931032, False
2.825077570620934, -0.8618730815891178, 0.8711669078985507, -0.24998467410278524, 0.48166879561316156, 0.5874400506931032, False
1.658870037821269, 3.3271621106792253, 2.5552912549148763, -0.24998467410278524, 0.48166879561316156, 0.5874400506931032, False
3.5726063319034527, 1.0303034983032164, -2.1384012378782984, -0.24998467410278524, 0.48166879561316156, 0.5874400506931032, False
0.7520887083239582, 3.6820686830228464, 2.7885937922592294, -0.24998467410278524, 0.48166879561316156, 0.5874400506931032, False
-4.643744388151051, -3.999865617895227, -0.5519829230798878, -0.24998467410278524, 0.48166879561316156, 0.5874400506931032, False
0.848164491116985, -5.403716506985315, -0.24636308255214967, -0.24998467410278524, 0.48166879561316156, 0.5874400506931032, False
-2.5353563127959204, -0.6405621809269428, -0.8087478000838981, -0.24998467410278524, 0.48166879561316156, 0.5874400506931032, False
-2.2686988291920924, 6.173126259181238, 2.851290705926548, -0.24998467410278524, 0.48166879561316156, 0.5874400506931032, True
-4.222511232820825, -6.174297832606105, -1.226350116118561, -0.24998467410278524, 0.48166879561316156, 0.5874400506931032, False
0.15220378244337596, 1.0640058020028311, -1.0693743802286688, -0.24998467410278524, 0.48166879561316156, 0.5874400506931032, False
3.0436792441232043, 0.9307040159198179, -0.1640240161103459, -0.24998467410278524, 0.48166879561316156, 0.5874400506931032, False
-4.5788664692347805, -1.1712522897488293, 0.5547297879133515, -0.24998467410278524, 0.48166879561316156, 0.5874400506931032, False
3.871088443643991, -0.6180442717232699, -0.8524926645665403, -0.24998467410278524, 0.48166879561316156, 0.5874400506931032, False
0.263913699313588, 5.121240048885156, 1.807114318327467, -0.24998467410278524, 0.48166879561316156, 0.5874400506931032, False
6.2483009006367585, 4.049372707455559, 1.6013455715722174, -0.24998467410278524, 0.48166879561316156, 0.5874400506931032, False
5.447575609360067, -2.943916184871631, 1.2951071229709985, -0.24998467410278524, 0.48166879561316156, 0.5874400506931032, True
-0.131652500683769, 2.6355755388949405, -1.3381800876067704, -0.24998467410278524, 0.48166879561316156, 0.5874400506931032, False
-6.250799083759972, -2.7972968024216267, -0.44269075803728786, -0.24998467410278524, 0.48166879561316156, 0.5874400506931032, False
-0.4524549618844729, 5.546931754894235, -1.6728349925412915, -0.24998467410278524, 0.48166879561316156, 0.5874400506931032, False
2.8939642398065963, 2.8744740839048912, 0.689921224787795, -0.24998467410278524, 0.48166879561316156, 0.5874400506931032, False
-0.7152594736328544, -4.250357519354544, 2.914746144426112, -0.24998467410278524, 0.48166879561316156, 0.5874400506931032, True
0.2368138760252192, -1.5743558003630564, 1.4136191653722996, -0.24998467410278524, 0.48166879561316156, 0.5874400506931032, False
-0.5627161508615348, -5.81183100428561, 2.5185616386673146, -0.24998467410278524, 0.48166879561316156, 0.5874400506931032, False
-3.308648126795917, 0.44374637156009555, 2.9948981140444895, -0.24998467410278524, 0.48166879561316156, 0.5874400506931032, True
-5.206969100222212, 3.6819266228996934, 2.914032929546784, -0.24998467410278524, 0.48166879561316156, 0.5874400506931032, True
-5.238031323301559, -0.6542058306558447, 0.6993223988872428, -0.24998467410278524, 0.48166879561316156, 0.5874400506931032, False
5.977392271196326, 2.708173452773261, 2.2970048453549934, -0.24998467410278524, 0.48166879561316156, 0.5874400506931032, False
-4.753191979486755, 2.048563082221218, -1.465066598452799, -0.24998467410278524, 0.48166879561316156, 0.5874400506931032, False
-0.1001102398452769, 0.03459063885981184, 1.716448297106023, -0.24998467410278524, 0.48166879561316156, 0.5874400506931032, False
2.12599303884849, -0.4402100568227727, -2.523559793496872, -0.24998467410278524, 0.48166879561316156, 0.5874400506931032, False
-4.165794142169734, -5.919450898652541, 1.8271046558686992, -0.24998467410278524, 0.48166879561316156, 0.5874400506931032, False
-3.0183629421236238, -4.837641225328247, 1.8244294746741616, -0.24998467410278524, 0.48166879561316156, 0.5874400506931032, False
-6.196157593969684, 5.306334458701992, -1.8464886572144632, -0.24998467410278524, 0.48166879561316156, 0.5874400506931032, False
1.0213166150492112, 1.2857849869382338, -1.3117490324660916, -0.24998467410278524, 0.48166879561316156, 0.5874400506931032, False
0.47705245950098885, 0.9185190911345424, 2.5563817286217843, -0.24998467410278524, 0.48166879561316156, 0.5874400506931032, False
-4.950984190383306, 2.770769873340436, -0.9575751581658145, -0.24998467410278524, 0.48166879561316156, 0.5874400506931032, False
-3.1315079988038566, 1.6907297191013981, -2.245274348836283, -0.24998467410278524, 0.48166879561316156, 0.5874400506931032, False
-5.655173038020524, -1.0981262600900683, 1.639006723878147, -0.24998467410278524, 0.48166879561316156, 0.5874400506931032, False
2.816392060241693, -1.4801860769854338, 1.1025855469552113, -0.24998467410278524, 0.48166879561316156, 0.5874400506931032, False
-1.0772835370456253, -5.3761270849056535, -1.4981002156935421, -0.24998467410278524, 0.48166879561316156, 0.5874400506931032, False
1.0645813069853043, -0.534073221875417, 0.35107680586167467, -0.24998467410278524, 0.48166879561316156, 0.5874400506931032, False
-5.014318596938536, 2.1902555382614057, -2.9587280585606006, -0.24998467410278524, 0.48166879561316156, 0.5874400506931032, True
-1.4602236403824138, 3.154277743271928, 2.5733672146113404, -0.24998467410278524, 0.48166879561316156, 0.5874400506931032, False
2.727082394370221, -5.4727134134531985, 0.9649203546885721, -0.24998467410278524, 0.48166879561316156, 0.5874400506931032, False
2.2523822142519947, 2.369217245962453, 0.005429957205944191, -0.24998467410278524, 0.48166879561316156, 0.5874400506931032, False
