4.667181689756358, 2.7258132382254256, 2.0630525006865437, 0.04043866648114025, 0.2964317586009425, -0.6668927610520785, False
5.348972310705074, 1.9398723154158901, -2.527151449265291, 0.04043866648114025, 0.2964317586009425, -0.6668927610520785, False
-0.49729125127765705, -0.31009340927439055, -0.38405482738134644, 0.04043866648114025, 0.2964317586009425, -0.6668927610520785, False
-5.413106692258374, 2.168196518034856, -2.4726866800202294, 0.04043866648114025, 0.2964317586009425, -0.6668927610520785, False
-0.08771433861056366, 2.7812368928907034, -2.740089901928049, 0.04043866648114025, 0.2964317586009425, -0.6668927610520785, False
3.8146410639655635, -0.9288993905157454, -0.527518494552031, 0.04043866648114025, 0.2964317586009425, -0.6668927610520785, False
6.115873100689251, 4.5845852417766455, -0.06837976293084669, 0.04043866648114025, 0.2964317586009425, -0.6668927610520785, False
2.2801689210669007, -2.5706494125943644, 2.6535621430383713, 0.04043866648114025, 0.2964317586009425, -0.6668927610520785, False
1.0438984830551412, 0.10046430507833293, -2.1990990531646997, 0.04043866648114025, 0.2964317586009425, -0.6668927610520785, False
5.319471204962312, -2.1003526391870837, -0.24760125248846343, 0.04043866648114025, 0.2964317586009425, -0.6668927610520785, False
-3.86870060310892, -5.906672523005188, -1.7595035838384896, 0.04043866648114025, 0.2964317586009425, -0.6668927610520785, False
1.1927308113136519, -4.055256347315074, -1.487281583529702, 0.04043866648114025, 0.2964317586009425, -0.6668927610520785, False
-5.741437037459868, -5.334308764051776, -0.674606278624633, 0.04043866648114025, 0.2964317586009425, -0.6668927610520785, False
2.619835384340588, -5.59915639965879, 0.47203579402447415, 0.04043866648114025, 0.2964317586009425, -0.6668927610520785, False
5.865071295296451, -1.8259811101315302, -1.9207459642884566, 0.04043866648114025, 0.2964317586009425, -0.6668927610520785, False
-1.8373913775237698, 1.217730296920017, -2.8770762792650317, 0.04043866648114025, 0.2964317586009425, -0.6668927610520785, False
3.8055940190610773, -3.5247926725169805, 2.2509216657881, 0.04043866648114025, 0.2964317586009425, -0.6668927610520785, False
4.65105452435523, 4.551369477241694, -2.5490456674803377, 0.04043866648114025, 0.2964317586009425, -0.6668927610520785, False
4.442138450852543, 2.7949541464519587, -2.32263279778847, 0.04043866648114025, 0.2964317586009425, -0.6668927610520785, False
-4.118717449285977, -2.3228508767891736, 0.596926562840292, 0.04043866648114025, 0.2964317586009425, -0.6668927610520785, False
-0.8454365201357392, 2.257853809521764, 0.9100140142411348, 0.04043866648114025, 0.2964317586009425, -0.6668927610520785, False
-2.042909232525661, -5.16553902414588, -2.943161800541251, 0.04043866648114025, 0.2964317586009425, -0.6668927610520785, True
3.9582710633368876, 5.7503824243236075, 2.5885749201796644, 0.04043866648114025, 0.2964317586009425, -0.6668927610520785, False
-4.827199953779703, 5.297184720591153, -1.0425980651699764, 0.04043866648114025, 0.2964317586009425, -0.6668927610520785, False
2.286415788925254, -0.7419426637609838, 2.7428925679787453, 0.04043866648114025, 0.2964317586009425, -0.6668927610520785, False
3.572709712289459, 6.200360900859639, 1.9094955139571637, 0.04043866648114025, 0.2964317586009425, -0.6668927610520785, False
5.306944563122375, -0.39190578037476254, 0.7174153439403357, 0.04043866648114025, 0.2964317586009425, -0.6668927610520785, False
5.620938173949774, -4.4663429252461935, -1.3463242114058953, 0.04043866648114025, 0.2964317586009425, -0.6668927610520785, False
-2.1403060118000425, 0.8850017318615802, -2.394124403504574, 0.04043866648114025, 0.2964317586009425, -0.6668927610520785, False
4.877015712860086, 4.910558729802579, 2.0971765776211564, 0.04043866648114025, 0.2964317586009425, -0.6668927610520785, False
-0.1662486856453178, 1.3599998503502482, 0.987118709421436, 0.04043866648114025, 0.2964317586009425, -0.6668927610520785, False
-5.060774713984787, -0.30661587593565454, 2.7941716050306793, 0.04043866648114025, 0.2964317586009425, -0.6668927610520785, False
-3.4402666035269913, -1.3033828426092997, 0.46649170229131487, 0.04043866648114025, 0.2964317586009425, -0.6668927610520785, False
0.9303649260835947, -1.773857262361302, -0.29824615192038895, 0.04043866648114025, 0.2964317586009425, -0.6668927610520785, False
-5.783766471962438, 0.11898182359533482, 0.8446403384017187, 0.04043866648114025, 0.2964317586009425, -0.6668927610520785, False
-1.6359388178831704, -4.860527619021868, -1.4718807575759807, 0.04043866648114025, 0.2964317586009425, -0.6668927610520785, False
-4.222544719250035, 2.13296718291201, 1.988232255712278, 0.04043866648114025, 0.2964317586009425, -0.6668927610520785, False
0.9887348151789608, -1.0527616008302791, -0.6969762140546485, 0.04043866648114025, 0.2964317586009425, -0.6668927610520785, False
-1.2281687944615607, -1.4109812256879293, 1.453821482328424, 0.04043866648114025, 0.2964317586009425, -0.6668927610520785, False
-4.867584125076029, -4.639591670601559, 0.4294114481066833, 0.04043866648114025, 0.2964317586009425, -0.6668927610520785, False
-0.4595843771768813, -5.829416966937026, 0.24777583118295032, 0.04043866648114025, 0.2964317586009425, -0.6668927610520785, False
5.05730984826924, 4.249030002149217, 0.5286042609999235, 0.04043866648114025, 0.2964317586009425, -0.6668927610520785, False
-3.3657324062768312, -5.245310462449062, -0.019846917340937686, 0.04043866648114025, 0.2964317586009425, -0.6668927610520785, False
0.0008919438130048363, 0.5445209989742823, 0.203404919945529, 0.04043866648114025, 0.2964317586009425, -0.6668927610520785, False
-5.7578690339000405, -0.33960215799056037, -1.1938893112578568, 0.04043866648114025, 0.2964317586009425, -0.6668927610520785, False
0.035326641876419096, -5.34496624646224, 2.058146403083387, 0.04043866648114025, 0.2964317586009425, -0.6668927610520785, False
1.9077946331533386, 0.6589891118292002, -2.5675291618732823, 0.04043866648114025, 0.2964317586009425, -0.6668927610520785, False
-2.2053153906376917, -1.441577481974404, 0.08409170715504866, 0.04043866648114025, 0.2964317586009425, -0.6668927610520785, False
-3.1344626239916353, 3.6474234734487077, 1.2673749137399062, 0.04043866648114025, 0.2964317586009425, -0.6668927610520785, False
-4.935423087827118, -5.555444221515818, 1.342857208297887, 0.04043866648114025, 0.2964317586009425, -0.6668927610520785, False
-4.798843668278424, 4.376383368871936, 1.6271996836274365, 0.04043866648114025, 0.2964317586009425, -0.6668927610520785, False
-0.9362239657303411, 3.022414328535392, 0.38480054931590724, 0.04043866648114025, 0.2964317586009425, -0.6668927610520785, False
-2.8801259803324064, 1.9899377288429907, 1.8684680797764175, 0.04043866648114025, 0.2964317586009425, -0.6668927610520785, False
-0.5505102899854313, -1.0362452431973974, 0.2753473813186704, 0.04043866648114025, 0.2964317586009425, -0.6668927610520785, False
1.2181403436856675, 2.0186152022830353, -1.1424393303045588, 0.04043866648114025, 0.2964317586009425, -0.6668927610520785, False
-1.786087197541379, -2.421033621657162, 1.787218827096929, 0.04043866648114025, 0.2964317586009425, -0.6668927610520785, False
-5.421926550814643, -1.320708995768296, -1.5527290140599865, 0.04043866648114025, 0.2964317586009425, -0.6668927610520785, False
2.0132439253855914, -1.0970666273981156, -3.0258346107241914, 0.04043866648114025, 0.2964317586009425, -0.6668927610520785, True
0.6545914728127684, -2.7284287451372555, 3.0535776957450054, 0.04043866648114025, 0.2964317586009425, -0.6668927610520785, True
5.235267785100701, 0.8713088259186854, 2.0759964140587526, 0.04043866648114025, 0.2964317586009425, -0.6668927610520785, False
-3.8950839907967625, -3.19513069782426, 0.3384280020812729, 0.04043866648114025, 0.2964317586009425, -0.6668927610520785, False
-5.689961553862631, 3.3700586726064703, -1.3318686972176308, 0.04043866648114025, 0.2964317586009425, -0.6668927610520785, False
6.129487280494937, -0.5509221052986293, 3.100183841378982, 0.04043866648114025, 0.2964317586009425, -0.6668927610520785, True
-1.8561923634083337, 1.7957889998561871, 0.8355065520273217, 0.04043866648114025, 0.2964317586009425, -0.6668927610520785, False
-3.3459025467109553, 1.9075471631777994, 2.5578472336965, 0.04043866648114025, 0.2964317586009425, -0.6668927610520785, False
5.6080653588812055, 3.3464051248176165, -2.5264619350158224, 0.04043866648114025, 0.2964317586009425, -0.6668927610520785, False
-2.4157431080610268, 5.429610691520098, 1.0400609806216075, 0.04043866648114025, 0.2964317586009425, -0.6668927610520785, False
1.7775238814380057, 2.3488950671779705, -0.48949660980599186, 0.04043866648114025, 0.2964317586009425, -0.6668927610520785, False
-1.7989403295096054, 3.351590996333254, -0.5464091171395569, 0.04043866648114025, 0.2964317586009425, -0.6668927610520785, False
1.1115049784040698, 0.5146750544565251, 2.018030046402746, 0.04043866648114025, 0.2964317586009425, -0.6668927610520785, False
-5.34981874351227, -5.4498738519310175, -1.9591054272866244, 0.04043866648114025, 0.2964317586009425, -0.6668927610520785, False
-3.946034947781404, 3.8859712816504004, 3.026563836132743, 0.04043866648114025, 0.2964317586009425, -0.6668927610520785, True
-1.7839632741207998, 2.723043378253216, 1.943399926213802, 0.04043866648114025, 0.2964317586009425, -0.6668927610520785, False
-4.18801606132082, -1.3058294431205821, 0.007920010218323892, 0.04043866648114025, 0.2964317586009425, -0.6668927610520785, False
-1.677360148682781, -1.3130066195030263, 0.3224562237637394, 0.04043866648114025, 0.2964317586009425, -0.6668927610520785, False
-0.6955373903306228, -3.485216885502973, -2.989289215604524, 0.04043866648114025, 0.2964317586009425, -0.6668927610520785, True
0.5106016209191697, 5.2488485908716775, -0.9055567146370085, 0.04043866648114025, 0.2964317586009425, -0.6668927610520785, False
4.242494130371691, 4.105852886684131, -2.6940170960534915, 0.04043866648114025, 0.2964317586009425, -0.6668927610520785, False
3.323125913460526, 1.8975243498804506, -2.9152800445605194, 0.04043866648114025, 0.2964317586009425, -0.6668927610520785, True
-5.289020606434854, -4.55687410379729, -0.8910941806925274, 0.04043866648114025, 0.2964317586009425, -0.6668927610520785, True
-5.081572438813447, 2.871152682709706, -1.4889121921190482, 0.04043866648114025, 0.2964317586009425, -0.6668927610520785, False
4.736713585941747, -1.2757103134062335, -1.3287888259643352, 0.04043866648114025, 0.2964317586009425, -0.6668927610520785, False
-5.6087132117409, -4.28135082573621, 1.7569370550738341, 0.04043866648114025, 0.2964317586009425, -0.6668927610520785, False
-0.7336671245719941, -5.923057523159239, -2.274773167796707, 0.04043866648114025, 0.2964317586009425, -0.6668927610520785, False
2.169229708009844, 3.19551825446462, -0.5022519351718744, 0.04043866648114025, 0.2964317586009425, -0.6668927610520785, False
2.0521209151031137, 4.086431076282899, 3.060998094123531, 0.04043866648114025, 0.2964317586009425, -0.6668927610520785, True
2.494508231991798, -0.27957626043144046, -0.7474641150499259, 0.04043866648114025, 0.2964317586009425, -0.6668927610520785, False
4.824083238902638, 4.390778087811441, -0.22211285487424837, 0.04043866648114025, 0.2964317586009425, -0.6668927610520785, False
1.345426730189069, -3.1970524669396005, -1.225303721319081, 0.04043866648114025, 0.2964317586009425, -0.6668927610520785, False
5.135706702722503, 5.578284624051548, -2.371340708895336, 0.04043866648114025, 0.2964317586009425, -0.6668927610520785, False
-1.453622018914806, 3.0272431917394176, -2.8062154078962522, 0.04043866648114025, 0.2964317586009425, -0.6668927610520785, False
2.3171375512279617, -2.1689211789613854, 1.78409112959962, 0.04043866648114025, 0.2964317586009425, -0.6668927610520785, False
1.12576117036385, 5.17309356175881, -1.5054287941981392, 0.04043866648114025, 0.2964317586009425, -0.6668927610520785, False
2.8043454211628998, 2.6330514929093596, -1.3410533645598741, 0.04043866648114025, 0.2964317586009425, -0.6668927610520785, False
-5.516842724293873, -2.7677084517575348, 2.4450042606752493, 0.04043866648114025, 0.2964317586009425, -0.6668927610520785, False
-3.980053395815364, -1.2064748472041655, -2.828000065603465, 0.04043866648114025, 0.2964317586009425, -0.6668927610520785, False
-3.487258955512412, -6.099668087030155, 2.392110892401381, 0.04043866648114025, 0.2964317586009425, -0.6668927610520785, False
0.1441072098434324, 5.32410560817895, -1.2368789170541952, 0.04043866648114025, 0.2964317586009425, -0.6668927610520785, False
-0.4686787530096046, -5.5931386498987, -2.8541185259806836, 0.04043866648114025, 0.2964317586009425, -0.6668927610520785, False
1.3515433724746178, 2.373815319427118, 0.33156944015828227, 0.04043866648114025, 0.2964317586009425, -0.6668927610520785, False
0.5682260456875463, -2.4962008979384196, -1.1088200448556056, 0.04043866648114025, 0.2964317586009425, -0.6668927610520785, False
-2.98707996352771, 3.7375455216908033, 2.8838168997788927, 0.04043866648114025, 0.2964317586009425, -0.6668927610520785, False
-2.9822147051404317, 1.183540752826472, -0.16210996937507538, 0.04043866648114025, 0.2964317586009425, -0.6668927610520785, False
5.147575022951855, 1.409269175792156, -2.6925800531391824, 0.04043866648114025, 0.2964317586009425, -0.6668927610520785, False
-2.2518512636415213, -2.7472466933702733, -2.949510611878781, 0.04043866648114025, 0.2964317586009425, -0.6668927610520785, True
2.301283823900752, 3.428034175068756, 1.5300430989336027, 0.04043866648114025, 0.2964317586009425, -0.6668927610520785, False
-5.673452601547958, -0.8405811409698378, -2.2539622126292134, 0.04043866648114025, 0.2964317586009425, -0.6668927610520785, False
-1.8918012859489668, 0.5595039154479275, -1.2992755514948442, 0.04043866648114025, 0.2964317586009425, -0.6668927610520785, False
0.520530276378504, 4.490548650073459, 2.307016604810018, 0.04043866648114025, 0.2964317586009425, -0.6668927610520785, False
3.410235351579379, 2.612712869660763, 1.4344762964213267, 0.04043866648114025, 0.2964317586009425, -0.6668927610520785, False
-2.01829134519745, -5.0404751419499, 0.565743505022331, 0.04043866648114025, 0.2964317586009425, -0.6668927610520785, False
-0.30768482341606074, 0.023394533498755976, -1.6254841045015047, 0.04043866648114025, 0.2964317586009425, -0.6668927610520785, False
-3.781080721144074, 4.50002662504124, -1.5015585817535975, 0.04043866648114025, 0.2964317586009425, -0.6668927610520785, False
-5.715673856852672, -4.836344606390142, 1.0350648920560026, 0.04043866648114025, 0.2964317586009425, -0.6668927610520785, False
-0.8073366060595308, 1.4399968775905343, 1.0419096738748799, 0.04043866648114025, 0.2964317586009425, -0.6668927610520785, False
5.126224702991898, -4.821087761664363, -2.3066975484208325, 0.04043866648114025, 0.2964317586009425, -0.6668927610520785, False
-1.7679759065623353, -5.168315086437778, -1.5891412537373117, 0.04043866648114025, 0.2964317586009425, -0.6668927610520785, False
2.389335700724317, 2.789274779471693, -2.855922495060722, 0.04043866648114025, 0.2964317586009425, -0.6668927610520785, False
-2.7864194025586464, 0.5474721996319634, 2.83728162734754, 0.04043866648114025, 0.2964317586009425, -0.6668927610520785, False
0.4007309175969649, 4.827813358612193, 2.9861335928897956, 0.04043866648114025, 0.2964317586009425, -0.6668927610520785, True
2.657745274808766, -0.6508387927999992, 0.05093010660269348, 0.04043866648114025, 0.2964317586009425, -0.6668927610520785, False
-5.328674913402816, 2.2819420265018806, 3.0595802368433036, 0.04043866648114025, 0.2964317586009425, -0.6668927610520785, True
5.287344192669913, -5.911677907618013, -1.1255689061499106, 0.04043866648114025, 0.2964317586009425, -0.6668927610520785, False
0.18060313068569211, -4.39665139212673, -2.7778604063359964, 0.04043866648114025, 0.2964317586009425, -0.6668927610520785, False
-2.16066148274329, -2.584731673143343, 1.349445923499636, 0.04043866648114025, 0.2964317586009425, -0.6668927610520785, False
-1.94342638886914, -1.8907157784912263, 2.461154931674229, 0.04043866648114025, 0.2964317586009425, -0.6668927610520785, False
-5.424033704013167, 4.643970235605597, 2.442851863627501, 0.04043866648114025, 0.2964317586009425, -0.6668927610520785, False
-3.82220847266169, 1.930193394778268, 1.9031376143648364, 0.04043866648114025, 0.2964317586009425, -0.6668927610520785, False
-0.19477113530932222, 0.43295706210809737, 0.9488758327399154, 0.04043866648114025, 0.2964317586009425, -0.6668927610520785, False
1.6736768967176197, -0.43408080867049215, -0.8179086595693552, 0.04043866648114025, 0.2964317586009425, -0.6668927610520785, False
-5.646266165300697, 5.892785983810182, -3.095689501698795, 0.04043866648114025, 0.2964317586009425, -0.6668927610520785, True
1.6747221061903872, 1.754912671402737, 1.3617517605539895, 0.04043866648114025, 0.2964317586009425, -0.6668927610520785, False
-3.7002714507369157, -5.824055546217877, 2.559488164701847, 0.04043866648114025, 0.2964317586009425, -0.6668927610520785, False
-2.462463563681495, 3.6723637888686635, -2.6887729608332704, 0.04043866648114025, 0.2964317586009425, -0.6668927610520785, False
2.935502705808082, 3.9599043872298054, 2.1494961550049734, 0.04043866648114025, 0.2964317586009425, -0.6668927610520785, False
-1.682923077410373, -3.5711040688973936, 1.8125359143702804, 0.04043866648114025, 0.2964317586009425, -0.6668927610520785, False
0.6324729388386094, 5.293157819748201, -2.497353108293403, 0.04043866648114025, 0.2964317586009425, -0.6668927610520785, False
-3.1194194941871154, 3.9263280843263466, 0.22971933061423755, 0.04043866648114025, 0.2964317586009425, -0.6668927610520785, False
-4.235906529264052, 0.20418560591887847, -1.3777519817230472, 0.04043866648114025, 0.2964317586009425, -0.6668927610520785, False
5.951173948954825, -0.5535789472268666, 0.6271276815501525, 0.04043866648114025, 0.2964317586009425, -0.6668927610520785, False
0.4287181740254651, -2.3551942212189756, -0.3484203480623118, 0.04043866648114025, 0.2964317586009425, -0.6668927610520785, False
1.4297980534357642, 2.2969843819355233, -0.8519380519673172, 0.04043866648114025, 0.2964317586009425, -0.6668927610520785, False
-1.2914780770010337, 5.136417246319185, -2.992172927602317, 0.04043866648114025, 0.2964317586009425, -0.6668927610520785, True
3.162347399941371, -5.049444455273464, -0.08708487770669482, 0.04043866648114025, 0.2964317586009425, -0.6668927610520785, False
1.7759586399774783, -4.029009592241252, -1.0683069730367687, 0.04043866648114025, 0.2964317586009425, -0.6668927610520785, False
-4.71868606757681, -1.696792664507342, -0.507846799502949, 0.04043866648114025, 0.2964317586009425, -0.6668927610520785, False
5.931845011970056, -5.0512321396856255, -1.3861255111851245, 0.04043866648114025, 0.2964317586009425, -0.6668927610520785, False
3.2454908020012656, 1.2404378466459285, 1.6239133506716223, 0.04043866648114025, 0.2964317586009425, -0.6668927610520785, False
1.680375710290046, 2.250125648727831, 1.6757079283673528, 0.04043866648114025, 0.2964317586009425, -0.6668927610520785, False
-1.9120514750217534, 0.11073321030854544, 0.2600763291297872, 0.04043866648114025, 0.2964317586009425, -0.6668927610520785, False
-0.4738393934130869, 0.650190541401714, -0.9318361211561275, 0.04043866648114025, 0.2964317586009425, -0.6668927610520785, False
-4.299797189001427, 2.4531772893655504, 1.7079806093042027, 0.04043866648114025, 0.2964317586009425, -0.6668927610520785, False
-4.687113976975178, -2.551061235156941, -2.7051783825322304, 0.04043866648114025, 0.2964317586009425, -0.6668927610520785, False
0.9961533522429766, -0.20295254557313314, -2.867214551799875, 0.04043866648114025, 0.2964317586009425, -0.6668927610520785, False
2.8462529633457034, 1.0586679479889671, -1.6119231585082037, 0.04043866648114025, 0.2964317586009425, -0.6668927610520785, False
-3.857245303945127, -4.884741590045926, 1.613722087436356, 0.04043866648114025, 0.2964317586009425, -0.6668927610520785, False
0.8514489782778938, 2.4892829280096684, 0.7120427517172478, 0.04043866648114025, 0.2964317586009425, -0.6668927610520785, False
3.409818580297399, 1.9660765766600043, -0.9899940839228565, 0.04043866648114025, 0.2964317586009425, -0.6668927610520785, False
-0.7419994208713012, -2.2914846573235144, -2.563900025857344, 0.04043866648114025, 0.2964317586009425, -0.6668927610520785, False
-1.2810923955356648, 0.4630396844684883, -1.0487906514648828, 0.04043866648114025, 0.2964317586009425, -0.6668927610520785, False
6.211822300426817, 3.7485251159332034, -2.914080317581557, 0.04043866648114025, 0.2964317586009425, -0.6668927610520785, True
-4.010613580932839, -0.7672435166776275, 0.953131504966934, 0.04043866648114025, 0.2964317586009425, -0.6668927610520785, False
1.7194690611586214, -5.712076355730278, 1.1859100475383642, 0.04043866648114025, 0.2964317586009425, -0.6668927610520785, False
6.263133035244303, 3.1172720914229117, 0.1505511297262605, 0.04043866648114025, 0.2964317586009425, -0.6668927610520785, False
-4.957992027638042, -3.080216321032728, 2.98923887551057, 0.04043866648114025, 0.2964317586009425, -0.6668927610520785, True
3.3566741717831725, 0.9213950289454989, 0.7210429960799964, 0.04043866648114025, 0.2964317586009425, -0.6668927610520785, False
3.142227524203088, 4.418638369236644, -0.5429252369448316, 0.04043866648114025, 0.2964317586009425, -0.6668927610520785, False
-2.587454870024811, 3.8900732182172106, 3.096468898116731, 0.04043866648114025, 0.2964317586009425, -0.6668927610520785, True
0.7945716934269464, -1.0547245307995148, 0.8198742461234003, 0.04043866648114025, 0.2964317586009425, -0.6668927610520785, False
-5.128422917411948, -3.2492747718780746, -3.0082644186791843, 0.04043866648114025, 0.2964317586009425, -0.6668927610520785, True
5.945134976510998, 5.145233307830793, -0.4186281925732147, 0.04043866648114025, 0.2964317586009425, -0.6668927610520785, False
-0.3131295665082119, -2.500102045776843, -3.121294775019329, 0.04043866648114025, 0.2964317586009425, -0.6668927610520785, True
4.3180336145816245, -4.10118410148123, 2.045650240379703, 0.04043866648114025, 0.2964317586009425, -0.6668927610520785, False
-3.6848251033344344, 5.5583591416223115, 0.26378472545217546, 0.04043866648114025, 0.2964317586009425, -0.6668927610520785, False
1.617462134950162, 0.9255261540225792, 2.377362216709151, 0.04043866648114025, 0.2964317586009425, -0.6668927610520785, False
2.835911383342811, -2.8718191767360968, -0.7602684096164083, 0.04043866648114025, 0.2964317586009425, -0.6668927610520785, False
5.933304061514825, 0.24345384151727512, 1.263090431612178, 0.04043866648114025, 0.2964317586009425, -0.6668927610520785, False
-2.8427609877918796, 4.151506374726029, 0.1377516980017961, 0.04043866648114025, 0.2964317586009425, -0.6668927610520785, False
2.514578869809762, -2.556420240120636, -0.3264505418510355, 0.04043866648114025, 0.2964317586009425, -0.6668927610520785, False
0.9595302783481436, -1.151826074247225, -0.23335315168387538, 0.04043866648114025, 0.2964317586009425, -0.6668927610520785, False
-4.905858653884574, -3.881804688906968, 3.023463984813091, 0.04043866648114025, 0.2964317586009425, -0.6668927610520785, True
-2.4880462341102447, -2.499093053248499, -2.9436355075340757, 0.04043866648114025, 0.2964317586009425, -0.6668927610520785, True
-2.1693801814184575, 1.340652798136694, -1.959249620674878, 0.04043866648114025, 0.2964317586009425, -0.6668927610520785, False
-3.696292419685287, 5.623908798415174, 0.8176724778290807, 0.04043866648114025, 0.2964317586009425, -0.6668927610520785, False
-5.966625178519332, -5.3260812942707, -2.718824183650893, 0.04043866648114025, 0.2964317586009425, -0.6668927610520785, False
-2.2839184705278943, -1.5736767703813141, 0.3304540548919235, 0.04043866648114025, 0.2964317586009425, -0.6668927610520785, False
-3.0044999820181184, -3.578392209258662, -0.43547047429693064, 0.04043866648114025, 0.2964317586009425, -0.6668927610520785, False
-5.428802684906972, 5.004002754798062, -1.2249369898185836, 0.04043866648114025, 0.2964317586009425, -0.6668927610520785, False
5.847407036637058, -2.9703278785785163, 1.8114082091568129, 0.04043866648114025, 0.2964317586009425, -0.6668927610520785, False
-3.408850787269191, 3.724799382999331, -0.1983028063744552, 0.04043866648114025, 0.2964317586009425, -0.6668927610520785, False
4.178907132802058, -0.8886008046746241, -0.42647463496182203, 0.04043866648114025, 0.2964317586009425, -0.6668927610520785, False
-4.758547994833731, -2.757876770253651, 2.4741728790627553, 0.04043866648114025, 0.2964317586009425, -0.6668927610520785, False
-3.405530156299195, 5.367928385801346, 2.5338492105720656, 0.04043866648114025, 0.2964317586009425, -0.6668927610520785, False
5.684036123692101, 4.121760993348319, -1.2768221474133499, 0.04043866648114025, 0.2964317586009425, -0.6668927610520785, False
3.8232018974948794, 5.262568583991639, -2.790544850753308, 0.04043866648114025, 0.2964317586009425, -0.6668927610520785, False
4.484052893690169, 3.312129619228269, 0.7956664901518455, 0.04043866648114025, 0.2964317586009425, -0.6668927610520785, False
0.9366496216969056, -5.3632138549867845, -0.3176284963882767, 0.04043866648114025, 0.2964317586009425, -0.6668927610520785, False
1.0856792037572616, 6.270406959757986, -2.620489548910043, 0.04043866648114025, 0.2964317586009425, -0.6668927610520785, False
1.7530447892247665, -6.127894072763964, -1.0373875386378186, 0.04043866648114025, 0.2964317586009425, -0.6668927610520785, False
2.1976914617772465, -6.092348415085555, 2.482321535219965, 0.04043866648114025, 0.2964317586009425, -0.6668927610520785, False
