0.20777661856257978, 5.892130120399214, 1.6330017930468737, -0.07191026147579294, -0.35452365600149316, 0.04862191129210158, False
-3.7950987370208753, 0.19696627618576823, 1.9365365938859709, -0.07191026147579294, -0.35452365600149316, 0.04862191129210158, False
0.15329667458136953, -4.36339750835675, 0.8773785099911517, -0.07191026147579294, -0.35452365600149316, 0.04862191129210158, False
0.5133995018767372, 0.01212438549667283, -1.287415139077208, -0.07191026147579294, -0.35452365600149316, 0.04862191129210158, False
3.7290363776472084, -5.435579680039667, -0.5858595034680829, -0.07191026147579294, -0.35452365600149316, 0.04862191129210158, True
-3.4968196418604403, 3.913702300089012, -0.15805750672430685, -0.07191026147579294, -0.35452365600149316, 0.04862191129210158, False
0.6199170224415811, 3.7286043601116, -2.262248278220048, -0.07191026147579294, -0.35452365600149316, 0.04862191129210158, False
4.723378731179208, 0.5074293427465317, -1.7891372355755983, -0.07191026147579294, -0.35452365600149316, 0.04862191129210158, True
3.38503653645677, 0.9506414250523694, -0.7177719351591767, -0.07191026147579294, -0.35452365600149316, 0.04862191129210158, False
-5.8473036012076856, -1.783172956955533, -1.7897708958912701, -0.07191026147579294, -0.35452365600149316, 0.04862191129210158, False
-0.4010124036888092, -3.3879302576078554, -1.6398138061706293, -0.07191026147579294, -0.35452365600149316, 0.04862191129210158, False
-4.5075954836709755, -2.0060351428470424, 1.6919027060865988, -0.07191026147579294, -0.35452365600149316, 0.04862191129210158, False
0.5901680979828079, 0.3149690110589667, 0.2157108115606179, -0.07191026147579294, -0.35452365600149316, 0.04862191129210158, False
5.332655094319902, -2.35758847146901, 2.9173931741940775, -0.07191026147579294, -0.35452365600149316, 0.04862191129210158, True
-1.9048314093772758, 3.9735351447372427, -2.4795688398726705, -0.07191026147579294, -0.35452365600149316, 0.04862191129210158, False
-4.678462451334145, 5.231165232350554, 1.4941295693341612, -0.07191026147579294, -0.35452365600149316, 0.04862191129210158, False
-1.7116190956921358, 3.609744726648108, 2.6459403310749474, -0.07191026147579294, -0.35452365600149316, 0.04862191129210158, False
-0.6243152411629733, -3.089247584200666, 0.766277060244343, -0.07191026147579294, -0.35452365600149316, 0.04862191129210158, False
4.0802317349818225, 1.5274472828906047, 1.2223201744590497, -0.07191026147579294, -0.35452365600149316, 0.04862191129210158, False
-6.1684994555023, -5.892617541392115, 2.490885264101175, -0.07191026147579294, -0.35452365600149316, 0.04862191129210158, False
3.2050004540040433, 3.009029823129554, -0.7034071253121161, -0.07191026147579294, -0.35452365600149316, 0.04862191129210158, False
-6.068217490582714, 3.4339960907214913, 1.2475954121974304, -0.07191026147579294, -0.35452365600149316, 0.04862191129210158, False
1.2021367797527986, 2.6398207844468793, -0.5520815034567153, -0.07191026147579294, -0.35452365600149316, 0.04862191129210158, True
3.477552586432399, -0.4717668775350301, 1.5360746831835579, -0.07191026147579294, -0.35452365600149316, 0.04862191129210158, False
5.734723485205679, 2.2771738879306245, 2.4108987917684255, -0.07191026147579294, -0.35452365600149316, 0.04862191129210158, False
3.0899459748250866, 4.802678997319909, 0.8864563750600372, -0.07191026147579294, -0.35452365600149316, 0.04862191129210158, False
4.272153251046502, 5.3910328755424874, 3.000481294423654, -0.07191026147579294, -0.35452365600149316, 0.04862191129210158, True
4.287106726298262, -3.256021879080079, 0.2870210347558335, -0.07191026147579294, -0.35452365600149316, 0.04862191129210158, False
-4.372589609349653, -3.6670688675790752, -2.2870123774825877, -0.07191026147579294, -0.35452365600149316, 0.04862191129210158, True
-0.9915431360367188, 0.8650243761697016, 1.1694831959536822, -0.07191026147579294, -0.35452365600149316, 0.04862191129210158, False
1.1851481369596701, -3.885398518513381, 2.7266979885885796, -0.07191026147579294, -0.35452365600149316, 0.04862191129210158, True
2.2391503100624917, -4.72416526819106, 0.47554686424044323, -0.07191026147579294, -0.35452365600149316, 0.04862191129210158, False
0.09181753624817546, -5.613538040338549, 1.984344269223211, -0.07191026147579294, -0.35452365600149316, 0.04862191129210158, False
-0.2819265490260916, -5.300588325028311, -2.869203322354771, -0.07191026147579294, -0.35452365600149316, 0.04862191129210158, False
-2.919992870978468, 1.4894209496104196, -2.7711498982318745, -0.07191026147579294, -0.35452365600149316, 0.04862191129210158, False
2.434572312674641, 0.9653827945248414, 0.19088514274369395, -0.07191026147579294, -0.35452365600149316, 0.04862191129210158, False
3.855358496866465, -1.6478229370625117, 2.676377602640267, -0.07191026147579294, -0.35452365600149316, 0.04862191129210158, False
1.7463058407029806, 1.7066738493413203, 2.515796304375913, -0.07191026147579294, -0.35452365600149316, 0.04862191129210158, True
-3.0452650412879456, 4.275710755636087, -2.3375585206740013, -0.07191026147579294, -0.35452365600149316, 0.04862191129210158, False
-0.15916585619690338, 2.763075406357368, -2.3826527320504995, -0.07191026147579294, -0.35452365600149316, 0.04862191129210158, False
1.630094546024134, -5.120260171726375, -0.7558262717847706, -0.07191026147579294, -0.35452365600149316, 0.04862191129210158, False
1.4414494245789946, -3.0688991551976508, -0.35795363182672135, -0.07191026147579294, -0.35452365600149316, 0.04862191129210158, True
-3.8361523802679978, 5.9656435708270426, 0.31842795279784175, -0.07191026147579294, -0.35452365600149316, 0.04862191129210158, False
-0.559450624795307, 6.272230998905915, 0.5652532304986333, -0.07191026147579294, -0.35452365600149316, 0.04862191129210158, False
-4.380475932904533, -5.626520589964198, 1.5980936296524195, -0.07191026147579294, -0.35452365600149316, 0.04862191129210158, False
2.9864192543514747, -5.391741589622814, 0.7429818714166339, -0.07191026147579294, -0.35452365600149316, 0.04862191129210158, False
-6.066618116340695, -0.5837956453014925, -2.6656046195575334, -0.07191026147579294, -0.35452365600149316, 0.04862191129210158, False
-1.163540790725066, -0.7057605780916179, -1.2017523103980219, -0.07191026147579294, -0.35452365600149316, 0.04862191129210158, False
-0.1560877700759722, -3.5025849966001394, -0.11904727813284044, -0.07191026147579294, -0.35452365600149316, 0.04862191129210158, False
5.392328500925222, -2.1031862934849395, 1.569517953992194, -0.07191026147579294, -0.35452365600149316, 0.04862191129210158, False
-2.027960421542609, 5.8449655915496415, -0.8866589723199234, -0.07191026147579294, -0.35452365600149316, 0.04862191129210158, True
1.2398580598259894, 4.782527527357381, -2.9457002053831034, -0.07191026147579294, -0.35452365600149316, 0.04862191129210158, True
5.408192770609489, -4.548967745372937, -0.951874658435031, -0.07191026147579294, -0.35452365600149316, 0.04862191129210158, False
-1.0529287356921477, 4.2277801449829155, -0.38592004454591455, -0.07191026147579294, -0.35452365600149316, 0.04862191129210158, False
2.9969717702833023, 0.6898348608358562, 1.2773347669126522, -0.07191026147579294, -0.35452365600149316, 0.04862191129210158, False
-5.354153142886229, 5.187554863416652, -1.7275314165188496, -0.07191026147579294, -0.35452365600149316, 0.04862191129210158, False
0.3331922283013835, -4.825293668984099, -0.38216876752573015, -0.07191026147579294, -0.35452365600149316, 0.04862191129210158, False
-2.456376300140121, 1.2168257752521425, 1.2712035493812168, -0.07191026147579294, -0.35452365600149316, 0.04862191129210158, False
-5.571812881878773, -2.0210320887989273, 0.6639388779884143, -0.07191026147579294, -0.35452365600149316, 0.04862191129210158, False
-3.346891669999469, 0.11454632940874365, -1.8444129241409497, -0.07191026147579294, -0.35452365600149316, 0.04862191129210158, False
2.7024961316717118, -3.842895720752336, 0.22828263460897036, -0.07191026147579294, -0.35452365600149316, 0.04862191129210158, False
1.5485093332914088, 2.651272764309514, 0.2590414747235541, -0.07191026147579294, -0.35452365600149316, 0.04862191129210158, True
-4.256993142659287, 1.1681729568227803, 0.12522140993113196, -0.07191026147579294, -0.35452365600149316, 0.04862191129210158, False
0.9545501716681972, -0.3422231017751347, -0.7482779369899539, -0.07191026147579294, -0.35452365600149316, 0.04862191129210158, False
0.08567445364526449, -6.121231911482835, 2.9812717547100185, -0.07191026147579294, -0.35452365600149316, 0.04862191129210158, True
-1.5480370152342724, 0.6149796580095117, 2.8677995731124417, -0.07191026147579294, -0.35452365600149316, 0.04862191129210158, True
-2.6802537315192225, 3.01697218813168, 0.9655242205759498, -0.07191026147579294, -0.35452365600149316, 0.04862191129210158, False
-3.0744184771241123, 4.327681856723121, 1.3534318667753888, -0.07191026147579294, -0.35452365600149316, 0.04862191129210158, False
1.3088124374124268, -5.179708319459681, -0.7020702536543535, -0.07191026147579294, -0.35452365600149316, 0.04862191129210158, False
-3.508243904144972, -0.6609661782601242, -0.7399729533898105, -0.07191026147579294, -0.35452365600149316, 0.04862191129210158, False
-2.609360657557096, -4.217041260852271, 1.1386126048512004, -0.07191026147579294, -0.35452365600149316, 0.04862191129210158, False
1.9808337548231805, 0.24958327812235215, 1.6952488926354663, -0.07191026147579294, -0.35452365600149316, 0.04862191129210158, False
-3.6705783096790996, -1.5826917641651033, 0.04834640625765152, -0.07191026147579294, -0.35452365600149316, 0.04862191129210158, False
-4.743856163351757, -0.18797238125229665, 1.4881904661497387, -0.07191026147579294, -0.35452365600149316, 0.04862191129210158, False
-3.55272839581431, 0.10215944050037162, -3.009442725833795, -0.07191026147579294, -0.35452365600149316, 0.04862191129210158, True
4.6018535356922285, 0.06381525789147258, 1.6144163152376345, -0.07191026147579294, -0.35452365600149316, 0.04862191129210158, True
-5.358944951819961, -3.073537731087897, -0.24738603435077433, -0.07191026147579294, -0.35452365600149316, 0.04862191129210158, False
-5.465945944895685, 3.9938862109284, 1.1649878046320126, -0.07191026147579294, -0.35452365600149316, 0.04862191129210158, False
5.739981236067708, 5.8705173667285315, -3.068925211913951, -0.07191026147579294, -0.35452365600149316, 0.04862191129210158, True
-3.162193242997897, -1.8524120006513005, 1.053361513949982, -0.07191026147579294, -0.35452365600149316, 0.04862191129210158, False
-5.904161071103889, 1.3477379239694045, 2.6603647812090676, -0.07191026147579294, -0.35452365600149316, 0.04862191129210158, False
-6.16893105433969, -2.1007334357986585, -1.5744928707182404, -0.07191026147579294, -0.35452365600149316, 0.04862191129210158, False
4.895205997481744, -2.487675442483971, -1.2667552967544378, -0.07191026147579294, -0.35452365600149316, 0.04862191129210158, False
-1.4249030891844825, -4.341852667259272, -2.109759853538743, -0.07191026147579294, -0.35452365600149316, 0.04862191129210158, False
3.920704378931557, -0.6142641767591339, -0.40678855823239557, -0.07191026147579294, -0.35452365600149316, 0.04862191129210158, False
5.815246887647589, -5.166006361894301, 2.550095486172121, -0.07191026147579294, -0.35452365600149316, 0.04862191129210158, False
-2.4236216174663827, 1.745224610889192, 2.8771430430966705, -0.07191026147579294, -0.35452365600149316, 0.04862191129210158, False
5.125953303650258, -2.6161836492179322, 0.29495766762191256, -0.07191026147579294, -0.35452365600149316, 0.04862191129210158, False
-2.358949866133808, 4.219204739808381, 2.993893429430634, -0.07191026147579294, -0.35452365600149316, 0.04862191129210158, True
2.9891186635732563, -4.375697742373749, 1.7821436000038595, -0.07191026147579294, -0.35452365600149316, 0.04862191129210158, False
5.851932101161008, 3.586437409169136, 2.1725062113630607, -0.07191026147579294, -0.35452365600149316, 0.04862191129210158, False
4.755302418211993, 1.858160026751431, -0.33747002069080967, -0.07191026147579294, -0.35452365600149316, 0.04862191129210158, False
-1.4865016301591245, -3.9123253249193195, 1.700912286045475, -0.07191026147579294, -0.35452365600149316, 0.04862191129210158, False
4.667712344737394, -3.9906726851766363, -0.9764703371338683, -0.07191026147579294, -0.35452365600149316, 0.04862191129210158, False
4.35491284661345, 2.01057597037042, 2.51138021473406, -0.07191026147579294, -0.35452365600149316, 0.04862191129210158, False
3.6027916487447076, 6.022609400755263, 2.6132581985671113, -0.07191026147579294, -0.35452365600149316, 0.04862191129210158, True
-3.679817664707188, 5.3146616938006055, 0.8465843047273087, -0.07191026147579294, -0.35452365600149316, 0.04862191129210158, False
-0.7614670139534212, -5.5977289548727125, 1.1316359916844396, -0.07191026147579294, -0.35452365600149316, 0.04862191129210158, False
-1.939158057231917, -5.876845001102501, -2.1747237632641916, -0.07191026147579294, -0.35452365600149316, 0.04862191129210158, True
-5.65557674822322, 6.235262502126622, 0.8614488676478205, -0.07191026147579294, -0.35452365600149316, 0.04862191129210158, False
-2.111421725681393, 0.32593519238776913, -2.6233262505484003, -0.07191026147579294, -0.35452365600149316, 0.04862191129210158, True
4.675320560042861, -6.09907991695819, -0.6861058713550046, -0.07191026147579294, -0.35452365600149316, 0.04862191129210158, True
0.689047468812193, -5.953874550694512, 0.9435276504049783, -0.07191026147579294, -0.35452365600149316, 0.04862191129210158, False
5.077349107685288, 0.5358227827454511, -2.169988349861661, -0.07191026147579294, -0.35452365600149316, 0.04862191129210158, False
1.986606835518268, 2.522561370097657, 0.8440745710947803, -0.07191026147579294, -0.35452365600149316, 0.04862191129210158, True
-6.064312334556102, 1.2568590035560385, -2.554947816941313, -0.07191026147579294, -0.35452365600149316, 0.04862191129210158, False
-4.509501620558508, 2.5953318557349796, -1.6404247508595688, -0.07191026147579294, -0.35452365600149316, 0.04862191129210158, True
-1.4958975115928785, 4.966987935122052, -2.41661154175643, -0.07191026147579294, -0.35452365600149316, 0.04862191129210158, False
-3.7342010894494138, -0.9980573473234582, 2.154661826353548, -0.07191026147579294, -0.35452365600149316, 0.04862191129210158, False
6.0758903956322605, -2.2699997555177367, 1.643776791688473, -0.07191026147579294, -0.35452365600149316, 0.04862191129210158, False
-4.722361358580986, 6.1870689351065415, -0.6960058755467742, -0.07191026147579294, -0.35452365600149316, 0.04862191129210158, False
4.217509187646613, 2.034672058291262, -1.0971572042141364, -0.07191026147579294, -0.35452365600149316, 0.04862191129210158, False
-0.3104698312588452, 3.469408429496104, 1.4457332310114754, -0.07191026147579294, -0.35452365600149316, 0.04862191129210158, False
1.8776322854227665, 4.511394383219832, -2.4137864588996827, -0.07191026147579294, -0.35452365600149316, 0.04862191129210158, True
3.7235722193049625, -2.3685618231819285, 0.5064611715599203, -0.07191026147579294, -0.35452365600149316, 0.04862191129210158, False
3.353086857837683, 0.7656127391296446, 1.5835057913661172, -0.07191026147579294, -0.35452365600149316, 0.04862191129210158, False
3.399448683167563, -2.366855040949895, 0.20397005863691264, -0.07191026147579294, -0.35452365600149316, 0.04862191129210158, False
3.783424510228947, 1.2415669219701293, 1.794846044409808, -0.07191026147579294, -0.35452365600149316, 0.04862191129210158, False
5.930012588627003, -0.6638643852075932, -0.6008007738606982, -0.07191026147579294, -0.35452365600149316, 0.04862191129210158, False
6.055080473458169, -4.961417565644637, -1.7399316251194357, -0.07191026147579294, -0.35452365600149316, 0.04862191129210158, False
4.48914385420975, -5.322718181573501, 2.4933806480425895, -0.07191026147579294, -0.35452365600149316, 0.04862191129210158, False
3.5876124284956585, 4.1537678826495, -0.7233942876725772, -0.07191026147579294, -0.35452365600149316, 0.04862191129210158, False
5.186353298069108, -0.4042349914943584, 0.3780690960459525, -0.07191026147579294, -0.35452365600149316, 0.04862191129210158, False
0.6884151722090124, 5.564490611139936, 1.1537871825448827, -0.07191026147579294, -0.35452365600149316, 0.04862191129210158, False
5.926805299272157, 5.827984823715511, -0.29185941168058305, -0.07191026147579294, -0.35452365600149316, 0.04862191129210158, False
0.595943176947979, 0.12659116695332706, 0.1638157799191573, -0.07191026147579294, -0.35452365600149316, 0.04862191129210158, False
-0.1981362172262351, 4.512213506606539, -2.9660313517901673, -0.07191026147579294, -0.35452365600149316, 0.04862191129210158, True
5.34012368815929, 6.267040954467163, -1.4774710757561353, -0.07191026147579294, -0.35452365600149316, 0.04862191129210158, False
2.016047683541796, -6.04647095983913, 2.5983290707678846, -0.07191026147579294, -0.35452365600149316, 0.04862191129210158, False
-2.7092422631902413, 5.464934746079615, 0.43083171283294774, -0.07191026147579294, -0.35452365600149316, 0.04862191129210158, False
4.58478122709684, 4.601139720088808, -2.7619667918478408, -0.07191026147579294, -0.35452365600149316, 0.04862191129210158, False
-3.4973278728341675, -1.7123539586186398, -1.802686834475499, -0.07191026147579294, -0.35452365600149316, 0.04862191129210158, False
-1.3519351130495343, 5.874403978314168, -1.3056245032657627, -0.07191026147579294, -0.35452365600149316, 0.04862191129210158, False
-2.0299868003389108, -2.8985603314682393, 0.18506707953592594, -0.07191026147579294, -0.35452365600149316, 0.04862191129210158, False
-2.266162852370493, -2.4552185966841216, 3.1278279775013633, -0.07191026147579294, -0.35452365600149316, 0.04862191129210158, True
1.3065901045000805, -3.8000882600942263, 1.628469650265794, -0.07191026147579294, -0.35452365600149316, 0.04862191129210158, True
-0.4351772625062056, 2.9200708052635846, 2.428314591273626, -0.07191026147579294, -0.35452365600149316, 0.04862191129210158, False
1.8971959579097621, -2.652992641175488, -2.581415622312029, -0.07191026147579294, -0.35452365600149316, 0.04862191129210158, True
6.095588772633105, 2.4420191148178088, -0.8628930881812131, -0.07191026147579294, -0.35452365600149316, 0.04862191129210158, False
-1.5477663942199058, -3.8316600154995064, -1.7998146478034787, -0.07191026147579294, -0.35452365600149316, 0.04862191129210158, False
2.2364675232337685, 5.7896872193613795, 1.4780347091056178, -0.07191026147579294, -0.35452365600149316, 0.04862191129210158, False
2.0344868387800226, 1.0151545974012182, -0.3514739922162953, -0.07191026147579294, -0.35452365600149316, 0.04862191129210158, False
-0.8722212390239159, 4.0885125768291655, 3.1187808053458435, -0.07191026147579294, -0.35452365600149316, 0.04862191129210158, True
-2.0300576186937516, -0.8391046249241327, -1.8768918201332936, -0.07191026147579294, -0.35452365600149316, 0.04862191129210158, False
5.936404047586061, 2.6806446191431803, -3.0618638967338794, -0.07191026147579294, -0.35452365600149316, 0.04862191129210158, True
-3.1911848605334283, 6.024833608088894, -2.786817202996123, -0.07191026147579294, -0.35452365600149316, 0.04862191129210158, False
1.3122571300372865, 4.332329568807342, -0.6120076456265395, -0.07191026147579294, -0.35452365600149316, 0.04862191129210158, False
-1.351839692715144, -2.674445289565019, -0.05356150960067696, -0.07191026147579294, -0.35452365600149316, 0.04862191129210158, False
1.1577628840467291, -2.14598723923518, 2.174328282845307, -0.07191026147579294, -0.35452365600149316, 0.04862191129210158, False
-3.0702667641508623, 5.998662589222727, -0.25554472384992755, -0.07191026147579294, -0.35452365600149316, 0.04862191129210158, False
-3.077596716886401, -5.6396553179950235, 2.1312668966994206, -0.07191026147579294, -0.35452365600149316, 0.04862191129210158, False
-2.743203674121339, 5.704011120519153, -2.649966334125918, -0.07191026147579294, -0.35452365600149316, 0.04862191129210158, False
-0.7335931292805622, 0.8315626342208944, 3.0206205715840495, -0.07191026147579294, -0.35452365600149316, 0.04862191129210158, True
-4.632184424160431, -5.5506549530621525, 1.0550904809479693, -0.07191026147579294, -0.35452365600149316, 0.04862191129210158, False
1.555911102215246, -4.474766052910009, 2.279755877918359, -0.07191026147579294, -0.35452365600149316, 0.04862191129210158, True
4.5130775862718355, 6.177867004355651, 2.1413600107285706, -0.07191026147579294, -0.35452365600149316, 0.04862191129210158, True
2.9516799030289516, -5.815609940153845, -1.0556540712327416, -0.07191026147579294, -0.35452365600149316, 0.04862191129210158, False
4.794500094972625, -6.2163163543694635, -2.060936741224123, -0.07191026147579294, -0.35452365600149316, 0.04862191129210158, True
-3.7575273927391684, 0.7228743882464999, -0.8869977662491704, -0.07191026147579294, -0.35452365600149316, 0.04862191129210158, False
-1.6476423517626486, -3.953884114300479, -1.969571137821499, -0.07191026147579294, -0.35452365600149316, 0.04862191129210158, False
0.9949631605291094, 1.9571318817285448, 1.836714474546464, -0.07191026147579294, -0.35452365600149316, 0.04862191129210158, False
5.885083678540568, -4.969611929357344, -2.918814474503373, -0.07191026147579294, -0.35452365600149316, 0.04862191129210158, True
5.291397884908234, -2.8289583438950405, 2.7149434564924837, -0.07191026147579294, -0.35452365600149316, 0.04862191129210158, False
-0.2088431195886482, 5.946541640831713, -1.9245769660337542, -0.07191026147579294, -0.35452365600149316, 0.04862191129210158, False
-1.2211392466774385, 1.702937498790548, 2.2388303255235478, -0.07191026147579294, -0.35452365600149316, 0.04862191129210158, False
-4.504060298902308, -5.116446446540747, 3.1287374520125475, -0.07191026147579294, -0.35452365600149316, 0.04862191129210158, True
-2.537416041501723, 0.6350014413722382, -0.5452013674351801, -0.07191026147579294, -0.35452365600149316, 0.04862191129210158, True
5.949775151220313, 5.028008634426779, -2.039543897408974, -0.07191026147579294, -0.35452365600149316, 0.04862191129210158, False
-2.1531995174748593, 0.2326051982637889, 0.013792866588860253, -0.07191026147579294, -0.35452365600149316, 0.04862191129210158, True
-6.031463358629823, 2.065734772344962, 1.2070359676197988, -0.07191026147579294, -0.35452365600149316, 0.04862191129210158, False
2.97950776184992, 6.073147894474163, 0.5309488392685875, -0.07191026147579294, -0.35452365600149316, 0.04862191129210158, False
2.390618420815956, 2.428111702154883, -0.09884049214130419, -0.07191026147579294, -0.35452365600149316, 0.04862191129210158, True
-5.3388125525567975, 4.966616661438273, -2.705216780208215, -0.07191026147579294, -0.35452365600149316, 0.04862191129210158, False
-2.8536433474796543, 1.2270876866020144, -2.4869667611183557, -0.07191026147579294, -0.35452365600149316, 0.04862191129210158, False
5.079724921073222, 1.9977455553238528, -0.9052356859376087, -0.07191026147579294, -0.35452365600149316, 0.04862191129210158, False
5.082047748183539, 5.652447742769279, 1.7759651132182483, -0.07191026147579294, -0.35452365600149316, 0.04862191129210158, False
5.554429391144556, 3.7909986811077676, 0.780838075023977, -0.07191026147579294, -0.35452365600149316, 0.04862191129210158, False
4.895735950848344, -5.312624846956846, 0.5280500310773526, -0.07191026147579294, -0.35452365600149316, 0.04862191129210158, False
2.526753747007696, -5.746007206666392, -2.5203790286851415, -0.07191026147579294, -0.35452365600149316, 0.04862191129210158, False
0.8001107609605125, -2.4119892007529016, 2.528563727491388, -0.07191026147579294, -0.35452365600149316, 0.04862191129210158, False
6.251333685396942, -1.0915521823238734, -1.6530957437409992, -0.07191026147579294, -0.35452365600149316, 0.04862191129210158, False
-5.271566516126184, 2.7645992953702923, 2.055441631153231, -0.07191026147579294, -0.35452365600149316, 0.04862191129210158, True
-3.4353067955552663, -0.7400887790736297, 2.33874815811875, -0.07191026147579294, -0.35452365600149316, 0.04862191129210158, False
-3.453653725330482, -1.4602043790501424, 1.6168555389384984, -0.07191026147579294, -0.35452365600149316, 0.04862191129210158, False
-5.408631668035662, -2.9483476234634813, -0.7298987365733645, -0.07191026147579294, -0.35452365600149316, 0.04862191129210158, False
-0.671327092869114, -5.813543371523437, 0.7560986310226521, -0.07191026147579294, -0.35452365600149316, 0.04862191129210158, False
4.735489515165471, 3.7966734226251138, -1.6362814287662473, -0.07191026147579294, -0.35452365600149316, 0.04862191129210158, False
-5.952396487789885, 2.989525050306076, 1.1972478873891959, -0.07191026147579294, -0.35452365600149316, 0.04862191129210158, False
4.562800131373644, -1.3671444011362057, -0.4788994943598457, -0.07191026147579294, -0.35452365600149316, 0.04862191129210158, False
5.02038886289464, -3.9120553249495087, -2.197761593298627, -0.07191026147579294, -0.35452365600149316, 0.04862191129210158, False
-0.1275735232512636, -0.04250209527502413, -2.2740011991647955, -0.07191026147579294, -0.35452365600149316, 0.04862191129210158, False
5.1719984397745975, 4.770598806412552, -0.5120763008907652, -0.07191026147579294, -0.35452365600149316, 0.04862191129210158, False
-0.11488456871224706, -0.3000624551470281, 1.707714299439389, -0.07191026147579294, -0.35452365600149316, 0.04862191129210158, False
-0.05232860351785629, 1.3696553714980029, -0.9104623953122899, -0.07191026147579294, -0.35452365600149316, 0.04862191129210158, False
-0.227792603833465, 3.3168396329792493, -0.8784326739649728, -0.07191026147579294, -0.35452365600149316, 0.04862191129210158, False
2.2733226929162704, -1.970643906000186, 2.0487353351521973, -0.07191026147579294, -0.35452365600149316, 0.04862191129210158, False
2.8817318073845914, 4.616438952986234, 0.5189152261756331, -0.07191026147579294, -0.35452365600149316, 0.04862191129210158, False
-5.161846143714265, -1.9388033822349975, 0.8357050947892568, -0.07191026147579294, -0.35452365600149316, 0.04862191129210158, False
-0.6960655040190185, -0.3006624158194793, 1.7571239021420588, -0.07191026147579294, -0.35452365600149316, 0.04862191129210158, False
2.90311853721734, 4.482882114715732, -1.3529308245303544, -0.07191026147579294, -0.35452365600149316, 0.04862191129210158, False
