2.7065984137540333, -3.5267538375920804, 1.2168279300180043, -0.478552971231044, 0.12448905357894036, -0.44621259829187604, False
-3.696032625186725, 0.8775193813665734, 0.8355050796217682, -0.478552971231044, 0.12448905357894036, -0.44621259829187604, False
2.258516229275118, 0.47950631574693503, 2.3499438189943476, -0.478552971231044, 0.12448905357894036, -0.44621259829187604, False
2.481449110719087, 3.191394808390873, 0.17628429075240115, -0.478552971231044, 0.12448905357894036, -0.44621259829187604, False
2.939287494207232, 3.45754058824088, 0.8903058341373864, -0.478552971231044, 0.12448905357894036, -0.44621259829187604, False
0.2256672646140787, 4.747168269200335, 0.4203482817320823, -0.478552971231044, 0.12448905357894036, -0.44621259829187604, False
-1.5417767173722057, -4.020417248661202, 0.48321066191944695, -0.478552971231044, 0.12448905357894036, -0.44621259829187604, False
-1.4546715495902731, -6.064238758702193, -0.16541248724541546, -0.478552971231044, 0.12448905357894036, -0.44621259829187604, False
-3.5411734185015935, 3.496242356339394, -0.3915615130495027, -0.478552971231044, 0.12448905357894036, -0.44621259829187604, False
-1.8664240065789155, -2.277304675770557, -0.9670380829823539, -0.478552971231044, 0.12448905357894036, -0.44621259829187604, False
-0.4481123625144754, 1.8152235079477812, -0.9424579211816337, -0.478552971231044, 0.12448905357894036, -0.44621259829187604, False
4.247368444963845, 0.42196386322173307, -1.3877820639204945, -0.478552971231044, 0.12448905357894036, -0.44621259829187604, False
4.851372843159451, 0.05047037408097932, 2.767273090985948, -0.478552971231044, 0.12448905357894036, -0.44621259829187604, False
-4.1746944846199305, -5.6941852974718214, 2.892752513435898, -0.478552971231044, 0.12448905357894036, -0.44621259829187604, True
-5.596703891749563, 5.52901582457544, -1.0621961672153848, -0.478552971231044, 0.12448905357894036, -0.44621259829187604, False
-3.5640701216205017, 1.8471470159974004, -1.6560831383440344, -0.478552971231044, 0.12448905357894036, -0.44621259829187604, False
2.901133315360271, -4.43249289161828, -0.9541416816996526, -0.478552971231044, 0.12448905357894036, -0.44621259829187604, False
2.4503981967695907, -5.951178088012087, 1.5523142172581839, -0.478552971231044, 0.12448905357894036, -0.44621259829187604, False
-5.424876655153028, 4.6213600985290935, 3.062462557546236, -0.478552971231044, 0.12448905357894036, -0.44621259829187604, True
-0.3148841223048624, 0.7777348225538363, -0.44005924535166807, -0.478552971231044, 0.12448905357894036, -0.44621259829187604, False
-3.055042782474615, -4.735404503167381, 0.020519713483314383, -0.478552971231044, 0.12448905357894036, -0.44621259829187604, False
3.9587589320705554, -1.2034225834297771, 1.97940800709371, -0.478552971231044, 0.12448905357894036, -0.44621259829187604, False
3.251529777311438, -3.2662323370361523, -0.5915608123490128, -0.478552971231044, 0.12448905357894036, -0.44621259829187604, False
5.70202936116117, 1.5191574448744607, 2.8268432624100166, -0.478552971231044, 0.12448905357894036, -0.44621259829187604, False
4.709741981404878, 4.702376587739453, 2.9577592580221985, -0.478552971231044, 0.12448905357894036, -0.44621259829187604, True
2.9175050935997877, -1.656534933737917, -3.0429525462639844, -0.478552971231044, 0.12448905357894036, -0.44621259829187604, True
2.3429622133280343, -5.5579462770712205, 0.03493895713396222, -0.478552971231044, 0.12448905357894036, -0.44621259829187604, False
6.00365809755562, -1.2431614465513388, 1.0151575929506809, -0.478552971231044, 0.12448905357894036, -0.44621259829187604, False
-5.455926280933778, 2.5624494847874786, -1.0363570692018786, -0.478552971231044, 0.12448905357894036, -0.44621259829187604, False
2.439634736442734, 4.5789005702961205, -1.5141018037382419, -0.478552971231044, 0.12448905357894036, -0.44621259829187604, False
5.7398734058543734, -2.266022452157922, 1.9337904160715613, -0.478552971231044, 0.12448905357894036, -0.44621259829187604, False
-1.9644969523516318, 3.391323125739177, 1.830590779759321, -0.478552971231044, 0.12448905357894036, -0.44621259829187604, False
1.7628829203427507, 5.566828514098461, 1.984785503667041, -0.478552971231044, 0.12448905357894036, -0.44621259829187604, False
0.1528858197566656, -3.479441073491643, 1.8120890995137353, -0.478552971231044, 0.12448905357894036, -0.44621259829187604, False
-0.9897702892694875, 3.890304554775943, -1.0842753299356893, -0.478552971231044, 0.12448905357894036, -0.44621259829187604, False
0.36056570033658186, 5.719264864203863, 0.42600399744710593, -0.478552971231044, 0.12448905357894036, -0.44621259829187604, False
3.6018171904932963, 1.8620059679413306, -1.3766837887478707, -0.478552971231044, 0.12448905357894036, -0.44621259829187604, False
-4.569435738122339, 0.06380953348543716, 0.6280739673217681, -0.478552971231044, 0.12448905357894036, -0.44621259829187604, False
-6.0403601405140614, -6.1785216220084385, 2.8755128281600113, -0.478552971231044, 0.12448905357894036, -0.44621259829187604, True
-4.710159774923601, -4.495803804753058, -2.9503759376180887, -0.478552971231044, 0.12448905357894036, -0.44621259829187604, True
5.667018805870896, 6.115100418318276, -0.7502585829041739, -0.478552971231044, 0.12448905357894036, -0.44621259829187604, False
-2.3392942606777467, 4.552699698602268, -2.697937843157364, -0.478552971231044, 0.12448905357894036, -0.44621259829187604, False
-4.685771983559137, 3.380539026531215, 2.070074777264143, -0.478552971231044, 0.12448905357894036, -0.44621259829187604, False
1.5394802807681396, -2.809205846985412, -2.1592826448243962, -0.478552971231044, 0.12448905357894036, -0.44621259829187604, False
5.596531211944821, 3.593125941416547, 1.8404006172164609, -0.478552971231044, 0.12448905357894036, -0.44621259829187604, False
-1.9182601547738152, -3.7910292731130792, 0.9425680582304601, -0.478552971231044, 0.12448905357894036, -0.44621259829187604, False
-1.7443941816206285, -5.1803780446665435, 1.0771408589421316, -0.478552971231044, 0.12448905357894036, -0.44621259829187604, False
3.0764917103238894, -4.6083338916014025, -2.527313906602588, -0.478552971231044, 0.12448905357894036, -0.44621259829187604, False
-4.126379902522097, -0.362322335787713, 0.8518108878695325, -0.478552971231044, 0.12448905357894036, -0.44621259829187604, False
3.5708374934401874, 1.0300984250978855, -1.598375224423972, -0.478552971231044, 0.12448905357894036, -0.44621259829187604, False
-4.903315699480008, 3.4449967091842026, -2.7137206680109194, -0.478552971231044, 0.12448905357894036, -0.44621259829187604, False
1.6700276651936026, -1.2439338658437924, 0.6945031294250441, -0.478552971231044, 0.12448905357894036, -0.44621259829187604, False
2.4664628534185518, 3.070484294350438, 1.3317656635114963, -0.478552971231044, 0.12448905357894036, -0.44621259829187604, False
5.674943768165546, 4.018183560952586, 0.2801894950491115, -0.478552971231044, 0.12448905357894036, -0.44621259829187604, False
0.3867023496062254, 2.0150995205913116, -2.9708668737071893, -0.478552971231044, 0.12448905357894036, -0.44621259829187604, True
2.301159027157489, 5.714769264939811, 3.135622453022978, -0.478552971231044, 0.12448905357894036, -0.44621259829187604, True
0.7864580484165984, 0.8738941073900737, -1.078221439453268, -0.478552971231044, 0.12448905357894036, -0.44621259829187604, False
-4.733327422858861, -1.3019680828775009, 0.7802205268274003, -0.478552971231044, 0.12448905357894036, -0.44621259829187604, False
-2.8788961931521118, 4.672113094600764, -1.7012157877646643, -0.478552971231044, 0.12448905357894036, -0.44621259829187604, False
6.066511850015104, 0.6246938565392961, 1.5462163369400361, -0.478552971231044, 0.12448905357894036, -0.44621259829187604, False
3.432851515556232, -4.0552219393521, -2.7401312238413147, -0.478552971231044, 0.12448905357894036, -0.44621259829187604, False
-5.781596791019475, -4.384219287868856, -2.9168528698271916, -0.478552971231044, 0.12448905357894036, -0.44621259829187604, True
-2.152377138425325, 6.08173605569241, -3.0789831196590294, -0.478552971231044, 0.12448905357894036, -0.44621259829187604, True
2.8531329470571922, 3.4832542285325125, 0.297022185055968, -0.478552971231044, 0.12448905357894036, -0.44621259829187604, False
-0.41106092642345615, 2.949091859047556, 0.3691799122666124, -0.478552971231044, 0.12448905357894036, -0.44621259829187604, False
0.8240730158233411, -4.039145307702658, 2.813611887721076, -0.478552971231044, 0.12448905357894036, -0.44621259829187604, False
-2.845318434501981, 5.371237079478567, -1.5239580399126103, -0.478552971231044, 0.12448905357894036, -0.44621259829187604, False
6.007332905381531, 0.17119681629112193, 0.27444493148007165, -0.478552971231044, 0.12448905357894036, -0.44621259829187604, False
-0.49585856994936606, 3.549487642883321, 1.6619110657955414, -0.478552971231044, 0.12448905357894036, -0.44621259829187604, False
5.922519839114372, 5.472161307923196, 0.944399125697835, -0.478552971231044, 0.12448905357894036, -0.44621259829187604, False
2.0428791913521085, -1.7412490078960676, -0.6620912429658388, -0.478552971231044, 0.12448905357894036, -0.44621259829187604, False
4.6515085846227215, 2.474386192898004, 0.5571675702964742, -0.478552971231044, 0.12448905357894036, -0.44621259829187604, False
-1.7167310270806624, 3.595549047890694, -1.1971144240427722, -0.478552971231044, 0.12448905357894036, -0.44621259829187604, False
-1.5062961788294595, -0.077656335782053, 2.1985631901481177, -0.478552971231044, 0.12448905357894036, -0.44621259829187604, False
5.507730629504318, 2.651717936050275, 1.0617074200656251, -0.478552971231044, 0.12448905357894036, -0.44621259829187604, False
5.244595058784785, -5.827035070050709, 1.804656199974465, -0.478552971231044, 0.12448905357894036, -0.44621259829187604, False
-4.968906671696651, 4.030271407686325, -0.3803420827066333, -0.478552971231044, 0.12448905357894036, -0.44621259829187604, False
1.7388399758042716, -5.276442645484866, 1.8665324610833336, -0.478552971231044, 0.12448905357894036, -0.44621259829187604, False
-5.682630792638622, 2.5843690131115746, -1.0002986604272035, -0.478552971231044, 0.12448905357894036, -0.44621259829187604, False
-3.32780248132905, 0.738131800064302, 2.9747842866563783, -0.478552971231044, 0.12448905357894036, -0.44621259829187604, True
-0.3966124254241423, 1.1124951597022816, 0.4777613959059832, -0.478552971231044, 0.12448905357894036, -0.44621259829187604, False
1.0810371020074037, -3.579151130523731, -1.6885240934804786, -0.478552971231044, 0.12448905357894036, -0.44621259829187604, False
3.20830025060504, -3.6868070152361283, 0.851490999699529, -0.478552971231044, 0.12448905357894036, -0.44621259829187604, False
-5.408787429888245, -0.09859655357715269, -0.7309910256053938, -0.478552971231044, 0.12448905357894036, -0.44621259829187604, False
1.8285152824163813, -2.344260775163041, -0.7390752081673981, -0.478552971231044, 0.12448905357894036, -0.44621259829187604, False
-3.1880820883626044, 5.031510312133266, 2.5477538004614857, -0.478552971231044, 0.12448905357894036, -0.44621259829187604, False
-4.416951495896076, 5.846284718615532, 2.362877865039776, -0.478552971231044, 0.12448905357894036, -0.44621259829187604, False
-0.7930750353853124, -4.163855612972487, 0.6700908632979905, -0.478552971231044, 0.12448905357894036, -0.44621259829187604, False
-4.229747051393119, -4.612871292681991, 0.49287405308306553, -0.478552971231044, 0.12448905357894036, -0.44621259829187604, False
2.397927950349594, -3.647021252717442, 1.5462363785806161, -0.478552971231044, 0.12448905357894036, -0.44621259829187604, False
-3.979343130441054, -2.108612540563719, -2.5345022084836675, -0.478552971231044, 0.12448905357894036, -0.44621259829187604, False
-2.7813903542894955, -0.433046085496791, 1.4253276565987942, -0.478552971231044, 0.12448905357894036, -0.44621259829187604, False
-1.0999350623028485, -1.9703557851527886, -3.0420014293318602, -0.478552971231044, 0.12448905357894036, -0.44621259829187604, True
-2.9444101987204934, 4.402925688211669, -1.6713966209957052, -0.478552971231044, 0.12448905357894036, -0.44621259829187604, False
1.145744599106596, -3.1215995448112484, 0.27632075386030674, -0.478552971231044, 0.12448905357894036, -0.44621259829187604, False
3.5058837073085485, -0.3525477432315691, -2.8135281526957834, -0.478552971231044, 0.12448905357894036, -0.44621259829187604, False
1.6988622661590655, -4.705256355474638, -1.4902948822814197, -0.478552971231044, 0.12448905357894036, -0.44621259829187604, False
5.976212261242452, 2.9009419128375296, 1.3933649379607518, -0.478552971231044, 0.12448905357894036, -0.44621259829187604, False
-2.777760292015536, 0.0629243755261184, 1.0588821862562465, -0.478552971231044, 0.12448905357894036, -0.44621259829187604, False
5.859698046804699, 4.333884739911326, -0.6487048357344558, -0.478552971231044, 0.12448905357894036, -0.44621259829187604, False
