6.271169151938729, 5.201380459365122, -2.900049253739894, -0.3197093378034207, -0.33388584463942084, -0.621159859289539, True
-4.071681883552193, 2.8829524614767283, 2.4834521317368488, -0.3197093378034207, -0.33388584463942084, -0.621159859289539, False
3.069914439851905, 3.777354686359512, 1.4066091055090073, -0.3197093378034207, -0.33388584463942084, -0.621159859289539, False
6.064837714102792, -1.7768757248775744, -2.544228280950284, -0.3197093378034207, -0.33388584463942084, -0.621159859289539, False
0.128806709963607, -3.782577431742301, -0.06789837299693557, -0.3197093378034207, -0.33388584463942084, -0.621159859289539, False
-3.5312818029488864, -5.63752516374768, -2.820221434448573, -0.3197093378034207, -0.33388584463942084, -0.621159859289539, False
3.6633710979907725, 2.805760414185288, -2.6250658725892215, -0.3197093378034207, -0.33388584463942084, -0.621159859289539, False
5.672480687014195, -0.6907564289961678, -3.093408437447825, -0.3197093378034207, -0.33388584463942084, -0.621159859289539, True
3.4415329607679315, -2.4500615469474702, -1.1525856681799207, -0.3197093378034207, -0.33388584463942084, -0.621159859289539, False
-1.0450298843798116, -5.783794989584657, -1.4312190973874552, -0.3197093378034207, -0.33388584463942084, -0.621159859289539, False
-2.8100602393670546, 0.4101382090167238, -0.4706230101337163, -0.3197093378034207, -0.33388584463942084, -0.621159859289539, False
4.519761132790528, 1.2071066240222441, 2.57149398443398, -0.3197093378034207, -0.33388584463942084, -0.621159859289539, False
3.5037046640826244, 2.86996395420959, -2.8477540734531726, -0.3197093378034207, -0.33388584463942084, -0.621159859289539, False
2.448972730723707, 1.4535801341866383, 2.6836517880961823, -0.3197093378034207, -0.33388584463942084, -0.621159859289539, False
1.485473840534711, -5.435228369030126, -1.1283170199005506, -0.3197093378034207, -0.33388584463942084, -0.621159859289539, False
-1.9952211756161464, 5.951506248748537, -1.6329961843631982, -0.3197093378034207, -0.33388584463942084, -0.621159859289539, False
4.486886158501754, -1.7013268508208013, 1.2670831387089372, -0.3197093378034207, -0.33388584463942084, -0.621159859289539, False
4.386090761044661, 2.0224409679748767, 0.5837218125946011, -0.3197093378034207, -0.33388584463942084, -0.621159859289539, False
0.14423574304171627, 3.1752411459767984, 1.665691575719368, -0.3197093378034207, -0.33388584463942084, -0.621159859289539, False
5.612309724586275, -4.6155784929265256, -0.524293892812874, -0.3197093378034207, -0.33388584463942084, -0.621159859289539, False
0.04281230338724562, -2.658273401197604, -1.4094234454329908, -0.3197093378034207, -0.33388584463942084, -0.621159859289539, False
-0.023661810813979223, -1.6596968173189985, -2.046785363160182, -0.3197093378034207, -0.33388584463942084, -0.621159859289539, False
2.2321797635127965, -4.173729380038355, 1.1886716097856986, -0.3197093378034207, -0.33388584463942084, -0.621159859289539, False
3.223976561304683, -4.634622418384681, 2.412589496798052, -0.3197093378034207, -0.33388584463942084, -0.621159859289539, False
-3.5266903969435646, -3.488287462392937, 2.7941515113642934, -0.3197093378034207, -0.33388584463942084, -0.621159859289539, False
1.5918718789486563, -1.8760578355393607, -1.7188509706808766, -0.3197093378034207, -0.33388584463942084, -0.621159859289539, False
0.25804440488621605, 3.971560592320147, -0.4213664120401823, -0.3197093378034207, -0.33388584463942084, -0.621159859289539, False
-1.277298279709461, 4.253346442664334, 2.401664082982073, -0.3197093378034207, -0.33388584463942084, -0.621159859289539, False
-6.017230680808785, -2.1710838188697323, -0.7651213302844462, -0.3197093378034207, -0.33388584463942084, -0.621159859289539, False
-1.484950558229433, -1.8242874078085078, -0.401763881809317, -0.3197093378034207, -0.33388584463942084, -0.621159859289539, False
-1.3646282664305076, -3.65164092188341, 0.9866530872922095, -0.3197093378034207, -0.33388584463942084, -0.621159859289539, False
5.516437398556027, -0.12028776891924053, -3.10292435253772, -0.3197093378034207, -0.33388584463942084, -0.621159859289539, True
-0.39965407718588075, 4.385568276935283, 0.12521048280412916, -0.3197093378034207, -0.33388584463942084, -0.621159859289539, False
-3.2711105783977183, -4.3521482371487705, -1.974683239547544, -0.3197093378034207, -0.33388584463942084, -0.621159859289539, False
3.8122175038091974, -2.3550855786496494, -1.2635980354092098, -0.3197093378034207, -0.33388584463942084, -0.621159859289539, False
-0.3734520022871157, 4.638584370786665, -1.11444336325865, -0.3197093378034207, -0.33388584463942084, -0.621159859289539, False
2.1024560831136885, 5.381494384611898, 0.7959551816826309, -0.3197093378034207, -0.33388584463942084, -0.621159859289539, False
3.918186299062839, -4.866300706889368, -0.9070379502562962, -0.3197093378034207, -0.33388584463942084, -0.621159859289539, True
2.986006639815182, -3.220475745430035, -2.266508945867498, -0.3197093378034207, -0.33388584463942084, -0.621159859289539, False
4.383853864481033, 2.7675900315538, -1.756939857140105, -0.3197093378034207, -0.33388584463942084, -0.621159859289539, False
-5.264609795878608, -1.1292181056253643, 1.5902241360582154, -0.3197093378034207, -0.33388584463942084, -0.621159859289539, False
2.429019747712175, -5.130962785984914, -1.132913379028981, -0.3197093378034207, -0.33388584463942084, -0.621159859289539, False
-0.8303118068145894, 4.399927499550426, 0.9456402866955713, -0.3197093378034207, -0.33388584463942084, -0.621159859289539, False
-0.9319045252691884, -2.4173744783461353, -2.9394508190025395, -0.3197093378034207, -0.33388584463942084, -0.621159859289539, True
4.1215764343114, -2.5976532218244524, 2.0837711514932273, -0.3197093378034207, -0.33388584463942084, -0.621159859289539, False
2.241201944631994, -1.6427356438696146, 1.7290220696175975, -0.3197093378034207, -0.33388584463942084, -0.621159859289539, False
0.798426895792316, -1.0453799550703957, 1.0312911571443513, -0.3197093378034207, -0.33388584463942084, -0.621159859289539, False
-1.9601923198737152, -2.192540313810963, 1.4367162150351325, -0.3197093378034207, -0.33388584463942084, -0.621159859289539, False
-6.14393065991494, -2.4932758428995916, 2.9900498230654806, -0.3197093378034207, -0.33388584463942084, -0.621159859289539, True
4.138991964524061, 3.8833932092361483, 0.7998003403940257, -0.3197093378034207, -0.33388584463942084, -0.621159859289539, False
-1.118816425586985, -3.915805942203256, 2.7999357846453563, -0.3197093378034207, -0.33388584463942084, -0.621159859289539, False
1.0578334618506604, -0.8839575748750317, -2.094427127115141, -0.3197093378034207, -0.33388584463942084, -0.621159859289539, False
6.088084388390527, 5.7577514414401065, 2.0429950760924127, -0.3197093378034207, -0.33388584463942084, -0.621159859289539, False
2.2647063628204904, -4.6188508535643304, 0.06304287096397942, -0.3197093378034207, -0.33388584463942084, -0.621159859289539, False
-1.89805896571957, 5.772530392183619, -0.06716725901034604, -0.3197093378034207, -0.33388584463942084, -0.621159859289539, False
0.2614856334260969, -4.711314820460203, 0.27883709164797477, -0.3197093378034207, -0.33388584463942084, -0.621159859289539, False
-1.3888134671919996, 1.253391623117463, 0.3955524892327471, -0.3197093378034207, -0.33388584463942084, -0.621159859289539, False
5.931270544958535, -4.278004834230158, -1.5757630613039553, -0.3197093378034207, -0.33388584463942084, -0.621159859289539, False
3.0449945508097116, -4.455907678103368, -0.022343845516688, -0.3197093378034207, -0.33388584463942084, -0.621159859289539, False
1.9529245269152558, 3.9498753937840423, 3.020573548962008, -0.3197093378034207, -0.33388584463942084, -0.621159859289539, True
-1.4391336895168179, -0.8259402681739152, 0.030254783481276082, -0.3197093378034207, -0.33388584463942084, -0.621159859289539, False
0.08807011372796936, -4.511867666874, -0.0753219968992771, -0.3197093378034207, -0.33388584463942084, -0.621159859289539, False
5.590807451084659, 5.485294924767915, -1.0985695424724655, -0.3197093378034207, -0.33388584463942084, -0.621159859289539, False
-0.8416657607643678, -6.18272966868684, -1.2709158101030051, -0.3197093378034207, -0.33388584463942084, -0.621159859289539, False
3.3659320229469856, -5.623134043644475, 1.830398270756663, -0.3197093378034207, -0.33388584463942084, -0.621159859289539, False
-2.5911930081204324, 1.5742683804454396, -0.07927109978211799, -0.3197093378034207, -0.33388584463942084, -0.621159859289539, False
-4.141588834232781, -3.131291758598938, 3.0118264509946338, -0.3197093378034207, -0.33388584463942084, -0.621159859289539, True
3.589577566375734, 3.2723181457349444, -2.3720028650934726, -0.3197093378034207, -0.33388584463942084, -0.621159859289539, False
4.248924518317587, -5.936216578839604, -0.532466922445864, -0.3197093378034207, -0.33388584463942084, -0.621159859289539, False
-5.479830867000118, 1.3460203912724653, 1.8960714365898808, -0.3197093378034207, -0.33388584463942084, -0.621159859289539, False
2.1882980774575405, 5.591289721386254, -1.7305778490750214, -0.3197093378034207, -0.33388584463942084, -0.621159859289539, False
-0.5163608496091125, 4.317861889943959, 0.48587684059594727, -0.3197093378034207, -0.33388584463942084, -0.621159859289539, False
-1.7637091590257619, -4.16815039881661, 1.632589963497467, -0.3197093378034207, -0.33388584463942084, -0.621159859289539, False
4.533215374238109, -2.937462425872257, 1.6300442692190957, -0.3197093378034207, -0.33388584463942084, -0.621159859289539, False
-1.1678672843269196, -1.1278823747142797, 0.6035011872317746, -0.3197093378034207, -0.33388584463942084, -0.621159859289539, False
-2.789141846915054, -5.354852758810115, 2.3742841765573726, -0.3197093378034207, -0.33388584463942084, -0.621159859289539, False
5.387133576370399, 4.430552929104765, 0.016622742840728844, -0.3197093378034207, -0.33388584463942084, -0.621159859289539, False
-3.7383684066945273, -3.82684388941594, 1.1939410560237835, -0.3197093378034207, -0.33388584463942084, -0.621159859289539, False
-0.2160902245957157, 3.5911490541967996, -0.18570779673595394, -0.3197093378034207, -0.33388584463942084, -0.621159859289539, False
-5.344791994074501, -5.439068034764817, 2.7093609644085133, -0.3197093378034207, -0.33388584463942084, -0.621159859289539, False
6.22451434673712, -0.6896570290482549, 0.2362520509591688, -0.3197093378034207, -0.33388584463942084, -0.621159859289539, False
-3.153863720223054, -3.9005392983070037, -0.8500875576248044, -0.3197093378034207, -0.33388584463942084, -0.621159859289539, False
1.7169277712520277, -2.9465281642711996, 0.2146538695710687, -0.3197093378034207, -0.33388584463942084, -0.621159859289539, False
-0.0382083792658543, 1.6344453116097553, 2.061527170531048, -0.3197093378034207, -0.33388584463942084, -0.621159859289539, False
4.7238613556182685, -4.485277458171553, 1.5978294170581062, -0.3197093378034207, -0.33388584463942084, -0.621159859289539, False
5.849101454611487, -1.663685734397843, 2.317656069007856, -0.3197093378034207, -0.33388584463942084, -0.621159859289539, False
1.7123100732941667, 4.928420885550562, -2.2218166070218084, -0.3197093378034207, -0.33388584463942084, -0.621159859289539, False
-0.5559857089056282, 0.681358118041592, -2.9254701196052597, -0.3197093378034207, -0.33388584463942084, -0.621159859289539, True
-2.6035289343429113, -5.4829753885189, -1.6893060471778327, -0.3197093378034207, -0.33388584463942084, -0.621159859289539, False
-0.7002373937388349, 5.450103242486449, 2.742349037164348, -0.3197093378034207, -0.33388584463942084, -0.621159859289539, False
-4.212690468673059, -2.453836112732524, 2.4174298649999004, -0.3197093378034207, -0.33388584463942084, -0.621159859289539, False
-3.4750034515890564, -5.652431314055738, -1.002666692903718, -0.3197093378034207, -0.33388584463942084, -0.621159859289539, False
6.077069900444561, 4.803219034143192, -1.1231437952598826, -0.3197093378034207, -0.33388584463942084, -0.621159859289539, False
1.9096897657524323, 2.102176345735968, -0.45520535303603715, -0.3197093378034207, -0.33388584463942084, -0.621159859289539, False
-1.893931781839501, 4.532644707861113, -2.599229502822491, -0.3197093378034207, -0.33388584463942084, -0.621159859289539, False
3.280495838293696, 4.381157283553728, 3.107945190073644, -0.3197093378034207, -0.33388584463942084, -0.621159859289539, True
5.244913234942857, -2.1604475046631686, 1.923490632734918, -0.3197093378034207, -0.33388584463942084, -0.621159859289539, False
4.4494403641984785, 3.141947394391016, 0.6037886459943995, -0.3197093378034207, -0.33388584463942084, -0.621159859289539, False
2.1134425794938085, -4.353084771034509, -2.219945232055676, -0.3197093378034207, -0.33388584463942084, -0.621159859289539, False
-3.614560455465327, -1.4448083408275094, 1.513754431889967, -0.3197093378034207, -0.33388584463942084, -0.621159859289539, False
-0.7036631007092184, -1.34084489125331, -1.7971320420984982, -0.3197093378034207, -0.33388584463942084, -0.621159859289539, False
-1.3013735267502025, -5.531331252367447, -0.7864153926353463, -0.3197093378034207, -0.33388584463942084, -0.621159859289539, False
-4.97572379503368, 0.38984024906937265, 1.4050652530073569, -0.3197093378034207, -0.33388584463942084, -0.621159859289539, False
0.929216505072568, -5.220516947564368, 2.847392991582038, -0.3197093378034207, -0.33388584463942084, -0.621159859289539, True
-2.6808763356908667, -3.438741795669634, -0.09927291945934469, -0.3197093378034207, -0.33388584463942084, -0.621159859289539, False
-3.6721470680044836, -5.970707883991834, -1.02990392954329, -0.3197093378034207, -0.33388584463942084, -0.621159859289539, False
-0.4191715359127697, 0.7727983084501755, 1.9743726385559492, -0.3197093378034207, -0.33388584463942084, -0.621159859289539, False
-3.7656355953175686, 5.68901847936073, -2.4466885460218446, -0.3197093378034207, -0.33388584463942084, -0.621159859289539, False
-2.206574035968562, 4.441504574886565, 3.0021285433070055, -0.3197093378034207, -0.33388584463942084, -0.621159859289539, True
0.8834378395419789, 0.3535118845543712, 2.8757384184961694, -0.3197093378034207, -0.33388584463942084, -0.621159859289539, False
-1.165487146727818, 5.90542087611705, -0.3274406061645698, -0.3197093378034207, -0.33388584463942084, -0.621159859289539, False
1.5681578751212912, 0.7062337379791357, -0.8522513950649198, -0.3197093378034207, -0.33388584463942084, -0.621159859289539, False
3.0489885351235273, 1.3646643770254485, 2.487559235528585, -0.3197093378034207, -0.33388584463942084, -0.621159859289539, False
4.899565731876898, 3.376339861962405, -0.9099309393662449, -0.3197093378034207, -0.33388584463942084, -0.621159859289539, False
-2.175944863977077, 2.391201803972937, -1.1234197781754958, -0.3197093378034207, -0.33388584463942084, -0.621159859289539, False
-0.24792191075409953, -2.5009952103433464, -1.831932806464443, -0.3197093378034207, -0.33388584463942084, -0.621159859289539, False
1.4794651985173628, 4.2886433346786, -1.3734497115895719, -0.3197093378034207, -0.33388584463942084, -0.621159859289539, False
1.99993286329261, -4.353231750414614, 2.7840961678167586, -0.3197093378034207, -0.33388584463942084, -0.621159859289539, False
4.271216433211707, 6.230143571493441, 0.5765864760964923, -0.3197093378034207, -0.33388584463942084, -0.621159859289539, False
5.647970512050055, 4.403315221827434, -1.0982234360347016, -0.3197093378034207, -0.33388584463942084, -0.621159859289539, False
-4.3483828238406055, -1.6337687678114081, 2.4066665935181133, -0.3197093378034207, -0.33388584463942084, -0.621159859289539, False
3.112180170074799, 4.81356801599885, -2.198953287713894, -0.3197093378034207, -0.33388584463942084, -0.621159859289539, False
3.523475821306171, -6.049410631219323, 1.0796433187365553, -0.3197093378034207, -0.33388584463942084, -0.621159859289539, False
4.866032255193575, 1.1867167297702155, 3.1301330343180513, -0.3197093378034207, -0.33388584463942084, -0.621159859289539, True
0.6748379877672406, 4.567261820303887, -1.0915101966359062, -0.3197093378034207, -0.33388584463942084, -0.621159859289539, False
2.4702148167373092, 0.5744411448901596, -0.47854942418625734, -0.3197093378034207, -0.33388584463942084, -0.621159859289539, False
-1.5071934054417113, -4.252074528595239, 2.01956788249697, -0.3197093378034207, -0.33388584463942084, -0.621159859289539, False
3.5992668394578953, -0.8599302155074371, -2.2869626158632146, -0.3197093378034207, -0.33388584463942084, -0.621159859289539, False
-0.9081280144344781, 3.5692447948484567, -1.2721584591194697, -0.3197093378034207, -0.33388584463942084, -0.621159859289539, False
1.9194438414638544, -3.8540699579114444, 2.6505646986862033, -0.3197093378034207, -0.33388584463942084, -0.621159859289539, False
-1.8148820190473067, -1.2975362923212659, 2.2556960252309057, -0.3197093378034207, -0.33388584463942084, -0.621159859289539, False
-3.1037819054016107, 5.776612857888534, 3.1158232123983023, -0.3197093378034207, -0.33388584463942084, -0.621159859289539, True
-4.921198981165784, -4.278952028683745, -2.856485671250408, -0.3197093378034207, -0.33388584463942084, -0.621159859289539, True
-6.208569481925964, 2.921421446407509, 1.8504954666161195, -0.3197093378034207, -0.33388584463942084, -0.621159859289539, False
-1.5650861305757706, -5.860328519553001, -1.1825499046918673, -0.3197093378034207, -0.33388584463942084, -0.621159859289539, False
0.6045976862866205, -2.6736820602291345, 0.9495082086912321, -0.3197093378034207, -0.33388584463942084, -0.621159859289539, False
-3.897845630026893, 4.099980589334594, -1.9733112649457911, -0.3197093378034207, -0.33388584463942084, -0.621159859289539, False
-4.899892951255869, -3.3812179016890256, 2.333351456804908, -0.3197093378034207, -0.33388584463942084, -0.621159859289539, False
-1.2376198772183615, 2.16892969691936, -0.41107284165467783, -0.3197093378034207, -0.33388584463942084, -0.621159859289539, False
1.298402924569162, -4.155319033789818, -2.0652458470584207, -0.3197093378034207, -0.33388584463942084, -0.621159859289539, False
3.4900289640158544, -3.409142612519553, 1.4534678302562956, -0.3197093378034207, -0.33388584463942084, -0.621159859289539, False
5.755619034425209, 0.978454814718777, 1.7326726219234576, -0.3197093378034207, -0.33388584463942084, -0.621159859289539, False
1.3511711985003032, 3.620860662563395, 1.3220298427992496, -0.3197093378034207, -0.33388584463942084, -0.621159859289539, False
5.899098467298046, 0.4474832567307807, -1.7788766215926235, -0.3197093378034207, -0.33388584463942084, -0.621159859289539, False
-3.930783617236026, 4.026197386379735, 0.04193689510688925, -0.3197093378034207, -0.33388584463942084, -0.621159859289539, False
0.22505016439763104, 4.003110106167522, -0.23257486805829997, -0.3197093378034207, -0.33388584463942084, -0.621159859289539, False
-0.2997733885443603, 0.7517979484000454, -0.8368210658517685, -0.3197093378034207, -0.33388584463942084, -0.621159859289539, False
5.2895127420574255, 1.467594257590199, 1.1279080500827758, -0.3197093378034207, -0.33388584463942084, -0.621159859289539, False
-0.6098543923778177, 1.1522189665350133, -0.8523492813006177, -0.3197093378034207, -0.33388584463942084, -0.621159859289539, False
5.049561699948793, 5.468110683203003, -0.9879726374701021, -0.3197093378034207, -0.33388584463942084, -0.621159859289539, False
-4.9907335679562, -2.3472685135584657, -0.49211632524878457, -0.3197093378034207, -0.33388584463942084, -0.621159859289539, False
-3.480063245062934, -4.0588804858688725, -0.1711766268974091, -0.3197093378034207, -0.33388584463942084, -0.621159859289539, False
-5.412927436334072, 1.9106705521055787, -2.4368692406747794, -0.3197093378034207, -0.33388584463942084, -0.621159859289539, False
2.2345763517765853, -5.658489178618409, -1.7112413875058416, -0.3197093378034207, -0.33388584463942084, -0.621159859289539, False
-5.637311259277469, -3.139952174741741, -2.525399155232722, -0.3197093378034207, -0.33388584463942084, -0.621159859289539, False
1.4244978466983076, -0.3397904126226372, -3.119696416551717, -0.3197093378034207, -0.33388584463942084, -0.621159859289539, True
-5.590644925848126, -3.2746434009710295, -1.23213170910387, -0.3197093378034207, -0.33388584463942084, -0.621159859289539, False
-2.306554642080941, -4.183579740288037, -0.7330180269471405, -0.3197093378034207, -0.33388584463942084, -0.621159859289539, False
-0.49596021842878635, -0.20628497456308637, 0.7338809091900251, -0.3197093378034207, -0.33388584463942084, -0.621159859289539, False
-5.786793558598422, -4.398516562642891, -1.8341939218730163, -0.3197093378034207, -0.33388584463942084, -0.621159859289539, False
5.092281858194353, -3.4110195773101384, 2.537495336957564, -0.3197093378034207, -0.33388584463942084, -0.621159859289539, False
-3.169563398804973, -3.0382773274080446, -2.990672033157931, -0.3197093378034207, -0.33388584463942084, -0.621159859289539, True
0.0330196498641353, -1.315817075610357, 2.1919732070850024, -0.3197093378034207, -0.33388584463942084, -0.621159859289539, False
4.568942471954124, -3.059589706546316, -1.8940549897126147, -0.3197093378034207, -0.33388584463942084, -0.621159859289539, False
-5.533386779968833, -4.805244473765425, 2.283911071001463, -0.3197093378034207, -0.33388584463942084, -0.621159859289539, False
2.8652817416149734, 3.0675184520452365, 2.5473221406728204, -0.3197093378034207, -0.33388584463942084, -0.621159859289539, False
-3.5131232267049013, 4.98379343773445, -2.0893650066111515, -0.3197093378034207, -0.33388584463942084, -0.621159859289539, False
0.5051060878916029, -0.21681445344908212, -0.1087605664260205, -0.3197093378034207, -0.33388584463942084, -0.621159859289539, False
-6.142711004711525, -2.752944172986988, -1.1478593906560677, -0.3197093378034207, -0.33388584463942084, -0.621159859289539, False
5.073444114011183, 3.8528204722732404, -2.7094122252947153, -0.3197093378034207, -0.33388584463942084, -0.621159859289539, False
4.992398085574454, 2.4038386569578645, 0.8853823355936283, -0.3197093378034207, -0.33388584463942084, -0.621159859289539, False
5.537713885122855, -1.3196721806027183, 2.795542744573301, -0.3197093378034207, -0.33388584463942084, -0.621159859289539, False
1.1513706952019058, 1.7816950127546818, 2.923820127455415, -0.3197093378034207, -0.33388584463942084, -0.621159859289539, True
-3.3975758080330576, 0.9863252083478642, -0.6436461308428401, -0.3197093378034207, -0.33388584463942084, -0.621159859289539, False
3.460990580356908, 3.3045539949619833, -1.240721528812398, -0.3197093378034207, -0.33388584463942084, -0.621159859289539, False
0.4208581703500185, -2.8913714862068374, -0.5538794274751111, -0.3197093378034207, -0.33388584463942084, -0.621159859289539, False
2.306424623980007, -0.317199502959018, -1.498888631818392, -0.3197093378034207, -0.33388584463942084, -0.621159859289539, False
-1.2756508338765844, 0.6582923437449404, -1.370543608651069, -0.3197093378034207, -0.33388584463942084, -0.621159859289539, False
3.272691814658913, -4.617792491973453, 2.135267342006369, -0.3197093378034207, -0.33388584463942084, -0.621159859289539, False
2.451861633206393, -5.956170044719922, 2.2510936031150663, -0.3197093378034207, -0.33388584463942084, -0.621159859289539, False
-2.162281810846289, 1.9545047269734592, -3.1305456996080596, -0.3197093378034207, -0.33388584463942084, -0.621159859289539, True
-6.1794757498017745, -0.8151999382528743, 2.905729720113116, -0.3197093378034207, -0.33388584463942084, -0.621159859289539, True
5.564397452859797, 1.9501935170573574, 2.902366046419635, -0.3197093378034207, -0.33388584463942084, -0.621159859289539, False
-1.4905507270529457, 4.275800693706554, 0.870467292589856, -0.3197093378034207, -0.33388584463942084, -0.621159859289539, False
-2.7977056609511486, 2.9577090893031937, -2.006576051788732, -0.3197093378034207, -0.33388584463942084, -0.621159859289539, False
-0.14817843589034574, -1.0689707831251303, 1.4345765275025375, -0.3197093378034207, -0.33388584463942084, -0.621159859289539, False
-6.096889720666863, -3.158607744281789, -2.809939288815399, -0.3197093378034207, -0.33388584463942084, -0.621159859289539, False
-4.276104762523348, 2.988109587426232, 0.6462074010746743, -0.3197093378034207, -0.33388584463942084, -0.621159859289539, False
-4.361807498628412, -3.1579745461079094, -1.4584210719628676, -0.3197093378034207, -0.33388584463942084, -0.621159859289539, False
2.320294831665141, 4.310988115102498, 0.7046885809342225, -0.3197093378034207, -0.33388584463942084, -0.621159859289539, False
-0.246689387251962, 1.7619869963293269, -2.4049631425055944, -0.3197093378034207, -0.33388584463942084, -0.621159859289539, False
-2.879617431743658, 1.2575988325544785, 2.8880946626761954, -0.3197093378034207, -0.33388584463942084, -0.621159859289539, True
1.818618189552387, -4.818923592602969, 1.9550578929733602, -0.3197093378034207, -0.33388584463942084, -0.621159859289539, False
5.843820887517367, -0.9367770948301848, -0.0363195741846023, -0.3197093378034207, -0.33388584463942084, -0.621159859289539, False
2.023887051797299, -5.601185920533848, -2.41291350085667, -0.3197093378034207, -0.33388584463942084, -0.621159859289539, False
-1.1051374560115041, -3.962070542931555, -0.6423556599121176, -0.3197093378034207, -0.33388584463942084, -0.621159859289539, False
-0.43143363373721755, 0.6903375373214633, -1.002276668484304, -0.3197093378034207, -0.33388584463942084, -0.621159859289539, False
-5.413333668668533, -3.3680112327574565, 1.7934721876691322, -0.3197093378034207, -0.33388584463942084, -0.621159859289539, False
1.537763603896937, 6.078325134796204, 0.21454913330617575, -0.3197093378034207, -0.33388584463942084, -0.621159859289539, False
1.394024442050168, 0.7390138605013838, 1.0965613346098948, -0.3197093378034207, -0.33388584463942084, -0.621159859289539, False
