4.785389651960649, 5.915975263904173, 1.3876746994935978, -0.25653141265659085, 0.4702927094628757, 0.015806904163373492, False
-0.7698276384738563, 4.760200825983752, -1.2543270132939948, -0.25653141265659085, 0.4702927094628757, 0.015806904163373492, False
4.282109775793218, 5.938502373711202, -2.028671471614726, -0.25653141265659085, 0.4702927094628757, 0.015806904163373492, False
-2.2585384770159225, -3.987346743623249, 1.3555738523028662, -0.25653141265659085, 0.4702927094628757, 0.015806904163373492, False
1.0363816775100485, -1.3751501980161178, 1.875371658446693, -0.25653141265659085, 0.4702927094628757, 0.015806904163373492, False
-6.196627978909911, -1.5677044417190311, 0.4219694844697628, -0.25653141265659085, 0.4702927094628757, 0.015806904163373492, False
2.79490492860082, -4.308834327627094, 2.8780223713307302, -0.25653141265659085, 0.4702927094628757, 0.015806904163373492, False
-5.520278341232691, -2.6841619044373792, 1.819172574980847, -0.25653141265659085, 0.4702927094628757, 0.015806904163373492, False
1.1801701434699634, 3.018701759814487, -2.0513870074339664, -0.25653141265659085, 0.4702927094628757, 0.015806904163373492, False
-4.423818319096574, -4.321847786362027, -0.829886257621693, -0.25653141265659085, 0.4702927094628757, 0.015806904163373492, False
2.1280737918197286, -3.0844518119442856, -0.3778426898300329, -0.25653141265659085, 0.4702927094628757, 0.015806904163373492, False
5.434045405781017, -3.9398045802371318, -0.9360094022723717, -0.25653141265659085, 0.4702927094628757, 0.015806904163373492, False
-2.827520913619336, 3.3996469865589773, 1.3728648281807434, -0.25653141265659085, 0.4702927094628757, 0.015806904163373492, False
5.185122995592026, -4.618028365327206, -1.8381902902766072, -0.25653141265659085, 0.4702927094628757, 0.015806904163373492, False
-5.801936561115082, 0.634651843416588, -0.7730937421401243, -0.25653141265659085, 0.4702927094628757, 0.015806904163373492, False
4.279498398660744, -3.711901991203835, 1.1333470867936857, -0.25653141265659085, 0.4702927094628757, 0.015806904163373492, False
-1.131845990381109, -6.237002652524749, 2.182516044564159, -0.25653141265659085, 0.4702927094628757, 0.015806904163373492, False
-2.132987643564163, -3.1449075130012916, -2.14550629380938, -0.25653141265659085, 0.4702927094628757, 0.015806904163373492, False
3.5185161713314983, -4.235060717196548, -1.8231297899547967, -0.25653141265659085, 0.4702927094628757, 0.015806904163373492, False
-0.7064827649923062, -2.1967462610923905, 0.914169962832359, -0.25653141265659085, 0.4702927094628757, 0.015806904163373492, False
5.737300002858362, 4.683122731619177, -0.1528284604507455, -0.25653141265659085, 0.4702927094628757, 0.015806904163373492, False
5.67152877059142, -5.285775159390682, -1.0584952754670258, -0.25653141265659085, 0.4702927094628757, 0.015806904163373492, False
4.617356222068748, -0.5127092798668125, -1.89217879156165, -0.25653141265659085, 0.4702927094628757, 0.015806904163373492, False
-5.013959387600524, 6.003523927338868, 1.8491699552830765, -0.25653141265659085, 0.4702927094628757, 0.015806904163373492, False
-4.229630290752708, -0.15994528406515585, 0.6267604687640285, -0.25653141265659085, 0.4702927094628757, 0.015806904163373492, True
-5.372727647502491, -2.9995865635780437, -1.3470637239643042, -0.25653141265659085, 0.4702927094628757, 0.015806904163373492, False
5.68454477661097, 3.161163200476695, -1.1704535822928488, -0.25653141265659085, 0.4702927094628757, 0.015806904163373492, True
-0.026499802584386778, -2.4484993496954095, 0.16389526605108395, -0.25653141265659085, 0.4702927094628757, 0.015806904163373492, False
-2.8553726135620736, 2.5344140835497164, 2.1708521351085617, -0.25653141265659085, 0.4702927094628757, 0.015806904163373492, False
4.889531392177815, 0.5971266176308001, 0.5275271953854141, -0.25653141265659085, 0.4702927094628757, 0.015806904163373492, False
0.9426878764014655, -1.483226228624737, -0.45021076431820584, -0.25653141265659085, 0.4702927094628757, 0.015806904163373492, False
-5.774653773549909, -0.6363711424482075, 2.757928189021934, -0.25653141265659085, 0.4702927094628757, 0.015806904163373492, False
-5.2582862725604915, -2.877116061037645, 0.3810756531678998, -0.25653141265659085, 0.4702927094628757, 0.015806904163373492, False
-3.171860602270344, -0.49877163580658124, 3.10914008601602, -0.25653141265659085, 0.4702927094628757, 0.015806904163373492, True
-3.707203247412949, 3.6472209754652596, -1.7122051763365325, -0.25653141265659085, 0.4702927094628757, 0.015806904163373492, False
-5.494558893843905, 3.9767582279989426, -2.8699194813466686, -0.25653141265659085, 0.4702927094628757, 0.015806904163373492, False
1.1910953162335565, -3.2980793978322103, 1.2575779506328475, -0.25653141265659085, 0.4702927094628757, 0.015806904163373492, False
4.874352753008264, -1.0563946002377245, -2.088191456684322, -0.25653141265659085, 0.4702927094628757, 0.015806904163373492, False
0.4766363240264653, 3.7340416918328785, 0.5110335231738117, -0.25653141265659085, 0.4702927094628757, 0.015806904163373492, False
-2.8677990652138767, 3.67031125088233, -2.594969525965628, -0.25653141265659085, 0.4702927094628757, 0.015806904163373492, False
-3.3723391269364797, -6.093312108911378, -1.7177663658250417, -0.25653141265659085, 0.4702927094628757, 0.015806904163373492, False
5.629254587772504, 1.4015614322376235, 0.2112788326761943, -0.25653141265659085, 0.4702927094628757, 0.015806904163373492, False
-3.0739849850583334, -0.6167156630789039, 1.745977945656504, -0.25653141265659085, 0.4702927094628757, 0.015806904163373492, False
3.491849584083308, 2.024601430427632, -2.207179857499334, -0.25653141265659085, 0.4702927094628757, 0.015806904163373492, False
3.005332427748563, -4.752356651645301, -2.0577452608223874, -0.25653141265659085, 0.4702927094628757, 0.015806904163373492, False
1.9186282017955438, 1.6301641228089983, 2.7440123249182635, -0.25653141265659085, 0.4702927094628757, 0.015806904163373492, False
0.4498768773890234, 6.254707923557305, -2.6756066415941806, -0.25653141265659085, 0.4702927094628757, 0.015806904163373492, False
4.40393397334004, -4.356817435840735, -1.530925248681125, -0.25653141265659085, 0.4702927094628757, 0.015806904163373492, False
-3.7121530335803867, -0.3582710861764813, -3.053137658725691, -0.25653141265659085, 0.4702927094628757, 0.015806904163373492, True
0.5043549486211854, -3.870716173508871, 0.062296257980188674, -0.25653141265659085, 0.4702927094628757, 0.015806904163373492, False
-0.6107309499320488, -5.3171372960527, 1.0035473406428732, -0.25653141265659085, 0.4702927094628757, 0.015806904163373492, False
-0.924394349322899, 5.51369488257801, 0.025488078097742672, -0.25653141265659085, 0.4702927094628757, 0.015806904163373492, False
-3.6479750542430764, 0.663706269685985, 3.1377352737478494, -0.25653141265659085, 0.4702927094628757, 0.015806904163373492, True
-2.81884915033936, 2.6979906931585127, -0.7341145768936306, -0.25653141265659085, 0.4702927094628757, 0.015806904163373492, False
0.2663175522178287, -4.574329089166691, 1.7362555928689671, -0.25653141265659085, 0.4702927094628757, 0.015806904163373492, False
3.8697540377372537, 1.614082578609505, -1.7345562416171767, -0.25653141265659085, 0.4702927094628757, 0.015806904163373492, False
-2.8950524353427687, 1.1409642729519422, -0.9806382481034293, -0.25653141265659085, 0.4702927094628757, 0.015806904163373492, False
2.5162272469173246, 1.570517369135171, -0.9759371873488147, -0.25653141265659085, 0.4702927094628757, 0.015806904163373492, False
-1.4590474162056495, 5.1312693496057715, -2.107742393624816, -0.25653141265659085, 0.4702927094628757, 0.015806904163373492, False
2.384683354691532, -0.3673612018519181, -0.0191144018494791, -0.25653141265659085, 0.4702927094628757, 0.015806904163373492, False
-5.762766475273595, -2.9967301150495107, -0.10778599651536469, -0.25653141265659085, 0.4702927094628757, 0.015806904163373492, False
0.3492096536437854, 2.4683810643649693, -2.3053413503539266, -0.25653141265659085, 0.4702927094628757, 0.015806904163373492, False
-4.622551880509452, 1.0014508667249915, -0.15335769567552937, -0.25653141265659085, 0.4702927094628757, 0.015806904163373492, False
1.1405356134097495, -4.102406885661468, 2.975716958159886, -0.25653141265659085, 0.4702927094628757, 0.015806904163373492, True
-4.454831814308981, 5.61858465060944, -0.16574136717728205, -0.25653141265659085, 0.4702927094628757, 0.015806904163373492, False
-0.7261978558732931, -3.364401354613883, -2.7845513936309008, -0.25653141265659085, 0.4702927094628757, 0.015806904163373492, True
-2.6829717130464554, 2.1648507475981287, 0.8465457836210315, -0.25653141265659085, 0.4702927094628757, 0.015806904163373492, False
-5.484775594771261, 2.1048058883131695, 0.818451688938346, -0.25653141265659085, 0.4702927094628757, 0.015806904163373492, False
2.2115231036515084, -1.5416615945091845, -2.4730841145214404, -0.25653141265659085, 0.4702927094628757, 0.015806904163373492, False
1.805288009053907, -3.3355448060687767, 2.713492534932344, -0.25653141265659085, 0.4702927094628757, 0.015806904163373492, False
-3.347478530250379, -2.2775219654668923, -1.0807796966409087, -0.25653141265659085, 0.4702927094628757, 0.015806904163373492, False
2.173778449731161, -5.360765785303574, 1.0933374198582673, -0.25653141265659085, 0.4702927094628757, 0.015806904163373492, False
-1.4767534919527572, 6.131751215622243, 0.46512235470348484, -0.25653141265659085, 0.4702927094628757, 0.015806904163373492, False
-5.3932038927340935, -3.581853478336243, 2.8524914929618452, -0.25653141265659085, 0.4702927094628757, 0.015806904163373492, False
-1.843360071127746, 4.577169313464008, 0.23531470538382182, -0.25653141265659085, 0.4702927094628757, 0.015806904163373492, False
0.7944165575214912, -4.022755403488025, 1.6506336369846606, -0.25653141265659085, 0.4702927094628757, 0.015806904163373492, False
0.5492418315553858, -0.9207483304194595, 2.0692607085462704, -0.25653141265659085, 0.4702927094628757, 0.015806904163373492, False
5.04058138688818, 0.5047047909556692, -1.7307363278888506, -0.25653141265659085, 0.4702927094628757, 0.015806904163373492, False
0.9969022175618907, -4.030291086272087, 3.0160521345937026, -0.25653141265659085, 0.4702927094628757, 0.015806904163373492, True
-1.2485118120107588, -6.200104322886415, -1.684193605287936, -0.25653141265659085, 0.4702927094628757, 0.015806904163373492, False
-5.699098265700174, 6.254670347536669, -0.7955372798056395, -0.25653141265659085, 0.4702927094628757, 0.015806904163373492, False
0.6300365623088453, 2.2266951493115243, 2.6371699377261164, -0.25653141265659085, 0.4702927094628757, 0.015806904163373492, False
2.9862516461391966, -4.915256832418775, 2.366273516459989, -0.25653141265659085, 0.4702927094628757, 0.015806904163373492, False
-1.6429233025808463, -4.837489074058913, -0.9097524154539607, -0.25653141265659085, 0.4702927094628757, 0.015806904163373492, False
3.077931158358412, 0.03526919155296593, 2.2879661614695435, -0.25653141265659085, 0.4702927094628757, 0.015806904163373492, False
-2.6359731223665923, -4.423316901506821, -1.7302922397832494, -0.25653141265659085, 0.4702927094628757, 0.015806904163373492, False
-5.530867427732358, -3.418187743388922, 1.0888561433654909, -0.25653141265659085, 0.4702927094628757, 0.015806904163373492, False
4.125085898980911, -2.6746848762988016, 1.7925699231724588, -0.25653141265659085, 0.4702927094628757, 0.015806904163373492, False
2.3996884920633867, 2.973814008436692, 2.3395798809095085, -0.25653141265659085, 0.4702927094628757, 0.015806904163373492, False
5.39356936502287, 5.40017277530969, -2.7300440252749434, -0.25653141265659085, 0.4702927094628757, 0.015806904163373492, False
5.6247425148499435, 5.999693540423738, 1.4846187484200186, -0.25653141265659085, 0.4702927094628757, 0.015806904163373492, False
4.52374017660058, -6.267272877387723, -1.051822998253301, -0.25653141265659085, 0.4702927094628757, 0.015806904163373492, False
-2.0900321413884217, -3.6427577537715448, 1.4166879107930708, -0.25653141265659085, 0.4702927094628757, 0.015806904163373492, False
-4.245287451950367, 4.180191025471091, -0.0828462105127663, -0.25653141265659085, 0.4702927094628757, 0.015806904163373492, False
0.35972029493197866, 3.2681298167765984, 1.6984302182606656, -0.25653141265659085, 0.4702927094628757, 0.015806904163373492, False
3.7799366872538425, -3.501788650665312, -0.44017635464771265, -0.25653141265659085, 0.4702927094628757, 0.015806904163373492, False
3.6529139469925607, -5.333028763807721, -1.8642337640836633, -0.25653141265659085, 0.4702927094628757, 0.015806904163373492, False
-2.760797187277219, -2.627279700521791, -2.1635009202953843, -0.25653141265659085, 0.4702927094628757, 0.015806904163373492, False
0.370556591240776, 3.696961150103954, 1.142618986298606, -0.25653141265659085, 0.4702927094628757, 0.015806904163373492, False
-2.924712333150983, -2.3107837859755205, 0.021114030864076483, -0.25653141265659085, 0.4702927094628757, 0.015806904163373492, False
