5.530016159762269, -1.9419918893912014, 0.30356323702092336, 0.1729507475888209, -0.1533088582686235, -0.34592144041389433, False
-2.274486298305048, -0.902653123525992, -2.087004992755305, 0.1729507475888209, -0.1533088582686235, -0.34592144041389433, False
-1.5543421639372426, -3.0424945302610134, 0.6061133023817384, 0.1729507475888209, -0.1533088582686235, -0.34592144041389433, False
-0.7021705032510521, 1.1036315442705655, 1.5065623584721894, 0.1729507475888209, -0.1533088582686235, -0.34592144041389433, True
2.946217783782213, 5.118890702253635, -1.237529655274291, 0.1729507475888209, -0.1533088582686235, -0.34592144041389433, False
1.9448061512412842, 2.6083779521009216, -0.027576445760922663, 0.1729507475888209, -0.1533088582686235, -0.34592144041389433, False
-5.333093394430905, 5.735989295122321, -0.5650842774832121, 0.1729507475888209, -0.1533088582686235, -0.34592144041389433, False
4.251300321238654, -2.105115531612733, 1.8559271314742114, 0.1729507475888209, -0.1533088582686235, -0.34592144041389433, False
4.712405624899439, -3.659588239742187, 2.0270157597677585, 0.1729507475888209, -0.1533088582686235, -0.34592144041389433, False
-4.53476337346766, 4.696527075330197, -0.07623308316653121, 0.1729507475888209, -0.1533088582686235, -0.34592144041389433, False
0.14449475305886494, 2.405426260037874, 0.09608282983779848, 0.1729507475888209, -0.1533088582686235, -0.34592144041389433, False
-0.7928384342815065, -2.282363540966827, -3.1079069828340256, 0.1729507475888209, -0.1533088582686235, -0.34592144041389433, True
-4.507009286447724, -1.1388235252523051, 1.5669190958257007, 0.1729507475888209, -0.1533088582686235, -0.34592144041389433, False
-3.1186762797696352, -4.678300453942477, 0.5054415935806458, 0.1729507475888209, -0.1533088582686235, -0.34592144041389433, True
-1.5095086908412085, -1.809335741471025, -0.3580472076004191, 0.1729507475888209, -0.1533088582686235, -0.34592144041389433, False
-6.039579083097285, 1.2895542593498721, 2.4959870445176113, 0.1729507475888209, -0.1533088582686235, -0.34592144041389433, False
-4.769062219722995, -0.6407391574858128, -1.697300023154769, 0.1729507475888209, -0.1533088582686235, -0.34592144041389433, False
-0.462091311321454, -1.7276957493186682, 2.376157427191794, 0.1729507475888209, -0.1533088582686235, -0.34592144041389433, False
4.641969798666278, -4.22031211869912, -1.5893040806819934, 0.1729507475888209, -0.1533088582686235, -0.34592144041389433, False
0.43809801982496754, -5.381091021746689, -2.8681453908281385, 0.1729507475888209, -0.1533088582686235, -0.34592144041389433, False
-2.1424934986513264, -3.2738021781927147, -0.1338433918832469, 0.1729507475888209, -0.1533088582686235, -0.34592144041389433, False
-2.3957629356712506, 1.1250883611405005, 1.103255440422525, 0.1729507475888209, -0.1533088582686235, -0.34592144041389433, False
-6.148519522226812, -2.4800275121169664, -2.3783612881099323, 0.1729507475888209, -0.1533088582686235, -0.34592144041389433, False
3.1996078791105713, 2.927099992044889, -0.42367887224925793, 0.1729507475888209, -0.1533088582686235, -0.34592144041389433, False
5.213628403434651, -4.0374397556117945, 0.2331247368407059, 0.1729507475888209, -0.1533088582686235, -0.34592144041389433, False
-5.394118565503789, -0.11350027229757043, 0.4590338753104328, 0.1729507475888209, -0.1533088582686235, -0.34592144041389433, False
-1.6493938465909377, -0.23382724424831736, 2.790700290057634, 0.1729507475888209, -0.1533088582686235, -0.34592144041389433, False
-5.939013236147687, -1.7329576035151346, 1.4280734743167613, 0.1729507475888209, -0.1533088582686235, -0.34592144041389433, False
2.8212622100374976, 5.3350829369821575, 0.8569556308145123, 0.1729507475888209, -0.1533088582686235, -0.34592144041389433, False
2.0895249872075805, -5.973800721577679, -0.6044191898480102, 0.1729507475888209, -0.1533088582686235, -0.34592144041389433, False
2.7377735087895054, -2.431881628502326, 0.20154443062763194, 0.1729507475888209, -0.1533088582686235, -0.34592144041389433, False
4.6847584636144255, 5.2440534281502025, 1.5113917756621191, 0.1729507475888209, -0.1533088582686235, -0.34592144041389433, False
-1.8995771826791001, -0.6465007861461105, 2.4395448770229855, 0.1729507475888209, -0.1533088582686235, -0.34592144041389433, False
-5.386285269891943, 3.5199956665713987, 1.865496595861102, 0.1729507475888209, -0.1533088582686235, -0.34592144041389433, False
1.622140464315195, -4.342064069334192, 0.8158200783893594, 0.1729507475888209, -0.1533088582686235, -0.34592144041389433, False
-4.235596715688777, -2.9992787111622774, 1.5238807119214153, 0.1729507475888209, -0.1533088582686235, -0.34592144041389433, False
-4.150535434480064, -0.6857466488103672, 0.4458419621829748, 0.1729507475888209, -0.1533088582686235, -0.34592144041389433, False
4.9855766056045905, 0.9775906972701565, 1.7196640864715285, 0.1729507475888209, -0.1533088582686235, -0.34592144041389433, True
-3.0012569549143255, -5.836927347275555, -1.097838804824307, 0.1729507475888209, -0.1533088582686235, -0.34592144041389433, False
0.43444845267898025, 0.8649752211731689, -0.9613015175922803, 0.1729507475888209, -0.1533088582686235, -0.34592144041389433, False
-3.438348313858879, -5.912361156954234, 0.05326746566473828, 0.1729507475888209, -0.1533088582686235, -0.34592144041389433, False
-3.2596690956861436, 3.225796109913958, -1.2368658036707483, 0.1729507475888209, -0.1533088582686235, -0.34592144041389433, False
4.901211597732972, -5.28371081626494, -0.7123247668098625, 0.1729507475888209, -0.1533088582686235, -0.34592144041389433, True
4.015583586701879, -3.95450921007953, -0.18768792348266317, 0.1729507475888209, -0.1533088582686235, -0.34592144041389433, False
1.527204150985967, -1.9944147118061029, 2.4399431128613145, 0.1729507475888209, -0.1533088582686235, -0.34592144041389433, False
5.020929286197974, 4.476445938308595, -2.588910326378404, 0.1729507475888209, -0.1533088582686235, -0.34592144041389433, False
-1.1363409526100128, -2.12356497109203, 0.44446298282231256, 0.1729507475888209, -0.1533088582686235, -0.34592144041389433, False
3.6479487553412717, 4.701381270076734, 1.6132516983035208, 0.1729507475888209, -0.1533088582686235, -0.34592144041389433, False
-2.7334235748987736, -3.532374998224876, -0.385225618039267, 0.1729507475888209, -0.1533088582686235, -0.34592144041389433, False
0.3328274222005554, 0.7265818912406532, 2.9227251951692343, 0.1729507475888209, -0.1533088582686235, -0.34592144041389433, True
-4.567928772642699, -1.5593646608261196, 1.4571129671548135, 0.1729507475888209, -0.1533088582686235, -0.34592144041389433, False
5.183322493522521, -6.250063696803753, -0.6853809161222508, 0.1729507475888209, -0.1533088582686235, -0.34592144041389433, False
4.791013683541836, 3.0916703590987975, -2.1884834018059323, 0.1729507475888209, -0.1533088582686235, -0.34592144041389433, False
-3.4536470595022655, 1.9282841502899455, 1.185552862409848, 0.1729507475888209, -0.1533088582686235, -0.34592144041389433, True
0.6743504986557554, 4.473417548672451, 0.34506294322621844, 0.1729507475888209, -0.1533088582686235, -0.34592144041389433, False
1.937134147954401, -0.8350793307892461, -3.024758785205511, 0.1729507475888209, -0.1533088582686235, -0.34592144041389433, True
0.619628938232359, -4.394272600639644, -0.531365927283046, 0.1729507475888209, -0.1533088582686235, -0.34592144041389433, False
5.867074890101877, 3.8960822293256108, 1.3351237304234091, 0.1729507475888209, -0.1533088582686235, -0.34592144041389433, False
4.371798935429879, -5.063855281685562, -1.7041071613089318, 0.1729507475888209, -0.1533088582686235, -0.34592144041389433, True
-1.163920638789759, 0.7020000848788612, -2.2919893747357993, 0.1729507475888209, -0.1533088582686235, -0.34592144041389433, False
0.9212194149112198, 0.8018514802997885, 2.012976859841765, 0.1729507475888209, -0.1533088582686235, -0.34592144041389433, False
-3.1409255609374735, 0.5643017213845818, 2.201135726212655, 0.1729507475888209, -0.1533088582686235, -0.34592144041389433, False
3.086777171082387, -2.123280918760977, 1.5005191689577622, 0.1729507475888209, -0.1533088582686235, -0.34592144041389433, False
4.426651694202317, 4.516096379065429, 0.8198707962783933, 0.1729507475888209, -0.1533088582686235, -0.34592144041389433, False
1.0220812013210905, -3.334519191669327, 1.4400433962737749, 0.1729507475888209, -0.1533088582686235, -0.34592144041389433, False
-4.964693820826559, -3.0221776638715037, -0.5403631742158859, 0.1729507475888209, -0.1533088582686235, -0.34592144041389433, False
-1.8611492664717764, 1.0518738474755445, 3.071758370683761, 0.1729507475888209, -0.1533088582686235, -0.34592144041389433, True
-4.322781248226746, -0.4543408280304311, -2.9065441938842325, 0.1729507475888209, -0.1533088582686235, -0.34592144041389433, True
4.830408177072201, 4.130241955923342, -0.7131730474324631, 0.1729507475888209, -0.1533088582686235, -0.34592144041389433, False
3.2663382442015205, -0.4744194811392788, -1.2957286820968137, 0.1729507475888209, -0.1533088582686235, -0.34592144041389433, False
4.449328465609975, 6.080259272963465, -2.3685918510606014, 0.1729507475888209, -0.1533088582686235, -0.34592144041389433, False
-4.118397174976803, -5.746109048780069, -0.5842016995791557, 0.1729507475888209, -0.1533088582686235, -0.34592144041389433, False
1.9063078765410726, 4.112357013088799, 0.33827364059170595, 0.1729507475888209, -0.1533088582686235, -0.34592144041389433, False
3.4957025774018913, -6.103293490089132, 2.442008003452406, 0.1729507475888209, -0.1533088582686235, -0.34592144041389433, False
2.0634991282786306, 3.94256807941926, -2.6566859286493765, 0.1729507475888209, -0.1533088582686235, -0.34592144041389433, False
1.0199912507953641, -5.051023457637299, 2.905416124370835, 0.1729507475888209, -0.1533088582686235, -0.34592144041389433, True
1.0379170850116068, 5.514727650156454, 1.2068226249887806, 0.1729507475888209, -0.1533088582686235, -0.34592144041389433, False
0.5218961675172835, -0.05741369640900196, -2.5150699567299126, 0.1729507475888209, -0.1533088582686235, -0.34592144041389433, False
0.750006575256676, -4.986400877011374, 0.8677744569551589, 0.1729507475888209, -0.1533088582686235, -0.34592144041389433, False
3.269080755718587, 2.798864716791547, -1.548193809196266, 0.1729507475888209, -0.1533088582686235, -0.34592144041389433, False
-5.657924270388867, 3.9874078791779404, -2.9193849376682977, 0.1729507475888209, -0.1533088582686235, -0.34592144041389433, True
5.103277356363286, -2.543828010288397, 0.627028569714613, 0.1729507475888209, -0.1533088582686235, -0.34592144041389433, False
-2.251191648396003, -5.534774526324507, 0.41423386771551973, 0.1729507475888209, -0.1533088582686235, -0.34592144041389433, False
-1.4602453398738113, -5.175862817137356, -1.0981508927998056, 0.1729507475888209, -0.1533088582686235, -0.34592144041389433, True
-3.8461215825862913, 4.615835987346967, 1.6012973415493734, 0.1729507475888209, -0.1533088582686235, -0.34592144041389433, False
-2.9662717890150714, 0.8891698061035509, 2.1151129082253872, 0.1729507475888209, -0.1533088582686235, -0.34592144041389433, True
-5.7045771305098985, 0.19394389178795368, -1.1022503978061557, 0.1729507475888209, -0.1533088582686235, -0.34592144041389433, False
4.409667283460394, -2.9880345784951796, -0.6887437774789409, 0.1729507475888209, -0.1533088582686235, -0.34592144041389433, False
-2.6264527003208875, -2.0511262623476076, -2.6182622342607456, 0.1729507475888209, -0.1533088582686235, -0.34592144041389433, False
4.279512587650576, -4.360869137783318, -2.922571124675567, 0.1729507475888209, -0.1533088582686235, -0.34592144041389433, True
-1.2518146120184541, 3.861706923290134, -2.4512127034107, 0.1729507475888209, -0.1533088582686235, -0.34592144041389433, False
-4.534505396303182, -4.370423930613381, -0.4155681305318968, 0.1729507475888209, -0.1533088582686235, -0.34592144041389433, False
-2.134041862705793, 1.1190003196121436, 0.2749233757317002, 0.1729507475888209, -0.1533088582686235, -0.34592144041389433, True
0.6039478351878671, -2.630317771395155, -0.8821287218752194, 0.1729507475888209, -0.1533088582686235, -0.34592144041389433, False
4.217735140162157, -4.375646957638799, 0.37666728511356196, 0.1729507475888209, -0.1533088582686235, -0.34592144041389433, False
-0.5639428028505167, 2.300909370195569, 3.051602372618315, 0.1729507475888209, -0.1533088582686235, -0.34592144041389433, True
-4.509613451993617, -5.955781800521181, -1.253023935951783, 0.1729507475888209, -0.1533088582686235, -0.34592144041389433, False
0.9000549828827547, 4.66841598629634, 1.5223459442084746, 0.1729507475888209, -0.1533088582686235, -0.34592144041389433, False
-4.397272774025955, 0.5854176014580164, -2.1238545564842326, 0.1729507475888209, -0.1533088582686235, -0.34592144041389433, False
5.419006885678435, -3.296160657456839, -1.0142345942646975, 0.1729507475888209, -0.1533088582686235, -0.34592144041389433, False
