-1.7202686337664312, -1.0763490252348857, 2.5856954368274074, -0.2174325693020961, -0.3561144514564597, 0.03168775658630196, False
-3.7308302415559798, -1.0899559626130193, 0.1503765295182049, -0.2174325693020961, -0.3561144514564597, 0.03168775658630196, False
0.3509039392400135, -3.3958298971263607, -2.6931032773533294, -0.2174325693020961, -0.3561144514564597, 0.03168775658630196, False
1.0859955588450276, 1.9119718960378478, 0.6701515648072132, -0.2174325693020961, -0.3561144514564597, 0.03168775658630196, False
3.465421447612254, 4.169199172049634, 0.5141293305308525, -0.2174325693020961, -0.3561144514564597, 0.03168775658630196, False
-1.0272748164229313, -0.27177070576618156, -0.5252439248506438, -0.2174325693020961, -0.3561144514564597, 0.03168775658630196, False
-3.6532717159763513, 1.3618631127389627, 0.1610326655029688, -0.2174325693020961, -0.3561144514564597, 0.03168775658630196, False
-4.785745180224334, 5.969803888807258, -2.1900922187649456, -0.2174325693020961, -0.3561144514564597, 0.03168775658630196, False
1.0954402581554508, 0.8110770375120477, -0.5010107089810085, -0.2174325693020961, -0.3561144514564597, 0.03168775658630196, False
-6.096792168285311, -3.695785936107013, -0.7717523086361346, -0.2174325693020961, -0.3561144514564597, 0.03168775658630196, False
-6.192884759797699, 2.903828443765587, -2.824873636852992, -0.2174325693020961, -0.3561144514564597, 0.03168775658630196, False
5.852786988241936, -4.4494106900067205, -2.2740238676213456, -0.2174325693020961, -0.3561144514564597, 0.03168775658630196, False
-3.813886464113426, 0.797119134996203, 1.0476954682529316, -0.2174325693020961, -0.3561144514564597, 0.03168775658630196, False
-5.917065673539718, 0.2441063564459931, -0.6266927216525535, -0.2174325693020961, -0.3561144514564597, 0.03168775658630196, False
-1.388413668612646, -0.13549049648232447, -2.0041493584180277, -0.2174325693020961, -0.3561144514564597, 0.03168775658630196, False
4.096234578254487, -4.994721904808564, 0.5697827062897622, -0.2174325693020961, -0.3561144514564597, 0.03168775658630196, False
4.483832692712014, 2.5352938247575256, 1.0279480767601683, -0.2174325693020961, -0.3561144514564597, 0.03168775658630196, False
2.061610024927024, -3.571444682535909, 2.0123708778039022, -0.2174325693020961, -0.3561144514564597, 0.03168775658630196, False
3.6728977683401816, -0.9332200612097372, 0.4026309343536769, -0.2174325693020961, -0.3561144514564597, 0.03168775658630196, False
1.2393378908305106, 5.141764331970242, 2.5230048838580554, -0.2174325693020961, -0.3561144514564597, 0.03168775658630196, False
-3.4720885598607, 4.386656614860584, -2.831644517375659, -0.2174325693020961, -0.3561144514564597, 0.03168775658630196, False
-1.2298543230160837, 5.044402462376885, 1.1260433195674961, -0.2174325693020961, -0.3561144514564597, 0.03168775658630196, False
0.7797637651464377, -3.275386485842982, -1.4568092853680819, -0.2174325693020961, -0.3561144514564597, 0.03168775658630196, True
-0.3294396683822205, 6.255210750108482, -0.9855544369730689, -0.2174325693020961, -0.3561144514564597, 0.03168775658630196, False
-0.6133305746435234, 2.3089620930422026, 0.5021037851398242, -0.2174325693020961, -0.3561144514564597, 0.03168775658630196, False
-3.121714120500973, 5.269446481057951, -2.080511959619372, -0.2174325693020961, -0.3561144514564597, 0.03168775658630196, False
-5.306368836010519, 1.4482924829904258, 0.22774096914329212, -0.2174325693020961, -0.3561144514564597, 0.03168775658630196, False
-3.8509112714515688, 0.18746204842276093, -2.475445018165156, -0.2174325693020961, -0.3561144514564597, 0.03168775658630196, False
-3.586071710300976, 0.8817169937476663, 1.2481137593283922, -0.2174325693020961, -0.3561144514564597, 0.03168775658630196, False
-2.4299788414313204, 6.057159703833742, -2.9117977766719454, -0.2174325693020961, -0.3561144514564597, 0.03168775658630196, True
0.08953989863098322, -1.6693633742789196, 3.117330827923725, -0.2174325693020961, -0.3561144514564597, 0.03168775658630196, True
-6.016579181966722, 4.78138775970651, 2.684129860743889, -0.2174325693020961, -0.3561144514564597, 0.03168775658630196, False
1.0372635480384407, 4.827761002093482, -1.425657564522599, -0.2174325693020961, -0.3561144514564597, 0.03168775658630196, False
-1.8247028914598111, -5.562944375517294, -2.888567255079823, -0.2174325693020961, -0.3561144514564597, 0.03168775658630196, True
0.18725992064516905, -3.9950590859222883, 2.6509684233985595, -0.2174325693020961, -0.3561144514564597, 0.03168775658630196, False
-5.180144786845908, -5.57149325086268, -0.20695978519347813, -0.2174325693020961, -0.3561144514564597, 0.03168775658630196, False
5.873186371040198, 1.760270469212383, -0.732570997465908, -0.2174325693020961, -0.3561144514564597, 0.03168775658630196, False
-2.773492347595526, 5.835531696546957, 2.6885409774064453, -0.2174325693020961, -0.3561144514564597, 0.03168775658630196, False
0.8638646855987586, 1.1060029429304938, -2.003046796797531, -0.2174325693020961, -0.3561144514564597, 0.03168775658630196, False
-2.1443906281976366, 4.284400889702704, 1.8833472959967965, -0.2174325693020961, -0.3561144514564597, 0.03168775658630196, False
4.7048300316279725, 1.9276620305177872, 2.081165009539677, -0.2174325693020961, -0.3561144514564597, 0.03168775658630196, False
-4.438571753121282, 1.7772490036948696, -1.947292670754575, -0.2174325693020961, -0.3561144514564597, 0.03168775658630196, False
-4.419251514662051, -5.073921632232437, -2.6075040850394506, -0.2174325693020961, -0.3561144514564597, 0.03168775658630196, False
-1.2154414000811897, -4.877398869337899, -1.4610970258500178, -0.2174325693020961, -0.3561144514564597, 0.03168775658630196, False
3.892386318099076, 2.2497647316913287, -0.8541183355547566, -0.2174325693020961, -0.3561144514564597, 0.03168775658630196, False
-5.843287286153943, 3.830032380302157, -0.2673050442647149, -0.2174325693020961, -0.3561144514564597, 0.03168775658630196, False
4.1021010088930066, -1.2208342978317246, 2.240288155434259, -0.2174325693020961, -0.3561144514564597, 0.03168775658630196, False
1.164568464139963, 0.031241179065977676, -1.9873709927531937, -0.2174325693020961, -0.3561144514564597, 0.03168775658630196, False
3.145473697270983, 4.759117924527722, -1.2954811677479505, -0.2174325693020961, -0.3561144514564597, 0.03168775658630196, False
3.897714471925111, -2.860087891517974, -2.5890954570858633, -0.2174325693020961, -0.3561144514564597, 0.03168775658630196, False
-4.890547775692091, 4.999912760671091, 2.186855736091199, -0.2174325693020961, -0.3561144514564597, 0.03168775658630196, False
4.1393776077685445, -3.0476505703806267, -1.4227327747453251, -0.2174325693020961, -0.3561144514564597, 0.03168775658630196, False
-1.1871226672001978, -1.3099148949702757, -0.42354624445970046, -0.2174325693020961, -0.3561144514564597, 0.03168775658630196, False
-5.546651187758829, -2.6531924438196497, 2.248587154522866, -0.2174325693020961, -0.3561144514564597, 0.03168775658630196, False
-3.0809973645391824, 5.4349831637677255, -0.2850832948765709, -0.2174325693020961, -0.3561144514564597, 0.03168775658630196, False
-3.118187379398078, -3.120928983614168, 2.788895926386992, -0.2174325693020961, -0.3561144514564597, 0.03168775658630196, False
2.3745242488845832, -4.902431837700606, 2.5368672568939585, -0.2174325693020961, -0.3561144514564597, 0.03168775658630196, False
-3.3545264898952154, 0.9522742209677268, 1.0811635485567228, -0.2174325693020961, -0.3561144514564597, 0.03168775658630196, False
0.541906926013894, -5.702580777975983, -0.6967334318547524, -0.2174325693020961, -0.3561144514564597, 0.03168775658630196, False
-0.7700849467895479, -1.3703728217929845, -1.0332152024181358, -0.2174325693020961, -0.3561144514564597, 0.03168775658630196, False
3.5167029744913076, -3.237897885072661, 0.46833349844784067, -0.2174325693020961, -0.3561144514564597, 0.03168775658630196, False
0.5588449334652363, -5.058713070406445, 1.6884283996713956, -0.2174325693020961, -0.3561144514564597, 0.03168775658630196, False
5.734068946361047, 4.982132357929514, 0.9489375988443154, -0.2174325693020961, -0.3561144514564597, 0.03168775658630196, False
-3.8976019779819744, 5.255144437139709, -1.2451613448789447, -0.2174325693020961, -0.3561144514564597, 0.03168775658630196, False
-2.3435964230339836, -3.6407809015170662, -1.1142748578887365, -0.2174325693020961, -0.3561144514564597, 0.03168775658630196, False
2.9291182411327767, -4.177200088527564, 0.36044131424972425, -0.2174325693020961, -0.3561144514564597, 0.03168775658630196, False
2.536646951973257, -2.673396120662976, -1.2319933577284274, -0.2174325693020961, -0.3561144514564597, 0.03168775658630196, False
5.837354036678423, -5.936784373402696, -1.310799759719844, -0.2174325693020961, -0.3561144514564597, 0.03168775658630196, False
-0.8600130245707733, 3.8455934581686186, 2.717359029248377, -0.2174325693020961, -0.3561144514564597, 0.03168775658630196, False
-0.4448348378403475, 3.0479245425062533, -3.135302936134061, -0.2174325693020961, -0.3561144514564597, 0.03168775658630196, True
-3.385907442574116, -1.7533686401715016, -1.7010398254855754, -0.2174325693020961, -0.3561144514564597, 0.03168775658630196, False
-1.0107180029888525, -4.424157305187741, 0.41756295114588227, -0.2174325693020961, -0.3561144514564597, 0.03168775658630196, False
2.3636310164395233, 0.7472255861396988, 2.5421759496093195, -0.2174325693020961, -0.3561144514564597, 0.03168775658630196, False
2.026022047825345, 6.052992377616036, 0.9921872521538839, -0.2174325693020961, -0.3561144514564597, 0.03168775658630196, False
1.5901369198147615, 1.8399010179737996, -2.6526982834257327, -0.2174325693020961, -0.3561144514564597, 0.03168775658630196, False
0.7401104521275101, 3.2853517914701573, 0.253249724613708, -0.2174325693020961, -0.3561144514564597, 0.03168775658630196, True
-4.96126389277522, 1.390763423545983, 2.310082683478467, -0.2174325693020961, -0.3561144514564597, 0.03168775658630196, False
4.0995748434039445, 0.4567510012199003, 2.7664095188722104, -0.2174325693020961, -0.3561144514564597, 0.03168775658630196, True
2.2050448121168262, 0.31489005134908954, 2.457363976505129, -0.2174325693020961, -0.3561144514564597, 0.03168775658630196, False
6.114447778886145, 4.6384367679158895, -2.3133606172681813, -0.2174325693020961, -0.3561144514564597, 0.03168775658630196, False
-0.9581196686769413, -5.8908671762441, -0.048596464653213545, -0.2174325693020961, -0.3561144514564597, 0.03168775658630196, False
-0.5391669237564507, 1.4326605090181381, -2.6241679374057822, -0.2174325693020961, -0.3561144514564597, 0.03168775658630196, False
-3.7798959984206464, -3.9356199357475745, -0.8146077704521928, -0.2174325693020961, -0.3561144514564597, 0.03168775658630196, False
-2.375488850994385, -4.9825347465310585, 0.21713131852505363, -0.2174325693020961, -0.3561144514564597, 0.03168775658630196, False
-5.862592371666745, -5.054214955979704, -3.11441838576991, -0.2174325693020961, -0.3561144514564597, 0.03168775658630196, True
0.29567193807292824, 1.3875168746554527, 0.9655969095247352, -0.2174325693020961, -0.3561144514564597, 0.03168775658630196, False
-4.442668942220949, 1.4759359487644286, 0.21847331075066023, -0.2174325693020961, -0.3561144514564597, 0.03168775658630196, False
-3.8372901807176607, 2.3701177502656634, 1.0646667684614979, -0.2174325693020961, -0.3561144514564597, 0.03168775658630196, False
5.173279732189121, -1.0919658110552977, 0.8233333350963199, -0.2174325693020961, -0.3561144514564597, 0.03168775658630196, False
3.2081778918724417, 0.49217411222916496, 1.7589429364730274, -0.2174325693020961, -0.3561144514564597, 0.03168775658630196, False
4.952531333224433, 2.164438777789977, -2.641480858938407, -0.2174325693020961, -0.3561144514564597, 0.03168775658630196, False
-6.171225460367503, 0.8091593469930931, 2.6230891963496212, -0.2174325693020961, -0.3561144514564597, 0.03168775658630196, False
-2.94651477336094, -2.8170299225376874, -1.9990809097598103, -0.2174325693020961, -0.3561144514564597, 0.03168775658630196, False
0.4160609086607394, 1.6763322748352358, 1.035565670874349, -0.2174325693020961, -0.3561144514564597, 0.03168775658630196, False
-0.008395232975219713, -2.821096391346681, 2.40270290260451, -0.2174325693020961, -0.3561144514564597, 0.03168775658630196, False
3.811881905447372, 2.4913947785853665, 0.037597407525534976, -0.2174325693020961, -0.3561144514564597, 0.03168775658630196, False
-1.6012447883479757, 2.929930132429977, -0.1537859118716347, -0.2174325693020961, -0.3561144514564597, 0.03168775658630196, False
3.809961323356209, 3.209121052406722, 1.84128665133324, -0.2174325693020961, -0.3561144514564597, 0.03168775658630196, False
2.073595430794347, -0.2365160854442978, -0.4465862848012305, -0.2174325693020961, -0.3561144514564597, 0.03168775658630196, False
0.4816446784950763, -0.12620237435294346, 1.4377459745138292, -0.2174325693020961, -0.3561144514564597, 0.03168775658630196, False
