2.074780311828805, -3.3935472053979816, 0.9291435024206036, 0.37915457078538484, -0.004100868543463365, 0.2383099568005, True
2.2100131093688464, 2.3488532173408103, 2.9430973246702683, 0.37915457078538484, -0.004100868543463365, 0.2383099568005, True
0.5078858697150013, 5.179041645391129, -1.5468605032597194, 0.37915457078538484, -0.004100868543463365, 0.2383099568005, False
1.187702972925937, 2.07779130883557, -0.24901914061713937, 0.37915457078538484, -0.004100868543463365, 0.2383099568005, True
-3.706717569255276, -4.15024112104299, -1.1646801633591841, 0.37915457078538484, -0.004100868543463365, 0.2383099568005, True
-4.48088395404716, 1.081825985112931, -1.185513151867469, 0.37915457078538484, -0.004100868543463365, 0.2383099568005, True
3.538716258530469, 5.5211592685475726, -0.15357357665275284, 0.37915457078538484, -0.004100868543463365, 0.2383099568005, False
2.6756027066069823, -0.6455516935773575, 1.141747109265281, 0.37915457078538484, -0.004100868543463365, 0.2383099568005, False
-1.57914853782545, -1.594829507953066, 0.3395100236650208, 0.37915457078538484, -0.004100868543463365, 0.2383099568005, False
3.6846706323740825, 0.1809699822109243, 2.7004974201761875, 0.37915457078538484, -0.004100868543463365, 0.2383099568005, True
-6.044725515703591, -2.39299288028312, 0.6624841679388465, 0.37915457078538484, -0.004100868543463365, 0.2383099568005, False
5.571397723055307, 0.42384361164430473, -0.30334264460952065, 0.37915457078538484, -0.004100868543463365, 0.2383099568005, True
6.056895305347737, -4.741137156241557, 2.1569817692394446, 0.37915457078538484, -0.004100868543463365, 0.2383099568005, True
-1.6014673899538243, -3.394472238215157, 1.3562862067761499, 0.37915457078538484, -0.004100868543463365, 0.2383099568005, True
2.5151884183616335, 3.554997325111339, -0.4379284372361094, 0.37915457078538484, -0.004100868543463365, 0.2383099568005, False
-2.407700308149022, -1.2873986279781677, 0.053077846560837916, 0.37915457078538484, -0.004100868543463365, 0.2383099568005, False
-3.915109584849295, 2.1831252427469217, 1.5043033403534576, 0.37915457078538484, -0.004100868543463365, 0.2383099568005, True
1.2721546117300724, 2.9004981729283354, 2.983642686947901, 0.37915457078538484, -0.004100868543463365, 0.2383099568005, True
-4.875721152875493, 1.6525602675606095, -0.36436974314693416, 0.37915457078538484, -0.004100868543463365, 0.2383099568005, True
-2.711702093072558, -0.3418530474589474, 3.0834514531529367, 0.37915457078538484, -0.004100868543463365, 0.2383099568005, True
5.526348530821878, -1.0678505077296192, -2.1217788603712218, 0.37915457078538484, -0.004100868543463365, 0.2383099568005, False
5.552730026946701, 3.325572017324051, 0.8836311429486203, 0.37915457078538484, -0.004100868543463365, 0.2383099568005, False
3.709639272604953, 3.7762911030213147, -2.8873499260673094, 0.37915457078538484, -0.004100868543463365, 0.2383099568005, True
3.6657869306111284, -1.998456677994005, 2.3352478395284333, 0.37915457078538484, -0.004100868543463365, 0.2383099568005, False
1.8901876120181669, 2.220759778423444, 0.837682676093336, 0.37915457078538484, -0.004100868543463365, 0.2383099568005, True
-1.7619524252586505, -5.094495132873879, -0.3090986660794859, 0.37915457078538484, -0.004100868543463365, 0.2383099568005, True
6.0558187887076596, 0.3682591258402894, -2.748274464517637, 0.37915457078538484, -0.004100868543463365, 0.2383099568005, True
-1.438680846739934, -0.14394335457752927, -0.2320907526042335, 0.37915457078538484, -0.004100868543463365, 0.2383099568005, False
-2.3710553963470273, 6.0826428525553595, -1.4304990908709945, 0.37915457078538484, -0.004100868543463365, 0.2383099568005, False
-3.494705033315383, 2.805422809471425, -1.020993905508036, 0.37915457078538484, -0.004100868543463365, 0.2383099568005, True
-1.4238674420457391, -5.761471304588829, -2.1757816448125906, 0.37915457078538484, -0.004100868543463365, 0.2383099568005, True
2.4192653000774005, 0.8007037279602356, -0.30893980740327587, 0.37915457078538484, -0.004100868543463365, 0.2383099568005, True
4.561605936565222, 3.031323810367912, -0.4917056935069186, 0.37915457078538484, -0.004100868543463365, 0.2383099568005, True
0.7760307505115156, -1.8284759516976337, -2.102171719988961, 0.37915457078538484, -0.004100868543463365, 0.2383099568005, False
4.54560236876466, 0.8474156850525443, -0.553999170891724, 0.37915457078538484, -0.004100868543463365, 0.2383099568005, True
2.0248351593046667, 1.0544350113447338, -1.031965976810961, 0.37915457078538484, -0.004100868543463365, 0.2383099568005, True
-5.7541192964989865, 0.21591743687190412, 1.6248272420331888, 0.37915457078538484, -0.004100868543463365, 0.2383099568005, True
2.2438272185215844, 5.610126819979838, 1.866753644755601, 0.37915457078538484, -0.004100868543463365, 0.2383099568005, True
1.347131277744202, 3.697605068466512, -1.6566288447240471, 0.37915457078538484, -0.004100868543463365, 0.2383099568005, True
2.792486295461396, 6.091387729351055, -0.16046465264010124, 0.37915457078538484, -0.004100868543463365, 0.2383099568005, False
3.544526119583951, -0.15613076897935496, -0.37377253274898115, 0.37915457078538484, -0.004100868543463365, 0.2383099568005, False
-2.744757360717485, 4.705980620867614, 2.82660047950335, 0.37915457078538484, -0.004100868543463365, 0.2383099568005, False
1.592243440808593, 2.199394062627018, 0.11815119377817629, 0.37915457078538484, -0.004100868543463365, 0.2383099568005, True
-5.34848991303934, 3.024709700886527, -0.9272899636278376, 0.37915457078538484, -0.004100868543463365, 0.2383099568005, True
-3.536098886130942, 4.4794270710509565, -2.1124317088218794, 0.37915457078538484, -0.004100868543463365, 0.2383099568005, True
3.14522735247731, -0.6147102093139756, -1.752359452394149, 0.37915457078538484, -0.004100868543463365, 0.2383099568005, False
-6.279593011214106, -3.526066658201451, -0.8357539872228337, 0.37915457078538484, -0.004100868543463365, 0.2383099568005, True
-3.41900871845669, -1.6938794466276663, 2.181983177948741, 0.37915457078538484, -0.004100868543463365, 0.2383099568005, False
6.2219323714021755, -2.095190587869248, 0.15390220163030754, 0.37915457078538484, -0.004100868543463365, 0.2383099568005, False
2.065434936222317, 4.455074360412306, -0.7763288780083895, 0.37915457078538484, -0.004100868543463365, 0.2383099568005, False
-4.92977814911117, 4.6744845797329635, -0.3685852110353487, 0.37915457078538484, -0.004100868543463365, 0.2383099568005, False
-0.20153303592606697, -0.6232918874800504, 0.6847046992229382, 0.37915457078538484, -0.004100868543463365, 0.2383099568005, True
-3.6696413544192605, 1.455092601608312, -2.424059069369958, 0.37915457078538484, -0.004100868543463365, 0.2383099568005, True
-0.010702674988674055, -4.100033038130288, 2.9755445099550784, 0.37915457078538484, -0.004100868543463365, 0.2383099568005, True
1.6122528789028259, -2.1722413947797783, -0.01798721726275554, 0.37915457078538484, -0.004100868543463365, 0.2383099568005, False
-6.000664354076754, 1.5802039500424314, 2.637214407615499, 0.37915457078538484, -0.004100868543463365, 0.2383099568005, True
5.695784681325584, -5.931087848256155, 0.7214577988575623, 0.37915457078538484, -0.004100868543463365, 0.2383099568005, True
-3.770339331765692, 2.613897389565617, -2.7938947629404076, 0.37915457078538484, -0.004100868543463365, 0.2383099568005, True
-4.155936294744059, 2.8911211901227425, 0.9707385417043906, 0.37915457078538484, -0.004100868543463365, 0.2383099568005, True
-5.71543509189452, 3.1450061785125207, 2.5525316307316004, 0.37915457078538484, -0.004100868543463365, 0.2383099568005, False
2.9092884022292402, -0.6782100937159674, 0.6583846971831626, 0.37915457078538484, -0.004100868543463365, 0.2383099568005, False
0.575261606039077, 4.609588758463422, 2.105601155106439, 0.37915457078538484, -0.004100868543463365, 0.2383099568005, False
5.654633773983447, -2.9794127062657254, 2.727793777139939, 0.37915457078538484, -0.004100868543463365, 0.2383099568005, False
-3.4472544619032433, 3.991703083835235, -1.2539822402007106, 0.37915457078538484, -0.004100868543463365, 0.2383099568005, True
3.8942028301186795, -6.069146890272026, -0.6545319705031001, 0.37915457078538484, -0.004100868543463365, 0.2383099568005, True
-4.4079151493156745, 6.055496186115047, 2.619658104849771, 0.37915457078538484, -0.004100868543463365, 0.2383099568005, True
-5.733417471334381, 0.8876800040905035, -2.834622998680888, 0.37915457078538484, -0.004100868543463365, 0.2383099568005, True
4.283347865324082, 5.363346820286623, 2.8274915728922707, 0.37915457078538484, -0.004100868543463365, 0.2383099568005, False
-2.062776301684184, -0.23627377211616807, -0.8395376190592931, 0.37915457078538484, -0.004100868543463365, 0.2383099568005, False
-4.741131967913679, 5.137469190640674, -2.055476251789287, 0.37915457078538484, -0.004100868543463365, 0.2383099568005, False
1.1176612735938223, 0.5082163447807426, 1.8513632187256013, 0.37915457078538484, -0.004100868543463365, 0.2383099568005, True
-1.293922924161902, 2.274907413100273, -2.702969219399371, 0.37915457078538484, -0.004100868543463365, 0.2383099568005, True
2.368007083592598, 0.28186304447330013, 2.8587489400484776, 0.37915457078538484, -0.004100868543463365, 0.2383099568005, True
5.282465552585947, -0.3907440011396428, -1.1275454685777073, 0.37915457078538484, -0.004100868543463365, 0.2383099568005, True
-5.859844347600905, 4.71169629139766, -0.08239346946465353, 0.37915457078538484, -0.004100868543463365, 0.2383099568005, False
5.358280266214763, 2.7185102376723105, -2.1732210818507918, 0.37915457078538484, -0.004100868543463365, 0.2383099568005, True
2.6295368624120865, -2.0731651583817508, -1.775829439587402, 0.37915457078538484, -0.004100868543463365, 0.2383099568005, False
2.3408846580209115, -2.1561410234873755, -1.8498597205296348, 0.37915457078538484, -0.004100868543463365, 0.2383099568005, False
-3.7334635108806764, 2.055748992768901, -3.046242847480772, 0.37915457078538484, -0.004100868543463365, 0.2383099568005, True
-3.2396814060274757, 6.1992789679371665, 0.18549389372678693, 0.37915457078538484, -0.004100868543463365, 0.2383099568005, False
-4.66186443753466, 0.9595463347712592, 1.4284796521084937, 0.37915457078538484, -0.004100868543463365, 0.2383099568005, True
-1.7762249966966452, -2.703656544077462, -0.09093493545622655, 0.37915457078538484, -0.004100868543463365, 0.2383099568005, False
-3.2637654497780555, -1.9592119442812557, -1.235453044487963, 0.37915457078538484, -0.004100868543463365, 0.2383099568005, False
-2.8360830308851357, 5.153762433370266, -2.797465719766869, 0.37915457078538484, -0.004100868543463365, 0.2383099568005, False
4.38058880806858, -6.1989964092071785, -2.346390511861876, 0.37915457078538484, -0.004100868543463365, 0.2383099568005, False
5.361455533661328, 3.057687568541411, 0.1438016429282878, 0.37915457078538484, -0.004100868543463365, 0.2383099568005, False
-4.865497497544181, -0.2886498919995564, 0.44057959658487533, 0.37915457078538484, -0.004100868543463365, 0.2383099568005, False
-2.255357034024022, 1.2332876290956714, 0.5714000632501071, 0.37915457078538484, -0.004100868543463365, 0.2383099568005, True
-0.8641949738737722, 3.2416458025835926, 0.8132871435899593, 0.37915457078538484, -0.004100868543463365, 0.2383099568005, False
-4.368161722541856, 3.6078268685123547, -0.4690554119409276, 0.37915457078538484, -0.004100868543463365, 0.2383099568005, False
4.041433783433433, -0.638969428214601, 2.7654371134479296, 0.37915457078538484, -0.004100868543463365, 0.2383099568005, True
3.264974270757982, -3.9640867082379354, -1.9694706248716112, 0.37915457078538484, -0.004100868543463365, 0.2383099568005, True
0.026181615970814143, 5.220754920992791, -0.7933267706113973, 0.37915457078538484, -0.004100868543463365, 0.2383099568005, False
6.163256562273389, 3.700032501536075, 2.109242828627644, 0.37915457078538484, -0.004100868543463365, 0.2383099568005, False
0.06762181676537615, 2.1692127377551333, 1.1553288065581881, 0.37915457078538484, -0.004100868543463365, 0.2383099568005, True
4.894712064679936, 0.6128093448526091, 2.8920656991469773, 0.37915457078538484, -0.004100868543463365, 0.2383099568005, True
3.937566362351278, 2.186564077923016, -2.892877741372377, 0.37915457078538484, -0.004100868543463365, 0.2383099568005, True
2.1042486102656817, 3.055184319658885, 0.983797795660867, 0.37915457078538484, -0.004100868543463365, 0.2383099568005, False
5.449801519475333, 5.753450216683868, -2.228773743609509, 0.37915457078538484, -0.004100868543463365, 0.2383099568005, True
2.3866064800397115, 2.183527325634399, -2.2833680443384483, 0.37915457078538484, -0.004100868543463365, 0.2383099568005, True
-0.17456185431634186, -3.413892239932868, -2.218068892033837, 0.37915457078538484, -0.004100868543463365, 0.2383099568005, True
6.155376453854215, -2.6898163576792626, 1.032232239521754, 0.37915457078538484, -0.004100868543463365, 0.2383099568005, False
2.147377902290124, -4.93464656781311, 1.0937867718014802, 0.37915457078538484, -0.004100868543463365, 0.2383099568005, True
-3.2557360580958394, -2.02500342217994, 1.0115655617735735, 0.37915457078538484, -0.004100868543463365, 0.2383099568005, False
-4.7551538666889686, 1.1114383247564792, 2.931862131023852, 0.37915457078538484, -0.004100868543463365, 0.2383099568005, True
2.156568344836785, -5.407986597346538, 2.4589613849699017, 0.37915457078538484, -0.004100868543463365, 0.2383099568005, True
-4.513099216626302, 5.387727417494828, -1.3193274778566504, 0.37915457078538484, -0.004100868543463365, 0.2383099568005, False
-3.059172908456144, -4.3567788728415575, -1.3120647010712492, 0.37915457078538484, -0.004100868543463365, 0.2383099568005, True
4.070705853414276, 3.3977988342497714, -0.4996655583337586, 0.37915457078538484, -0.004100868543463365, 0.2383099568005, True
4.5685818468576525, 3.3077531115797463, 0.06587097510079332, 0.37915457078538484, -0.004100868543463365, 0.2383099568005, False
-1.249733790069521, -5.414843799161205, -2.3159972878406268, 0.37915457078538484, -0.004100868543463365, 0.2383099568005, True
1.0402445803081877, -3.4073588715228578, -1.696949531368519, 0.37915457078538484, -0.004100868543463365, 0.2383099568005, True
-1.833442828297498, 0.5641157229614455, -1.571399123366513, 0.37915457078538484, -0.004100868543463365, 0.2383099568005, True
-0.5441061951551571, 0.5206452105830532, -1.8457324508610025, 0.37915457078538484, -0.004100868543463365, 0.2383099568005, True
5.232360926192705, -1.030778437603697, -2.4942345415409495, 0.37915457078538484, -0.004100868543463365, 0.2383099568005, False
5.779331877935482, -2.1052058950643415, -0.9008727701914894, 0.37915457078538484, -0.004100868543463365, 0.2383099568005, False
-2.5121835857067722, 5.517913654553487, 2.948599295666998, 0.37915457078538484, -0.004100868543463365, 0.2383099568005, True
3.3046194486524545, 4.147894746895325, 1.4768408818586511, 0.37915457078538484, -0.004100868543463365, 0.2383099568005, False
-0.4740537171081005, -5.679373732255847, 0.9789822552089378, 0.37915457078538484, -0.004100868543463365, 0.2383099568005, True
-0.8064452220229397, -1.0593111756235167, 1.8603667267029627, 0.37915457078538484, -0.004100868543463365, 0.2383099568005, False
5.737598598630557, -3.025411282614983, 1.2747068207469434, 0.37915457078538484, -0.004100868543463365, 0.2383099568005, False
6.186953302852935, -3.2209302352237894, -1.94570406052423, 0.37915457078538484, -0.004100868543463365, 0.2383099568005, True
1.0903611290002093, -1.517544212337838, 2.0063089476568576, 0.37915457078538484, -0.004100868543463365, 0.2383099568005, False
4.130592475013135, -2.277316493166694, 0.4157394935655323, 0.37915457078538484, -0.004100868543463365, 0.2383099568005, True
0.1870383712993977, -0.11661988070245499, 2.6204728224335243, 0.37915457078538484, -0.004100868543463365, 0.2383099568005, True
0.23606543931215462, 2.4715642367591855, 1.5223357704852543, 0.37915457078538484, -0.004100868543463365, 0.2383099568005, True
-4.766599617060301, 1.3043515056319421, -2.641060662453032, 0.37915457078538484, -0.004100868543463365, 0.2383099568005, True
-1.666860731936473, -3.424153630491789, 3.018408888385639, 0.37915457078538484, -0.004100868543463365, 0.2383099568005, True
2.744554051842746, 4.040397423215904, -1.3022718254800307, 0.37915457078538484, -0.004100868543463365, 0.2383099568005, False
-4.3300497575267665, 0.276677390355073, -0.36105102460240435, 0.37915457078538484, -0.004100868543463365, 0.2383099568005, True
-5.955254095332416, -2.0642156649891428, 0.42629583355564327, 0.37915457078538484, -0.004100868543463365, 0.2383099568005, False
-6.268103917444489, 3.4569235194677415, -1.4885792926000085, 0.37915457078538484, -0.004100868543463365, 0.2383099568005, True
-1.0235897241174197, -1.6708459755867375, 1.2089817874125615, 0.37915457078538484, -0.004100868543463365, 0.2383099568005, False
-0.05336660008476635, -1.7817899562719486, -1.4847057431160533, 0.37915457078538484, -0.004100868543463365, 0.2383099568005, False
-6.182697052944508, 3.8555303477341845, 1.2013808100279535, 0.37915457078538484, -0.004100868543463365, 0.2383099568005, False
-4.2730600255912865, 1.7268269731781167, 1.9035876096023925, 0.37915457078538484, -0.004100868543463365, 0.2383099568005, True
-3.467467400346475, -2.3186386601989684, 2.165143290482974, 0.37915457078538484, -0.004100868543463365, 0.2383099568005, False
-1.0228680082389436, 4.579943422594011, 1.3492953704948345, 0.37915457078538484, -0.004100868543463365, 0.2383099568005, False
-2.877489323984084, -5.666742670618647, 2.0317608210227354, 0.37915457078538484, -0.004100868543463365, 0.2383099568005, True
0.5673583502620438, 3.7947533445797355, 2.855252636838098, 0.37915457078538484, -0.004100868543463365, 0.2383099568005, False
2.7821144972139553, -2.7571469961746384, -3.127497136827541, 0.37915457078538484, -0.004100868543463365, 0.2383099568005, True
3.384617720412864, 5.332047884613949, -2.8847585892319967, 0.37915457078538484, -0.004100868543463365, 0.2383099568005, True
6.132103675762966, -0.4763007085962956, -1.5223632395818942, 0.37915457078538484, -0.004100868543463365, 0.2383099568005, True
1.932907440069462, -3.232514771467815, 1.4358834052762033, 0.37915457078538484, -0.004100868543463365, 0.2383099568005, False
-4.076765622212243, 4.083138864808797, 1.9232580752601294, 0.37915457078538484, -0.004100868543463365, 0.2383099568005, False
-3.6176793189754406, 4.790798788831342, 1.1656617247918977, 0.37915457078538484, -0.004100868543463365, 0.2383099568005, False
2.2152384203773927, -5.798756027147344, 0.9675371599614087, 0.37915457078538484, -0.004100868543463365, 0.2383099568005, True
-2.6981102568065243, 1.3022901425694755, -2.6412662313740136, 0.37915457078538484, -0.004100868543463365, 0.2383099568005, True
4.070855157652366, -4.109718964294492, -2.4950416342942594, 0.37915457078538484, -0.004100868543463365, 0.2383099568005, True
-5.545221217432722, 0.763247815230768, -0.8449080355349192, 0.37915457078538484, -0.004100868543463365, 0.2383099568005, True
0.739571266466303, -3.431458809074355, -0.6213013773936118, 0.37915457078538484, -0.004100868543463365, 0.2383099568005, True
5.17005206306535, -3.023486220689709, -1.7694571376753663, 0.37915457078538484, -0.004100868543463365, 0.2383099568005, True
-3.377059816835434, 1.813984864954806, -2.4306306763042214, 0.37915457078538484, -0.004100868543463365, 0.2383099568005, True
0.3251638131153616, -0.018255515892729335, 0.06708524737727473, 0.37915457078538484, -0.004100868543463365, 0.2383099568005, False
0.6743086084494401, 3.7292943046282865, -0.6570414209253781, 0.37915457078538484, -0.004100868543463365, 0.2383099568005, False
-1.6975536154252815, 0.9362189725763645, 2.4445878522355047, 0.37915457078538484, -0.004100868543463365, 0.2383099568005, True
-3.776296088765907, -5.545409409012274, 0.28563676021310513, 0.37915457078538484, -0.004100868543463365, 0.2383099568005, True
0.39397164530561923, -0.4171758117450661, -0.596053224572616, 0.37915457078538484, -0.004100868543463365, 0.2383099568005, False
-0.908717038083811, -2.8594661291944923, -1.216211184166973, 0.37915457078538484, -0.004100868543463365, 0.2383099568005, True
-1.2314373113491417, -0.4589585417181947, 2.027329980619405, 0.37915457078538484, -0.004100868543463365, 0.2383099568005, True
-1.0865794838676308, -5.161189690370332, 1.807376151234311, 0.37915457078538484, -0.004100868543463365, 0.2383099568005, True
-6.234566051658082, -2.1236899451565856, -1.8765369671384382, 0.37915457078538484, -0.004100868543463365, 0.2383099568005, False
2.448734597733429, -0.3814341178364833, 0.4383890125573, 0.37915457078538484, -0.004100868543463365, 0.2383099568005, False
-0.19184926390472423, 2.6272979605100115, -1.2247571670199562, 0.37915457078538484, -0.004100868543463365, 0.2383099568005, True
6.074338768376185, 1.4318482115847733, -1.040853519358063, 0.37915457078538484, -0.004100868543463365, 0.2383099568005, True
4.635742941619595, 2.7326778881773706, -0.36436162111432413, 0.37915457078538484, -0.004100868543463365, 0.2383099568005, True
2.150706299546364, 2.553658064588701, -3.0389990497215633, 0.37915457078538484, -0.004100868543463365, 0.2383099568005, True
-0.5877834941055768, 0.7469488416134471, -2.8658178670442216, 0.37915457078538484, -0.004100868543463365, 0.2383099568005, True
6.1160850499004145, -1.1626059035038177, 0.8336759150434663, 0.37915457078538484, -0.004100868543463365, 0.2383099568005, False
-5.8992566314191555, -5.53228613392116, 2.458279824511509, 0.37915457078538484, -0.004100868543463365, 0.2383099568005, True
-6.153592020247922, -2.602352170797676, -2.9590975980924257, 0.37915457078538484, -0.004100868543463365, 0.2383099568005, True
-5.634113953409009, -2.4167328647001955, -1.8791419852127738, 0.37915457078538484, -0.004100868543463365, 0.2383099568005, True
-1.7479487958651783, -1.8369225619024672, -2.1062655052383006, 0.37915457078538484, -0.004100868543463365, 0.2383099568005, False
-0.4434834064843418, -4.58361545911813, -1.2818314131145956, 0.37915457078538484, -0.004100868543463365, 0.2383099568005, True
4.889725360864849, 0.11681049963504186, 0.10962628835363164, 0.37915457078538484, -0.004100868543463365, 0.2383099568005, True
-3.5104026539412705, -0.650567990725099, 1.0394909050889165, 0.37915457078538484, -0.004100868543463365, 0.2383099568005, False
3.892608618821443, 3.015921500538722, -0.7367443647939691, 0.37915457078538484, -0.004100868543463365, 0.2383099568005, True
-1.8446120371075745, 5.228065132417404, 0.25435564231848806, 0.37915457078538484, -0.004100868543463365, 0.2383099568005, False
1.431764098902975, -5.986489954981468, 0.6080904071693438, 0.37915457078538484, -0.004100868543463365, 0.2383099568005, True
-4.357408759017523, 6.030705893715629, -1.1120823891099803, 0.37915457078538484, -0.004100868543463365, 0.2383099568005, False
0.29909294614757354, -1.7208020202105327, 0.5385946161276638, 0.37915457078538484, -0.004100868543463365, 0.2383099568005, False
-0.9724385827866824, 1.4798586239381688, 0.3363222836200017, 0.37915457078538484, -0.004100868543463365, 0.2383099568005, True
-3.487975259505572, -5.034975299854029, -2.469915766422454, 0.37915457078538484, -0.004100868543463365, 0.2383099568005, True
-3.8828020404113315, -0.02002999181119236, -1.2765260372881164, 0.37915457078538484, -0.004100868543463365, 0.2383099568005, False
-3.0505366276051413, 3.8847158817242757, -0.7406252070694426, 0.37915457078538484, -0.004100868543463365, 0.2383099568005, True
4.5487549790006305, 0.4464514048281787, -2.9212369490433723, 0.37915457078538484, -0.004100868543463365, 0.2383099568005, True
-2.639434065270426, 5.037772856515069, 2.400304139097985, 0.37915457078538484, -0.004100868543463365, 0.2383099568005, False
4.937438037489146, -4.247249497183741, -0.6862199222479455, 0.37915457078538484, -0.004100868543463365, 0.2383099568005, True
3.8594855740361353, -5.14566461067025, -0.9387248921770821, 0.37915457078538484, -0.004100868543463365, 0.2383099568005, True
-2.07639904773212, 1.8709374575490791, -2.4713947640171208, 0.37915457078538484, -0.004100868543463365, 0.2383099568005, True
1.4456500850203629, 0.7254845788871034, -0.13657663819676857, 0.37915457078538484, -0.004100868543463365, 0.2383099568005, True
5.1509198949491175, 2.7747334731931588, -1.4313743093475872, 0.37915457078538484, -0.004100868543463365, 0.2383099568005, True
0.4702580722927987, -4.767564096517359, 1.9036870223716615, 0.37915457078538484, -0.004100868543463365, 0.2383099568005, True
-2.778425535882183, -0.8840798740594202, -1.2055699841524745, 0.37915457078538484, -0.004100868543463365, 0.2383099568005, False
2.0963030041718227, 3.8506332121007407, 1.7294706840032825, 0.37915457078538484, -0.004100868543463365, 0.2383099568005, False
3.3411294532342612, -2.7555678763095464, 3.020164309058563, 0.37915457078538484, -0.004100868543463365, 0.2383099568005, True
-4.820152431218227, 5.016507265160355, -1.0110920428221295, 0.37915457078538484, -0.004100868543463365, 0.2383099568005, False
-1.8137573954821722, 1.755869524466334, -1.9795142401742023, 0.37915457078538484, -0.004100868543463365, 0.2383099568005, True
-2.446896919160469, 6.056897316702974, 1.2298258469220258, 0.37915457078538484, -0.004100868543463365, 0.2383099568005, True
-0.55891399457954, -0.8411438118488412, 3.029938815413268, 0.37915457078538484, -0.004100868543463365, 0.2383099568005, True
