1.4517299434569102, -5.038435302422422, -1.9383445168798257, 0.43487578250329784, 0.31268430039412287, 0.5738117738044086, False
-4.871434682124177, -0.8144748065481169, -0.3934058317528457, 0.43487578250329784, 0.31268430039412287, 0.5738117738044086, False
2.384716924702083, 2.1582004281763876, 1.1733046741117716, 0.43487578250329784, 0.31268430039412287, 0.5738117738044086, False
-4.500179058711766, 5.032598197465738, 2.1073396837556064, 0.43487578250329784, 0.31268430039412287, 0.5738117738044086, False
1.2085846750974207, -3.0965225172059756, 3.1140586927323657, 0.43487578250329784, 0.31268430039412287, 0.5738117738044086, True
-1.7820276395468726, -2.8678011331093796, -0.09500084477750814, 0.43487578250329784, 0.31268430039412287, 0.5738117738044086, False
3.1819051585177363, 6.045630070909006, 0.29707387935141893, 0.43487578250329784, 0.31268430039412287, 0.5738117738044086, False
-1.3715774277869306, -1.3116244099709027, 2.8646351862063186, 0.43487578250329784, 0.31268430039412287, 0.5738117738044086, False
-3.147208185515301, 5.911727279815681, 2.961258477756121, 0.43487578250329784, 0.31268430039412287, 0.5738117738044086, True
5.799509284108668, -3.2973783076072767, -2.5059005090837574, 0.43487578250329784, 0.31268430039412287, 0.5738117738044086, False
-0.15942374803074344, 3.0110055890405505, -2.083715341337869, 0.43487578250329784, 0.31268430039412287, 0.5738117738044086, False
1.4566910874454573, 0.8488701244170569, 0.11156683167947712, 0.43487578250329784, 0.31268430039412287, 0.5738117738044086, False
5.967899120647097, 2.609302863020572, 2.6444579377353836, 0.43487578250329784, 0.31268430039412287, 0.5738117738044086, False
-0.5109036475193918, 0.7450292803924317, 2.1538535523776092, 0.43487578250329784, 0.31268430039412287, 0.5738117738044086, False
-3.038314001247642, -1.6716250307975988, 1.3440002749261346, 0.43487578250329784, 0.31268430039412287, 0.5738117738044086, False
-1.9272929826423963, 0.4830503801184811, 0.33827579744485226, 0.43487578250329784, 0.31268430039412287, 0.5738117738044086, False
0.9774927749183036, -1.8335050371551986, -0.7265620321096762, 0.43487578250329784, 0.31268430039412287, 0.5738117738044086, False
3.766945831251997, 2.031535930297286, -0.22904577869786946, 0.43487578250329784, 0.31268430039412287, 0.5738117738044086, False
-4.3313733630543485, -0.9015283299320789, 0.24740974663316662, 0.43487578250329784, 0.31268430039412287, 0.5738117738044086, False
5.625772122613347, -6.13722799583793, -0.3824834093725533, 0.43487578250329784, 0.31268430039412287, 0.5738117738044086, False
3.1330442249773345, -2.741529984714246, -1.0732430953362062, 0.43487578250329784, 0.31268430039412287, 0.5738117738044086, False
-1.2222786708865403, 5.305583752744083, 0.4195469934311773, 0.43487578250329784, 0.31268430039412287, 0.5738117738044086, False
-3.149770425795448, -1.7292454890751197, 0.8711196063396693, 0.43487578250329784, 0.31268430039412287, 0.5738117738044086, False
-2.540491316892424, -2.165928306879408, 0.1283039636849912, 0.43487578250329784, 0.31268430039412287, 0.5738117738044086, True
-2.2909077021986404, -3.0432907465651575, -0.7518839115638118, 0.43487578250329784, 0.31268430039412287, 0.5738117738044086, False
0.29276834034611277, 4.243450912351323, -2.369017474135117, 0.43487578250329784, 0.31268430039412287, 0.5738117738044086, False
-0.9868749237585455, 5.834877240817997, 2.1871179091361608, 0.43487578250329784, 0.31268430039412287, 0.5738117738044086, False
1.2147452514373631, 4.052576969886761, 2.450744181433717, 0.43487578250329784, 0.31268430039412287, 0.5738117738044086, False
5.72891554624584, 1.100986889024214, 2.412916434698861, 0.43487578250329784, 0.31268430039412287, 0.5738117738044086, False
2.4446014337484936, 0.2601520363532783, 0.3525906315210414, 0.43487578250329784, 0.31268430039412287, 0.5738117738044086, False
5.988850355672, 3.4248192214130633, 0.8134299773749065, 0.43487578250329784, 0.31268430039412287, 0.5738117738044086, False
2.7646936632629, 1.2253405220159106, 1.5541302480007557, 0.43487578250329784, 0.31268430039412287, 0.5738117738044086, False
3.51427932318415, 3.187990821139053, 2.8396941054898814, 0.43487578250329784, 0.31268430039412287, 0.5738117738044086, False
0.9835958571850298, 4.453652115967696, -0.7297088919509562, 0.43487578250329784, 0.31268430039412287, 0.5738117738044086, False
1.8008310005997021, -4.7126570779036, 2.9744695764586107, 0.43487578250329784, 0.31268430039412287, 0.5738117738044086, True
-3.3930490092639283, 6.19347452734214, 3.0348822329148426, 0.43487578250329784, 0.31268430039412287, 0.5738117738044086, True
-2.3642276708203904, 3.297327128622621, -3.043071653454906, 0.43487578250329784, 0.31268430039412287, 0.5738117738044086, True
-0.021660789588176854, -2.9789851682859125, 1.029035745457377, 0.43487578250329784, 0.31268430039412287, 0.5738117738044086, False
-2.7432586532505696, -4.330704951189198, 0.6879277719064971, 0.43487578250329784, 0.31268430039412287, 0.5738117738044086, False
-3.7984579422036893, -0.9719590007135057, 0.9865014927736429, 0.43487578250329784, 0.31268430039412287, 0.5738117738044086, False
4.679784901403522, 1.6213297201128292, 0.34491230183594723, 0.43487578250329784, 0.31268430039412287, 0.5738117738044086, False
2.126714328814451, 5.791044315014947, -2.623601302246027, 0.43487578250329784, 0.31268430039412287, 0.5738117738044086, False
5.7268374952011705, 2.4921121533708845, 1.8373853924519228, 0.43487578250329784, 0.31268430039412287, 0.5738117738044086, False
-5.543663248319267, 5.61625466173766, 0.20818666297783395, 0.43487578250329784, 0.31268430039412287, 0.5738117738044086, True
-0.9293471089955316, -2.3697034617365142, 1.1717839155282768, 0.43487578250329784, 0.31268430039412287, 0.5738117738044086, False
4.583755852907759, 0.9980775133110695, 2.01374824139831, 0.43487578250329784, 0.31268430039412287, 0.5738117738044086, False
-2.1061752443936603, 0.9714989249771762, -1.581034179204227, 0.43487578250329784, 0.31268430039412287, 0.5738117738044086, False
-1.3683938570619585, 2.0763845509958543, 1.1881500274818562, 0.43487578250329784, 0.31268430039412287, 0.5738117738044086, False
-1.8129932458833302, -4.6012919740234475, -0.07772344117447405, 0.43487578250329784, 0.31268430039412287, 0.5738117738044086, False
-6.244203456222382, 0.7723347508464853, 0.6194802556724368, 0.43487578250329784, 0.31268430039412287, 0.5738117738044086, False
5.935233283249687, -3.916179048570743, 2.032847319363757, 0.43487578250329784, 0.31268430039412287, 0.5738117738044086, False
3.9937753501552518, 0.3928330209701105, -1.3536163177296154, 0.43487578250329784, 0.31268430039412287, 0.5738117738044086, False
4.7183261913897, -2.716806617758971, -0.9506053233684977, 0.43487578250329784, 0.31268430039412287, 0.5738117738044086, False
-0.7116569442675118, -5.328274443060864, 2.9643969534620433, 0.43487578250329784, 0.31268430039412287, 0.5738117738044086, True
4.055683780270543, 4.31596825958313, 0.3286183940280174, 0.43487578250329784, 0.31268430039412287, 0.5738117738044086, False
5.069827192466224, -3.621896676978128, 0.5693585711579878, 0.43487578250329784, 0.31268430039412287, 0.5738117738044086, False
5.0119959680342685, 3.166099312971795, 1.5612451503017555, 0.43487578250329784, 0.31268430039412287, 0.5738117738044086, False
-5.743937375921922, 3.173057950619677, 2.1831778964433735, 0.43487578250329784, 0.31268430039412287, 0.5738117738044086, False
4.8366100905356575, 3.1706543791387354, -0.5146370248617012, 0.43487578250329784, 0.31268430039412287, 0.5738117738044086, False
2.3588197463966107, 1.8306391706748268, 0.07537835976855067, 0.43487578250329784, 0.31268430039412287, 0.5738117738044086, False
0.03411600206033949, -4.108540023212161, -2.0327552270211147, 0.43487578250329784, 0.31268430039412287, 0.5738117738044086, False
4.122715083428632, 2.4538413446583363, 1.8542197977498756, 0.43487578250329784, 0.31268430039412287, 0.5738117738044086, False
-4.857867824092905, -4.748505446936552, 3.085453764477921, 0.43487578250329784, 0.31268430039412287, 0.5738117738044086, True
2.7276165127189405, -5.722421920676155, -2.4944982730760334, 0.43487578250329784, 0.31268430039412287, 0.5738117738044086, False
-3.7060128675956596, 1.9796253568583868, 3.068286796105177, 0.43487578250329784, 0.31268430039412287, 0.5738117738044086, True
3.847305940904347, 5.696384864907159, 1.4809107988865273, 0.43487578250329784, 0.31268430039412287, 0.5738117738044086, False
4.913563854604245, 4.938780978653275, 2.7790287724285507, 0.43487578250329784, 0.31268430039412287, 0.5738117738044086, False
-5.2660612470915655, -5.457722523092559, -2.0712428469686905, 0.43487578250329784, 0.31268430039412287, 0.5738117738044086, False
1.4503532168489013, 2.507841471869307, -2.196661916459348, 0.43487578250329784, 0.31268430039412287, 0.5738117738044086, False
-1.15618202472033, 3.7024440990520073, 2.575508381436811, 0.43487578250329784, 0.31268430039412287, 0.5738117738044086, False
-4.295694802527041, -2.6620202447253516, -1.663318240970738, 0.43487578250329784, 0.31268430039412287, 0.5738117738044086, False
3.24322197338984, 4.692391427569259, 3.118230375824707, 0.43487578250329784, 0.31268430039412287, 0.5738117738044086, True
-5.083995584498189, -1.3563650072256506, 2.923914876507679, 0.43487578250329784, 0.31268430039412287, 0.5738117738044086, True
-3.144945291434802, -3.689838990121693, 0.9209222546271167, 0.43487578250329784, 0.31268430039412287, 0.5738117738044086, False
-2.0652165138287515, 2.057430812966466, -2.4037103088909326, 0.43487578250329784, 0.31268430039412287, 0.5738117738044086, False
1.3349901793592815, -1.4653140166660723, 3.1161208876063764, 0.43487578250329784, 0.31268430039412287, 0.5738117738044086, True
4.091620606457351, 5.384706554447677, 1.7431080937929888, 0.43487578250329784, 0.31268430039412287, 0.5738117738044086, False
-4.798400000859507, -2.433594370657004, 2.275436537742249, 0.43487578250329784, 0.31268430039412287, 0.5738117738044086, False
-5.534841734340167, -4.0984021358374125, -2.423925550781013, 0.43487578250329784, 0.31268430039412287, 0.5738117738044086, False
-5.26479625746442, -5.681408488678132, -1.8384091247156091, 0.43487578250329784, 0.31268430039412287, 0.5738117738044086, False
-0.9862562493376741, -3.3267157123098694, -2.424794061335642, 0.43487578250329784, 0.31268430039412287, 0.5738117738044086, False
-5.027422710140567, -5.979556514378265, 2.8696999827906966, 0.43487578250329784, 0.31268430039412287, 0.5738117738044086, False
-1.24683926416329, -4.007234990265412, -0.7848215086425956, 0.43487578250329784, 0.31268430039412287, 0.5738117738044086, False
3.4093215903035645, -5.763281476094888, -1.0723797479959813, 0.43487578250329784, 0.31268430039412287, 0.5738117738044086, False
1.7778841148941904, 5.034375923151034, -2.8917124692757397, 0.43487578250329784, 0.31268430039412287, 0.5738117738044086, True
-0.5691594677570251, -5.908308402131699, 1.2348630455329683, 0.43487578250329784, 0.31268430039412287, 0.5738117738044086, False
-4.875227743013449, 4.324863492612064, 2.2932456150427596, 0.43487578250329784, 0.31268430039412287, 0.5738117738044086, False
5.841613563841955, 4.891371146264101, 3.040224706077672, 0.43487578250329784, 0.31268430039412287, 0.5738117738044086, True
6.024324022436643, 1.910981285330232, 1.975736110507441, 0.43487578250329784, 0.31268430039412287, 0.5738117738044086, False
6.17759448464348, -0.7608250069851445, -0.647306017804937, 0.43487578250329784, 0.31268430039412287, 0.5738117738044086, False
5.88540634921387, -5.498200149613191, 0.05971451778062198, 0.43487578250329784, 0.31268430039412287, 0.5738117738044086, False
5.765017430272486, -2.1307290268248567, -2.8262930565847437, 0.43487578250329784, 0.31268430039412287, 0.5738117738044086, False
2.114460132157296, -5.272513009671009, 1.3704633779758044, 0.43487578250329784, 0.31268430039412287, 0.5738117738044086, False
1.212407483691826, 0.10336681861965502, -0.684883601717126, 0.43487578250329784, 0.31268430039412287, 0.5738117738044086, False
-3.223877477046156, 4.931599724735575, 1.7203635583414032, 0.43487578250329784, 0.31268430039412287, 0.5738117738044086, False
6.24750117349646, -2.197567853725988, 1.4587670244599709, 0.43487578250329784, 0.31268430039412287, 0.5738117738044086, False
-6.033444097195211, 1.4347925377978292, 2.6366053498501376, 0.43487578250329784, 0.31268430039412287, 0.5738117738044086, False
-5.232582652260657, -2.57593861677663, 2.967498530453274, 0.43487578250329784, 0.31268430039412287, 0.5738117738044086, True
-1.303312789273737, 3.4781868422115725, 1.0752065883064388, 0.43487578250329784, 0.31268430039412287, 0.5738117738044086, False
0.8748800423104095, 5.874763171953822, -2.5876155984571128, 0.43487578250329784, 0.31268430039412287, 0.5738117738044086, False
5.235595042783316, -5.731983999619691, -1.719550876244493, 0.43487578250329784, 0.31268430039412287, 0.5738117738044086, False
5.235263702343788, 1.3441886356165957, 2.7735756000280887, 0.43487578250329784, 0.31268430039412287, 0.5738117738044086, False
-4.573248783486356, 2.522771771363775, 2.8914141656831314, 0.43487578250329784, 0.31268430039412287, 0.5738117738044086, True
5.797348636674, 5.9983139672938055, -2.0896601343161616, 0.43487578250329784, 0.31268430039412287, 0.5738117738044086, False
-2.941046284276945, 4.84904009690649, -1.4191670483918972, 0.43487578250329784, 0.31268430039412287, 0.5738117738044086, False
-5.607019481803602, 0.25769996230924885, 3.0195352435645066, 0.43487578250329784, 0.31268430039412287, 0.5738117738044086, True
-1.0173605791122995, 2.3798112106417104, 1.3804294959930008, 0.43487578250329784, 0.31268430039412287, 0.5738117738044086, False
3.3137221399268846, 1.0116128765559607, 0.4159147437355504, 0.43487578250329784, 0.31268430039412287, 0.5738117738044086, False
-3.418311534885766, 2.8313550955350273, 3.0782811800408423, 0.43487578250329784, 0.31268430039412287, 0.5738117738044086, True
0.11594456947055498, -2.6347460078702554, -1.3999458132622244, 0.43487578250329784, 0.31268430039412287, 0.5738117738044086, False
-5.77014081753334, -4.955853554794268, 2.0350704740271297, 0.43487578250329784, 0.31268430039412287, 0.5738117738044086, False
3.6257146008176466, 5.832195183189869, -0.6902940916330191, 0.43487578250329784, 0.31268430039412287, 0.5738117738044086, False
4.284517880126566, -2.637892981118677, 1.5311709828046318, 0.43487578250329784, 0.31268430039412287, 0.5738117738044086, False
3.826129873597699, -0.6250537396068907, 2.883005953973612, 0.43487578250329784, 0.31268430039412287, 0.5738117738044086, True
-5.685401920785457, -3.210121680058873, -0.18540254968264458, 0.43487578250329784, 0.31268430039412287, 0.5738117738044086, False
-3.1046786656114813, -4.799444347008006, 2.597246915695166, 0.43487578250329784, 0.31268430039412287, 0.5738117738044086, False
2.55998675633003, -2.1038215291210056, 2.7763088295660703, 0.43487578250329784, 0.31268430039412287, 0.5738117738044086, False
-3.3385909946631127, 1.3961063544126118, -1.2632626306168664, 0.43487578250329784, 0.31268430039412287, 0.5738117738044086, False
5.189360147230895, 4.22272234900414, -1.6462794724052447, 0.43487578250329784, 0.31268430039412287, 0.5738117738044086, False
5.719900191972455, -2.724092210272872, -1.6323366869065334, 0.43487578250329784, 0.31268430039412287, 0.5738117738044086, False
5.504531463522044, 0.6252775200683836, -0.3423295414395038, 0.43487578250329784, 0.31268430039412287, 0.5738117738044086, False
6.1578269787752244, 0.9895384874084874, -1.081986000152253, 0.43487578250329784, 0.31268430039412287, 0.5738117738044086, False
-2.5291531491963504, -5.295590511904176, 1.9816318878906056, 0.43487578250329784, 0.31268430039412287, 0.5738117738044086, False
4.131461430204922, -6.153528381807921, -2.7088960399337245, 0.43487578250329784, 0.31268430039412287, 0.5738117738044086, False
-5.113090550719862, 4.687997018316315, -2.6464447162793507, 0.43487578250329784, 0.31268430039412287, 0.5738117738044086, False
0.3373339913551465, 2.8974597983631885, -0.5132869924195158, 0.43487578250329784, 0.31268430039412287, 0.5738117738044086, False
-4.3910790369395984, -2.0701630793357477, 2.521520723419382, 0.43487578250329784, 0.31268430039412287, 0.5738117738044086, False
-2.2234846704327094, -4.708713886620742, 0.7290219508670606, 0.43487578250329784, 0.31268430039412287, 0.5738117738044086, False
3.401597833756318, 1.332744533335294, -0.8465711650728873, 0.43487578250329784, 0.31268430039412287, 0.5738117738044086, False
5.175116715480318, 3.8015290948286538, 1.992495984889592, 0.43487578250329784, 0.31268430039412287, 0.5738117738044086, False
0.3522119914447641, -4.784722536022986, 1.5766955317235096, 0.43487578250329784, 0.31268430039412287, 0.5738117738044086, False
-5.9360828330134705, -5.440297255302319, 0.20368811983856183, 0.43487578250329784, 0.31268430039412287, 0.5738117738044086, False
-5.3823631603219315, 4.342670120494038, 2.8241447631266468, 0.43487578250329784, 0.31268430039412287, 0.5738117738044086, False
-1.7664633688794273, 0.992537700326868, 2.754674925972134, 0.43487578250329784, 0.31268430039412287, 0.5738117738044086, False
0.15369996607824898, 4.816146726898811, 0.946537354569549, 0.43487578250329784, 0.31268430039412287, 0.5738117738044086, False
-3.9139489844632727, 3.2237491592070313, -1.7278695583825439, 0.43487578250329784, 0.31268430039412287, 0.5738117738044086, False
-3.44879186705158, 1.710425295787772, -2.7086522729692075, 0.43487578250329784, 0.31268430039412287, 0.5738117738044086, False
-1.5156104335791714, -6.207536203008929, -3.0588349942511046, 0.43487578250329784, 0.31268430039412287, 0.5738117738044086, True
0.5529672657195448, -2.0868388682814567, 2.0372601269665234, 0.43487578250329784, 0.31268430039412287, 0.5738117738044086, False
0.0893874626128861, 1.7984889490353897, 1.9620354495296812, 0.43487578250329784, 0.31268430039412287, 0.5738117738044086, False
5.612748479511634, -6.216805748244706, 3.1294484751144003, 0.43487578250329784, 0.31268430039412287, 0.5738117738044086, True
-1.0656074806260953, 5.078755905582186, 2.6041678867097797, 0.43487578250329784, 0.31268430039412287, 0.5738117738044086, False
-1.9184714820035955, 2.832588255751002, 0.5954231866896946, 0.43487578250329784, 0.31268430039412287, 0.5738117738044086, False
-3.638635684086779, 3.6032638244866515, 0.5996578368601777, 0.43487578250329784, 0.31268430039412287, 0.5738117738044086, False
-0.5885085776670671, -3.7091482111479874, 0.07979689462775452, 0.43487578250329784, 0.31268430039412287, 0.5738117738044086, False
0.9214146175941345, -0.9403655617719027, -0.8571669758693834, 0.43487578250329784, 0.31268430039412287, 0.5738117738044086, False
2.102842894200691, 1.0416140632929896, -2.034805073910152, 0.43487578250329784, 0.31268430039412287, 0.5738117738044086, False
3.9659790321307824, 0.20589503213746418, 0.9404083745606586, 0.43487578250329784, 0.31268430039412287, 0.5738117738044086, False
-2.1760050503914963, 5.204098844028254, 2.9745366646747824, 0.43487578250329784, 0.31268430039412287, 0.5738117738044086, True
-6.032820971076159, -1.3831730227663446, -0.29768697346756534, 0.43487578250329784, 0.31268430039412287, 0.5738117738044086, False
4.03714565699066, 1.7919109822664456, 2.8758729765708493, 0.43487578250329784, 0.31268430039412287, 0.5738117738044086, False
-0.5354792088664828, -1.7939899051896502, 2.341138702113099, 0.43487578250329784, 0.31268430039412287, 0.5738117738044086, False
-5.293669697726781, -3.269735307222699, 1.454792003502119, 0.43487578250329784, 0.31268430039412287, 0.5738117738044086, False
-5.516385991307673, -0.1654974887870022, -1.3141202617536165, 0.43487578250329784, 0.31268430039412287, 0.5738117738044086, True
-3.8188480265744795, 5.425429670348809, -1.7124250309975213, 0.43487578250329784, 0.31268430039412287, 0.5738117738044086, False
-1.7421096058716667, 1.4162748166704207, -1.020044236193399, 0.43487578250329784, 0.31268430039412287, 0.5738117738044086, False
-5.977879407823459, -4.513774951516945, -0.7323195580843014, 0.43487578250329784, 0.31268430039412287, 0.5738117738044086, False
-0.7831688849428877, 3.113838167931391, -1.8576767164564971, 0.43487578250329784, 0.31268430039412287, 0.5738117738044086, False
-0.8758478451973142, 2.585092494229162, -1.4827999835391352, 0.43487578250329784, 0.31268430039412287, 0.5738117738044086, False
-5.734842107007034, -0.06001846180895676, 0.6798720435175989, 0.43487578250329784, 0.31268430039412287, 0.5738117738044086, False
4.2974766393269554, 0.6950962135111816, -1.2906170887878177, 0.43487578250329784, 0.31268430039412287, 0.5738117738044086, False
6.243352698071314, -2.7538415668691685, -1.3848851117456542, 0.43487578250329784, 0.31268430039412287, 0.5738117738044086, False
-0.9142216557221223, -3.635018635204401, -0.7688651052558662, 0.43487578250329784, 0.31268430039412287, 0.5738117738044086, False
-4.267369037462481, -5.512841014708638, 2.868794456321348, 0.43487578250329784, 0.31268430039412287, 0.5738117738044086, False
-4.559136936280528, -4.2105612996416575, -0.8164405514726774, 0.43487578250329784, 0.31268430039412287, 0.5738117738044086, False
-4.186141255823133, 5.6994616341982685, -0.6159996430070254, 0.43487578250329784, 0.31268430039412287, 0.5738117738044086, False
4.4732827768450605, -5.655486250780372, 1.3439193660234379, 0.43487578250329784, 0.31268430039412287, 0.5738117738044086, False
-0.28399356685259214, 2.6854880288157137, -0.5169198669766222, 0.43487578250329784, 0.31268430039412287, 0.5738117738044086, False
3.2897498629505666, 1.369482128384381, -1.5187516513672763, 0.43487578250329784, 0.31268430039412287, 0.5738117738044086, False
-0.9940356777998858, -4.199487746330215, 2.707433257671987, 0.43487578250329784, 0.31268430039412287, 0.5738117738044086, False
-0.2532398396738671, -1.0323184723792478, 2.7405228011304663, 0.43487578250329784, 0.31268430039412287, 0.5738117738044086, False
3.596676281321825, 6.000155378429779, -2.458733366854384, 0.43487578250329784, 0.31268430039412287, 0.5738117738044086, False
-2.8802219294510043, -3.824422958008372, 0.6999072373466118, 0.43487578250329784, 0.31268430039412287, 0.5738117738044086, False
0.9953256171516216, -0.48561046344828807, -1.6503978653526925, 0.43487578250329784, 0.31268430039412287, 0.5738117738044086, False
0.3609695293868791, 1.6104114260189082, 2.817579571405248, 0.43487578250329784, 0.31268430039412287, 0.5738117738044086, False
2.9034157339932136, 2.27311555399484, -0.22102663464235262, 0.43487578250329784, 0.31268430039412287, 0.5738117738044086, False
0.09314986012429216, 2.761651682182791, 1.8938223456498005, 0.43487578250329784, 0.31268430039412287, 0.5738117738044086, False
-1.4396682893234454, 1.1571687082527884, 0.6074966135350155, 0.43487578250329784, 0.31268430039412287, 0.5738117738044086, False
0.9471831991050781, -2.711014651637952, 0.486755551580222, 0.43487578250329784, 0.31268430039412287, 0.5738117738044086, False
2.621164230710658, 1.3720202462852047, -0.12081336309206625, 0.43487578250329784, 0.31268430039412287, 0.5738117738044086, False
2.272701456131429, -0.6111804686406801, 0.8070504807107253, 0.43487578250329784, 0.31268430039412287, 0.5738117738044086, False
-5.002201939687964, 1.6501559415180926, 2.9516450297244905, 0.43487578250329784, 0.31268430039412287, 0.5738117738044086, True
-6.1204051643141835, 5.290508352038639, -2.2003326037562743, 0.43487578250329784, 0.31268430039412287, 0.5738117738044086, False
-5.78090465627311, -1.730434038913951, -2.46451432102421, 0.43487578250329784, 0.31268430039412287, 0.5738117738044086, False
-1.5974966070545396, 2.701058940220701, 2.9460551293891255, 0.43487578250329784, 0.31268430039412287, 0.5738117738044086, True
5.942444087486857, -4.910388007185416, 0.18627714453210986, 0.43487578250329784, 0.31268430039412287, 0.5738117738044086, False
6.222480010849019, -5.3764972798594295, -1.4649731735520086, 0.43487578250329784, 0.31268430039412287, 0.5738117738044086, False
-2.3648796734499493, 0.925836198560738, -0.6704024814591931, 0.43487578250329784, 0.31268430039412287, 0.5738117738044086, False
3.074476546353683, -6.240581903387797, 1.8108966771456183, 0.43487578250329784, 0.31268430039412287, 0.5738117738044086, False
-2.2750351771676858, 3.289489492592331, 0.552256170749795, 0.43487578250329784, 0.31268430039412287, 0.5738117738044086, False
-4.361832693078592, -2.5848882295495246, 3.0892501779277852, 0.43487578250329784, 0.31268430039412287, 0.5738117738044086, True
-0.8005679349179315, -1.9437470855578098, -0.9468782735133932, 0.43487578250329784, 0.31268430039412287, 0.5738117738044086, False
1.234334693754123, 0.7922675690930134, 0.2596475904205744, 0.43487578250329784, 0.31268430039412287, 0.5738117738044086, False
5.286545050257329, -5.263589180132307, -1.4524094170093025, 0.43487578250329784, 0.31268430039412287, 0.5738117738044086, False
4.0408578808464615, 3.6405050147406666, 1.5499070241710422, 0.43487578250329784, 0.31268430039412287, 0.5738117738044086, False
0.40985875374781955, -1.2105670050163742, -1.036585309400067, 0.43487578250329784, 0.31268430039412287, 0.5738117738044086, False
-1.640265048419887, 3.2807590505271644, 1.2401502133669027, 0.43487578250329784, 0.31268430039412287, 0.5738117738044086, False
-0.3460004331381956, -0.12499402338639154, 1.7098978779937335, 0.43487578250329784, 0.31268430039412287, 0.5738117738044086, False
0.4608619585042426, 3.0831374614791667, 1.0977190100120584, 0.43487578250329784, 0.31268430039412287, 0.5738117738044086, False
-3.674205919601167, -1.5031969889970025, 0.8437916637178442, 0.43487578250329784, 0.31268430039412287, 0.5738117738044086, False
