4.726666874779172, -4.905728058664808, 2.636027957952404, -0.06616259135196734, 0.14569015517780692, 0.12718159330506196, True
1.5829426444731265, -0.45996600290895007, 2.3699002281130737, -0.06616259135196734, 0.14569015517780692, 0.12718159330506196, True
-1.1783120295243004, 3.9560232594645584, -1.5426112611644205, -0.06616259135196734, 0.14569015517780692, 0.12718159330506196, True
-0.5816814262830059, -3.2249160727350477, -3.061172014592406, -0.06616259135196734, 0.14569015517780692, 0.12718159330506196, True
4.501780494717041, 2.321925820389726, -0.2048041535518541, -0.06616259135196734, 0.14569015517780692, 0.12718159330506196, True
-4.446429418469673, -4.677137663020792, -2.991575004306427, -0.06616259135196734, 0.14569015517780692, 0.12718159330506196, True
-3.071193562136102, 2.052811084009134, 1.421813516263306, -0.06616259135196734, 0.14569015517780692, 0.12718159330506196, True
4.047586866492333, -0.9166414155023466, -1.095011222211789, -0.06616259135196734, 0.14569015517780692, 0.12718159330506196, True
-1.4362696049175314, -3.6986268321095612, 0.06903155749409651, -0.06616259135196734, 0.14569015517780692, 0.12718159330506196, True
-1.6978732762670736, -3.7236479596206213, 0.7894830902743024, -0.06616259135196734, 0.14569015517780692, 0.12718159330506196, True
1.6736643898254728, -3.0007930780325256, -1.220250478280902, -0.06616259135196734, 0.14569015517780692, 0.12718159330506196, True
-5.12574993327755, -2.008112325860501, 0.6454828537363935, -0.06616259135196734, 0.14569015517780692, 0.12718159330506196, True
2.5354001438984763, 1.0368555746044805, -0.07212479368592728, -0.06616259135196734, 0.14569015517780692, 0.12718159330506196, True
0.9287681205782805, -0.07001688496802494, 2.661772258804831, -0.06616259135196734, 0.14569015517780692, 0.12718159330506196, True
4.630277382574144, 2.728334054903062, 2.1579863411770326, -0.06616259135196734, 0.14569015517780692, 0.12718159330506196, True
0.452110982837568, 5.795623411178422, -1.8238007882057705, -0.06616259135196734, 0.14569015517780692, 0.12718159330506196, True
-0.7445709947851142, 5.273964480426814, 2.7395361195855754, -0.06616259135196734, 0.14569015517780692, 0.12718159330506196, True
5.3046154578787235, -4.361769640382184, -3.0368913395054498, -0.06616259135196734, 0.14569015517780692, 0.12718159330506196, True
-5.98669980510944, -1.0993490701580813, -3.068057496582318, -0.06616259135196734, 0.14569015517780692, 0.12718159330506196, True
3.6534501933853107, -2.0302165106429753, -1.453050011519628, -0.06616259135196734, 0.14569015517780692, 0.12718159330506196, True
4.792546465222809, -3.7737482812458296, -2.784540552498579, -0.06616259135196734, 0.14569015517780692, 0.12718159330506196, True
-4.394873623330078, -6.262306785135669, 0.8681368545666874, -0.06616259135196734, 0.14569015517780692, 0.12718159330506196, True
5.9750483927241635, -5.079682917415688, -0.9941605440817183, -0.06616259135196734, 0.14569015517780692, 0.12718159330506196, True
-4.374169769157444, -5.373723798261816, 0.44522757524624534, -0.06616259135196734, 0.14569015517780692, 0.12718159330506196, True
-3.472552909290643, 1.300806832260645, 1.960383307566099, -0.06616259135196734, 0.14569015517780692, 0.12718159330506196, True
-0.6777068001551951, 2.118761710334933, -0.7218087599053233, -0.06616259135196734, 0.14569015517780692, 0.12718159330506196, True
-0.48810692128902833, 4.283380655812371, -1.9575418915589724, -0.06616259135196734, 0.14569015517780692, 0.12718159330506196, True
-4.605189325423668, -0.5935098798857616, 2.973097983898768, -0.06616259135196734, 0.14569015517780692, 0.12718159330506196, True
3.82447594084187, -2.2240069986699895, -1.5831832160335142, -0.06616259135196734, 0.14569015517780692, 0.12718159330506196, True
-1.2061771391292337, 3.1550668203749144, 1.5348414900382528, -0.06616259135196734, 0.14569015517780692, 0.12718159330506196, True
-2.9448341747007056, 4.068561463153522, 1.5783603862905284, -0.06616259135196734, 0.14569015517780692, 0.12718159330506196, True
-0.10322047397766099, -0.4551683699886855, 2.5600508077539343, -0.06616259135196734, 0.14569015517780692, 0.12718159330506196, True
0.9351068965358431, -4.246958761696629, 1.9533354453437735, -0.06616259135196734, 0.14569015517780692, 0.12718159330506196, True
-4.616325863315599, -0.6923481854140174, -0.31914711235963455, -0.06616259135196734, 0.14569015517780692, 0.12718159330506196, True
-1.7805288392159202, 4.770609614641895, 1.2445887413043089, -0.06616259135196734, 0.14569015517780692, 0.12718159330506196, True
-0.3289372914344, 5.603318491169102, -0.4175914297772292, -0.06616259135196734, 0.14569015517780692, 0.12718159330506196, True
-5.666993700989197, 5.9104891929989005, 3.0476865828379767, -0.06616259135196734, 0.14569015517780692, 0.12718159330506196, True
-2.6080130650971256, -1.0026722455673598, -2.2757349487653524, -0.06616259135196734, 0.14569015517780692, 0.12718159330506196, True
3.2218545663042732, 5.949882083926962, -2.8758248673632356, -0.06616259135196734, 0.14569015517780692, 0.12718159330506196, True
0.11005540599531116, 6.081098698096868, -2.3777899566346576, -0.06616259135196734, 0.14569015517780692, 0.12718159330506196, True
-0.015540387891921803, 5.9831169060729685, -2.078106028467969, -0.06616259135196734, 0.14569015517780692, 0.12718159330506196, True
-5.423358190190082, 5.155325537395656, -2.281813060421552, -0.06616259135196734, 0.14569015517780692, 0.12718159330506196, True
-2.744994604927753, 5.212114285636391, -2.847517778082916, -0.06616259135196734, 0.14569015517780692, 0.12718159330506196, True
3.5471816145712314, -0.15100202834659981, 0.5490181285378601, -0.06616259135196734, 0.14569015517780692, 0.12718159330506196, True
-0.4870969436797514, -1.8373419398179358, 2.295931350306039, -0.06616259135196734, 0.14569015517780692, 0.12718159330506196, True
-0.47035380153534234, 0.45940843297416034, 1.603641238223787, -0.06616259135196734, 0.14569015517780692, 0.12718159330506196, True
0.34244143274233885, -0.49402801393488804, -2.63391514578322, -0.06616259135196734, 0.14569015517780692, 0.12718159330506196, True
4.931834347321434, -5.423760601620396, -1.0083622801424847, -0.06616259135196734, 0.14569015517780692, 0.12718159330506196, True
-0.6188027622701169, 2.621515738327348, 3.0954323601666873, -0.06616259135196734, 0.14569015517780692, 0.12718159330506196, True
4.318211172520751, 3.2707799564516957, 2.517475508670704, -0.06616259135196734, 0.14569015517780692, 0.12718159330506196, True
-3.8230137264618262, 1.5722374870472562, -2.444220927989798, -0.06616259135196734, 0.14569015517780692, 0.12718159330506196, True
-4.0643214791607765, 2.5031440421350677, 2.70741755454819, -0.06616259135196734, 0.14569015517780692, 0.12718159330506196, True
4.182370382643482, -3.8859614161626586, -0.10406373278818704, -0.06616259135196734, 0.14569015517780692, 0.12718159330506196, True
-4.572401851335449, 1.722966664306993, -1.9940756875947718, -0.06616259135196734, 0.14569015517780692, 0.12718159330506196, True
-4.637916282186424, 2.7046894533897987, -2.2705450656852535, -0.06616259135196734, 0.14569015517780692, 0.12718159330506196, True
-4.154288022446866, 6.257987600712347, -1.2183172685844381, -0.06616259135196734, 0.14569015517780692, 0.12718159330506196, True
6.204894364654626, -3.6331463981968852, -2.6992685851783684, -0.06616259135196734, 0.14569015517780692, 0.12718159330506196, True
1.4543325785601118, 5.975825016518193, 2.3698825961941425, -0.06616259135196734, 0.14569015517780692, 0.12718159330506196, True
0.22897587573786637, 4.983095460327418, 0.34541890554504384, -0.06616259135196734, 0.14569015517780692, 0.12718159330506196, True
-0.38235437417728413, -2.916997598845529, -0.9121813451705121, -0.06616259135196734, 0.14569015517780692, 0.12718159330506196, True
-1.7889757867308758, 2.7536698557159447, 2.892235400507353, -0.06616259135196734, 0.14569015517780692, 0.12718159330506196, True
3.2814239219614034, -2.9351684268404337, -1.5590581723234516, -0.06616259135196734, 0.14569015517780692, 0.12718159330506196, True
0.9500860429695388, -2.8131641203638256, -0.6874253777210577, -0.06616259135196734, 0.14569015517780692, 0.12718159330506196, True
4.569207136091023, -5.916832826854417, 1.8676466090913912, -0.06616259135196734, 0.14569015517780692, 0.12718159330506196, True
0.7926416577404884, -0.057320433198198906, 1.9550415797638871, -0.06616259135196734, 0.14569015517780692, 0.12718159330506196, True
-5.311456690980626, 2.052705398066877, 0.8042621158078758, -0.06616259135196734, 0.14569015517780692, 0.12718159330506196, True
0.26795062930564395, -0.8767539965744291, 1.3648764484811604, -0.06616259135196734, 0.14569015517780692, 0.12718159330506196, True
1.6472880709848097, -2.714011464080819, -0.08696019393834442, -0.06616259135196734, 0.14569015517780692, 0.12718159330506196, True
1.1779584609958338, -4.072061924787681, -0.0024011389483948875, -0.06616259135196734, 0.14569015517780692, 0.12718159330506196, True
6.018439368239081, -6.071821711756925, 0.9549648334684884, -0.06616259135196734, 0.14569015517780692, 0.12718159330506196, True
-0.9800746504065652, -3.9028932797881977, -1.0655259319742152, -0.06616259135196734, 0.14569015517780692, 0.12718159330506196, True
-6.202747496973629, 5.249327696695465, 0.7429950789362207, -0.06616259135196734, 0.14569015517780692, 0.12718159330506196, True
0.978476906877269, 3.8769766555223324, -1.5079529529653883, -0.06616259135196734, 0.14569015517780692, 0.12718159330506196, True
0.3270945730288508, -4.569175790611547, -2.3386328713406703, -0.06616259135196734, 0.14569015517780692, 0.12718159330506196, True
2.8899092019459474, -1.2167343897612497, 1.614722378193405, -0.06616259135196734, 0.14569015517780692, 0.12718159330506196, True
-4.066036415662181, 5.478101294576719, -0.24280589228934213, -0.06616259135196734, 0.14569015517780692, 0.12718159330506196, True
-6.08811907926132, 0.7850057559195429, -0.34267791242640344, -0.06616259135196734, 0.14569015517780692, 0.12718159330506196, True
-0.5001520629616971, -1.6699026763948215, 1.7929407570219436, -0.06616259135196734, 0.14569015517780692, 0.12718159330506196, True
-3.759034946329553, -0.7962194636117363, -2.0133479433752752, -0.06616259135196734, 0.14569015517780692, 0.12718159330506196, True
-2.7222462068475224, -0.05022508783775059, -0.3168329325171242, -0.06616259135196734, 0.14569015517780692, 0.12718159330506196, True
0.36704042016491467, -6.135656219021415, -1.6584349465785808, -0.06616259135196734, 0.14569015517780692, 0.12718159330506196, True
2.5573462266820304, -1.3660736287224973, -2.9961375142263513, -0.06616259135196734, 0.14569015517780692, 0.12718159330506196, True
-3.1199242686210393, 3.3908845096879237, -0.6491561165856652, -0.06616259135196734, 0.14569015517780692, 0.12718159330506196, True
-1.4699172948265637, 5.119264717231514, 0.7073690573054554, -0.06616259135196734, 0.14569015517780692, 0.12718159330506196, True
3.601074710031771, 3.5575854612057682, -2.291450248384918, -0.06616259135196734, 0.14569015517780692, 0.12718159330506196, True
-4.353708159716575, -4.074288107386449, 2.148018676686556, -0.06616259135196734, 0.14569015517780692, 0.12718159330506196, True
-3.0598137284839733, -2.508087689212522, -0.5475493936685414, -0.06616259135196734, 0.14569015517780692, 0.12718159330506196, True
-5.413876114950956, 0.3933194509535918, 1.6623261995316891, -0.06616259135196734, 0.14569015517780692, 0.12718159330506196, True
-1.295207123782128, -2.193167828240841, -0.6987196341081612, -0.06616259135196734, 0.14569015517780692, 0.12718159330506196, True
5.054279003118175, -1.0651398321063956, -1.4700260454040648, -0.06616259135196734, 0.14569015517780692, 0.12718159330506196, True
0.7486871041414176, 4.10043732422049, 3.0332676726889227, -0.06616259135196734, 0.14569015517780692, 0.12718159330506196, True
-3.3041426828208427, -2.057795378684413, 2.6127016590737844, -0.06616259135196734, 0.14569015517780692, 0.12718159330506196, True
0.4045187538343873, -2.91980073215515, -1.2324168340652444, -0.06616259135196734, 0.14569015517780692, 0.12718159330506196, True
-6.221212979994566, -1.7498617219965942, -0.006444062771127079, -0.06616259135196734, 0.14569015517780692, 0.12718159330506196, True
6.009558354139083, -0.8727090578655226, -1.8777636901865347, -0.06616259135196734, 0.14569015517780692, 0.12718159330506196, True
-6.280053297830491, -2.65287011515758, 2.4937382700260278, -0.06616259135196734, 0.14569015517780692, 0.12718159330506196, True
-1.710338837215696, -2.9981625036053905, 1.766416174745033, -0.06616259135196734, 0.14569015517780692, 0.12718159330506196, True
3.6016513031046617, 5.486197500300321, -2.210316337116123, -0.06616259135196734, 0.14569015517780692, 0.12718159330506196, True
5.284929325994025, -4.249351080535218, -1.146642159354672, -0.06616259135196734, 0.14569015517780692, 0.12718159330506196, True
-2.4948809903340674, 6.028673252378031, -0.6414491312657655, -0.06616259135196734, 0.14569015517780692, 0.12718159330506196, True
