-2.5012055265701854, 5.824582701919859, -1.5245260384832884, -0.21601786289503, 0.34782983692034475, -0.32260821688857083, False
-2.862222780863326, -2.7482244800644153, -1.7345724320112648, -0.21601786289503, 0.34782983692034475, -0.32260821688857083, False
-1.9691711576943636, 3.6843994321943097, -0.6028044981661957, -0.21601786289503, 0.34782983692034475, -0.32260821688857083, False
0.6354283327285124, 3.5867540483918, 1.1202002203501245, -0.21601786289503, 0.34782983692034475, -0.32260821688857083, False
-5.113915976208098, 2.7099657542334032, -1.2655125380564871, -0.21601786289503, 0.34782983692034475, -0.32260821688857083, False
-4.825423403734322, -0.06902312480174455, 2.5651789517024284, -0.21601786289503, 0.34782983692034475, -0.32260821688857083, False
-5.2952783107206916, 4.071579114385328, -0.2388532898625222, -0.21601786289503, 0.34782983692034475, -0.32260821688857083, False
5.69432686803891, 2.0863160837369907, -0.6641628220632252, -0.21601786289503, 0.34782983692034475, -0.32260821688857083, True
-1.8365711874183717, -0.6744684586926102, 0.42696189026350995, -0.21601786289503, 0.34782983692034475, -0.32260821688857083, False
-1.1173396341481583, -4.977943120763102, -1.4693032174436824, -0.21601786289503, 0.34782983692034475, -0.32260821688857083, False
-5.648766594718341, -0.6727165870059402, -2.174617775589253, -0.21601786289503, 0.34782983692034475, -0.32260821688857083, False
-1.7696621047638894, -6.130544072913483, -2.343062961537885, -0.21601786289503, 0.34782983692034475, -0.32260821688857083, False
1.9831341149280028, -1.7403720451732356, 2.653544384076895, -0.21601786289503, 0.34782983692034475, -0.32260821688857083, False
2.7809024455319484, -3.7556624714084794, 0.19283127875982498, -0.21601786289503, 0.34782983692034475, -0.32260821688857083, False
2.1391910079659517, -0.15569767371111798, 0.1182316085294195, -0.21601786289503, 0.34782983692034475, -0.32260821688857083, False
1.441117237253887, 3.522431018414526, -0.010211906386448533, -0.21601786289503, 0.34782983692034475, -0.32260821688857083, False
-1.1857646992965334, 2.4067905999948724, 1.5745906928431692, -0.21601786289503, 0.34782983692034475, -0.32260821688857083, False
-2.322727410503689, -5.747462978576934, -2.558560212349188, -0.21601786289503, 0.34782983692034475, -0.32260821688857083, False
-1.6499738164171243, 3.2184098820695883, -0.055241071878896264, -0.21601786289503, 0.34782983692034475, -0.32260821688857083, False
2.904400982520732, -2.1487923367825807, -0.43588049387946626, -0.21601786289503, 0.34782983692034475, -0.32260821688857083, False
-1.5218093896684985, -0.8680834713403209, -0.5100115726261185, -0.21601786289503, 0.34782983692034475, -0.32260821688857083, False
2.74272220454246, 1.8568278028055367, 2.5172732212027595, -0.21601786289503, 0.34782983692034475, -0.32260821688857083, False
3.4687988232885765, -3.993252719878165, 2.722671923512242, -0.21601786289503, 0.34782983692034475, -0.32260821688857083, False
-2.4252999489830893, -0.09944672723527237, 1.4303371904141846, -0.21601786289503, 0.34782983692034475, -0.32260821688857083, False
-5.78986211402419, 1.4999624716802105, 2.707203836238035, -0.21601786289503, 0.34782983692034475, -0.32260821688857083, False
-2.8103431424010377, -3.854005574806249, 1.7223451378896026, -0.21601786289503, 0.34782983692034475, -0.32260821688857083, False
0.09774175796528972, -0.010248949677375663, -2.579854764621296, -0.21601786289503, 0.34782983692034475, -0.32260821688857083, False
-0.3504675909347119, -5.994687525094834, -0.5799682328607245, -0.21601786289503, 0.34782983692034475, -0.32260821688857083, False
-4.2612940830890516, 2.2968923524588973, 0.2007945843893384, -0.21601786289503, 0.34782983692034475, -0.32260821688857083, False
-2.2862362004598653, 0.877091680582013, 0.8076611019380757, -0.21601786289503, 0.34782983692034475, -0.32260821688857083, False
-5.007425144903088, -4.171253345196063, 0.1705325632732433, -0.21601786289503, 0.34782983692034475, -0.32260821688857083, False
-0.9713405326856241, -5.485104295164279, -2.0426925213112677, -0.21601786289503, 0.34782983692034475, -0.32260821688857083, False
-1.959745452634209, 3.104327361203696, 2.512436503535308, -0.21601786289503, 0.34782983692034475, -0.32260821688857083, False
-3.3847061843556294, -0.03614004032776741, 2.2174387948981904, -0.21601786289503, 0.34782983692034475, -0.32260821688857083, False
-2.8069298678292545, 3.8441457614513617, 0.7391126765817813, -0.21601786289503, 0.34782983692034475, -0.32260821688857083, False
-0.24637274218481942, 0.41753787061298286, -1.3795994465947337, -0.21601786289503, 0.34782983692034475, -0.32260821688857083, False
-0.22576370767070397, 1.2666792317244147, -0.750722566669257, -0.21601786289503, 0.34782983692034475, -0.32260821688857083, False
6.113355283447122, -5.326083597635586, 1.897709042883589, -0.21601786289503, 0.34782983692034475, -0.32260821688857083, False
-0.6303318161145457, 1.3548342889620697, 2.3475237652320544, -0.21601786289503, 0.34782983692034475, -0.32260821688857083, False
-5.109019231769287, 0.6220984564867695, -2.148723099928196, -0.21601786289503, 0.34782983692034475, -0.32260821688857083, False
-4.75410323707119, 0.02111821334399, -1.7428764292621393, -0.21601786289503, 0.34782983692034475, -0.32260821688857083, False
-4.491966484474385, 1.9928308253542308, 1.9507433438512862, -0.21601786289503, 0.34782983692034475, -0.32260821688857083, False
0.42555695898027057, 6.128579754640247, -2.8384872712189426, -0.21601786289503, 0.34782983692034475, -0.32260821688857083, False
0.5698805806020539, 4.9882317842057695, 1.510176677878242, -0.21601786289503, 0.34782983692034475, -0.32260821688857083, False
0.6903606575882248, -5.651453826196932, -0.25534162929639725, -0.21601786289503, 0.34782983692034475, -0.32260821688857083, False
-4.677750182124251, -2.965939451308225, -0.28170146911251415, -0.21601786289503, 0.34782983692034475, -0.32260821688857083, False
4.018313843370343, -0.5161322237091097, 0.73456879315082, -0.21601786289503, 0.34782983692034475, -0.32260821688857083, False
0.7923816802955583, 3.721835913897861, 2.1516096329457968, -0.21601786289503, 0.34782983692034475, -0.32260821688857083, False
-3.801163742632385, 5.98377887316331, 1.7199030226577046, -0.21601786289503, 0.34782983692034475, -0.32260821688857083, False
2.53592918698031, -1.3092717493829982, -0.1728981475366571, -0.21601786289503, 0.34782983692034475, -0.32260821688857083, False
-4.10755446498778, -1.4191851896545078, 1.029915765893823, -0.21601786289503, 0.34782983692034475, -0.32260821688857083, False
1.1066147424641901, -2.8139629643100923, -0.3004906296103229, -0.21601786289503, 0.34782983692034475, -0.32260821688857083, False
2.9564588058343233, 0.8523616119218209, -1.175748240296402, -0.21601786289503, 0.34782983692034475, -0.32260821688857083, False
-3.4641764799487738, 0.8532748772242975, 2.956286121417886, -0.21601786289503, 0.34782983692034475, -0.32260821688857083, True
2.3598768382580246, 4.748542788651228, 1.1476266620507243, -0.21601786289503, 0.34782983692034475, -0.32260821688857083, False
-1.125324414128836, -3.456785084107361, 2.2057391260462467, -0.21601786289503, 0.34782983692034475, -0.32260821688857083, False
-4.529544142075614, -0.9625817805588373, -2.791862593364826, -0.21601786289503, 0.34782983692034475, -0.32260821688857083, False
-2.2655713149993444, 2.7749231293527163, 2.722135075611849, -0.21601786289503, 0.34782983692034475, -0.32260821688857083, False
4.8342221517160535, -1.1387331318863678, -2.6592001572965036, -0.21601786289503, 0.34782983692034475, -0.32260821688857083, False
2.4850846940064244, 2.352141208516775, -0.7826794779648396, -0.21601786289503, 0.34782983692034475, -0.32260821688857083, False
-3.5096828255720482, -5.5502416175591005, -2.680891988961241, -0.21601786289503, 0.34782983692034475, -0.32260821688857083, False
-3.060083976753482, 3.303599852796987, 2.2400069454247324, -0.21601786289503, 0.34782983692034475, -0.32260821688857083, False
-0.27992903821619475, -2.6428270269954575, -2.647139396386289, -0.21601786289503, 0.34782983692034475, -0.32260821688857083, False
-3.4540962045860586, 3.3308298544300445, -1.5858727021783876, -0.21601786289503, 0.34782983692034475, -0.32260821688857083, False
2.2254866352349563, -2.917040927218554, 1.6872796879827856, -0.21601786289503, 0.34782983692034475, -0.32260821688857083, False
-0.8123719970884196, -2.5545128103204187, -0.06778951130646815, -0.21601786289503, 0.34782983692034475, -0.32260821688857083, False
0.5166802400550905, -1.6811130893603883, -2.4509747844949796, -0.21601786289503, 0.34782983692034475, -0.32260821688857083, False
-2.1224136950297448, -1.7968075283417253, 3.0311263111003184, -0.21601786289503, 0.34782983692034475, -0.32260821688857083, True
-3.035353211549548, -5.270135175025006, -0.5399305747644014, -0.21601786289503, 0.34782983692034475, -0.32260821688857083, False
5.68122405456533, -2.9264243333545283, -0.18007378409198838, -0.21601786289503, 0.34782983692034475, -0.32260821688857083, False
5.969862331660966, 1.267560212144149, 1.3974240107771365, -0.21601786289503, 0.34782983692034475, -0.32260821688857083, False
-5.558972933293386, -0.27028249218622946, -1.67624448482249, -0.21601786289503, 0.34782983692034475, -0.32260821688857083, False
5.452565094258189, -2.006787484658373, 2.385464271684439, -0.21601786289503, 0.34782983692034475, -0.32260821688857083, False
-4.554967655094967, 0.3581872542135933, 1.5497974518370796, -0.21601786289503, 0.34782983692034475, -0.32260821688857083, True
-6.184262868544455, -4.634563059667588, 1.0075515588268038, -0.21601786289503, 0.34782983692034475, -0.32260821688857083, False
-2.5199857033667765, -3.9127945450287016, -0.3075899797419823, -0.21601786289503, 0.34782983692034475, -0.32260821688857083, False
5.122941171861404, -5.173309515859801, 3.0361785124314613, -0.21601786289503, 0.34782983692034475, -0.32260821688857083, True
3.8047761005624796, -2.699635717198621, 2.600762152364976, -0.21601786289503, 0.34782983692034475, -0.32260821688857083, False
-3.029574238460136, 2.948535973196769, -1.32483667889702, -0.21601786289503, 0.34782983692034475, -0.32260821688857083, False
-0.04231817919477976, -4.846028371468934, -1.3307450318780178, -0.21601786289503, 0.34782983692034475, -0.32260821688857083, False
4.633436388363865, 0.6469295546762366, -2.67811830552815, -0.21601786289503, 0.34782983692034475, -0.32260821688857083, False
-0.8393624770181978, 2.2860994393846585, 2.5514410027980494, -0.21601786289503, 0.34782983692034475, -0.32260821688857083, True
4.406776078661517, 1.8322983552721777, 2.20810972597583, -0.21601786289503, 0.34782983692034475, -0.32260821688857083, False
5.231078963751845, -3.7139766223508275, 2.9682292467429754, -0.21601786289503, 0.34782983692034475, -0.32260821688857083, True
-4.404596942788609, 6.232313005077849, 2.8554336631671546, -0.21601786289503, 0.34782983692034475, -0.32260821688857083, True
-2.596732342009365, -1.75200743825547, 0.9508513350969059, -0.21601786289503, 0.34782983692034475, -0.32260821688857083, False
-0.2306030574961211, -3.0425034410592455, -2.42904307110073, -0.21601786289503, 0.34782983692034475, -0.32260821688857083, False
5.615390700646531, 0.8951107045025539, 0.3520429910981444, -0.21601786289503, 0.34782983692034475, -0.32260821688857083, False
0.8769349358333685, -5.223409574503407, -2.399998060478641, -0.21601786289503, 0.34782983692034475, -0.32260821688857083, False
2.9079407282716723, 0.5850720048305993, 2.229146554984564, -0.21601786289503, 0.34782983692034475, -0.32260821688857083, False
3.4639552671376723, -2.856829426955993, 2.2327157490472294, -0.21601786289503, 0.34782983692034475, -0.32260821688857083, False
-4.410661889137699, -1.6042174424998406, -2.6246022953565777, -0.21601786289503, 0.34782983692034475, -0.32260821688857083, False
-3.888121560408642, 5.523273502059331, -3.140503683689103, -0.21601786289503, 0.34782983692034475, -0.32260821688857083, True
0.19147561081490938, 2.3274801820560533, -1.6450283575285254, -0.21601786289503, 0.34782983692034475, -0.32260821688857083, False
0.5100695509842907, 1.404479886785925, 2.263138378712309, -0.21601786289503, 0.34782983692034475, -0.32260821688857083, False
6.161181921025069, -1.6212541914680276, -1.4769809588604568, -0.21601786289503, 0.34782983692034475, -0.32260821688857083, False
-6.0238052872887256, 5.780198500547616, -2.4537933926520297, -0.21601786289503, 0.34782983692034475, -0.32260821688857083, False
5.150862105938517, -0.8548060091965652, 0.6687388562578702, -0.21601786289503, 0.34782983692034475, -0.32260821688857083, False
0.09737184707513169, 2.6169340564048014, -0.7882411498322575, -0.21601786289503, 0.34782983692034475, -0.32260821688857083, False
-1.1638576877367663, 4.65995540946275, -2.0576402938735274, -0.21601786289503, 0.34782983692034475, -0.32260821688857083, False
