4.081525326223931, 2.377030207642445, -0.05083835571139739, -0.0654334047294457, 0.3831166251177923, 0.5778243712642428, True
-6.117212919776494, -0.7990838042925485, -1.3226844899356172, -0.0654334047294457, 0.3831166251177923, 0.5778243712642428, False
-0.9859430424977349, -4.271884926362004, -2.1394358745108897, -0.0654334047294457, 0.3831166251177923, 0.5778243712642428, True
-1.1303305434712296, -1.1817617647433982, -2.8078578632857862, -0.0654334047294457, 0.3831166251177923, 0.5778243712642428, False
3.318835186174036, -2.2363526313602353, 2.9616238218163806, -0.0654334047294457, 0.3831166251177923, 0.5778243712642428, True
3.4389314697314486, 2.5995027101111887, -0.25073047898054, -0.0654334047294457, 0.3831166251177923, 0.5778243712642428, True
-2.114484849556038, 3.5768889275427362, 1.992882935358236, -0.0654334047294457, 0.3831166251177923, 0.5778243712642428, False
-4.755574211072507, -2.193506770643096, -0.08762332399118122, -0.0654334047294457, 0.3831166251177923, 0.5778243712642428, False
-1.415278143466887, 1.7164858637388667, -0.04003514811551545, -0.0654334047294457, 0.3831166251177923, 0.5778243712642428, True
-2.715615650657491, 5.791680707857099, 0.8517079426864185, -0.0654334047294457, 0.3831166251177923, 0.5778243712642428, False
-5.714287155254247, -2.769187214036778, 1.0926531459694786, -0.0654334047294457, 0.3831166251177923, 0.5778243712642428, False
3.9970560460701456, 2.6117102925732887, -1.945611884084158, -0.0654334047294457, 0.3831166251177923, 0.5778243712642428, True
6.196795787339145, -0.674202640568776, 2.95047830751572, -0.0654334047294457, 0.3831166251177923, 0.5778243712642428, True
4.498220438427767, 1.927757648191795, 2.758989017169327, -0.0654334047294457, 0.3831166251177923, 0.5778243712642428, True
4.684849503655526, -1.8065525821279982, 0.397875467485298, -0.0654334047294457, 0.3831166251177923, 0.5778243712642428, False
3.139208116571856, 6.1562295834925305, 1.322759919499786, -0.0654334047294457, 0.3831166251177923, 0.5778243712642428, True
5.107459537377499, 3.4278205607906216, 0.8226076398106725, -0.0654334047294457, 0.3831166251177923, 0.5778243712642428, True
-5.465128604616329, 0.9634526451181129, 1.8697841393668542, -0.0654334047294457, 0.3831166251177923, 0.5778243712642428, True
-3.203102690055437, 2.0164104426302565, -0.7146783913622436, -0.0654334047294457, 0.3831166251177923, 0.5778243712642428, True
2.5850214722215075, 5.000681038536056, -2.680818563712269, -0.0654334047294457, 0.3831166251177923, 0.5778243712642428, False
-2.346850474736588, -2.865566426285995, -1.2491319744399032, -0.0654334047294457, 0.3831166251177923, 0.5778243712642428, True
-0.28959313975080825, 4.35234563979081, -2.2444511848809783, -0.0654334047294457, 0.3831166251177923, 0.5778243712642428, False
5.404432349714098, 1.1830497925272567, -2.75134231513774, -0.0654334047294457, 0.3831166251177923, 0.5778243712642428, True
-0.8428928340362951, -1.592234439837096, -1.5172112997853218, -0.0654334047294457, 0.3831166251177923, 0.5778243712642428, True
-5.180187760902255, -0.8581779969069485, -2.510573034984599, -0.0654334047294457, 0.3831166251177923, 0.5778243712642428, True
2.4898464777503104, 5.577368275339454, -1.6652536419477362, -0.0654334047294457, 0.3831166251177923, 0.5778243712642428, False
-0.7134618454503441, -0.9828904834864023, -2.211604583816075, -0.0654334047294457, 0.3831166251177923, 0.5778243712642428, False
-5.474830926015254, 2.4473008053575125, -0.3413750119883505, -0.0654334047294457, 0.3831166251177923, 0.5778243712642428, True
1.9979431708019462, 2.5282767744848957, -0.5544678765160134, -0.0654334047294457, 0.3831166251177923, 0.5778243712642428, True
-3.2143250637669722, -0.09541809235021148, -2.054704776439607, -0.0654334047294457, 0.3831166251177923, 0.5778243712642428, False
0.5121174565832449, -6.120384923904119, 2.4932387028235308, -0.0654334047294457, 0.3831166251177923, 0.5778243712642428, True
-1.5086730244048274, -4.9952675594665905, -3.0368618849025197, -0.0654334047294457, 0.3831166251177923, 0.5778243712642428, True
2.619364908592008, -2.78433457850739, -1.7720325651037176, -0.0654334047294457, 0.3831166251177923, 0.5778243712642428, True
2.9499356298504846, 0.5743838912297727, 3.1097494103474244, -0.0654334047294457, 0.3831166251177923, 0.5778243712642428, True
-5.134599032171134, -0.8432485913814016, -0.36285141641683394, -0.0654334047294457, 0.3831166251177923, 0.5778243712642428, True
5.213865560253035, 4.235677267728208, -0.5807446084227386, -0.0654334047294457, 0.3831166251177923, 0.5778243712642428, True
-5.025354015882675, 0.698935054731944, 1.4842416273019348, -0.0654334047294457, 0.3831166251177923, 0.5778243712642428, True
2.5241776305784036, -3.209860292886418, -3.0954645882911955, -0.0654334047294457, 0.3831166251177923, 0.5778243712642428, True
-2.604249199703729, 1.5986064165663274, 2.105507284787027, -0.0654334047294457, 0.3831166251177923, 0.5778243712642428, True
6.053832664480774, -5.818485274537818, 0.7736311586955584, -0.0654334047294457, 0.3831166251177923, 0.5778243712642428, True
3.1940699601768543, -2.6888633497596555, -1.409542392103603, -0.0654334047294457, 0.3831166251177923, 0.5778243712642428, True
-2.3991944895108492, 3.6370154222517392, -2.879799824165879, -0.0654334047294457, 0.3831166251177923, 0.5778243712642428, True
2.309221341013357, 2.758472801731349, 2.331202815591098, -0.0654334047294457, 0.3831166251177923, 0.5778243712642428, True
2.8989949458788224, -1.882270620252946, -2.2558467806443994, -0.0654334047294457, 0.3831166251177923, 0.5778243712642428, False
-6.141413657007085, -1.990627915967246, -2.6349830918798727, -0.0654334047294457, 0.3831166251177923, 0.5778243712642428, False
-4.498401015562101, -1.3604327066633566, -1.9967105353018904, -0.0654334047294457, 0.3831166251177923, 0.5778243712642428, False
-0.9661980611528094, -5.587695798682503, -2.211271361528231, -0.0654334047294457, 0.3831166251177923, 0.5778243712642428, True
5.415345999287981, -2.612237474317022, 1.4778610881811298, -0.0654334047294457, 0.3831166251177923, 0.5778243712642428, True
-2.2326960285898503, 0.6503929038001663, -0.24884415423830797, -0.0654334047294457, 0.3831166251177923, 0.5778243712642428, True
-4.980180186122458, -0.35173801919676695, -0.8818706356216319, -0.0654334047294457, 0.3831166251177923, 0.5778243712642428, False
1.1508948650284614, -2.9712335839083055, -2.8642528540350662, -0.0654334047294457, 0.3831166251177923, 0.5778243712642428, True
1.1536694923841146, 1.586714896594211, 0.08389894728869818, -0.0654334047294457, 0.3831166251177923, 0.5778243712642428, True
-2.177375684750042, -2.948359328018128, 2.04532265372117, -0.0654334047294457, 0.3831166251177923, 0.5778243712642428, False
0.9471396250365256, 4.422586248691779, 0.7667101079817482, -0.0654334047294457, 0.3831166251177923, 0.5778243712642428, False
-2.8043418172060623, -5.202870109027694, -0.8789616190297087, -0.0654334047294457, 0.3831166251177923, 0.5778243712642428, True
3.107930728450768, 4.200262470215776, 2.4432782407988034, -0.0654334047294457, 0.3831166251177923, 0.5778243712642428, False
1.2290788263341028, -0.5136011037777557, -2.8957077349200926, -0.0654334047294457, 0.3831166251177923, 0.5778243712642428, True
6.150846049838126, -1.804057488764573, 0.08222511966432888, -0.0654334047294457, 0.3831166251177923, 0.5778243712642428, False
3.6453067474432537, -5.547503889424597, -0.2742553528310867, -0.0654334047294457, 0.3831166251177923, 0.5778243712642428, True
-3.2851060792542666, -1.655072217427442, -2.8092889409273436, -0.0654334047294457, 0.3831166251177923, 0.5778243712642428, False
-4.806214403411401, -1.1436286236844575, -1.9633609194382984, -0.0654334047294457, 0.3831166251177923, 0.5778243712642428, False
-2.1177601913121205, -4.813209144595356, 1.9493420372648638, -0.0654334047294457, 0.3831166251177923, 0.5778243712642428, True
-2.053790648547298, 2.0433533374694655, -0.41816032471284714, -0.0654334047294457, 0.3831166251177923, 0.5778243712642428, True
1.5742699990865843, -2.253690338661853, 1.4428081070758685, -0.0654334047294457, 0.3831166251177923, 0.5778243712642428, False
-0.549834362118089, -6.106145433240301, 2.4470546443421277, -0.0654334047294457, 0.3831166251177923, 0.5778243712642428, True
0.6370556683872186, -3.1397428435133534, 2.844513768681238, -0.0654334047294457, 0.3831166251177923, 0.5778243712642428, False
-2.103475333160156, -0.2582976686060947, 2.5677719769181335, -0.0654334047294457, 0.3831166251177923, 0.5778243712642428, True
5.5492918540023535, -0.17259194913601483, -2.444878324293665, -0.0654334047294457, 0.3831166251177923, 0.5778243712642428, False
-3.044730640154807, 5.242164585534406, -1.5704794065467407, -0.0654334047294457, 0.3831166251177923, 0.5778243712642428, False
0.5335168487442141, -0.23311616081208708, -2.0436403220646273, -0.0654334047294457, 0.3831166251177923, 0.5778243712642428, False
-5.3741369199716855, 1.3014992398605143, -1.1223449955710114, -0.0654334047294457, 0.3831166251177923, 0.5778243712642428, True
-1.4225843735847903, 1.1033560088022956, -2.541789456948824, -0.0654334047294457, 0.3831166251177923, 0.5778243712642428, True
-3.554538828888246, 4.8925557502802395, 2.7173761625972235, -0.0654334047294457, 0.3831166251177923, 0.5778243712642428, False
-3.3127481918522155, 3.0488705948329944, -1.820808077403924, -0.0654334047294457, 0.3831166251177923, 0.5778243712642428, True
-1.3256885508620622, 5.800981840131788, -1.7696368867456542, -0.0654334047294457, 0.3831166251177923, 0.5778243712642428, False
-4.976418092167283, -0.6504024981501235, -0.38019757708120006, -0.0654334047294457, 0.3831166251177923, 0.5778243712642428, True
3.561784934452211, 3.904605342257655, 1.6315236762177028, -0.0654334047294457, 0.3831166251177923, 0.5778243712642428, False
-2.392656448573718, 2.0585648706741306, -2.2913794315919818, -0.0654334047294457, 0.3831166251177923, 0.5778243712642428, True
3.833517636718174, 1.5824075587065565, -2.5084008593859255, -0.0654334047294457, 0.3831166251177923, 0.5778243712642428, True
4.1264358980987375, 1.1162910537688386, 0.7293871202554998, -0.0654334047294457, 0.3831166251177923, 0.5778243712642428, True
-3.0132262679371555, -4.129960878113812, 1.0247852958911778, -0.0654334047294457, 0.3831166251177923, 0.5778243712642428, True
-3.1066157956057587, -0.42579168702576276, -1.6829324087285988, -0.0654334047294457, 0.3831166251177923, 0.5778243712642428, False
-3.3579478659794284, -2.0225615596512387, 0.41544104966055917, -0.0654334047294457, 0.3831166251177923, 0.5778243712642428, False
-2.2553991491691088, 0.9567899780178521, 1.130260463261819, -0.0654334047294457, 0.3831166251177923, 0.5778243712642428, True
5.997169295109577, 0.42940815647045927, 2.62223993921683, -0.0654334047294457, 0.3831166251177923, 0.5778243712642428, True
3.0565132949436506, -0.4352934239872326, 0.585213626932092, -0.0654334047294457, 0.3831166251177923, 0.5778243712642428, False
-0.8695046134818956, -2.6917469467248556, 2.364295219900967, -0.0654334047294457, 0.3831166251177923, 0.5778243712642428, False
3.4443652067499997, -2.503340508036467, 0.7979524815166914, -0.0654334047294457, 0.3831166251177923, 0.5778243712642428, False
5.326923371416594, -2.2167156161386883, -1.6710380454489249, -0.0654334047294457, 0.3831166251177923, 0.5778243712642428, True
-5.520523326222415, 2.890051369137339, -2.3787271273593245, -0.0654334047294457, 0.3831166251177923, 0.5778243712642428, True
4.388756033155346, -2.357925021263109, -0.4457044786393367, -0.0654334047294457, 0.3831166251177923, 0.5778243712642428, False
4.358822851376981, -4.190376896713836, 0.9374557437883961, -0.0654334047294457, 0.3831166251177923, 0.5778243712642428, True
-3.70119618962614, 4.012372095648756, 2.889966326149332, -0.0654334047294457, 0.3831166251177923, 0.5778243712642428, True
-4.459832861071161, -0.5010112659224086, -0.8014531149243607, -0.0654334047294457, 0.3831166251177923, 0.5778243712642428, True
-5.882230623606918, -3.350674880822576, 1.0839906429283719, -0.0654334047294457, 0.3831166251177923, 0.5778243712642428, True
-3.4671677344059115, -3.1987331719818832, 0.01886254043048563, -0.0654334047294457, 0.3831166251177923, 0.5778243712642428, False
-1.92722340884412, 3.4915176348485204, -2.5436298416577703, -0.0654334047294457, 0.3831166251177923, 0.5778243712642428, True
-1.1667777606811711, -5.112060069167627, -0.5566885222427183, -0.0654334047294457, 0.3831166251177923, 0.5778243712642428, True
0.16596747163625558, -2.2538811894116284, -2.328202408053192, -0.0654334047294457, 0.3831166251177923, 0.5778243712642428, False
-0.8994970310835182, -3.625283786083427, -2.9479931930936596, -0.0654334047294457, 0.3831166251177923, 0.5778243712642428, True
-1.0269745094012972, -0.30643977265977984, -1.661897867372962, -0.0654334047294457, 0.3831166251177923, 0.5778243712642428, False
0.19826943633354688, 3.030338324248971, 3.0388956133365417, -0.0654334047294457, 0.3831166251177923, 0.5778243712642428, True
2.54555395029681, 5.179564741373669, -2.20587156481606, -0.0654334047294457, 0.3831166251177923, 0.5778243712642428, False
-5.430598545297954, -5.065920831254486, -0.34319210457407, -0.0654334047294457, 0.3831166251177923, 0.5778243712642428, True
3.715900513859056, -1.302909627670937, -1.6578411937437838, -0.0654334047294457, 0.3831166251177923, 0.5778243712642428, False
-6.167267722725444, -5.601327782517901, -3.1057070679567196, -0.0654334047294457, 0.3831166251177923, 0.5778243712642428, True
4.283478954224686, 1.7519864252730937, -2.881581129651841, -0.0654334047294457, 0.3831166251177923, 0.5778243712642428, True
1.6858935775791268, -0.06636627217871283, 1.8739781534135336, -0.0654334047294457, 0.3831166251177923, 0.5778243712642428, True
-0.17437847503092918, -3.4067641702112925, -1.3952011447581314, -0.0654334047294457, 0.3831166251177923, 0.5778243712642428, True
-0.27613473554762, 0.3515141600333287, -1.545243190649338, -0.0654334047294457, 0.3831166251177923, 0.5778243712642428, True
-2.8470797377630737, -1.3518959180593875, 0.2105469568639018, -0.0654334047294457, 0.3831166251177923, 0.5778243712642428, False
-5.139990310837459, 0.16650622139841964, 1.0884122146632187, -0.0654334047294457, 0.3831166251177923, 0.5778243712642428, True
0.2398434260968818, -0.8867321981651148, 3.130076896905864, -0.0654334047294457, 0.3831166251177923, 0.5778243712642428, True
0.5502763598326101, 2.4806093826283675, 3.047650449920374, -0.0654334047294457, 0.3831166251177923, 0.5778243712642428, True
-2.017487631814782, 2.727991354959899, 2.6031729352237942, -0.0654334047294457, 0.3831166251177923, 0.5778243712642428, True
-0.4030744403955637, -1.8901901769844667, 1.4630864965536627, -0.0654334047294457, 0.3831166251177923, 0.5778243712642428, False
-4.226860629412956, -4.372428171386558, 1.8921547301577144, -0.0654334047294457, 0.3831166251177923, 0.5778243712642428, True
2.5257133197046002, -5.477564209463624, -1.1694465262618334, -0.0654334047294457, 0.3831166251177923, 0.5778243712642428, True
-0.32535109137238294, 4.335609308331046, -2.0669466876132088, -0.0654334047294457, 0.3831166251177923, 0.5778243712642428, False
0.9866604183999312, -2.9561395432124282, 1.555588102875384, -0.0654334047294457, 0.3831166251177923, 0.5778243712642428, False
-1.9392279836103024, 1.1396173943980052, -0.01816383490400142, -0.0654334047294457, 0.3831166251177923, 0.5778243712642428, True
1.6701375716544966, -5.331351625589039, 0.6985500674525591, -0.0654334047294457, 0.3831166251177923, 0.5778243712642428, True
-0.10335394375704698, 5.025835082490177, 0.9093857785603419, -0.0654334047294457, 0.3831166251177923, 0.5778243712642428, False
-1.6240673560648071, -0.6321273620092098, 2.212248953699655, -0.0654334047294457, 0.3831166251177923, 0.5778243712642428, True
0.5346598397558662, 4.163303231032604, 0.412231913161206, -0.0654334047294457, 0.3831166251177923, 0.5778243712642428, False
3.85910358201774, 4.467111979427962, 2.483082236238631, -0.0654334047294457, 0.3831166251177923, 0.5778243712642428, False
2.648163095070215, 1.9871383088144086, -1.3999110703732405, -0.0654334047294457, 0.3831166251177923, 0.5778243712642428, True
-2.1223595461675018, -2.468008563547502, 2.255138049468073, -0.0654334047294457, 0.3831166251177923, 0.5778243712642428, False
-1.8657057574357836, -1.8378820088451207, -2.2637366642899757, -0.0654334047294457, 0.3831166251177923, 0.5778243712642428, False
0.7254626288881756, 0.33661658417925455, -2.4870950679479797, -0.0654334047294457, 0.3831166251177923, 0.5778243712642428, True
1.8194350440030664, 1.883250932516221, -3.0332203566692426, -0.0654334047294457, 0.3831166251177923, 0.5778243712642428, True
-0.7745376316402659, -1.1103845405289974, -0.44645263656651446, -0.0654334047294457, 0.3831166251177923, 0.5778243712642428, False
5.973000441725938, -1.5159879382667798, 1.5430445652423828, -0.0654334047294457, 0.3831166251177923, 0.5778243712642428, False
-5.869306530018289, 4.903062419542442, 0.48835668530579657, -0.0654334047294457, 0.3831166251177923, 0.5778243712642428, False
-5.056719581228551, 3.089275647317983, 1.2457872890202335, -0.0654334047294457, 0.3831166251177923, 0.5778243712642428, False
-1.7845845777277756, 2.164694093354157, -0.32794440403039404, -0.0654334047294457, 0.3831166251177923, 0.5778243712642428, True
-3.562602731029617, 3.195079149045217, 2.2295469617606667, -0.0654334047294457, 0.3831166251177923, 0.5778243712642428, False
4.422019010547013, 3.3206419168928107, 1.4018129533765444, -0.0654334047294457, 0.3831166251177923, 0.5778243712642428, False
4.491128760721832, -1.2822931723013067, 0.7914153343201988, -0.0654334047294457, 0.3831166251177923, 0.5778243712642428, False
4.274050561877585, 3.62510975924077, 2.1893261944370623, -0.0654334047294457, 0.3831166251177923, 0.5778243712642428, False
1.1411422319423918, 2.663083200669952, 2.7743906299233876, -0.0654334047294457, 0.3831166251177923, 0.5778243712642428, True
0.13493855547667, -1.0911673857917483, -0.708485566128668, -0.0654334047294457, 0.3831166251177923, 0.5778243712642428, False
1.539918517572346, -0.10116135180656816, 0.47396320496561684, -0.0654334047294457, 0.3831166251177923, 0.5778243712642428, True
3.7044538472817674, 5.212008149393739, 1.5968299845644793, -0.0654334047294457, 0.3831166251177923, 0.5778243712642428, False
-4.2920109530951125, -3.330786589170272, -0.8220283647969895, -0.0654334047294457, 0.3831166251177923, 0.5778243712642428, True
-0.930914080264265, -5.111921787339196, -0.8326486122216732, -0.0654334047294457, 0.3831166251177923, 0.5778243712642428, True
-4.902626139116376, 1.2660178811904252, -1.5747597364770836, -0.0654334047294457, 0.3831166251177923, 0.5778243712642428, True
5.955358714930513, 3.3731828123032574, -1.7451168432462494, -0.0654334047294457, 0.3831166251177923, 0.5778243712642428, True
-3.7166332809476024, 0.1136970041891665, 1.5840132439886387, -0.0654334047294457, 0.3831166251177923, 0.5778243712642428, True
5.175234282976028, 1.4826664424021763, -1.4690696952108255, -0.0654334047294457, 0.3831166251177923, 0.5778243712642428, True
-5.490871649095179, -0.690652673185661, -1.1188510210382874, -0.0654334047294457, 0.3831166251177923, 0.5778243712642428, False
4.109462476098386, -0.689663420169575, -2.7278734517436773, -0.0654334047294457, 0.3831166251177923, 0.5778243712642428, False
5.647275280189131, 1.6339556059159674, -2.924644129974549, -0.0654334047294457, 0.3831166251177923, 0.5778243712642428, True
1.163805368327239, -0.2769728248466796, -2.7543008802110815, -0.0654334047294457, 0.3831166251177923, 0.5778243712642428, False
-2.7083354774748987, 3.9063332551658796, 2.8715734181898327, -0.0654334047294457, 0.3831166251177923, 0.5778243712642428, False
2.4963315372226482, 5.209899583472433, -1.5197204811712963, -0.0654334047294457, 0.3831166251177923, 0.5778243712642428, False
1.5418380124525717, -2.40574898172976, -1.3653660322605303, -0.0654334047294457, 0.3831166251177923, 0.5778243712642428, False
4.759397055469602, -2.9430660840942195, -2.6865343371745247, -0.0654334047294457, 0.3831166251177923, 0.5778243712642428, True
3.2094882862998695, 0.6930935881249702, -2.309146948972471, -0.0654334047294457, 0.3831166251177923, 0.5778243712642428, True
3.2581846657098374, 3.8549462737661866, -0.6891630366545196, -0.0654334047294457, 0.3831166251177923, 0.5778243712642428, False
1.421573887902861, -0.6428591287069914, 1.0750396327844483, -0.0654334047294457, 0.3831166251177923, 0.5778243712642428, False
-6.045664461506316, 2.0011884046579773, -1.1456961438404036, -0.0654334047294457, 0.3831166251177923, 0.5778243712642428, True
2.7880831633777436, 6.147083994953897, -0.28719058109221773, -0.0654334047294457, 0.3831166251177923, 0.5778243712642428, False
1.9122457783654738, -5.421681512116666, 1.3958323123975847, -0.0654334047294457, 0.3831166251177923, 0.5778243712642428, True
1.2398491339410835, -5.678975132042919, -0.3843174952993973, -0.0654334047294457, 0.3831166251177923, 0.5778243712642428, True
6.16047965129847, -2.535383013571812, -1.9920136280859513, -0.0654334047294457, 0.3831166251177923, 0.5778243712642428, True
1.3015282329001492, 4.215819851282561, 2.9712833307101354, -0.0654334047294457, 0.3831166251177923, 0.5778243712642428, True
0.14504179730885003, -3.769709762254557, 2.0258069303661115, -0.0654334047294457, 0.3831166251177923, 0.5778243712642428, True
1.389527849643108, -4.0164168451125235, -2.7291871437709916, -0.0654334047294457, 0.3831166251177923, 0.5778243712642428, True
3.6249527513343445, -0.9536899546018276, 0.09361143398329119, -0.0654334047294457, 0.3831166251177923, 0.5778243712642428, False
-0.15714481809117853, -4.103219780677247, 0.9919424456568526, -0.0654334047294457, 0.3831166251177923, 0.5778243712642428, True
4.211143064273257, -1.1294173466094337, 1.045521650992261, -0.0654334047294457, 0.3831166251177923, 0.5778243712642428, False
-5.096032368721396, -4.449007714351539, -2.1114979784370473, -0.0654334047294457, 0.3831166251177923, 0.5778243712642428, True
0.9598912280438601, 0.9793655464561981, 0.26801640081133193, -0.0654334047294457, 0.3831166251177923, 0.5778243712642428, True
-4.094479793126936, -3.4941586934788305, 0.5857663526327865, -0.0654334047294457, 0.3831166251177923, 0.5778243712642428, True
2.6132754784373926, -1.1842966735109677, 2.5853646366992136, -0.0654334047294457, 0.3831166251177923, 0.5778243712642428, False
5.97466704316494, 4.614581614386976, 1.5070727648169049, -0.0654334047294457, 0.3831166251177923, 0.5778243712642428, False
3.2064203769195583, 5.220643693306146, 2.5322351086849855, -0.0654334047294457, 0.3831166251177923, 0.5778243712642428, False
-6.267872257252414, 4.968416162686619, 0.20761791214833814, -0.0654334047294457, 0.3831166251177923, 0.5778243712642428, False
-2.8029190618554987, -1.0801363273660805, -1.0386620796791313, -0.0654334047294457, 0.3831166251177923, 0.5778243712642428, False
2.9882539736799263, -3.0662023548295547, -0.8722836848324547, -0.0654334047294457, 0.3831166251177923, 0.5778243712642428, True
-2.286255254398562, 3.077016318507729, 0.9174301873735233, -0.0654334047294457, 0.3831166251177923, 0.5778243712642428, False
-2.508760870941658, -6.166462731772886, 1.1290136521129774, -0.0654334047294457, 0.3831166251177923, 0.5778243712642428, True
4.600059953311989, 2.9707105694574594, 1.6510889612965842, -0.0654334047294457, 0.3831166251177923, 0.5778243712642428, True
-1.3153570461629691, -1.8722872979447382, -0.07550851189986352, -0.0654334047294457, 0.3831166251177923, 0.5778243712642428, False
-6.160255179106385, 4.495141985583761, -0.12005364223813109, -0.0654334047294457, 0.3831166251177923, 0.5778243712642428, False
-0.7991844205833933, 1.3269153630163961, -2.69976712332376, -0.0654334047294457, 0.3831166251177923, 0.5778243712642428, True
1.9108060494334023, -1.507383812472395, -0.25508412012935366, -0.0654334047294457, 0.3831166251177923, 0.5778243712642428, False
1.1416281623183622, -0.7224614613422418, 1.1732992592910039, -0.0654334047294457, 0.3831166251177923, 0.5778243712642428, False
-6.069009650970701, -2.2025052899570765, 0.8262593715896727, -0.0654334047294457, 0.3831166251177923, 0.5778243712642428, False
0.1096894517320024, 0.3463025339465746, 0.7758208498214128, -0.0654334047294457, 0.3831166251177923, 0.5778243712642428, True
-3.558768024518241, -0.939079294020722, 0.4328873391603052, -0.0654334047294457, 0.3831166251177923, 0.5778243712642428, False
-1.687888563557661, 3.1707608402980583, 1.5903615545167709, -0.0654334047294457, 0.3831166251177923, 0.5778243712642428, True
3.3761366958868813, -4.091444079294629, 2.874937035646851, -0.0654334047294457, 0.3831166251177923, 0.5778243712642428, True
3.2798551794864395, 5.149342366970668, -2.131522734564993, -0.0654334047294457, 0.3831166251177923, 0.5778243712642428, False
4.596252812556269, -1.1877901510543731, 1.5541444931905701, -0.0654334047294457, 0.3831166251177923, 0.5778243712642428, False
-4.481479158727128, -4.204569856951601, 0.5611147321395085, -0.0654334047294457, 0.3831166251177923, 0.5778243712642428, True
-3.4470534551366168, -6.019957104345837, 2.7555997593608383, -0.0654334047294457, 0.3831166251177923, 0.5778243712642428, True
-5.24007382079022, -6.104174444420695, -1.992929345945714, -0.0654334047294457, 0.3831166251177923, 0.5778243712642428, True
1.335901788133242, -2.4617936562410376, 0.2711392110751021, -0.0654334047294457, 0.3831166251177923, 0.5778243712642428, False
