1.8582554096017976, -1.5412086142601877, 3.073602956554895, -0.2554791513170459, -0.2846447860833906, -0.15784824835003808, True
-4.763304789695015, -4.8014402516320285, 3.069026032132, -0.2554791513170459, -0.2846447860833906, -0.15784824835003808, True
-2.6121018840279677, 6.142881062512092, 2.2841590306619786, -0.2554791513170459, -0.2846447860833906, -0.15784824835003808, True
0.8817997731800604, 4.74552955705205, 1.357488756691069, -0.2554791513170459, -0.2846447860833906, -0.15784824835003808, False
4.358923078260684, 0.956614807566158, -2.211821977050871, -0.2554791513170459, -0.2846447860833906, -0.15784824835003808, False
5.96336334111086, -5.555643990431924, 1.194762350149662, -0.2554791513170459, -0.2846447860833906, -0.15784824835003808, False
-1.147157452193099, -4.6788429722446985, 1.5546290464121642, -0.2554791513170459, -0.2846447860833906, -0.15784824835003808, False
1.4910578050721757, 0.5971775679894931, 0.9875569300244598, -0.2554791513170459, -0.2846447860833906, -0.15784824835003808, False
0.33214752563223726, -3.935070563114425, -2.5510365779094966, -0.2554791513170459, -0.2846447860833906, -0.15784824835003808, False
-0.8212141678155662, -1.5181912479381587, 0.7987843654861781, -0.2554791513170459, -0.2846447860833906, -0.15784824835003808, False
-5.371033779265198, 0.7026247965932821, 1.4426052099758007, -0.2554791513170459, -0.2846447860833906, -0.15784824835003808, False
1.5601252193186443, -0.737403594846306, 0.17664158940038854, -0.2554791513170459, -0.2846447860833906, -0.15784824835003808, False
5.307050999911754, -2.1800861403406513, 0.783750139046802, -0.2554791513170459, -0.2846447860833906, -0.15784824835003808, False
-1.1739568827486657, -4.863882117555271, 2.8013322987552245, -0.2554791513170459, -0.2846447860833906, -0.15784824835003808, False
5.4749067957166915, -4.041493374175023, -0.44414077729258894, -0.2554791513170459, -0.2846447860833906, -0.15784824835003808, False
4.225087120452667, 4.909082867250101, 1.856852976599252, -0.2554791513170459, -0.2846447860833906, -0.15784824835003808, False
-2.0344851138516864, -0.059654380412925256, -0.475968135519123, -0.2554791513170459, -0.2846447860833906, -0.15784824835003808, False
2.2730401730641443, -0.9395039866541808, 2.907252650139765, -0.2554791513170459, -0.2846447860833906, -0.15784824835003808, True
0.2770741066306419, -5.917557070378555, -1.8612202375251907, -0.2554791513170459, -0.2846447860833906, -0.15784824835003808, False
-3.184468589191511, -4.751373919533982, 0.7937308575869779, -0.2554791513170459, -0.2846447860833906, -0.15784824835003808, False
6.23389226079343, -5.804297881179409, -0.6840391366977929, -0.2554791513170459, -0.2846447860833906, -0.15784824835003808, False
-4.605382918872647, -1.967178500661138, -0.8607811296863384, -0.2554791513170459, -0.2846447860833906, -0.15784824835003808, False
1.939154400711372, 3.722650644523897, -0.2672096276781524, -0.2554791513170459, -0.2846447860833906, -0.15784824835003808, False
2.4172207972557995, -5.75054624650756, -0.562857469045563, -0.2554791513170459, -0.2846447860833906, -0.15784824835003808, False
-0.4365099963434673, 4.82535112531073, -1.522124895045266, -0.2554791513170459, -0.2846447860833906, -0.15784824835003808, False
3.934062980843409, 4.268656379206973, 0.7673673113518449, -0.2554791513170459, -0.2846447860833906, -0.15784824835003808, False
-5.459182305452776, 1.602092067451908, -2.2746220297522286, -0.2554791513170459, -0.2846447860833906, -0.15784824835003808, False
4.04263685586038, -4.801748098746767, 2.6914073694322935, -0.2554791513170459, -0.2846447860833906, -0.15784824835003808, False
3.5260903234797603, 0.43465988515792287, 0.3647099746239655, -0.2554791513170459, -0.2846447860833906, -0.15784824835003808, True
2.844439266011145, -6.101761548450152, -2.3421962660908804, -0.2554791513170459, -0.2846447860833906, -0.15784824835003808, False
-0.41629047107436357, 2.577630834964614, 1.040984036682623, -0.2554791513170459, -0.2846447860833906, -0.15784824835003808, False
-4.313785689123081, -1.2061268183200147, 0.14467978066351872, -0.2554791513170459, -0.2846447860833906, -0.15784824835003808, False
-4.616126137484088, -5.584295624163311, 2.76233054387525, -0.2554791513170459, -0.2846447860833906, -0.15784824835003808, False
-6.275983838869041, -2.7748622871556803, -1.1352503754857173, -0.2554791513170459, -0.2846447860833906, -0.15784824835003808, False
-1.6847701541129876, -5.1677839088961885, 1.7413256981145162, -0.2554791513170459, -0.2846447860833906, -0.15784824835003808, False
-3.6192232161014415, -4.237530662678944, 1.7579684311768595, -0.2554791513170459, -0.2846447860833906, -0.15784824835003808, False
0.7746542376858718, 0.4727722307698681, -2.5135288230700312, -0.2554791513170459, -0.2846447860833906, -0.15784824835003808, False
4.839237182171566, -1.3019794978886212, 0.5555779680865531, -0.2554791513170459, -0.2846447860833906, -0.15784824835003808, False
-0.7945667674750645, 6.019708615975613, -1.8315423641940836, -0.2554791513170459, -0.2846447860833906, -0.15784824835003808, False
5.625079298472404, 1.1449945678885678, -3.0864225564463776, -0.2554791513170459, -0.2846447860833906, -0.15784824835003808, True
5.644124452624419, -5.064953960653566, -0.44012329317788623, -0.2554791513170459, -0.2846447860833906, -0.15784824835003808, False
1.2340334653886664, 5.517276323096969, 1.741676450588404, -0.2554791513170459, -0.2846447860833906, -0.15784824835003808, False
-0.926467708395939, 4.853986629923726, -0.8405140469372241, -0.2554791513170459, -0.2846447860833906, -0.15784824835003808, False
5.460246716556096, 5.528887120614723, -0.14402366510766296, -0.2554791513170459, -0.2846447860833906, -0.15784824835003808, False
5.655881817987266, -4.231382738964717, 1.4187495785717683, -0.2554791513170459, -0.2846447860833906, -0.15784824835003808, False
-4.083078393814157, 4.119136788478935, 1.597152218268234, -0.2554791513170459, -0.2846447860833906, -0.15784824835003808, False
-0.13891567874518884, -2.9819054071802826, 1.8137059612273543, -0.2554791513170459, -0.2846447860833906, -0.15784824835003808, False
-3.220840069903744, -4.049263248747394, -2.4707189146669233, -0.2554791513170459, -0.2846447860833906, -0.15784824835003808, False
2.586088939792333, -2.463657552386433, -1.4491305271225066, -0.2554791513170459, -0.2846447860833906, -0.15784824835003808, False
3.1799923504396475, -4.34890626924159, -1.8203354529454834, -0.2554791513170459, -0.2846447860833906, -0.15784824835003808, False
-6.132816617539486, -0.6099221594810471, 1.411991810335678, -0.2554791513170459, -0.2846447860833906, -0.15784824835003808, False
-0.545216084765543, 4.958049039739636, -2.0088602215330074, -0.2554791513170459, -0.2846447860833906, -0.15784824835003808, False
-0.8072763236668123, 0.5251279980717287, -0.5696684133238437, -0.2554791513170459, -0.2846447860833906, -0.15784824835003808, False
-3.7727913928039216, -3.9997018067370638, 1.9893607241429443, -0.2554791513170459, -0.2846447860833906, -0.15784824835003808, False
0.85733314288189, -1.9968285566354096, -1.4582107353028113, -0.2554791513170459, -0.2846447860833906, -0.15784824835003808, False
-1.3040593680990158, 1.887620084408793, -0.2922794008062808, -0.2554791513170459, -0.2846447860833906, -0.15784824835003808, False
4.139738820421982, 6.161559067614551, 2.1269484109617203, -0.2554791513170459, -0.2846447860833906, -0.15784824835003808, True
-4.608198966378925, 1.4859362214010048, -2.7895051824433637, -0.2554791513170459, -0.2846447860833906, -0.15784824835003808, False
1.264157688218856, 2.244832361884269, -2.769313636182194, -0.2554791513170459, -0.2846447860833906, -0.15784824835003808, True
6.138354419347882, -1.793610101147233, -1.2576407595903787, -0.2554791513170459, -0.2846447860833906, -0.15784824835003808, False
1.4119253925478326, -5.092724548596433, 0.2549941245095937, -0.2554791513170459, -0.2846447860833906, -0.15784824835003808, False
4.644525888167671, 2.508610923420596, 0.7605084541815534, -0.2554791513170459, -0.2846447860833906, -0.15784824835003808, False
-5.77100186572212, -6.23874538130918, 1.504385576910333, -0.2554791513170459, -0.2846447860833906, -0.15784824835003808, False
-0.3455576551842334, -0.681054654213578, 0.38543062091765146, -0.2554791513170459, -0.2846447860833906, -0.15784824835003808, False
-1.7235024754171544, -5.4756840208061694, 0.5604109261037542, -0.2554791513170459, -0.2846447860833906, -0.15784824835003808, False
-5.8155723729711, -4.64421681527714, -2.5986944944767862, -0.2554791513170459, -0.2846447860833906, -0.15784824835003808, False
-2.0476646976868986, -0.13976065106361268, 1.4888865574205852, -0.2554791513170459, -0.2846447860833906, -0.15784824835003808, True
-0.6435562521396196, -0.11042811187756474, -2.0847913579512776, -0.2554791513170459, -0.2846447860833906, -0.15784824835003808, False
-0.3944250048004623, -1.0479092990069017, 1.104750196727207, -0.2554791513170459, -0.2846447860833906, -0.15784824835003808, False
0.3876787701878035, -0.7994397627470775, 1.4703749277364517, -0.2554791513170459, -0.2846447860833906, -0.15784824835003808, False
-5.590879273620044, 0.38637108316410895, 0.7539394057268889, -0.2554791513170459, -0.2846447860833906, -0.15784824835003808, False
5.179875516334858, -2.8044649432368263, -1.1108206477738203, -0.2554791513170459, -0.2846447860833906, -0.15784824835003808, False
-1.7028164119161904, -3.6392792650140726, -2.2339632158298732, -0.2554791513170459, -0.2846447860833906, -0.15784824835003808, False
-5.837221244304787, -4.769433016758449, -2.529420385179816, -0.2554791513170459, -0.2846447860833906, -0.15784824835003808, False
-4.4499336585695275, 2.0967490414323056, -3.1361655970623663, -0.2554791513170459, -0.2846447860833906, -0.15784824835003808, True
5.0402597329716645, 1.9214945347865733, -0.2325480060236096, -0.2554791513170459, -0.2846447860833906, -0.15784824835003808, False
-0.4115656085959776, -4.220258462825314, 1.1996527005825035, -0.2554791513170459, -0.2846447860833906, -0.15784824835003808, False
0.7461147350427408, 5.9554622373395745, -0.26700869144769035, -0.2554791513170459, -0.2846447860833906, -0.15784824835003808, False
-1.9153281380494835, 0.7559881934867061, -0.32130335028623724, -0.2554791513170459, -0.2846447860833906, -0.15784824835003808, True
-2.2690558424321923, 2.1321829559616017, 0.20487975606517006, -0.2554791513170459, -0.2846447860833906, -0.15784824835003808, False
3.5793218560131326, -5.609345956240684, 1.348837712021143, -0.2554791513170459, -0.2846447860833906, -0.15784824835003808, True
-2.0254185459890808, -2.5175052923680243, 2.400363965563603, -0.2554791513170459, -0.2846447860833906, -0.15784824835003808, False
-5.659938901072481, -0.19835302144892086, -2.7763700333979275, -0.2554791513170459, -0.2846447860833906, -0.15784824835003808, False
0.19403312957155716, 0.5119258578231234, -2.7338785236172085, -0.2554791513170459, -0.2846447860833906, -0.15784824835003808, False
-4.271299803232835, -3.842594144055163, -1.9251342359675303, -0.2554791513170459, -0.2846447860833906, -0.15784824835003808, False
0.281466084109252, -5.553842115311481, -2.1639282614205904, -0.2554791513170459, -0.2846447860833906, -0.15784824835003808, False
-2.334605410729516, -4.681980085869341, 2.0658590243594137, -0.2554791513170459, -0.2846447860833906, -0.15784824835003808, False
-3.2022412849803117, 4.582656610009327, -0.7769957018527602, -0.2554791513170459, -0.2846447860833906, -0.15784824835003808, False
-2.8217217296765273, -5.610802436990575, 2.1505923029395335, -0.2554791513170459, -0.2846447860833906, -0.15784824835003808, True
-5.287966099849635, -4.958938758229966, 0.7810393825265418, -0.2554791513170459, -0.2846447860833906, -0.15784824835003808, False
0.1611711059201637, 3.9758621604564492, -0.6930195675574335, -0.2554791513170459, -0.2846447860833906, -0.15784824835003808, False
2.0134480623250077, -1.889036978174448, 1.7688804795576685, -0.2554791513170459, -0.2846447860833906, -0.15784824835003808, False
-3.752493909303227, 5.098252208940361, 0.06700796212196991, -0.2554791513170459, -0.2846447860833906, -0.15784824835003808, False
-3.2428050006508364, -4.392348792125361, -3.118419666807115, -0.2554791513170459, -0.2846447860833906, -0.15784824835003808, True
4.064825945967467, -0.4544347324256286, -2.1995691274684828, -0.2554791513170459, -0.2846447860833906, -0.15784824835003808, False
1.1710654806563872, 3.6809992765323862, 2.1615115485723715, -0.2554791513170459, -0.2846447860833906, -0.15784824835003808, False
-5.254574352296112, -4.852989654995022, 0.5814029693596692, -0.2554791513170459, -0.2846447860833906, -0.15784824835003808, False
-4.931701419124987, 2.470958004625963, 2.932761814149355, -0.2554791513170459, -0.2846447860833906, -0.15784824835003808, True
-3.3390317325791607, 5.740238210449482, 0.11702818628320655, -0.2554791513170459, -0.2846447860833906, -0.15784824835003808, False
-0.1051074658606721, 1.8247278020666382, -1.505419328821014, -0.2554791513170459, -0.2846447860833906, -0.15784824835003808, False
0.7225475419040652, -1.342157891652664, -0.19670091936376677, -0.2554791513170459, -0.2846447860833906, -0.15784824835003808, False
4.585832498790458, 1.961262867068685, -2.704470027922913, -0.2554791513170459, -0.2846447860833906, -0.15784824835003808, False
0.9528149164465756, -6.1542277074430825, -0.11780030313832279, -0.2554791513170459, -0.2846447860833906, -0.15784824835003808, False
-0.04136663041744271, 6.027535122469475, -2.0307946411879145, -0.2554791513170459, -0.2846447860833906, -0.15784824835003808, False
-4.219546448518031, 0.7672090025703167, 2.274644268626246, -0.2554791513170459, -0.2846447860833906, -0.15784824835003808, False
-3.661380210751514, 5.072686487424814, 0.060679029672041196, -0.2554791513170459, -0.2846447860833906, -0.15784824835003808, False
2.2212137576427544, 5.528487453266381, -0.28813358837444136, -0.2554791513170459, -0.2846447860833906, -0.15784824835003808, False
-2.6209381857596354, 0.6206035414997322, 0.7206378586019655, -0.2554791513170459, -0.2846447860833906, -0.15784824835003808, True
-3.5330560752299847, -5.358342903856358, -0.43495141777488566, -0.2554791513170459, -0.2846447860833906, -0.15784824835003808, False
2.788272008403915, 1.4447793978217165, -1.5360319943241136, -0.2554791513170459, -0.2846447860833906, -0.15784824835003808, False
3.57638078906081, 4.652583590627039, -0.3278579825213308, -0.2554791513170459, -0.2846447860833906, -0.15784824835003808, False
4.268819924465726, 4.34050864599212, 2.0211389585271036, -0.2554791513170459, -0.2846447860833906, -0.15784824835003808, False
4.7124111585750175, -0.5841253655790792, 0.07650618027729283, -0.2554791513170459, -0.2846447860833906, -0.15784824835003808, False
-4.689204328909297, -4.255338133009426, 2.320978800374485, -0.2554791513170459, -0.2846447860833906, -0.15784824835003808, True
-0.5802984147564745, 4.625708896321434, 1.8562172067438523, -0.2554791513170459, -0.2846447860833906, -0.15784824835003808, False
-1.9095305465030634, 4.280992890038327, -2.0800738820608147, -0.2554791513170459, -0.2846447860833906, -0.15784824835003808, False
1.766720698323729, 5.691592692051344, -1.3734726620178848, -0.2554791513170459, -0.2846447860833906, -0.15784824835003808, False
-5.627930222666991, -3.510023624108176, -1.0902222171141118, -0.2554791513170459, -0.2846447860833906, -0.15784824835003808, True
4.915319829516118, -1.3057924452757037, 0.8916353487570472, -0.2554791513170459, -0.2846447860833906, -0.15784824835003808, False
-2.3468445989514573, 3.299707352945857, 0.010494235422916276, -0.2554791513170459, -0.2846447860833906, -0.15784824835003808, False
-1.7131402716207491, 5.485875699533528, -3.064896710458908, -0.2554791513170459, -0.2846447860833906, -0.15784824835003808, True
0.30798374369777015, -0.9632252769092124, -0.272719475506805, -0.2554791513170459, -0.2846447860833906, -0.15784824835003808, False
-1.3573789136530365, -3.0167384449878885, -0.8335737461170116, -0.2554791513170459, -0.2846447860833906, -0.15784824835003808, False
-2.0354551795910494, -1.2091314666213213, -0.46618407576080934, -0.2554791513170459, -0.2846447860833906, -0.15784824835003808, False
-1.576584634586439, 6.037294348046062, 1.6325564059705036, -0.2554791513170459, -0.2846447860833906, -0.15784824835003808, False
3.802601733904437, 1.6721284918379506, -2.6939315266998394, -0.2554791513170459, -0.2846447860833906, -0.15784824835003808, False
3.3688452023106787, 5.329173663933576, -2.61222499988079, -0.2554791513170459, -0.2846447860833906, -0.15784824835003808, False
4.299460742048867, 3.6346443067138328, -1.3157507873850172, -0.2554791513170459, -0.2846447860833906, -0.15784824835003808, False
0.05272049202767892, 1.2331897307709951, -0.04737913302556107, -0.2554791513170459, -0.2846447860833906, -0.15784824835003808, False
0.3217181333977672, -1.5635421998420762, -3.1146822461243437, -0.2554791513170459, -0.2846447860833906, -0.15784824835003808, True
-4.073790188746021, -2.633553207761272, 0.4117229580643693, -0.2554791513170459, -0.2846447860833906, -0.15784824835003808, False
-0.9079051665657056, -4.413307267927621, -0.3851052578632763, -0.2554791513170459, -0.2846447860833906, -0.15784824835003808, False
2.922460251601125, 2.268049480903306, -0.9171489256699767, -0.2554791513170459, -0.2846447860833906, -0.15784824835003808, False
-2.1873775097701724, -2.582044535228829, 2.3964975737690173, -0.2554791513170459, -0.2846447860833906, -0.15784824835003808, False
6.2787950212882695, 2.3057699087192027, 2.3122528415753543, -0.2554791513170459, -0.2846447860833906, -0.15784824835003808, False
4.809882637349778, -4.617014617542759, 2.1260141319799546, -0.2554791513170459, -0.2846447860833906, -0.15784824835003808, False
3.6757005209334555, 6.096574296537744, -0.8086955282285246, -0.2554791513170459, -0.2846447860833906, -0.15784824835003808, False
-6.197162164273205, -2.618617914454535, 0.6804296864829804, -0.2554791513170459, -0.2846447860833906, -0.15784824835003808, False
-4.484178798403175, -2.5203908018435737, -0.8152352802337517, -0.2554791513170459, -0.2846447860833906, -0.15784824835003808, False
-2.8256102038538398, 6.1894503401730745, 1.6319608810184425, -0.2554791513170459, -0.2846447860833906, -0.15784824835003808, True
-5.186410265230369, 6.210339414947768, -1.186599239914683, -0.2554791513170459, -0.2846447860833906, -0.15784824835003808, False
-3.1205653800707918, -3.084173953469616, -0.4504841417766392, -0.2554791513170459, -0.2846447860833906, -0.15784824835003808, False
-2.6347304285574875, 1.976291454617817, -0.2722340290628056, -0.2554791513170459, -0.2846447860833906, -0.15784824835003808, False
3.6810123074591363, -5.5665849795592495, 2.3311800396043214, -0.2554791513170459, -0.2846447860833906, -0.15784824835003808, True
2.623677959887692, 1.7354847163625227, -2.9457144047773296, -0.2554791513170459, -0.2846447860833906, -0.15784824835003808, True
-2.219600765731095, 1.4270051704575621, 2.426183275975232, -0.2554791513170459, -0.2846447860833906, -0.15784824835003808, False
4.204906266133268, -4.517889985820361, 2.248877720405318, -0.2554791513170459, -0.2846447860833906, -0.15784824835003808, False
5.95011874760573, 0.18167142296259176, -1.0304680860585949, -0.2554791513170459, -0.2846447860833906, -0.15784824835003808, False
0.6678969966238162, -1.4145377432670196, 2.1232146623971646, -0.2554791513170459, -0.2846447860833906, -0.15784824835003808, False
4.682153361925723, -4.78614304196389, -1.277206417471736, -0.2554791513170459, -0.2846447860833906, -0.15784824835003808, False
-4.623149422646188, 2.3930841394332685, 0.3024676337627281, -0.2554791513170459, -0.2846447860833906, -0.15784824835003808, True
-4.275652149434844, 2.2378465195977792, -1.5599011080981424, -0.2554791513170459, -0.2846447860833906, -0.15784824835003808, False
0.8220476635574361, -0.342413787096862, -2.232594878170511, -0.2554791513170459, -0.2846447860833906, -0.15784824835003808, False
2.618249550706315, 1.0195875843140119, -0.9321642680022015, -0.2554791513170459, -0.2846447860833906, -0.15784824835003808, False
1.264995365290794, -5.761701364100603, -1.3192406799700853, -0.2554791513170459, -0.2846447860833906, -0.15784824835003808, False
0.8855528965540467, -1.294376493105358, -0.296260778204708, -0.2554791513170459, -0.2846447860833906, -0.15784824835003808, False
1.9090749518413386, -1.4735138994300963, 1.744665982581279, -0.2554791513170459, -0.2846447860833906, -0.15784824835003808, False
1.0908022092011036, 5.273080594971633, 2.3093034128016763, -0.2554791513170459, -0.2846447860833906, -0.15784824835003808, False
4.556101714833003, -5.535223243551921, -1.4203248151735208, -0.2554791513170459, -0.2846447860833906, -0.15784824835003808, False
-4.539628494949067, -5.708705032739229, -2.057387651540427, -0.2554791513170459, -0.2846447860833906, -0.15784824835003808, False
3.9368371276336465, -4.316356284990805, 2.804829163200118, -0.2554791513170459, -0.2846447860833906, -0.15784824835003808, False
-4.426300455623831, 5.5738293047682745, 2.430057288092666, -0.2554791513170459, -0.2846447860833906, -0.15784824835003808, False
2.9424895765172963, -0.4010131035793414, -2.5546236152217263, -0.2554791513170459, -0.2846447860833906, -0.15784824835003808, False
5.338003826528366, 0.9377437357033633, -1.1983811420643262, -0.2554791513170459, -0.2846447860833906, -0.15784824835003808, False
-0.8651111797053641, -2.915211698654048, 1.1548286482269932, -0.2554791513170459, -0.2846447860833906, -0.15784824835003808, False
-6.241016474830805, 5.555109629942784, -0.9410077512439465, -0.2554791513170459, -0.2846447860833906, -0.15784824835003808, False
-1.4060306017337334, 5.715868433316526, 2.3330774339203533, -0.2554791513170459, -0.2846447860833906, -0.15784824835003808, False
1.762337102123757, -1.3259094815729249, 0.8167943257960126, -0.2554791513170459, -0.2846447860833906, -0.15784824835003808, False
-5.904402723221096, 4.588256206417377, -2.5827313809350323, -0.2554791513170459, -0.2846447860833906, -0.15784824835003808, False
-0.5635901657578053, 5.209065466456476, -2.7858332664311667, -0.2554791513170459, -0.2846447860833906, -0.15784824835003808, False
3.091129318538176, -5.442515343057892, -1.1827693345974604, -0.2554791513170459, -0.2846447860833906, -0.15784824835003808, True
0.598724911219203, 4.661513373992577, -2.296600966016656, -0.2554791513170459, -0.2846447860833906, -0.15784824835003808, False
4.586786055312466, -6.000172358662433, -1.4229364333445005, -0.2554791513170459, -0.2846447860833906, -0.15784824835003808, False
-0.6286474859257023, -5.405748162143329, 0.9476353111752278, -0.2554791513170459, -0.2846447860833906, -0.15784824835003808, False
2.3072466372569167, -2.972522888511311, 0.45134544464211945, -0.2554791513170459, -0.2846447860833906, -0.15784824835003808, False
-4.499379698954924, 2.6807227923603953, 1.883795133907694, -0.2554791513170459, -0.2846447860833906, -0.15784824835003808, False
4.407668363817738, -2.3417742594224364, 2.198657240958881, -0.2554791513170459, -0.2846447860833906, -0.15784824835003808, False
1.0921216469127462, 2.75499834780433, 0.8916980996547421, -0.2554791513170459, -0.2846447860833906, -0.15784824835003808, True
-4.927277441079089, -1.430135670451814, -1.8679117888507069, -0.2554791513170459, -0.2846447860833906, -0.15784824835003808, False
-0.8739297195333062, -0.7430435302247735, -0.2985664241981927, -0.2554791513170459, -0.2846447860833906, -0.15784824835003808, False
-0.3471334270271509, -0.18181635088110504, 0.40558674953947316, -0.2554791513170459, -0.2846447860833906, -0.15784824835003808, False
5.85685986224261, 5.727730887598513, -2.189571505791232, -0.2554791513170459, -0.2846447860833906, -0.15784824835003808, False
-0.47874301817013, -1.443646891416397, 0.1343479700299266, -0.2554791513170459, -0.2846447860833906, -0.15784824835003808, False
-4.214923769225806, -2.931131430251946, -0.9753631843661661, -0.2554791513170459, -0.2846447860833906, -0.15784824835003808, False
-0.46999640981757373, 5.165209679994584, -2.1099288979215722, -0.2554791513170459, -0.2846447860833906, -0.15784824835003808, False
2.049643802488575, -0.4211445943380623, -0.4256040020721592, -0.2554791513170459, -0.2846447860833906, -0.15784824835003808, False
-2.1952881730560048, -0.029323927050571186, 2.2288412059011025, -0.2554791513170459, -0.2846447860833906, -0.15784824835003808, True
0.5134551699092436, 2.684602171487885, -1.4607689865702866, -0.2554791513170459, -0.2846447860833906, -0.15784824835003808, True
0.21665294484332254, -1.4201449532867283, -0.4259611256622553, -0.2554791513170459, -0.2846447860833906, -0.15784824835003808, False
5.119402395973211, 3.078070034615518, -0.4346051068970267, -0.2554791513170459, -0.2846447860833906, -0.15784824835003808, False
4.304570134474664, 0.5342265315626182, -3.107588297181217, -0.2554791513170459, -0.2846447860833906, -0.15784824835003808, True
-2.500086802300088, 0.7064613935083841, -3.1150151429925135, -0.2554791513170459, -0.2846447860833906, -0.15784824835003808, True
-4.671960333594596, 5.794707229177792, -0.8041004572563617, -0.2554791513170459, -0.2846447860833906, -0.15784824835003808, False
0.07591228476070633, 4.846838590000019, 2.3435917359128444, -0.2554791513170459, -0.2846447860833906, -0.15784824835003808, False
2.8299793485696796, 3.2413314938744193, 2.792606905507304, -0.2554791513170459, -0.2846447860833906, -0.15784824835003808, False
3.369817405174178, 4.0969055001794175, -3.058590180963813, -0.2554791513170459, -0.2846447860833906, -0.15784824835003808, True
-3.3765043409259836, 2.774998430126786, -3.0236364403966562, -0.2554791513170459, -0.2846447860833906, -0.15784824835003808, True
-5.968413865025018, -4.556524614254197, 0.8509920673260374, -0.2554791513170459, -0.2846447860833906, -0.15784824835003808, False
-3.940875645983903, 2.393332958257597, -0.9595569043468615, -0.2554791513170459, -0.2846447860833906, -0.15784824835003808, False
-0.16789671445980314, 0.7793656155675919, 2.429883186073657, -0.2554791513170459, -0.2846447860833906, -0.15784824835003808, False
