-3.837753708451107, -1.7572384686249043, -2.25120074524665, -0.29487196203320987, 0.06208275351905712, 0.5339620813256469, False
-3.9042745032515738, -5.296090478933644, -1.5183990691603755, -0.29487196203320987, 0.06208275351905712, 0.5339620813256469, False
1.0809504028894654, 5.413143559519812, -0.5644565286587455, -0.29487196203320987, 0.06208275351905712, 0.5339620813256469, False
4.6650366120081035, -2.4523128237415994, -0.5861916050850708, -0.29487196203320987, 0.06208275351905712, 0.5339620813256469, False
5.794744043066581, 2.6861863664868064, 0.6849446746383627, -0.29487196203320987, 0.06208275351905712, 0.5339620813256469, False
-0.4461654122292167, 4.95953989493897, -2.0849546635712093, -0.29487196203320987, 0.06208275351905712, 0.5339620813256469, True
2.5038526810937203, -2.8381049784799286, 2.486541139396996, -0.29487196203320987, 0.06208275351905712, 0.5339620813256469, False
-2.5210101697705003, 1.8029370219912675, -2.05597589715975, -0.29487196203320987, 0.06208275351905712, 0.5339620813256469, False
4.637901539707377, 0.48929573244889735, 0.0775071265853855, -0.29487196203320987, 0.06208275351905712, 0.5339620813256469, False
-2.9415475310390056, -2.149440045619195, 2.129992043839965, -0.29487196203320987, 0.06208275351905712, 0.5339620813256469, True
1.1473681249405683, 5.425942172213727, 1.7044648109274396, -0.29487196203320987, 0.06208275351905712, 0.5339620813256469, False
5.662973733387032, -6.222593703084327, -0.6570892256272041, -0.29487196203320987, 0.06208275351905712, 0.5339620813256469, False
4.882292719241889, -1.1569759233584103, -2.6042977108086816, -0.29487196203320987, 0.06208275351905712, 0.5339620813256469, False
-3.3994388896221155, 4.8072945202506805, 2.779188851276875, -0.29487196203320987, 0.06208275351905712, 0.5339620813256469, False
-1.489298224584049, 5.336274749708908, -2.399913291116178, -0.29487196203320987, 0.06208275351905712, 0.5339620813256469, False
6.245201965177706, -0.15482924721079527, 2.699554692460887, -0.29487196203320987, 0.06208275351905712, 0.5339620813256469, False
5.605648244810165, 2.874950402625876, -0.4439279586105318, -0.29487196203320987, 0.06208275351905712, 0.5339620813256469, False
1.8547216716877504, 0.27488013654632404, -1.230765713413066, -0.29487196203320987, 0.06208275351905712, 0.5339620813256469, False
-1.7250480024849608, -4.628064765801888, 2.7124315981420937, -0.29487196203320987, 0.06208275351905712, 0.5339620813256469, False
4.0596848527099905, -3.5145910239812572, -2.6495447261047635, -0.29487196203320987, 0.06208275351905712, 0.5339620813256469, False
-5.804731880491978, 3.6007974179093214, 0.6864138444832468, -0.29487196203320987, 0.06208275351905712, 0.5339620813256469, False
-0.2566067561142029, -1.918736973941022, -2.883421819875876, -0.29487196203320987, 0.06208275351905712, 0.5339620813256469, False
-5.470748056117934, 5.818304531056295, -0.4010675094138296, -0.29487196203320987, 0.06208275351905712, 0.5339620813256469, False
1.6412893004022129, 3.3083949344230916, 1.369002854154017, -0.29487196203320987, 0.06208275351905712, 0.5339620813256469, False
-6.079419336247329, 2.8445014900893533, 2.7792851230736906, -0.29487196203320987, 0.06208275351905712, 0.5339620813256469, False
4.711280151086928, 0.281461945615904, 2.921218084091504, -0.29487196203320987, 0.06208275351905712, 0.5339620813256469, True
-0.5185621915821477, -3.628967096106705, 1.3477391524077467, -0.29487196203320987, 0.06208275351905712, 0.5339620813256469, False
-5.627899266095292, 5.905804775072227, 3.0979307984255247, -0.29487196203320987, 0.06208275351905712, 0.5339620813256469, True
-1.264740708993953, -1.5075116005048805, -0.9187384149115476, -0.29487196203320987, 0.06208275351905712, 0.5339620813256469, False
5.931510776834749, 3.778873607092452, -0.4064891055821973, -0.29487196203320987, 0.06208275351905712, 0.5339620813256469, False
5.444934907996478, 1.9550548513987476, -0.6338121059596795, -0.29487196203320987, 0.06208275351905712, 0.5339620813256469, False
-1.361199881897316, -0.329558477479436, 0.32699428578435397, -0.29487196203320987, 0.06208275351905712, 0.5339620813256469, False
5.12374592183809, 1.522147276265919, -1.69731084059981, -0.29487196203320987, 0.06208275351905712, 0.5339620813256469, False
-1.2231028824959687, 3.0268631545538067, 1.2100201335029528, -0.29487196203320987, 0.06208275351905712, 0.5339620813256469, False
3.1565101508847384, 2.5607031017808364, 0.22186638171046846, -0.29487196203320987, 0.06208275351905712, 0.5339620813256469, False
-6.2591811492822975, -5.8208219218770045, -0.5234195178832328, -0.29487196203320987, 0.06208275351905712, 0.5339620813256469, False
-5.500109648168313, 2.161755024594056, 0.4935040233294332, -0.29487196203320987, 0.06208275351905712, 0.5339620813256469, False
2.695794462315428, -2.2824142814113237, -1.613005988612094, -0.29487196203320987, 0.06208275351905712, 0.5339620813256469, False
-0.2959416160049777, -1.8550391846158325, 2.5847278009449113, -0.29487196203320987, 0.06208275351905712, 0.5339620813256469, False
3.9251376614522684, -1.8941320646454347, 2.2223840103134203, -0.29487196203320987, 0.06208275351905712, 0.5339620813256469, False
-1.030887914978564, -1.7364840288106995, 2.421705692610037, -0.29487196203320987, 0.06208275351905712, 0.5339620813256469, False
-1.6883966887274209, 4.372151747123038, 1.550206632143686, -0.29487196203320987, 0.06208275351905712, 0.5339620813256469, False
5.293977024356485, 5.240792983813813, 1.2829991718943692, -0.29487196203320987, 0.06208275351905712, 0.5339620813256469, False
0.9150243672573115, -4.55731142476194, -1.5286903644348875, -0.29487196203320987, 0.06208275351905712, 0.5339620813256469, False
-1.3789522390126034, 6.109910553534819, 0.7436058255152314, -0.29487196203320987, 0.06208275351905712, 0.5339620813256469, False
4.438752698648182, 0.9933516642327493, 1.6789919739296018, -0.29487196203320987, 0.06208275351905712, 0.5339620813256469, False
4.8946524890112375, 2.9354020941260686, 1.9882931407311917, -0.29487196203320987, 0.06208275351905712, 0.5339620813256469, False
-3.625391271943383, 0.28434800957468376, -2.516049788759278, -0.29487196203320987, 0.06208275351905712, 0.5339620813256469, False
3.8275370690594457, 3.809094494595488, 1.4676550702335351, -0.29487196203320987, 0.06208275351905712, 0.5339620813256469, False
-4.965479794952261, 4.369608651109253, -0.26181014223799925, -0.29487196203320987, 0.06208275351905712, 0.5339620813256469, True
4.355599425231892, -4.2977047427913835, 1.5655984653788684, -0.29487196203320987, 0.06208275351905712, 0.5339620813256469, False
1.2433714593261191, 2.896162837096492, -0.7471678002810789, -0.29487196203320987, 0.06208275351905712, 0.5339620813256469, False
-0.8958768188150241, 2.268590640049494, -1.7974543220555235, -0.29487196203320987, 0.06208275351905712, 0.5339620813256469, False
-4.2599549449135345, 5.973304489089717, -3.0216724888044277, -0.29487196203320987, 0.06208275351905712, 0.5339620813256469, True
-0.5482923037102516, 1.5002265678417634, 1.3175022709590163, -0.29487196203320987, 0.06208275351905712, 0.5339620813256469, False
5.710726462278956, -4.0496168135277735, -0.9021328572219134, -0.29487196203320987, 0.06208275351905712, 0.5339620813256469, False
4.151440335236998, -5.923051857086533, 1.6639411750046351, -0.29487196203320987, 0.06208275351905712, 0.5339620813256469, False
-4.33912833704909, 0.7962424909087922, 0.3773794372535808, -0.29487196203320987, 0.06208275351905712, 0.5339620813256469, False
-6.207665160345554, 3.7660227617454236, -1.8407053129952529, -0.29487196203320987, 0.06208275351905712, 0.5339620813256469, False
-5.218588450362977, 5.567560168217399, 2.3658311686927247, -0.29487196203320987, 0.06208275351905712, 0.5339620813256469, False
2.0473679831598037, 3.7129268856570263, -0.363686051767111, -0.29487196203320987, 0.06208275351905712, 0.5339620813256469, False
-0.05358754842994706, -3.671546521313452, -0.5680962626331825, -0.29487196203320987, 0.06208275351905712, 0.5339620813256469, False
4.7192656737829815, -5.883993025094419, 0.0023190022251320386, -0.29487196203320987, 0.06208275351905712, 0.5339620813256469, False
-6.200814410347798, -5.170835243808543, 2.992415989022377, -0.29487196203320987, 0.06208275351905712, 0.5339620813256469, True
-1.504173755395855, -5.304284984061447, -3.0046976387664164, -0.29487196203320987, 0.06208275351905712, 0.5339620813256469, True
0.23485979314250915, -4.3947295630456615, -0.7528915195098778, -0.29487196203320987, 0.06208275351905712, 0.5339620813256469, False
3.789436838708143, -4.145063795367316, 1.2209702829599678, -0.29487196203320987, 0.06208275351905712, 0.5339620813256469, False
-1.5536588832274685, 6.064813531175128, -2.7026219596846603, -0.29487196203320987, 0.06208275351905712, 0.5339620813256469, False
4.642917844026007, 5.952988627692434, 0.9668800334133785, -0.29487196203320987, 0.06208275351905712, 0.5339620813256469, False
-2.4188901263318328, 2.656146146258754, 1.2440738706677337, -0.29487196203320987, 0.06208275351905712, 0.5339620813256469, False
-2.2534606525521426, 4.373186045919827, 1.2515825926745823, -0.29487196203320987, 0.06208275351905712, 0.5339620813256469, False
3.1331524658528718, -3.6741185919915136, 0.006076725638965996, -0.29487196203320987, 0.06208275351905712, 0.5339620813256469, False
-1.978609220989994, -0.18842220993734937, 2.540084416437135, -0.29487196203320987, 0.06208275351905712, 0.5339620813256469, False
-2.460568095917516, 1.7314072197698653, -2.161103886023967, -0.29487196203320987, 0.06208275351905712, 0.5339620813256469, False
1.2511653639252582, -4.293614897442248, 1.1107411298347571, -0.29487196203320987, 0.06208275351905712, 0.5339620813256469, False
5.796980928056229, -3.967188064291085, -2.48827550993286, -0.29487196203320987, 0.06208275351905712, 0.5339620813256469, False
-5.89563258881415, 4.4222577001592605, -1.7130817694599962, -0.29487196203320987, 0.06208275351905712, 0.5339620813256469, True
-3.964346646559143, -6.247414719096823, 0.359013686210925, -0.29487196203320987, 0.06208275351905712, 0.5339620813256469, False
-0.8002371824666721, -2.9108699560822084, -0.6375963083063163, -0.29487196203320987, 0.06208275351905712, 0.5339620813256469, False
1.0753579898167578, -3.8376928950850804, 1.0321642397017081, -0.29487196203320987, 0.06208275351905712, 0.5339620813256469, False
5.721109308822365, 0.9295905065944261, 0.37129084073351937, -0.29487196203320987, 0.06208275351905712, 0.5339620813256469, False
3.6485633632329595, -5.0838006398875395, 2.3014057463415183, -0.29487196203320987, 0.06208275351905712, 0.5339620813256469, False
-3.544262242332412, 1.9854138104219548, -2.9975643553899403, -0.29487196203320987, 0.06208275351905712, 0.5339620813256469, True
-1.3839158384971455, -5.24323012323947, -0.38571479011014453, -0.29487196203320987, 0.06208275351905712, 0.5339620813256469, False
-2.206117111976858, 2.385422656321621, -2.7156545498358384, -0.29487196203320987, 0.06208275351905712, 0.5339620813256469, False
1.8360509733822727, -5.773352576655955, 2.8183075311212313, -0.29487196203320987, 0.06208275351905712, 0.5339620813256469, False
3.310273207037719, -3.4301516675442416, -2.8220654765685547, -0.29487196203320987, 0.06208275351905712, 0.5339620813256469, False
2.1300435021676254, -3.9347633126589834, -1.8230362346414124, -0.29487196203320987, 0.06208275351905712, 0.5339620813256469, False
-5.747348611702504, 3.911982160516464, -1.7633690529372126, -0.29487196203320987, 0.06208275351905712, 0.5339620813256469, True
-3.020772821144221, -4.800146427749473, 3.0903085352754216, -0.29487196203320987, 0.06208275351905712, 0.5339620813256469, True
-5.211556259871428, -2.372751219570622, 1.0154684668574294, -0.29487196203320987, 0.06208275351905712, 0.5339620813256469, False
-3.45576865408901, 1.611675412421338, -0.29671060802599714, -0.29487196203320987, 0.06208275351905712, 0.5339620813256469, False
-3.224101021766734, -3.835346395596143, 0.7759216453255005, -0.29487196203320987, 0.06208275351905712, 0.5339620813256469, False
-0.8065424288395411, -5.2456363971134525, -1.4694687076604014, -0.29487196203320987, 0.06208275351905712, 0.5339620813256469, False
-2.897702114481218, 3.686112025628672, 0.15213660068592727, -0.29487196203320987, 0.06208275351905712, 0.5339620813256469, False
4.576616404597786, 2.197669862843913, -2.832003637349032, -0.29487196203320987, 0.06208275351905712, 0.5339620813256469, False
-5.214264077628206, -3.9862248597146204, 2.310989163321662, -0.29487196203320987, 0.06208275351905712, 0.5339620813256469, False
-5.6925718785621555, 1.3029964228298434, -2.5159124959352237, -0.29487196203320987, 0.06208275351905712, 0.5339620813256469, False
-2.674485122494706, -2.0891753778283757, -0.3538324314464325, -0.29487196203320987, 0.06208275351905712, 0.5339620813256469, False
-1.6818180253127313, -4.207184355412785, -2.0262761564414893, -0.29487196203320987, 0.06208275351905712, 0.5339620813256469, False
