6.086972763068966, -3.279558370008151, 1.0151312879239356, -0.2377859293494725, -0.3826614588335714, 0.6202260155067827, True
-4.656487309687395, 1.9039054910107236, -0.6863969278151489, -0.2377859293494725, -0.3826614588335714, 0.6202260155067827, True
5.908847393253442, 5.7588838535194, 0.8981621721731186, -0.2377859293494725, -0.3826614588335714, 0.6202260155067827, False
0.49208730615000906, 2.905669126884897, -0.6768067827274651, -0.2377859293494725, -0.3826614588335714, 0.6202260155067827, True
5.044764929246204, -5.640974672329937, 1.2846063631399698, -0.2377859293494725, -0.3826614588335714, 0.6202260155067827, True
1.0625873030334043, 3.996016872428738, 1.8591462671420738, -0.2377859293494725, -0.3826614588335714, 0.6202260155067827, False
6.222718806518973, 4.996619922567708, 2.5546395582287618, -0.2377859293494725, -0.3826614588335714, 0.6202260155067827, False
3.283591288072895, 4.115120665484927, 2.9989396185062196, -0.2377859293494725, -0.3826614588335714, 0.6202260155067827, True
-4.7432295800140984, 3.259772054273375, 1.5490534124628557, -0.2377859293494725, -0.3826614588335714, 0.6202260155067827, False
5.608154270029052, -4.055813619522876, 0.08466038460234637, -0.2377859293494725, -0.3826614588335714, 0.6202260155067827, True
-4.341477641913419, 3.2621265291999855, 0.8366733447075698, -0.2377859293494725, -0.3826614588335714, 0.6202260155067827, False
4.832872118293558, 2.453727692831956, 2.13399843495597, -0.2377859293494725, -0.3826614588335714, 0.6202260155067827, True
-4.7537879396310965, 0.2649895699467688, 1.707186381407781, -0.2377859293494725, -0.3826614588335714, 0.6202260155067827, True
-2.588257503880297, 3.62879227247441, -0.30790497146330686, -0.2377859293494725, -0.3826614588335714, 0.6202260155067827, False
-1.8553084075454205, 5.071582108032969, -0.18381925432873603, -0.2377859293494725, -0.3826614588335714, 0.6202260155067827, False
2.2252631251289703, 0.28260658699396846, -1.351402423153724, -0.2377859293494725, -0.3826614588335714, 0.6202260155067827, True
1.5029746219672946, -0.30967817936239417, 0.38549244243670966, -0.2377859293494725, -0.3826614588335714, 0.6202260155067827, False
-0.35701630035399035, -4.036493790811802, 1.9705035933644472, -0.2377859293494725, -0.3826614588335714, 0.6202260155067827, True
-4.965460960659107, -3.082892681165063, -1.0647234416026699, -0.2377859293494725, -0.3826614588335714, 0.6202260155067827, True
5.555145618603241, 5.675804821736245, 1.1565445662531006, -0.2377859293494725, -0.3826614588335714, 0.6202260155067827, False
1.0316882044442508, 1.1928807577482674, 0.3182155110987157, -0.2377859293494725, -0.3826614588335714, 0.6202260155067827, True
-4.295099502833776, -4.505031747346513, 0.35874125451184957, -0.2377859293494725, -0.3826614588335714, 0.6202260155067827, True
4.690981502665531, -4.127673852168703, 1.7434161699847186, -0.2377859293494725, -0.3826614588335714, 0.6202260155067827, True
-5.530845496029234, -4.635596956359453, 0.5179698340254562, -0.2377859293494725, -0.3826614588335714, 0.6202260155067827, True
-5.4071609654501405, 2.004619069222521, 0.31408068051740035, -0.2377859293494725, -0.3826614588335714, 0.6202260155067827, True
4.4736487263286815, 5.611926408420928, 2.1168408383993214, -0.2377859293494725, -0.3826614588335714, 0.6202260155067827, True
-2.8564549008568796, -4.097403632255296, -3.071547572105501, -0.2377859293494725, -0.3826614588335714, 0.6202260155067827, True
-5.361791513051104, -2.358467599886909, -1.4204613442609642, -0.2377859293494725, -0.3826614588335714, 0.6202260155067827, False
6.153720817246857, 1.1685860947957565, 0.0632094876336029, -0.2377859293494725, -0.3826614588335714, 0.6202260155067827, True
1.7494527954167687, 1.691409185405588, 1.5749798026354354, -0.2377859293494725, -0.3826614588335714, 0.6202260155067827, True
2.3419195931805934, 4.27059185077475, -3.115522350111923, -0.2377859293494725, -0.3826614588335714, 0.6202260155067827, True
6.0782410626590035, 5.106159039461337, -0.03772421249329305, -0.2377859293494725, -0.3826614588335714, 0.6202260155067827, False
3.7065181436593857, 0.03592727193616607, -1.8577412673522193, -0.2377859293494725, -0.3826614588335714, 0.6202260155067827, False
-3.3685325992696, -1.4953661650343761, -0.6072174009616882, -0.2377859293494725, -0.3826614588335714, 0.6202260155067827, False
1.7284845169208882, 4.133602264798133, -1.3447193645391293, -0.2377859293494725, -0.3826614588335714, 0.6202260155067827, False
2.7793193928022184, -0.8062213054647147, 1.7198420290180918, -0.2377859293494725, -0.3826614588335714, 0.6202260155067827, False
-1.501232368879676, 5.898596433911688, 2.3582290437335116, -0.2377859293494725, -0.3826614588335714, 0.6202260155067827, True
5.0999935541346595, -0.13483379301712795, 1.852724981011388, -0.2377859293494725, -0.3826614588335714, 0.6202260155067827, True
-4.0007497306473425, -0.2295980828160742, 0.8490192639052654, -0.2377859293494725, -0.3826614588335714, 0.6202260155067827, True
-1.8422064030980714, -2.262722420649343, -3.0414299191242353, -0.2377859293494725, -0.3826614588335714, 0.6202260155067827, True
4.341235442967104, 2.7381982154683495, 0.7682034971449072, -0.2377859293494725, -0.3826614588335714, 0.6202260155067827, True
-0.9003777419612753, 0.8442462667323287, 1.696087758323718, -0.2377859293494725, -0.3826614588335714, 0.6202260155067827, True
3.5457627665793936, -4.495926093900767, 1.9297329744385179, -0.2377859293494725, -0.3826614588335714, 0.6202260155067827, True
-0.7860123695750758, -0.69343843710379, -1.290250774958519, -0.2377859293494725, -0.3826614588335714, 0.6202260155067827, False
2.7296350531228164, 0.42872283285689594, -1.5824092914559642, -0.2377859293494725, -0.3826614588335714, 0.6202260155067827, True
4.495326970593942, -3.4303087180274017, -2.2695361700246774, -0.2377859293494725, -0.3826614588335714, 0.6202260155067827, True
-0.8459982604278329, -3.5752898858261113, -1.1020563070035818, -0.2377859293494725, -0.3826614588335714, 0.6202260155067827, True
2.3652690198645487, 4.137843334127416, -0.29473003296461897, -0.2377859293494725, -0.3826614588335714, 0.6202260155067827, False
5.773456445455322, -3.9627662221782427, 0.06972244129241245, -0.2377859293494725, -0.3826614588335714, 0.6202260155067827, True
0.17001271971760534, -5.528601121892512, 0.1049177782747801, -0.2377859293494725, -0.3826614588335714, 0.6202260155067827, True
2.6674466661096563, -3.703826032745577, -3.0817898914625768, -0.2377859293494725, -0.3826614588335714, 0.6202260155067827, True
-3.2772760240036662, 1.9562004764050247, 2.556482850089415, -0.2377859293494725, -0.3826614588335714, 0.6202260155067827, True
3.871546190104363, 5.578645551985225, -3.0527510007982666, -0.2377859293494725, -0.3826614588335714, 0.6202260155067827, True
-3.6343351182956507, 4.6826459698751695, -3.1380943972240023, -0.2377859293494725, -0.3826614588335714, 0.6202260155067827, True
-4.583964960937393, -3.5540574021179188, 1.1220381891252948, -0.2377859293494725, -0.3826614588335714, 0.6202260155067827, True
-1.6745934502859487, -5.850453572512916, -2.990795536487139, -0.2377859293494725, -0.3826614588335714, 0.6202260155067827, True
-0.49520570502109074, 6.122564286147854, 2.1328591087113296, -0.2377859293494725, -0.3826614588335714, 0.6202260155067827, True
-4.271716157869974, 4.99357097138061, 2.4585988701881805, -0.2377859293494725, -0.3826614588335714, 0.6202260155067827, False
3.5595509835087302, -0.2639248186178378, 0.09879319429171796, -0.2377859293494725, -0.3826614588335714, 0.6202260155067827, False
4.667156239464985, 5.558653386202437, -2.455532244099663, -0.2377859293494725, -0.3826614588335714, 0.6202260155067827, False
-3.9217391083491875, -3.217396462259341, -2.550667536758085, -0.2377859293494725, -0.3826614588335714, 0.6202260155067827, True
5.537092069898112, 2.31699654508952, -1.2641246778846909, -0.2377859293494725, -0.3826614588335714, 0.6202260155067827, True
-6.101709810163211, -3.63348511565702, 0.6959467239728294, -0.2377859293494725, -0.3826614588335714, 0.6202260155067827, True
-3.9689816268492972, -6.087522928296459, -1.7128553782485911, -0.2377859293494725, -0.3826614588335714, 0.6202260155067827, True
4.186565468406185, -0.5936185845669044, -1.2648770058467713, -0.2377859293494725, -0.3826614588335714, 0.6202260155067827, True
3.210707434210457, -5.981660474855786, -0.059181761864838034, -0.2377859293494725, -0.3826614588335714, 0.6202260155067827, True
-3.498002876147206, 0.6318905652074438, 1.9828940482463677, -0.2377859293494725, -0.3826614588335714, 0.6202260155067827, True
-3.3260657601549273, 2.652314728364841, -2.6854268717271, -0.2377859293494725, -0.3826614588335714, 0.6202260155067827, True
-3.007208870667336, 3.98820116106001, -2.680939036563168, -0.2377859293494725, -0.3826614588335714, 0.6202260155067827, False
-3.0293566836306067, -0.18049360451220942, -1.455059683118948, -0.2377859293494725, -0.3826614588335714, 0.6202260155067827, False
3.495263797537845, -3.1160300522028948, -1.6695940305660633, -0.2377859293494725, -0.3826614588335714, 0.6202260155067827, True
1.557462290150692, 4.24895153007245, -1.6682926378915441, -0.2377859293494725, -0.3826614588335714, 0.6202260155067827, False
6.071292328632074, -4.9132950605319365, 1.4096132852798071, -0.2377859293494725, -0.3826614588335714, 0.6202260155067827, True
-5.928464348488524, 3.287823625110871, -2.791415976142254, -0.2377859293494725, -0.3826614588335714, 0.6202260155067827, True
-5.810406798755924, 1.2134411484548915, -1.6028761242981528, -0.2377859293494725, -0.3826614588335714, 0.6202260155067827, True
4.049459435480424, 2.474680532347177, -0.6511073495384325, -0.2377859293494725, -0.3826614588335714, 0.6202260155067827, True
-5.509564692933339, 3.967736805291846, -1.2379983472812819, -0.2377859293494725, -0.3826614588335714, 0.6202260155067827, False
-4.945491253640868, 2.1943463551632565, -0.7041445316759911, -0.2377859293494725, -0.3826614588335714, 0.6202260155067827, True
-4.4712418977741235, -4.748366033885436, -0.5541613306589248, -0.2377859293494725, -0.3826614588335714, 0.6202260155067827, True
5.362114402924451, 0.1705171160551373, 1.1403076484735974, -0.2377859293494725, -0.3826614588335714, 0.6202260155067827, True
-0.9630120728761868, 1.515256534015002, 0.06002739389245715, -0.2377859293494725, -0.3826614588335714, 0.6202260155067827, True
4.959234516535966, -0.907668455502531, -1.792200823324584, -0.2377859293494725, -0.3826614588335714, 0.6202260155067827, False
-4.5671840252401354, 4.481756481907924, -0.7683628885214984, -0.2377859293494725, -0.3826614588335714, 0.6202260155067827, False
5.283352067864135, 0.7359962105868494, 2.0972445394036994, -0.2377859293494725, -0.3826614588335714, 0.6202260155067827, True
5.013819315026566, 2.8258379708318078, -3.137188158274815, -0.2377859293494725, -0.3826614588335714, 0.6202260155067827, True
-3.5916868023269424, -0.19564837376712152, 1.4168784367923468, -0.2377859293494725, -0.3826614588335714, 0.6202260155067827, True
1.3218287865505491, 1.0581667663818832, 3.0608998778470635, -0.2377859293494725, -0.3826614588335714, 0.6202260155067827, True
4.169425378959373, 2.4100516291163565, 2.424369151333983, -0.2377859293494725, -0.3826614588335714, 0.6202260155067827, True
-3.396852531089374, 0.32327649291030536, 0.08958183068300807, -0.2377859293494725, -0.3826614588335714, 0.6202260155067827, True
-0.9529840879742242, 1.2210921781818591, -2.162630785603678, -0.2377859293494725, -0.3826614588335714, 0.6202260155067827, True
-1.4816202347482736, -2.2692721849536497, 2.4278016912158495, -0.2377859293494725, -0.3826614588335714, 0.6202260155067827, False
3.4505133031378197, -3.798460377961217, -1.467560699221365, -0.2377859293494725, -0.3826614588335714, 0.6202260155067827, True
-3.468350416616139, 1.025083946379831, 1.969539048122976, -0.2377859293494725, -0.3826614588335714, 0.6202260155067827, True
-0.6438253846095972, -4.557347979784855, -2.856263143869008, -0.2377859293494725, -0.3826614588335714, 0.6202260155067827, True
5.758662182910259, -5.0724389034257085, 2.2817511208790755, -0.2377859293494725, -0.3826614588335714, 0.6202260155067827, True
3.1793460800501947, -3.6872158660419245, 0.35809606550983997, -0.2377859293494725, -0.3826614588335714, 0.6202260155067827, True
1.5868546582827046, 6.179137425259885, -0.05842351577649385, -0.2377859293494725, -0.3826614588335714, 0.6202260155067827, False
-2.6069895102641696, -3.7630801024859872, 0.5956647852970645, -0.2377859293494725, -0.3826614588335714, 0.6202260155067827, True
-3.7148508566164744, -2.014828628600827, -0.23393805016532232, -0.2377859293494725, -0.3826614588335714, 0.6202260155067827, False
-5.948607999933116, 2.3911987673296746, 0.04860849452807825, -0.2377859293494725, -0.3826614588335714, 0.6202260155067827, True
4.382516858046818, 3.0997075322504646, -0.5170621813040799, -0.2377859293494725, -0.3826614588335714, 0.6202260155067827, True
5.671260345229584, 5.956654798668115, -0.6121751512427354, -0.2377859293494725, -0.3826614588335714, 0.6202260155067827, False
4.445340333865591, -5.481811626853268, -2.9643819500758926, -0.2377859293494725, -0.3826614588335714, 0.6202260155067827, True
-4.7209494966043755, 2.567948526413492, 2.139939842481599, -0.2377859293494725, -0.3826614588335714, 0.6202260155067827, True
-1.2565098573214764, -2.461990301672977, -2.5208873769359403, -0.2377859293494725, -0.3826614588335714, 0.6202260155067827, True
-3.2238280515590096, -4.650827411731223, 2.950267895076715, -0.2377859293494725, -0.3826614588335714, 0.6202260155067827, True
6.104540472031172, -0.2787372367921215, -1.3028532153997285, -0.2377859293494725, -0.3826614588335714, 0.6202260155067827, False
-3.197899723112474, 0.9311566546223755, -1.6213761539826734, -0.2377859293494725, -0.3826614588335714, 0.6202260155067827, True
-2.5264751911253387, 0.31655358764693187, -2.205764392929366, -0.2377859293494725, -0.3826614588335714, 0.6202260155067827, True
4.359515932516498, 4.9805189138901795, -0.7529587214870208, -0.2377859293494725, -0.3826614588335714, 0.6202260155067827, False
5.917425158638132, -4.09310165210948, 2.5073689911812034, -0.2377859293494725, -0.3826614588335714, 0.6202260155067827, True
-5.444308369336895, 2.073786258238913, -0.6937370641303997, -0.2377859293494725, -0.3826614588335714, 0.6202260155067827, True
1.4912946031778045, 2.610790316681447, -2.864879379509694, -0.2377859293494725, -0.3826614588335714, 0.6202260155067827, True
-3.5859707862965085, 2.4880323024604394, 0.4689584685356709, -0.2377859293494725, -0.3826614588335714, 0.6202260155067827, True
-4.383405253601178, -0.41929752261067144, 0.9760748578727707, -0.2377859293494725, -0.3826614588335714, 0.6202260155067827, False
1.9857237804761194, -0.371833904368188, 2.659442696488777, -0.2377859293494725, -0.3826614588335714, 0.6202260155067827, True
0.42513762802466726, 1.0414151585824918, 1.4585944126485408, -0.2377859293494725, -0.3826614588335714, 0.6202260155067827, True
-4.601074563649561, -0.6441836575658968, 2.3415011507692878, -0.2377859293494725, -0.3826614588335714, 0.6202260155067827, True
0.495905326229221, -4.591491132333224, -0.020704847496527012, -0.2377859293494725, -0.3826614588335714, 0.6202260155067827, True
-1.9520585330344256, -3.347337360748028, -0.9319825311524488, -0.2377859293494725, -0.3826614588335714, 0.6202260155067827, True
-1.3822874469385251, -2.4060702019737286, -0.8015478129152709, -0.2377859293494725, -0.3826614588335714, 0.6202260155067827, False
3.1518123901187547, -2.8789670482792067, 2.9185312091417925, -0.2377859293494725, -0.3826614588335714, 0.6202260155067827, True
-1.5139267018440252, 1.640488204584111, 2.351240877078861, -0.2377859293494725, -0.3826614588335714, 0.6202260155067827, True
5.074648422015967, -1.7461532481570012, -0.895392794245943, -0.2377859293494725, -0.3826614588335714, 0.6202260155067827, False
2.74530447634422, -0.4148256313694212, -2.5867780348149436, -0.2377859293494725, -0.3826614588335714, 0.6202260155067827, False
0.08189673798102959, 5.858459166954805, -0.6246351195094149, -0.2377859293494725, -0.3826614588335714, 0.6202260155067827, False
3.0997128020962457, -3.644783149901264, 2.4979949302338147, -0.2377859293494725, -0.3826614588335714, 0.6202260155067827, True
-4.246751785423758, -2.332899082970042, -3.0887593205894817, -0.2377859293494725, -0.3826614588335714, 0.6202260155067827, True
6.093351537925216, -2.38456205303029, -0.027727050948463727, -0.2377859293494725, -0.3826614588335714, 0.6202260155067827, False
-2.8992484378331245, -4.3317983800790385, -2.5884337951673015, -0.2377859293494725, -0.3826614588335714, 0.6202260155067827, True
-5.077401416325717, 4.0885718221239635, 2.611773794456256, -0.2377859293494725, -0.3826614588335714, 0.6202260155067827, False
-5.271266564915509, -2.2729442210625335, -1.4455932896424413, -0.2377859293494725, -0.3826614588335714, 0.6202260155067827, False
-5.159826977683849, 2.033985216985897, -2.8639421918080132, -0.2377859293494725, -0.3826614588335714, 0.6202260155067827, True
-6.155941812387082, 6.271661116349188, -2.1261380179215617, -0.2377859293494725, -0.3826614588335714, 0.6202260155067827, False
5.421212595695399, -2.4179671394492694, 1.940237278418496, -0.2377859293494725, -0.3826614588335714, 0.6202260155067827, False
5.133562024374719, 5.372322065522896, -2.085794371177814, -0.2377859293494725, -0.3826614588335714, 0.6202260155067827, False
4.926010836733768, -1.940162747804596, 2.666813272701888, -0.2377859293494725, -0.3826614588335714, 0.6202260155067827, False
2.752395758952245, 0.697805088042327, 2.3117084373623973, -0.2377859293494725, -0.3826614588335714, 0.6202260155067827, True
5.84406969263728, 4.147130223184774, -2.6875573162573474, -0.2377859293494725, -0.3826614588335714, 0.6202260155067827, False
5.671370310753106, -2.0388092354981824, -0.546788528335366, -0.2377859293494725, -0.3826614588335714, 0.6202260155067827, False
2.140056284691706, 3.22634856677403, -0.16968856836028534, -0.2377859293494725, -0.3826614588335714, 0.6202260155067827, False
-1.0090106670919194, 3.800837972477284, -3.0949918278352073, -0.2377859293494725, -0.3826614588335714, 0.6202260155067827, True
-0.6346807790665325, 0.14537469733871689, 3.1032496713564193, -0.2377859293494725, -0.3826614588335714, 0.6202260155067827, True
-4.973202990696225, -4.229118938733819, -0.7067861174696395, -0.2377859293494725, -0.3826614588335714, 0.6202260155067827, True
-4.932465937597925, 1.367244705958619, 1.6983376940461072, -0.2377859293494725, -0.3826614588335714, 0.6202260155067827, True
5.914318878136445, -5.695362061656761, -1.4772329593749285, -0.2377859293494725, -0.3826614588335714, 0.6202260155067827, True
1.0678353866709758, 2.6434596270207997, 2.7435098892768996, -0.2377859293494725, -0.3826614588335714, 0.6202260155067827, True
1.0684438997034187, 3.2551443057442384, -2.9395079429076088, -0.2377859293494725, -0.3826614588335714, 0.6202260155067827, True
0.1378950949448745, -3.499815367014536, -2.4286993401408856, -0.2377859293494725, -0.3826614588335714, 0.6202260155067827, True
-1.829398143482738, -0.6316115022206441, 0.9662273194643607, -0.2377859293494725, -0.3826614588335714, 0.6202260155067827, False
3.4270879398927647, 1.1873744551215877, -2.742893273972751, -0.2377859293494725, -0.3826614588335714, 0.6202260155067827, True
-3.2956150622610694, -1.9174435562512953, 1.9226286122762257, -0.2377859293494725, -0.3826614588335714, 0.6202260155067827, False
-3.301944628125376, 5.972651991513509, -1.0055472917346417, -0.2377859293494725, -0.3826614588335714, 0.6202260155067827, False
3.6477538201828867, -0.502290264854321, 1.848902393588646, -0.2377859293494725, -0.3826614588335714, 0.6202260155067827, True
6.027116072061995, 3.6367896215380444, -0.8380893411550434, -0.2377859293494725, -0.3826614588335714, 0.6202260155067827, False
0.5239038215888092, 0.21066058235658058, -0.2669713858892475, -0.2377859293494725, -0.3826614588335714, 0.6202260155067827, True
5.196386011778181, 4.097788612561917, 2.54291890615187, -0.2377859293494725, -0.3826614588335714, 0.6202260155067827, False
-2.0506905313760972, 6.275581679911992, -1.0568915862321688, -0.2377859293494725, -0.3826614588335714, 0.6202260155067827, False
-0.6584664668805669, 4.978963077757763, 0.2950248554185939, -0.2377859293494725, -0.3826614588335714, 0.6202260155067827, False
1.5024095082389328, 3.7082873693259693, 2.898535177994135, -0.2377859293494725, -0.3826614588335714, 0.6202260155067827, True
3.9032195636191336, 1.3750791414012342, -2.0551250465714137, -0.2377859293494725, -0.3826614588335714, 0.6202260155067827, True
4.541288487897873, 1.3744054478061214, -2.643776635986785, -0.2377859293494725, -0.3826614588335714, 0.6202260155067827, True
-1.7080937146751527, 2.215138878986778, -2.6607228009212265, -0.2377859293494725, -0.3826614588335714, 0.6202260155067827, True
4.920987366615909, 0.8896691953489766, 1.1054333393882274, -0.2377859293494725, -0.3826614588335714, 0.6202260155067827, True
6.217857740889471, 0.4756456966384137, -3.035920258297258, -0.2377859293494725, -0.3826614588335714, 0.6202260155067827, True
-5.898794069520893, -1.3771992187617093, 2.285333031006224, -0.2377859293494725, -0.3826614588335714, 0.6202260155067827, False
-1.4195032685486666, -5.728264474949618, 2.0888486346506987, -0.2377859293494725, -0.3826614588335714, 0.6202260155067827, True
-2.0858617315320904, 1.5946147545305394, -0.6876858581668208, -0.2377859293494725, -0.3826614588335714, 0.6202260155067827, True
3.216996132882233, -1.5360014387193388, 1.4477929437220247, -0.2377859293494725, -0.3826614588335714, 0.6202260155067827, False
-0.6052683900448077, -1.1584854700527192, -1.7381626991775536, -0.2377859293494725, -0.3826614588335714, 0.6202260155067827, False
-4.384565840357929, 2.9425792381343534, -0.2947596352461912, -0.2377859293494725, -0.3826614588335714, 0.6202260155067827, True
-3.3887601863964094, -4.1977503168060295, -1.2468395534321053, -0.2377859293494725, -0.3826614588335714, 0.6202260155067827, True
-3.802290691713523, 2.0436803593304287, 0.0333475799142664, -0.2377859293494725, -0.3826614588335714, 0.6202260155067827, True
2.865551345622597, 0.11990670532575276, 2.900560719832656, -0.2377859293494725, -0.3826614588335714, 0.6202260155067827, True
4.389499777202216, 1.5597738513791501, 0.842893868425469, -0.2377859293494725, -0.3826614588335714, 0.6202260155067827, True
2.150422717643636, 0.2757195102779395, 1.2891286305664806, -0.2377859293494725, -0.3826614588335714, 0.6202260155067827, True
-6.183655050706289, 0.628838714618726, -1.0384750648945755, -0.2377859293494725, -0.3826614588335714, 0.6202260155067827, True
-4.42467490046565, 3.617106554564046, -0.2990205514185966, -0.2377859293494725, -0.3826614588335714, 0.6202260155067827, False
0.880894627233535, -0.3627675581102672, 1.330358369342946, -0.2377859293494725, -0.3826614588335714, 0.6202260155067827, True
4.447537390938047, -5.751294861996331, -1.0956151095345001, -0.2377859293494725, -0.3826614588335714, 0.6202260155067827, True
-0.9355304452560711, -4.070272977189657, -2.658943669042597, -0.2377859293494725, -0.3826614588335714, 0.6202260155067827, True
-3.570113592316786, 5.905160408632879, -0.6114738636264301, -0.2377859293494725, -0.3826614588335714, 0.6202260155067827, False
-1.5587496051843832, 1.1802112990478593, -0.6670673277376031, -0.2377859293494725, -0.3826614588335714, 0.6202260155067827, True
-1.457708143071672, 1.0271433194579949, 2.421986419078218, -0.2377859293494725, -0.3826614588335714, 0.6202260155067827, True
2.940758665011032, -0.7927148933124206, 0.7275861686816438, -0.2377859293494725, -0.3826614588335714, 0.6202260155067827, False
-3.633948242837067, -2.63211239362315, -0.2570956076182971, -0.2377859293494725, -0.3826614588335714, 0.6202260155067827, False
-4.757091662023551, 3.2424432552437086, -1.4867994470222883, -0.2377859293494725, -0.3826614588335714, 0.6202260155067827, True
-0.14471539586773385, -3.3210749598191307, -0.997803887848931, -0.2377859293494725, -0.3826614588335714, 0.6202260155067827, True
-1.6743850283950135, 1.7873848761483444, -1.9217302384027597, -0.2377859293494725, -0.3826614588335714, 0.6202260155067827, True
1.6441202576013652, -0.0806710434783513, 0.708139526488226, -0.2377859293494725, -0.3826614588335714, 0.6202260155067827, True
5.9560616963888044, 0.6985693105275788, 1.8184725824069563, -0.2377859293494725, -0.3826614588335714, 0.6202260155067827, True
1.0387907840045125, 4.959139094538388, 2.557632264975151, -0.2377859293494725, -0.3826614588335714, 0.6202260155067827, False
-4.919348282990207, -3.86533975529439, -0.12231551096024518, -0.2377859293494725, -0.3826614588335714, 0.6202260155067827, True
-3.6838527228844056, 0.11165751715939187, -0.05108147219136727, -0.2377859293494725, -0.3826614588335714, 0.6202260155067827, True
0.552590604525105, 3.27018790462885, -2.1217183983607164, -0.2377859293494725, -0.3826614588335714, 0.6202260155067827, True
0.7663682991145997, -2.093212252528544, -2.6807556235844716, -0.2377859293494725, -0.3826614588335714, 0.6202260155067827, False
2.1461666561217694, 0.8770763265355344, -1.4297033174392095, -0.2377859293494725, -0.3826614588335714, 0.6202260155067827, True
-4.702034742999624, -3.6827226705911644, -0.47656479761715476, -0.2377859293494725, -0.3826614588335714, 0.6202260155067827, True
-1.515470383432934, 3.7157536055041565, 3.0109109072270437, -0.2377859293494725, -0.3826614588335714, 0.6202260155067827, True
-1.2915792614427586, -3.629391669878214, 1.1079227943045247, -0.2377859293494725, -0.3826614588335714, 0.6202260155067827, True
