0.10869557949090769, 2.8188264840153785, 1.1926948534412833, 0.036213361695813684, -0.39107555395121496, 0.45391604421288756, False
6.022395198155488, -3.286248317987566, -1.3759234860920253, 0.036213361695813684, -0.39107555395121496, 0.45391604421288756, False
-4.9256384103340585, 5.917466229798265, 1.1890379995492948, 0.036213361695813684, -0.39107555395121496, 0.45391604421288756, False
4.369672704567165, 0.1739165569312311, -2.871886174821036, 0.036213361695813684, -0.39107555395121496, 0.45391604421288756, True
-1.8556171304215985, 3.31272183560111, 1.0586670262852333, 0.036213361695813684, -0.39107555395121496, 0.45391604421288756, False
0.5528212566833384, -4.557915367178586, 0.5322738641725477, 0.036213361695813684, -0.39107555395121496, 0.45391604421288756, False
2.0706573947393743, 4.8038886164689, 2.323085731764505, 0.036213361695813684, -0.39107555395121496, 0.45391604421288756, False
-1.618950262663958, 2.1841093235578786, 1.1725754113321196, 0.036213361695813684, -0.39107555395121496, 0.45391604421288756, False
-5.6677842871002575, -4.267757776145503, -0.736248790249753, 0.036213361695813684, -0.39107555395121496, 0.45391604421288756, False
1.9836835184316932, -2.3178732637102897, 1.2580643450973996, 0.036213361695813684, -0.39107555395121496, 0.45391604421288756, True
4.231264724334805, -3.0170759465287773, -0.6852505555340369, 0.036213361695813684, -0.39107555395121496, 0.45391604421288756, False
1.600131437978769, -3.9639330797029593, -1.4299652841914734, 0.036213361695813684, -0.39107555395121496, 0.45391604421288756, False
-2.7455156158189546, 0.3255678552444863, 1.010156623638264, 0.036213361695813684, -0.39107555395121496, 0.45391604421288756, False
-2.533263906650981, -6.16906799403206, 0.3504605409358552, 0.036213361695813684, -0.39107555395121496, 0.45391604421288756, False
2.8538687935567353, 1.4437489487227753, -2.063671214689519, 0.036213361695813684, -0.39107555395121496, 0.45391604421288756, False
3.8158040019634374, 1.2234227390267742, -3.147452000762385e-05, 0.036213361695813684, -0.39107555395121496, 0.45391604421288756, False
-0.6103095450108613, 0.3725346740787385, 2.3112691927608973, 0.036213361695813684, -0.39107555395121496, 0.45391604421288756, False
-5.02226387527552, -6.103975114274316, 0.3982427727018849, 0.036213361695813684, -0.39107555395121496, 0.45391604421288756, False
-0.6294846678561372, 0.29373703019923436, 1.9112642788334968, 0.036213361695813684, -0.39107555395121496, 0.45391604421288756, False
0.6024831081733959, 0.8737489160065373, 0.786197948283867, 0.036213361695813684, -0.39107555395121496, 0.45391604421288756, False
0.21912206894048225, -6.112515831558238, 0.7453315455329004, 0.036213361695813684, -0.39107555395121496, 0.45391604421288756, False
5.421095213136782, 3.2222353453582038, -0.582663937674353, 0.036213361695813684, -0.39107555395121496, 0.45391604421288756, False
-2.5318834176989986, -1.7686014463551345, -0.08900352353029994, 0.036213361695813684, -0.39107555395121496, 0.45391604421288756, False
-0.3788124455256048, -1.006012776597479, -2.8497766080323066, 0.036213361695813684, -0.39107555395121496, 0.45391604421288756, False
-5.5750665049313115, 0.5048796203739778, -1.3409490415313985, 0.036213361695813684, -0.39107555395121496, 0.45391604421288756, False
1.3035346994034862, 0.6020695903389166, -2.7841307268818225, 0.036213361695813684, -0.39107555395121496, 0.45391604421288756, False
1.3941990750299595, 0.6461068694896941, -1.997456994757099, 0.036213361695813684, -0.39107555395121496, 0.45391604421288756, False
3.7492440607794215, -5.633783350474452, 0.30526191043423534, 0.036213361695813684, -0.39107555395121496, 0.45391604421288756, False
-1.8483667612151065, 1.8424561352750146, 0.5932222019106885, 0.036213361695813684, -0.39107555395121496, 0.45391604421288756, False
-2.5712179554250674, -1.5091489173387638, 0.5286684684091516, 0.036213361695813684, -0.39107555395121496, 0.45391604421288756, False
-5.513415649242664, -1.6141929685327385, 2.52380107764784, 0.036213361695813684, -0.39107555395121496, 0.45391604421288756, False
0.6895474709937321, -3.9775374195794, -0.8265837751465437, 0.036213361695813684, -0.39107555395121496, 0.45391604421288756, False
-4.938486890873292, 3.274747512039337, 0.9915591846880121, 0.036213361695813684, -0.39107555395121496, 0.45391604421288756, False
-2.531249439080173, -3.9487892855887026, -2.1481744852315643, 0.036213361695813684, -0.39107555395121496, 0.45391604421288756, False
2.156509719670641, -1.9703398289768943, 2.1008158307267086, 0.036213361695813684, -0.39107555395121496, 0.45391604421288756, False
-1.1129709474121432, 3.5143186670745727, -0.21229807947376855, 0.036213361695813684, -0.39107555395121496, 0.45391604421288756, False
4.38033835367006, 3.0514720973029004, -0.036110580629660216, 0.036213361695813684, -0.39107555395121496, 0.45391604421288756, False
-2.929629790628404, -2.3642779551308255, -0.3154630951756703, 0.036213361695813684, -0.39107555395121496, 0.45391604421288756, False
-4.313407249212485, 5.428049804266259, 2.048698967446412, 0.036213361695813684, -0.39107555395121496, 0.45391604421288756, False
3.6992354683250284, -5.583038951691119, -1.730087990423391, 0.036213361695813684, -0.39107555395121496, 0.45391604421288756, False
3.508656191972916, 0.33482250902314004, 1.956241045489894, 0.036213361695813684, -0.39107555395121496, 0.45391604421288756, False
-2.6632766153858123, 2.553646437955999, -0.5006165567929193, 0.036213361695813684, -0.39107555395121496, 0.45391604421288756, False
-2.4567785742535984, -0.8349294188864311, -2.384937147052521, 0.036213361695813684, -0.39107555395121496, 0.45391604421288756, True
-5.080421546861025, -5.204356652995513, -1.1547026844637949, 0.036213361695813684, -0.39107555395121496, 0.45391604421288756, False
5.449938082995569, -1.8294079910248682, 0.9739611537755799, 0.036213361695813684, -0.39107555395121496, 0.45391604421288756, False
0.1268050036436703, -3.63367273999959, 1.325143701162439, 0.036213361695813684, -0.39107555395121496, 0.45391604421288756, False
-5.257160235176451, -6.172541756442063, -0.33099537568307413, 0.036213361695813684, -0.39107555395121496, 0.45391604421288756, False
-4.511894810484579, 1.9517915330269542, 2.8571050116934753, 0.036213361695813684, -0.39107555395121496, 0.45391604421288756, False
4.992164601773132, 4.335641221735155, 0.326437533698416, 0.036213361695813684, -0.39107555395121496, 0.45391604421288756, False
-0.4067025422125159, 5.400091442606282, 1.6712989303377928, 0.036213361695813684, -0.39107555395121496, 0.45391604421288756, False
3.0493836716647955, -0.1908428569092102, -0.11602050217058402, 0.036213361695813684, -0.39107555395121496, 0.45391604421288756, False
-1.9417536951973968, 4.242613800995601, 2.8804029273469416, 0.036213361695813684, -0.39107555395121496, 0.45391604421288756, True
0.05129317292678515, -1.7527623794527045, 1.007310646361221, 0.036213361695813684, -0.39107555395121496, 0.45391604421288756, False
-5.163616082121724, -4.509737147393384, 0.758894452298132, 0.036213361695813684, -0.39107555395121496, 0.45391604421288756, False
4.028550543128205, -2.775706366084763, -2.552191001025392, 0.036213361695813684, -0.39107555395121496, 0.45391604421288756, False
-4.646578599315567, 2.7831912754372414, -0.9419307784643709, 0.036213361695813684, -0.39107555395121496, 0.45391604421288756, False
-2.597262937588387, 6.006188728492846, -2.2946006770379705, 0.036213361695813684, -0.39107555395121496, 0.45391604421288756, False
6.195315273077602, -5.778863789246837, -1.9549910783376245, 0.036213361695813684, -0.39107555395121496, 0.45391604421288756, False
-6.1610883000023815, 1.0117539704763772, -1.8590850126378993, 0.036213361695813684, -0.39107555395121496, 0.45391604421288756, False
1.3916071650096757, 4.255451461422226, -2.276874824735752, 0.036213361695813684, -0.39107555395121496, 0.45391604421288756, True
1.2172223648188618, 5.898941749160189, 1.4630276374151503, 0.036213361695813684, -0.39107555395121496, 0.45391604421288756, False
-4.19552162533704, 3.513088919056276, -0.7275074398279533, 0.036213361695813684, -0.39107555395121496, 0.45391604421288756, False
-6.195274942533065, -6.260626461554752, 0.7828168001855547, 0.036213361695813684, -0.39107555395121496, 0.45391604421288756, False
-1.4246465977828064, -6.1891870016547985, 2.799879811346707, 0.036213361695813684, -0.39107555395121496, 0.45391604421288756, False
1.021324641038988, 4.094595574069983, 2.4531034087345853, 0.036213361695813684, -0.39107555395121496, 0.45391604421288756, False
2.5393193286362052, -5.857930767526655, -0.3176852303752855, 0.036213361695813684, -0.39107555395121496, 0.45391604421288756, False
-3.7397354331085246, -3.1372496134196135, 2.6966861840070973, 0.036213361695813684, -0.39107555395121496, 0.45391604421288756, False
1.0491956695248268, -4.923703720132364, -1.6494303441389053, 0.036213361695813684, -0.39107555395121496, 0.45391604421288756, False
1.0976824143347406, -2.472626498424605, -0.36514520503827796, 0.036213361695813684, -0.39107555395121496, 0.45391604421288756, False
5.021494331255671, -5.092683977350727, 2.5257773579829887, 0.036213361695813684, -0.39107555395121496, 0.45391604421288756, False
3.6894002807757715, -5.309137467045452, 1.6950488282405205, 0.036213361695813684, -0.39107555395121496, 0.45391604421288756, False
-1.8755029177148952, 4.202157078826284, -1.0635290572641858, 0.036213361695813684, -0.39107555395121496, 0.45391604421288756, False
-3.3923113833573275, 1.4153858293801287, -0.5675286700388003, 0.036213361695813684, -0.39107555395121496, 0.45391604421288756, False
0.02882962680514023, -4.3122429488213125, -1.0242390087764566, 0.036213361695813684, -0.39107555395121496, 0.45391604421288756, False
6.281234812153045, -6.046665559769452, -1.8411416599316117, 0.036213361695813684, -0.39107555395121496, 0.45391604421288756, False
4.726071536877681, -1.3409008708047265, 2.5036285289160736, 0.036213361695813684, -0.39107555395121496, 0.45391604421288756, False
-3.128587144863248, 1.953564790100911, -2.61303950372487, 0.036213361695813684, -0.39107555395121496, 0.45391604421288756, False
-4.393470097554948, 2.0562006100517376, -1.1594748587532864, 0.036213361695813684, -0.39107555395121496, 0.45391604421288756, False
5.433994860079679, -3.629968003154945, -1.3013653274652384, 0.036213361695813684, -0.39107555395121496, 0.45391604421288756, False
6.260254568951879, -3.186420598516264, -1.7440992093821264, 0.036213361695813684, -0.39107555395121496, 0.45391604421288756, False
-4.631844325286238, -3.7152199099121854, -0.6133090945585455, 0.036213361695813684, -0.39107555395121496, 0.45391604421288756, False
5.946071721684284, -4.260790240233769, 3.0574615955308557, 0.036213361695813684, -0.39107555395121496, 0.45391604421288756, True
3.426099755393807, 2.4029924539150773, -1.4120053955308018, 0.036213361695813684, -0.39107555395121496, 0.45391604421288756, False
-5.090380820185402, 1.4953194304032893, 0.6712557284723606, 0.036213361695813684, -0.39107555395121496, 0.45391604421288756, False
-2.1204714087560577, 2.8768788381261583, -1.2852586239126194, 0.036213361695813684, -0.39107555395121496, 0.45391604421288756, False
-1.3216150749229234, -1.1556434073911905, -0.37885423139692476, 0.036213361695813684, -0.39107555395121496, 0.45391604421288756, False
1.412589608538271, 3.632448011785666, -2.1823262318888053, 0.036213361695813684, -0.39107555395121496, 0.45391604421288756, False
-0.4098660938552996, -3.4905541467803034, -0.042601827204733045, 0.036213361695813684, -0.39107555395121496, 0.45391604421288756, False
-1.335678405480233, -1.612930447805632, 2.691896610914979, 0.036213361695813684, -0.39107555395121496, 0.45391604421288756, False
-3.016545046343698, -3.7852592614251335, -0.6815812348778074, 0.036213361695813684, -0.39107555395121496, 0.45391604421288756, False
3.9243593125141043, -0.029235079330184988, -2.1620903149396034, 0.036213361695813684, -0.39107555395121496, 0.45391604421288756, False
-5.296880667882469, -6.08445915923126, -0.45602133107218057, 0.036213361695813684, -0.39107555395121496, 0.45391604421288756, False
-2.143403429425656, -1.3289561687288565, 2.3331698438527724, 0.036213361695813684, -0.39107555395121496, 0.45391604421288756, False
1.4580125023971062, -1.5772580787258121, -2.7477268068549203, 0.036213361695813684, -0.39107555395121496, 0.45391604421288756, False
3.4178884320423837, 5.433116584949193, 1.3397198944055537, 0.036213361695813684, -0.39107555395121496, 0.45391604421288756, False
-2.194089050461004, -0.7602788263877516, 2.4746215815598944, 0.036213361695813684, -0.39107555395121496, 0.45391604421288756, True
2.696118672509316, -5.688559199631431, -2.0108662966921704, 0.036213361695813684, -0.39107555395121496, 0.45391604421288756, False
-1.841136214292768, -3.4441311598791295, 0.045021305734428196, 0.036213361695813684, -0.39107555395121496, 0.45391604421288756, False
1.06182801740814, -3.187790202691321, -0.3613432831559442, 0.036213361695813684, -0.39107555395121496, 0.45391604421288756, False
-1.5201635492493955, 5.935987860284676, -1.171427125039309, 0.036213361695813684, -0.39107555395121496, 0.45391604421288756, True
