2.8788775246342517, 4.1874653102274895, 1.6698955117082122, 0.04222586686335905, 0.06851813117998562, -0.36023363901934935, False
4.3934388812957845, 5.09150630026258, -1.2196051952320177, 0.04222586686335905, 0.06851813117998562, -0.36023363901934935, False
4.831071701468671, -3.844835800193535, -2.247121348654533, 0.04222586686335905, 0.06851813117998562, -0.36023363901934935, True
0.9162716901047956, -1.4876989967252117, -1.588193467413892, 0.04222586686335905, 0.06851813117998562, -0.36023363901934935, False
-0.09922029381590924, -2.3747934006441795, -0.6339569274262224, 0.04222586686335905, 0.06851813117998562, -0.36023363901934935, False
5.619449823674806, -5.507874335215968, 1.2856761023330545, 0.04222586686335905, 0.06851813117998562, -0.36023363901934935, True
2.237075411174981, -0.6206926993416602, 1.312138551520266, 0.04222586686335905, 0.06851813117998562, -0.36023363901934935, False
-4.785511928540924, 4.014935641871329, -2.2087129669795225, 0.04222586686335905, 0.06851813117998562, -0.36023363901934935, False
3.967681107662333, -3.4536385651028745, 0.5667133404732021, 0.04222586686335905, 0.06851813117998562, -0.36023363901934935, False
0.32945062982994155, 4.785480688841336, -0.25507050126825437, 0.04222586686335905, 0.06851813117998562, -0.36023363901934935, False
5.007481126624048, 2.449019735839057, -0.6063793037685015, 0.04222586686335905, 0.06851813117998562, -0.36023363901934935, False
-3.327664187902007, 3.2015205711575963, -0.6026804446681506, 0.04222586686335905, 0.06851813117998562, -0.36023363901934935, False
-3.4761865060992503, 1.5955826595950109, 2.829279175228785, 0.04222586686335905, 0.06851813117998562, -0.36023363901934935, True
1.2010805593381653, -0.9961265326208242, -2.0896439244157547, 0.04222586686335905, 0.06851813117998562, -0.36023363901934935, False
-2.110491424145774, -2.590839976331889, 1.736781323589807, 0.04222586686335905, 0.06851813117998562, -0.36023363901934935, False
-3.2125657016204987, 0.3508337009121707, -2.41890835459135, 0.04222586686335905, 0.06851813117998562, -0.36023363901934935, False
-5.268939831755866, -6.122478664073632, 1.3286087865625849, 0.04222586686335905, 0.06851813117998562, -0.36023363901934935, False
-4.151892745308579, 4.048970196016281, 2.13324588893218, 0.04222586686335905, 0.06851813117998562, -0.36023363901934935, False
-6.035944477539404, 2.997099635790276, 2.7749344876146056, 0.04222586686335905, 0.06851813117998562, -0.36023363901934935, False
-6.239303147557579, 2.546635357655937, -1.445610403020903, 0.04222586686335905, 0.06851813117998562, -0.36023363901934935, False
-3.6278000696340498, 3.88574634195723, 3.1246289839218884, 0.04222586686335905, 0.06851813117998562, -0.36023363901934935, True
1.3279635114091368, 1.152773700059237, 0.9881655843531121, 0.04222586686335905, 0.06851813117998562, -0.36023363901934935, True
0.3692753375330664, -4.861120667519237, -1.2276198484671437, 0.04222586686335905, 0.06851813117998562, -0.36023363901934935, True
4.272758561186389, 3.1495513290615733, 0.13002849513998793, 0.04222586686335905, 0.06851813117998562, -0.36023363901934935, False
-2.3548034935342352, -2.4604188181148814, -2.6428895203613765, 0.04222586686335905, 0.06851813117998562, -0.36023363901934935, False
-3.982229436080877, -4.257131979418064, -1.6416168528591424, 0.04222586686335905, 0.06851813117998562, -0.36023363901934935, True
-1.1058724497489267, -4.5323555603361445, -0.21633404329275718, 0.04222586686335905, 0.06851813117998562, -0.36023363901934935, True
-0.5933747168527832, 1.6691917400553393, 3.0203983072802396, 0.04222586686335905, 0.06851813117998562, -0.36023363901934935, True
3.0940785820492778, 5.346100834448503, -1.2303245420450424, 0.04222586686335905, 0.06851813117998562, -0.36023363901934935, False
5.36319467477443, -3.3467105479034878, 1.8959736368515534, 0.04222586686335905, 0.06851813117998562, -0.36023363901934935, False
4.8899762188430245, -4.726198543306938, -3.010891745618428, 0.04222586686335905, 0.06851813117998562, -0.36023363901934935, True
2.07346811490096, -0.028034814216101545, -1.8690036362149198, 0.04222586686335905, 0.06851813117998562, -0.36023363901934935, False
6.112057674750567, 3.554549182658784, -2.3249237767687627, 0.04222586686335905, 0.06851813117998562, -0.36023363901934935, False
4.5421165055979245, 2.246255368308004, 2.7561279451303147, 0.04222586686335905, 0.06851813117998562, -0.36023363901934935, False
-2.144713213292042, 2.4884099342495407, 3.0937522831561504, 0.04222586686335905, 0.06851813117998562, -0.36023363901934935, True
1.7685854919680999, -3.3116540176375406, 0.7425649158825309, 0.04222586686335905, 0.06851813117998562, -0.36023363901934935, False
3.0622880674644897, 3.278399136310904, -1.4965094146068385, 0.04222586686335905, 0.06851813117998562, -0.36023363901934935, False
3.3011852197743963, 2.9339057704593703, 1.235112395938402, 0.04222586686335905, 0.06851813117998562, -0.36023363901934935, False
-1.9001391071997578, 5.451563750650662, 2.750980656613012, 0.04222586686335905, 0.06851813117998562, -0.36023363901934935, False
-1.2424867362453709, -0.9033615295315851, -1.911682673437968, 0.04222586686335905, 0.06851813117998562, -0.36023363901934935, False
-3.467434052077735, -3.99206596501638, 1.1127895840956041, 0.04222586686335905, 0.06851813117998562, -0.36023363901934935, False
3.0131452126519793, -3.680501017299439, -0.8442715178117033, 0.04222586686335905, 0.06851813117998562, -0.36023363901934935, False
5.0830362407583305, -1.0959927899291175, 0.20462737951311016, 0.04222586686335905, 0.06851813117998562, -0.36023363901934935, False
-2.1251580178171814, 5.07760008582888, -0.037090615777375824, 0.04222586686335905, 0.06851813117998562, -0.36023363901934935, False
-4.475849634085104, -1.1335561991729124, -0.31213669694064716, 0.04222586686335905, 0.06851813117998562, -0.36023363901934935, False
5.4460491614363065, -5.298336019509646, -1.4612132064941505, 0.04222586686335905, 0.06851813117998562, -0.36023363901934935, False
-6.064117950623723, 0.13311345476267444, 0.7162716773993378, 0.04222586686335905, 0.06851813117998562, -0.36023363901934935, False
5.2554130370103636, 2.4689559079048493, 0.32359897932268744, 0.04222586686335905, 0.06851813117998562, -0.36023363901934935, False
0.10786227194056508, 4.370333352578712, 1.7651647498719427, 0.04222586686335905, 0.06851813117998562, -0.36023363901934935, False
-2.7294612200750694, 0.5033504252004075, 0.5862404948028224, 0.04222586686335905, 0.06851813117998562, -0.36023363901934935, False
5.694127929915384, -5.878296306479234, 2.487935111158733, 0.04222586686335905, 0.06851813117998562, -0.36023363901934935, False
-6.0779033567143665, -1.9613358510012038, 2.3076425790764272, 0.04222586686335905, 0.06851813117998562, -0.36023363901934935, False
0.9217933370471822, -1.7445787387850542, -1.8525845475150937, 0.04222586686335905, 0.06851813117998562, -0.36023363901934935, False
-0.21822411391845353, -4.9861070607778135, -1.774461950044268, 0.04222586686335905, 0.06851813117998562, -0.36023363901934935, True
-1.5762820917227112, -0.1757147528249252, -1.8132616628962064, 0.04222586686335905, 0.06851813117998562, -0.36023363901934935, False
2.414247506959887, -3.2722808387296474, -2.2276440802435644, 0.04222586686335905, 0.06851813117998562, -0.36023363901934935, False
-1.3155362960011656, -3.710597313061152, 1.8741119878965868, 0.04222586686335905, 0.06851813117998562, -0.36023363901934935, False
4.461794567002096, 4.6868490402588385, -0.557019330566022, 0.04222586686335905, 0.06851813117998562, -0.36023363901934935, False
3.022432381015049, -4.88252092138363, 3.001974013060705, 0.04222586686335905, 0.06851813117998562, -0.36023363901934935, True
-2.563872463062231, 3.222290684180301, 1.6200464807638948, 0.04222586686335905, 0.06851813117998562, -0.36023363901934935, False
-6.054772998369343, 0.9851105650521061, -1.7087918653580436, 0.04222586686335905, 0.06851813117998562, -0.36023363901934935, True
-0.639788776931959, 4.949825582217317, 2.18894012586959, 0.04222586686335905, 0.06851813117998562, -0.36023363901934935, False
6.015012048652409, -3.609299733290636, -0.9629454624336486, 0.04222586686335905, 0.06851813117998562, -0.36023363901934935, False
-1.811112823391479, 2.4017329772121023, 1.8625732100546415, 0.04222586686335905, 0.06851813117998562, -0.36023363901934935, False
1.2803743865436452, -5.045408135448586, 1.9478764466230096, 0.04222586686335905, 0.06851813117998562, -0.36023363901934935, True
1.4136362255338941, -5.974892922403343, 1.9490166433988207, 0.04222586686335905, 0.06851813117998562, -0.36023363901934935, True
-2.306653480019864, 2.2664067001219053, 1.9655417813697378, 0.04222586686335905, 0.06851813117998562, -0.36023363901934935, False
-2.8406658750941958, 5.060562174693748, 2.4077889170974416, 0.04222586686335905, 0.06851813117998562, -0.36023363901934935, False
-0.7987598803131082, 2.768212450693083, 2.3542148951643957, 0.04222586686335905, 0.06851813117998562, -0.36023363901934935, False
-2.901527184218109, -5.009167676352886, 0.8266538363752352, 0.04222586686335905, 0.06851813117998562, -0.36023363901934935, True
-1.1052038001361266, 5.026687930557614, 2.795498919471086, 0.04222586686335905, 0.06851813117998562, -0.36023363901934935, False
-5.035259891074146, -4.43186363201461, 1.945371273532432, 0.04222586686335905, 0.06851813117998562, -0.36023363901934935, False
-3.0886039784117867, 5.173109301394035, 2.501912703484387, 0.04222586686335905, 0.06851813117998562, -0.36023363901934935, False
0.9263079101333611, -3.309870533251465, -2.6947687927890707, 0.04222586686335905, 0.06851813117998562, -0.36023363901934935, False
2.5217295347838604, -2.147680630720153, 1.103223752283541, 0.04222586686335905, 0.06851813117998562, -0.36023363901934935, False
4.408331397023391, -6.121279928374733, 0.2425943546254774, 0.04222586686335905, 0.06851813117998562, -0.36023363901934935, False
-2.7919551620528735, -0.816606691838258, -1.7312701684289966, 0.04222586686335905, 0.06851813117998562, -0.36023363901934935, False
2.461849733704131, 2.7235700186316105, 0.4996455162083038, 0.04222586686335905, 0.06851813117998562, -0.36023363901934935, False
0.9656885259140164, -4.0493265603615445, -0.286861107125568, 0.04222586686335905, 0.06851813117998562, -0.36023363901934935, False
1.998556388452176, 4.322804847043006, 1.2432788632096479, 0.04222586686335905, 0.06851813117998562, -0.36023363901934935, False
-6.1976397739202955, 2.0768932315684037, 0.68477356258698, 0.04222586686335905, 0.06851813117998562, -0.36023363901934935, False
-2.5798477423835715, 5.783926300727387, 0.7184947886427433, 0.04222586686335905, 0.06851813117998562, -0.36023363901934935, False
-2.0682403779764247, 4.342883628408988, -0.5553551099729592, 0.04222586686335905, 0.06851813117998562, -0.36023363901934935, False
-4.923030165239409, -1.9130708349001448, 1.0974710714213476, 0.04222586686335905, 0.06851813117998562, -0.36023363901934935, False
-5.569653080612293, 2.1044780080688827, -1.0998463511788152, 0.04222586686335905, 0.06851813117998562, -0.36023363901934935, True
0.7972109143349426, -0.0005807895343501457, 1.1937053221969274, 0.04222586686335905, 0.06851813117998562, -0.36023363901934935, False
-5.042784946096182, -2.418241723495201, -0.13190598815885313, 0.04222586686335905, 0.06851813117998562, -0.36023363901934935, False
1.7991804083541076, 5.04290133167717, 2.222658380121561, 0.04222586686335905, 0.06851813117998562, -0.36023363901934935, False
6.273096788409687, 0.9415292163505304, -0.4154081683020281, 0.04222586686335905, 0.06851813117998562, -0.36023363901934935, False
-0.6100322750554685, 1.7367561745244657, 1.139677567302809, 0.04222586686335905, 0.06851813117998562, -0.36023363901934935, True
1.2850846385316332, -6.2566723217360165, 2.596991214802557, 0.04222586686335905, 0.06851813117998562, -0.36023363901934935, False
1.1932059587248656, -1.2671445991569712, -2.358763557759354, 0.04222586686335905, 0.06851813117998562, -0.36023363901934935, False
2.292183843677291, 3.465289150286006, 0.852246557105528, 0.04222586686335905, 0.06851813117998562, -0.36023363901934935, False
1.1682744656579214, -5.288064253672963, -0.5387204096642053, 0.04222586686335905, 0.06851813117998562, -0.36023363901934935, False
6.234768017095613, 4.294431509712483, 2.2032181280210947, 0.04222586686335905, 0.06851813117998562, -0.36023363901934935, False
-0.5160780718112266, -5.987210710178819, 2.6836289340217157, 0.04222586686335905, 0.06851813117998562, -0.36023363901934935, False
-1.172117528263371, 1.6225293810857382, 2.127894858814388, 0.04222586686335905, 0.06851813117998562, -0.36023363901934935, True
-1.9851263577639005, -5.674157861556259, -0.10500101261042172, 0.04222586686335905, 0.06851813117998562, -0.36023363901934935, False
5.884655753019414, -1.5769759852842, 2.952823777911332, 0.04222586686335905, 0.06851813117998562, -0.36023363901934935, True
-1.6106865430240962, 3.814478753071448, 1.365132582013504, 0.04222586686335905, 0.06851813117998562, -0.36023363901934935, False
