-4.5251917127399235, -4.8175937939571885, 0.24748593637248462, -0.26920450461362055, -0.11493570835539857, -0.6224388872032589, False
-1.7426290622023677, 5.071201363749676, 2.71925319380912, -0.26920450461362055, -0.11493570835539857, -0.6224388872032589, False
3.742279318628359, 3.927692647284152, 0.8866685709280926, -0.26920450461362055, -0.11493570835539857, -0.6224388872032589, False
0.5223414141041296, -4.361698394291234, -0.8217293979010267, -0.26920450461362055, -0.11493570835539857, -0.6224388872032589, False
-0.7199531712732306, -1.0932197580095275, 1.7434043716453145, -0.26920450461362055, -0.11493570835539857, -0.6224388872032589, False
5.0840721518130785, 4.437093467680834, -2.218961741427115, -0.26920450461362055, -0.11493570835539857, -0.6224388872032589, False
-2.958783923231275, 4.138310918340133, 2.330260866103872, -0.26920450461362055, -0.11493570835539857, -0.6224388872032589, False
2.450378032628281, -4.332266812241997, -2.596483016483694, -0.26920450461362055, -0.11493570835539857, -0.6224388872032589, False
-5.273327915387223, -4.12407797820288, -2.7961790589833324, -0.26920450461362055, -0.11493570835539857, -0.6224388872032589, False
1.5050425284840871, -5.275665161517827, 2.564824658478291, -0.26920450461362055, -0.11493570835539857, -0.6224388872032589, False
-3.6374408241640697, 0.9207501665710502, -0.7051885056815204, -0.26920450461362055, -0.11493570835539857, -0.6224388872032589, False
5.017542128427063, 5.001407112057697, -1.4274461559440823, -0.26920450461362055, -0.11493570835539857, -0.6224388872032589, False
-3.3408207587752328, -1.7794378165423232, 2.2410210748156087, -0.26920450461362055, -0.11493570835539857, -0.6224388872032589, False
2.470887455448901, -1.4859873815159776, -0.3146154923889055, -0.26920450461362055, -0.11493570835539857, -0.6224388872032589, False
-0.5417600919139671, -0.9705287705906276, 0.42944391891128264, -0.26920450461362055, -0.11493570835539857, -0.6224388872032589, False
-4.7485375793991365, -0.12309309738315388, 0.4993905449144398, -0.26920450461362055, -0.11493570835539857, -0.6224388872032589, False
-3.3310841724772366, 3.1571982499260773, -0.5745112952802875, -0.26920450461362055, -0.11493570835539857, -0.6224388872032589, False
2.698511310125724, -1.5630402162610757, 2.6526448107145217, -0.26920450461362055, -0.11493570835539857, -0.6224388872032589, False
2.504916192521115, -5.8275844569719055, -0.7918044163125808, -0.26920450461362055, -0.11493570835539857, -0.6224388872032589, False
-1.0707267687139534, -4.8767827189293556, -2.1737410997053708, -0.26920450461362055, -0.11493570835539857, -0.6224388872032589, False
-5.881641400442825, -4.4016519858232055, 1.4092194264589715, -0.26920450461362055, -0.11493570835539857, -0.6224388872032589, False
-1.8553263890369758, 0.8278769386061482, -0.9107659698433359, -0.26920450461362055, -0.11493570835539857, -0.6224388872032589, False
2.0553001468904295, -2.4168221265824643, -0.003526767914506568, -0.26920450461362055, -0.11493570835539857, -0.6224388872032589, False
-4.0977670894055525, 4.3372985359194125, -2.2170408187009345, -0.26920450461362055, -0.11493570835539857, -0.6224388872032589, False
-5.839156095655962, 1.9729449501181726, 1.2822917173611899, -0.26920450461362055, -0.11493570835539857, -0.6224388872032589, False
2.2470810732698805, -5.193145250025496, 1.3229577166708006, -0.26920450461362055, -0.11493570835539857, -0.6224388872032589, False
-0.3620644057191864, -0.8128637719021867, -0.8193171256580083, -0.26920450461362055, -0.11493570835539857, -0.6224388872032589, False
4.1176249260317235, 1.1434563395328539, 0.41215437565018975, -0.26920450461362055, -0.11493570835539857, -0.6224388872032589, False
4.49531459276367, -6.189029736994227, 2.135756997268209, -0.26920450461362055, -0.11493570835539857, -0.6224388872032589, False
2.7423368508910997, 1.6419549364274193, -0.7829060178967042, -0.26920450461362055, -0.11493570835539857, -0.6224388872032589, False
-3.10338707887251, 1.6705906664821528, -0.37877659721333146, -0.26920450461362055, -0.11493570835539857, -0.6224388872032589, False
1.9213442118422002, -5.435981081315949, 3.0016420281839036, -0.26920450461362055, -0.11493570835539857, -0.6224388872032589, True
-3.7178820999642808, 4.418550273362582, -0.653060484777658, -0.26920450461362055, -0.11493570835539857, -0.6224388872032589, False
-0.09087443592450573, 0.8434911196764174, -1.9599145006709138, -0.26920450461362055, -0.11493570835539857, -0.6224388872032589, False
-5.611737430028718, -0.2228231579779152, 1.1211326949772236, -0.26920450461362055, -0.11493570835539857, -0.6224388872032589, False
3.114653345184644, -5.3255426288361924, -2.88810696315494, -0.26920450461362055, -0.11493570835539857, -0.6224388872032589, False
-6.247943570461793, 2.733798920359037, 0.44508320548061153, -0.26920450461362055, -0.11493570835539857, -0.6224388872032589, False
-0.8539377494065636, -1.7005875939969402, -2.087446913673487, -0.26920450461362055, -0.11493570835539857, -0.6224388872032589, False
-2.575012667000657, 5.246303095588484, 0.05443807078023699, -0.26920450461362055, -0.11493570835539857, -0.6224388872032589, False
-1.3852679078662549, 2.6157155360840765, 0.5861361777498271, -0.26920450461362055, -0.11493570835539857, -0.6224388872032589, False
-3.678512952391796, 2.678756272810441, -2.0325367023558405, -0.26920450461362055, -0.11493570835539857, -0.6224388872032589, False
-0.18487483081615252, -2.96745959948992, 2.503694747508626, -0.26920450461362055, -0.11493570835539857, -0.6224388872032589, False
-1.7296641619313036, -5.46352988959726, -3.130798038500619, -0.26920450461362055, -0.11493570835539857, -0.6224388872032589, True
5.729298389838144, 6.121564703497796, 3.117303268283714, -0.26920450461362055, -0.11493570835539857, -0.6224388872032589, True
2.3329918125199143, -4.312808973694279, -1.4981773880733311, -0.26920450461362055, -0.11493570835539857, -0.6224388872032589, False
5.70239782746858, 2.5640638469515693, 1.6436897285645786, -0.26920450461362055, -0.11493570835539857, -0.6224388872032589, False
6.083212144866556, -0.9631667442308487, -2.4912340804451127, -0.26920450461362055, -0.11493570835539857, -0.6224388872032589, False
5.379061815303489, -4.783102291825176, -2.4663807667320947, -0.26920450461362055, -0.11493570835539857, -0.6224388872032589, False
4.825453527759986, 2.6578450826277447, 0.30669682212933225, -0.26920450461362055, -0.11493570835539857, -0.6224388872032589, False
-2.53543165044565, -3.8560314225417818, 1.45215545182295, -0.26920450461362055, -0.11493570835539857, -0.6224388872032589, False
-0.16776464215296905, 4.564488259512386, -1.9729293701760378, -0.26920450461362055, -0.11493570835539857, -0.6224388872032589, False
-2.803252110030418, 1.169440726154555, 0.006964364781385068, -0.26920450461362055, -0.11493570835539857, -0.6224388872032589, True
1.3248961977669582, -4.869002794476911, 2.3171593773716284, -0.26920450461362055, -0.11493570835539857, -0.6224388872032589, False
-4.703687608718554, -4.048634472226873, 1.6015232848660759, -0.26920450461362055, -0.11493570835539857, -0.6224388872032589, False
-1.1674715101482276, -5.359457939464766, -2.6572168334299344, -0.26920450461362055, -0.11493570835539857, -0.6224388872032589, False
1.8094206763401246, 5.938658261387296, -2.592639889216634, -0.26920450461362055, -0.11493570835539857, -0.6224388872032589, False
-3.4697147019746963, 0.280260722244944, 2.5725392010884853, -0.26920450461362055, -0.11493570835539857, -0.6224388872032589, False
-0.9600795480283146, 5.177157683439852, 1.1023970061759973, -0.26920450461362055, -0.11493570835539857, -0.6224388872032589, False
-5.5625737097198185, 5.31936827817435, 1.6759057082545752, -0.26920450461362055, -0.11493570835539857, -0.6224388872032589, False
-6.138285383862462, 1.1453249591025072, 1.426832471464195, -0.26920450461362055, -0.11493570835539857, -0.6224388872032589, True
-0.7385564451490314, -4.487573112064967, -1.381940776437405, -0.26920450461362055, -0.11493570835539857, -0.6224388872032589, False
1.8946009877091523, -3.8458654821077394, -2.8684122324104813, -0.26920450461362055, -0.11493570835539857, -0.6224388872032589, False
-0.22487808886256033, -2.8537873935192493, -0.34260194937026256, -0.26920450461362055, -0.11493570835539857, -0.6224388872032589, False
2.260381966580459, 1.4569381681982652, 2.9312942246419436, -0.26920450461362055, -0.11493570835539857, -0.6224388872032589, True
4.68565871807305, -6.024263488192807, -1.4976855430154843, -0.26920450461362055, -0.11493570835539857, -0.6224388872032589, False
5.244771520676601, 2.9417221409344148, 1.8281471997732215, -0.26920450461362055, -0.11493570835539857, -0.6224388872032589, False
-1.5040865946661128, 1.0616513686852436, -2.878277509954683, -0.26920450461362055, -0.11493570835539857, -0.6224388872032589, False
4.728925029194324, 0.934337798511863, 0.5610007858130754, -0.26920450461362055, -0.11493570835539857, -0.6224388872032589, False
0.5899013687030994, -5.787629441401315, -0.9688425072284566, -0.26920450461362055, -0.11493570835539857, -0.6224388872032589, False
4.6992373341298315, -4.266652357735648, -2.3695383832492163, -0.26920450461362055, -0.11493570835539857, -0.6224388872032589, False
-1.270937794100889, 2.5489170180518776, 1.9168073541466715, -0.26920450461362055, -0.11493570835539857, -0.6224388872032589, False
-3.5837131865100043, -1.8387400070696218, -1.000731848554703, -0.26920450461362055, -0.11493570835539857, -0.6224388872032589, False
-5.7992154610615705, -1.907283865571615, -2.380698381616799, -0.26920450461362055, -0.11493570835539857, -0.6224388872032589, False
-5.400931445360877, -5.1898338541671105, 2.915169309248035, -0.26920450461362055, -0.11493570835539857, -0.6224388872032589, True
5.991481468877506, -4.169531592437815, 3.0407421064828792, -0.26920450461362055, -0.11493570835539857, -0.6224388872032589, True
1.8937125879275207, -4.022913859219845, 1.3107507842785049, -0.26920450461362055, -0.11493570835539857, -0.6224388872032589, False
1.9455833878772317, -0.42799552544578834, 2.4842283946945667, -0.26920450461362055, -0.11493570835539857, -0.6224388872032589, False
3.1669288978124754, 3.9879037641644732, 2.106714218729927, -0.26920450461362055, -0.11493570835539857, -0.6224388872032589, False
2.2010717922255445, 0.9557052872459186, 2.9960273552729033, -0.26920450461362055, -0.11493570835539857, -0.6224388872032589, True
-5.359405337158857, -4.66476992326492, -1.19141526856639, -0.26920450461362055, -0.11493570835539857, -0.6224388872032589, False
-3.095979796060951, -5.764143987245349, -0.13135521383107562, -0.26920450461362055, -0.11493570835539857, -0.6224388872032589, False
-4.361378165505832, 0.4882377772323965, -1.2511379592019218, -0.26920450461362055, -0.11493570835539857, -0.6224388872032589, False
4.479917848394241, -5.9500934254037805, -0.24156990453989602, -0.26920450461362055, -0.11493570835539857, -0.6224388872032589, False
-1.740538155588795, 2.3732018687191996, 1.5278191539837644, -0.26920450461362055, -0.11493570835539857, -0.6224388872032589, False
5.247244473024107, -3.0645620963222298, -1.6484126516319537, -0.26920450461362055, -0.11493570835539857, -0.6224388872032589, False
3.24746284195224, 6.054347383179289, 1.870066407798526, -0.26920450461362055, -0.11493570835539857, -0.6224388872032589, False
-5.1818207471678885, 3.9768040323740284, -2.604169782298052, -0.26920450461362055, -0.11493570835539857, -0.6224388872032589, False
-1.6289677280850743, -1.4265064332120394, -0.892304977402, -0.26920450461362055, -0.11493570835539857, -0.6224388872032589, False
-2.372704717445617, 3.6783110213971604, 0.7457099714403652, -0.26920450461362055, -0.11493570835539857, -0.6224388872032589, False
3.3581330066658968, 3.971865062181715, 2.848851733362946, -0.26920450461362055, -0.11493570835539857, -0.6224388872032589, False
4.868787169080779, 0.7349819892399907, 1.6438828452790624, -0.26920450461362055, -0.11493570835539857, -0.6224388872032589, False
0.8885577078819118, -3.705905201176842, 2.425261315260653, -0.26920450461362055, -0.11493570835539857, -0.6224388872032589, False
-2.295300755035412, -3.6818788332135886, -1.1620977522266098, -0.26920450461362055, -0.11493570835539857, -0.6224388872032589, False
-0.8575718066829019, -4.6060311249363, 0.1842289473983203, -0.26920450461362055, -0.11493570835539857, -0.6224388872032589, False
-4.425331970775991, 4.561534603624359, -2.598173878850744, -0.26920450461362055, -0.11493570835539857, -0.6224388872032589, False
0.6512306641886365, -3.1315056556968415, 0.4552530500603278, -0.26920450461362055, -0.11493570835539857, -0.6224388872032589, False
-4.999094113579092, -0.9929793478930122, 2.6760322837241697, -0.26920450461362055, -0.11493570835539857, -0.6224388872032589, False
3.824912432282593, 5.415154450985975, -1.4411980057508853, -0.26920450461362055, -0.11493570835539857, -0.6224388872032589, False
5.749133916001073, -6.108138386491355, 1.8560092571811273, -0.26920450461362055, -0.11493570835539857, -0.6224388872032589, False
2.1862725993637753, -1.3725881012392476, 1.959265721699797, -0.26920450461362055, -0.11493570835539857, -0.6224388872032589, False
-1.7743733090354423, -6.097697721884902, 0.7587685176463133, -0.26920450461362055, -0.11493570835539857, -0.6224388872032589, False
0.6632378907109961, 3.084966707373681, 0.9100156886795343, -0.26920450461362055, -0.11493570835539857, -0.6224388872032589, False
-2.7437200997396816, 4.010916046442013, -0.6470826388437607, -0.26920450461362055, -0.11493570835539857, -0.6224388872032589, False
-0.9366789183933797, 1.9982919971978301, 2.912701052214458, -0.26920450461362055, -0.11493570835539857, -0.6224388872032589, True
-0.838070192179865, 3.0695935246517703, 1.5134307182011453, -0.26920450461362055, -0.11493570835539857, -0.6224388872032589, False
6.126325645694102, 3.043171550721153, 2.906517765331957, -0.26920450461362055, -0.11493570835539857, -0.6224388872032589, True
2.8737428866229795, 5.076174452293154, 2.0458620621138106, -0.26920450461362055, -0.11493570835539857, -0.6224388872032589, False
-0.871987768484038, -3.4433651415057773, -0.064485408024896, -0.26920450461362055, -0.11493570835539857, -0.6224388872032589, False
2.9581522907820084, 2.3274966911917403, -1.9923774295637833, -0.26920450461362055, -0.11493570835539857, -0.6224388872032589, False
1.73751995895533, 2.279807085121046, -1.0286783581403216, -0.26920450461362055, -0.11493570835539857, -0.6224388872032589, False
5.044850228714269, 3.239970903497026, -1.2550823154070754, -0.26920450461362055, -0.11493570835539857, -0.6224388872032589, False
-0.2831882846963669, -4.460324393895332, -1.111305896600253, -0.26920450461362055, -0.11493570835539857, -0.6224388872032589, False
1.6830817598058765, 4.288825960617048, -2.4015492664795457, -0.26920450461362055, -0.11493570835539857, -0.6224388872032589, False
-0.24671878734811958, -0.006293811704269459, -0.8370085961654348, -0.26920450461362055, -0.11493570835539857, -0.6224388872032589, False
5.184831403196158, -0.7783759601593978, -2.4226357761092245, -0.26920450461362055, -0.11493570835539857, -0.6224388872032589, False
0.3684518006728661, -2.371553262819799, -1.6188893380565328, -0.26920450461362055, -0.11493570835539857, -0.6224388872032589, False
-0.21162085181290013, -2.4348844274986594, -0.556960689509848, -0.26920450461362055, -0.11493570835539857, -0.6224388872032589, False
5.582316948294579, -4.711285791331196, 0.7324403307304181, -0.26920450461362055, -0.11493570835539857, -0.6224388872032589, False
0.4512131532261181, -2.435623350507307, -2.7559033047984447, -0.26920450461362055, -0.11493570835539857, -0.6224388872032589, False
6.183183717887257, -0.8752399463531493, 0.6346186628860315, -0.26920450461362055, -0.11493570835539857, -0.6224388872032589, False
0.49826339221658067, 5.008933258795425, 2.2280088696540794, -0.26920450461362055, -0.11493570835539857, -0.6224388872032589, False
-3.374653270284422, -4.2388548484557536, -3.074195469355367, -0.26920450461362055, -0.11493570835539857, -0.6224388872032589, True
4.870576484820601, -2.3408234916378206, -0.28820677014264096, -0.26920450461362055, -0.11493570835539857, -0.6224388872032589, False
-3.2643463330673415, -6.101836348344164, -3.0328417366467524, -0.26920450461362055, -0.11493570835539857, -0.6224388872032589, True
-3.8946102869578207, -5.640216711296032, -1.9661442512670666, -0.26920450461362055, -0.11493570835539857, -0.6224388872032589, False
-0.06305368230277608, -0.4673952009995812, -0.2840838261980223, -0.26920450461362055, -0.11493570835539857, -0.6224388872032589, False
3.5031560458286055, -1.1777788811994299, 2.618162633639601, -0.26920450461362055, -0.11493570835539857, -0.6224388872032589, False
1.2204760698794308, -4.730873761520411, -2.6283811106894532, -0.26920450461362055, -0.11493570835539857, -0.6224388872032589, False
-4.677400307874297, 0.6837146451166287, -1.2560600502468828, -0.26920450461362055, -0.11493570835539857, -0.6224388872032589, False
1.902331682681023, -5.276183816430055, 1.876470263514527, -0.26920450461362055, -0.11493570835539857, -0.6224388872032589, False
4.330106071697921, -3.18897816521048, -2.033110840681406, -0.26920450461362055, -0.11493570835539857, -0.6224388872032589, False
3.435723213306975, -2.8726110622729863, 1.0747657838224738, -0.26920450461362055, -0.11493570835539857, -0.6224388872032589, False
-1.6271244752029608, 2.049069493356418, -1.9640352419720366, -0.26920450461362055, -0.11493570835539857, -0.6224388872032589, False
-5.466311663244209, 3.0308665658242333, 1.2402031683170947, -0.26920450461362055, -0.11493570835539857, -0.6224388872032589, False
5.809934847027668, 5.236140973054768, 1.9188791769947944, -0.26920450461362055, -0.11493570835539857, -0.6224388872032589, False
-1.3718045661266007, -1.6157971844445633, -1.3863341213514035, -0.26920450461362055, -0.11493570835539857, -0.6224388872032589, False
4.437659247714848, 4.389859015970115, 1.0238152844663881, -0.26920450461362055, -0.11493570835539857, -0.6224388872032589, False
4.729075827926803, -4.0876776482158155, 1.9744312694096529, -0.26920450461362055, -0.11493570835539857, -0.6224388872032589, False
2.394358044271831, -1.717830859621138, -2.3997691438123776, -0.26920450461362055, -0.11493570835539857, -0.6224388872032589, False
-5.091854837916273, 1.8442999369459159, -3.10943985737905, -0.26920450461362055, -0.11493570835539857, -0.6224388872032589, True
-2.5947220206985784, 3.223450788762989, 3.109260472406379, -0.26920450461362055, -0.11493570835539857, -0.6224388872032589, True
-4.475715930733724, 1.0474013287903121, -3.0247192247130563, -0.26920450461362055, -0.11493570835539857, -0.6224388872032589, True
2.0444246862318973, -3.265505009649792, -1.2520154809225497, -0.26920450461362055, -0.11493570835539857, -0.6224388872032589, False
-1.4417382296758312, 3.2347736031544745, -0.3708791499866937, -0.26920450461362055, -0.11493570835539857, -0.6224388872032589, False
0.8967049665020532, -3.2476974657597446, 2.6432585800772586, -0.26920450461362055, -0.11493570835539857, -0.6224388872032589, False
-2.1912015960064055, 1.6597462933172071, 1.6626160606662275, -0.26920450461362055, -0.11493570835539857, -0.6224388872032589, False
1.4695846695647354, 4.517302905724156, 2.262634962761741, -0.26920450461362055, -0.11493570835539857, -0.6224388872032589, False
4.214051975849211, 1.9886710766872024, 2.184612207305186, -0.26920450461362055, -0.11493570835539857, -0.6224388872032589, False
3.3301494389822004, -6.111996844365682, -0.7417803722338854, -0.26920450461362055, -0.11493570835539857, -0.6224388872032589, False
-4.209239287090992, 5.202848802264025, 2.0686590346144538, -0.26920450461362055, -0.11493570835539857, -0.6224388872032589, False
-5.843245844814541, -0.5357364440669059, -2.5012308993459142, -0.26920450461362055, -0.11493570835539857, -0.6224388872032589, False
-1.1444039346279213, -3.789169643437, -0.5029463200211084, -0.26920450461362055, -0.11493570835539857, -0.6224388872032589, False
5.684632222291661, -3.3713487450903985, -2.33544108780735, -0.26920450461362055, -0.11493570835539857, -0.6224388872032589, False
-1.7319738605638708, 5.770515259636539, -1.8589682705410167, -0.26920450461362055, -0.11493570835539857, -0.6224388872032589, False
-5.8196659150876044, 4.111713033975164, 0.3231372172612539, -0.26920450461362055, -0.11493570835539857, -0.6224388872032589, False
-5.566585279036325, 4.8234035895984455, -2.046474274138376, -0.26920450461362055, -0.11493570835539857, -0.6224388872032589, False
-5.790383615803759, 6.029397805393954, -0.6747981124137348, -0.26920450461362055, -0.11493570835539857, -0.6224388872032589, False
1.3056092303780682, 4.207468000576963, -2.7811487896130567, -0.26920450461362055, -0.11493570835539857, -0.6224388872032589, False
1.4926692936521757, 4.460078830941894, 0.3538075962522229, -0.26920450461362055, -0.11493570835539857, -0.6224388872032589, False
-0.26633624334538375, 5.473540282438259, -0.6060754816418146, -0.26920450461362055, -0.11493570835539857, -0.6224388872032589, False
-2.2195509028191402, 6.2605903797222755, -1.207456705086175, -0.26920450461362055, -0.11493570835539857, -0.6224388872032589, False
-1.0307908609915408, -3.55590759468026, -2.0342727804570453, -0.26920450461362055, -0.11493570835539857, -0.6224388872032589, False
2.2737755469324483, -0.7988727204882267, 0.8023443984748728, -0.26920450461362055, -0.11493570835539857, -0.6224388872032589, False
-0.3405557776842931, -0.9633709306140794, 0.1437570963631023, -0.26920450461362055, -0.11493570835539857, -0.6224388872032589, False
-3.1595987503578886, 2.751889012422204, 2.9632982956993104, -0.26920450461362055, -0.11493570835539857, -0.6224388872032589, True
5.86165577579324, -1.139244957927355, 0.747928108589595, -0.26920450461362055, -0.11493570835539857, -0.6224388872032589, False
1.0544250629506182, -4.280059555128134, 0.6849033055661384, -0.26920450461362055, -0.11493570835539857, -0.6224388872032589, False
-0.9719422324619096, -1.4914991831901112, 1.8773111930991, -0.26920450461362055, -0.11493570835539857, -0.6224388872032589, False
6.220254585108217, 4.194143683373149, -2.2862766076645205, -0.26920450461362055, -0.11493570835539857, -0.6224388872032589, False
-3.056262215836934, 2.606866823289973, 2.3051504215158882, -0.26920450461362055, -0.11493570835539857, -0.6224388872032589, False
4.37834802432306, -3.8978592638631424, -1.5090334201596025, -0.26920450461362055, -0.11493570835539857, -0.6224388872032589, False
-0.5911470695388203, 4.496694406183561, 2.8739282412599847, -0.26920450461362055, -0.11493570835539857, -0.6224388872032589, True
-6.274192786345894, -1.6697271791368644, -0.5830556106396001, -0.26920450461362055, -0.11493570835539857, -0.6224388872032589, False
-3.3067123571502735, 4.654308429893115, 1.6532181963486803, -0.26920450461362055, -0.11493570835539857, -0.6224388872032589, False
-1.7744654711564056, 3.701789380937557, -0.3710559548971877, -0.26920450461362055, -0.11493570835539857, -0.6224388872032589, False
4.716070339455342, 0.778007688260697, -1.1840104816283854, -0.26920450461362055, -0.11493570835539857, -0.6224388872032589, False
0.08953764588380331, -3.9257620850941906, -2.845180830350257, -0.26920450461362055, -0.11493570835539857, -0.6224388872032589, False
0.12095618900932692, -5.457003800566019, -0.7803737227352054, -0.26920450461362055, -0.11493570835539857, -0.6224388872032589, False
-1.454174288616776, 3.3384397134906756, 2.764629059804091, -0.26920450461362055, -0.11493570835539857, -0.6224388872032589, False
0.08573703756000839, 5.5235692689859945, -2.8889438429358436, -0.26920450461362055, -0.11493570835539857, -0.6224388872032589, True
-2.781646078357672, 1.8819000787170594, 2.96108650454918, -0.26920450461362055, -0.11493570835539857, -0.6224388872032589, True
5.327463023466057, -0.29446677241245656, -2.7875996775179406, -0.26920450461362055, -0.11493570835539857, -0.6224388872032589, False
-2.450721012731732, -4.292260712170352, 2.300259938091002, -0.26920450461362055, -0.11493570835539857, -0.6224388872032589, False
-1.3692619700221247, 3.218845317185389, 2.7319908837178923, -0.26920450461362055, -0.11493570835539857, -0.6224388872032589, False
-3.315947707869049, 6.155168542253081, -2.8207415256760604, -0.26920450461362055, -0.11493570835539857, -0.6224388872032589, False
2.6755461137843604, 0.8811088481346898, 2.225786899792274, -0.26920450461362055, -0.11493570835539857, -0.6224388872032589, False
1.7681056411619203, -4.797320741907402, -1.4959686876636484, -0.26920450461362055, -0.11493570835539857, -0.6224388872032589, False
3.2645845130505258, -0.5129757676472266, 0.09052254770980284, -0.26920450461362055, -0.11493570835539857, -0.6224388872032589, False
-6.268545543710426, -4.381608010962953, -2.030885110115557, -0.26920450461362055, -0.11493570835539857, -0.6224388872032589, False
-1.2982683979524854, 6.223370486673014, -1.5909022673789563, -0.26920450461362055, -0.11493570835539857, -0.6224388872032589, False
1.7912040709470354, 1.023150689321926, 1.4131911485220554, -0.26920450461362055, -0.11493570835539857, -0.6224388872032589, False
0.849507783377331, -0.5553143766077628, -1.8375772554309886, -0.26920450461362055, -0.11493570835539857, -0.6224388872032589, False
-2.817203110550352, -1.0619654814454185, 1.346412438611777, -0.26920450461362055, -0.11493570835539857, -0.6224388872032589, False
4.633818220652296, 2.640861376312033, -2.8086846984447753, -0.26920450461362055, -0.11493570835539857, -0.6224388872032589, False
3.0477623117954433, -4.454897245726146, -1.676238303043338, -0.26920450461362055, -0.11493570835539857, -0.6224388872032589, False
1.5460441789795052, -3.2593577695976212, -1.1628469943739614, -0.26920450461362055, -0.11493570835539857, -0.6224388872032589, False
4.659014366680216, -4.837600951883809, -0.9738650342826545, -0.26920450461362055, -0.11493570835539857, -0.6224388872032589, False
0.810748427974306, -5.496366201619185, 1.914313083455462, -0.26920450461362055, -0.11493570835539857, -0.6224388872032589, False
3.205164541015378, 0.936291956014653, 2.4572777929864467, -0.26920450461362055, -0.11493570835539857, -0.6224388872032589, False
-1.8779860645125872, -0.38812673713202894, 0.7654213597782502, -0.26920450461362055, -0.11493570835539857, -0.6224388872032589, False
