-1.9296296520800444, -3.9001102345378507, -0.14827227602202164, 0.13015440759150243, -0.4145317163492639, 0.7200877777586965, False
6.256462096310251, 0.7040561303441786, 1.8040659390123244, 0.13015440759150243, -0.4145317163492639, 0.7200877777586965, False
3.5679925930535283, -5.068815761795362, -0.3224361033230845, 0.13015440759150243, -0.4145317163492639, 0.7200877777586965, False
-0.3591789082808656, 0.5611092381814169, -1.32232242373047, 0.13015440759150243, -0.4145317163492639, 0.7200877777586965, False
3.757142850198216, -4.591872156450644, 2.8369150099418086, 0.13015440759150243, -0.4145317163492639, 0.7200877777586965, False
0.13954654788041498, -3.9175739402805685, 2.4700389187615768, 0.13015440759150243, -0.4145317163492639, 0.7200877777586965, False
4.127701905164898, 4.489082520637773, -1.2347477778328086, 0.13015440759150243, -0.4145317163492639, 0.7200877777586965, False
2.1919336866170145, 2.17957595130118, -0.7475362585906691, 0.13015440759150243, -0.4145317163492639, 0.7200877777586965, False
-5.100158016651959, 2.203221634797762, -2.2103337095667763, 0.13015440759150243, -0.4145317163492639, 0.7200877777586965, False
-0.874532479272963, -2.697864850809032, -2.1300523467894084, 0.13015440759150243, -0.4145317163492639, 0.7200877777586965, False
-6.1969235289776465, 6.152900175823055, 3.0059791267256255, 0.13015440759150243, -0.4145317163492639, 0.7200877777586965, True
1.6003777412639586, 1.0069812581023658, -2.125739763204156, 0.13015440759150243, -0.4145317163492639, 0.7200877777586965, False
3.2903386743240564, -5.158232771377254, -0.804166552174105, 0.13015440759150243, -0.4145317163492639, 0.7200877777586965, False
-5.630460090395443, 0.4315214851170852, -1.8668148708839543, 0.13015440759150243, -0.4145317163492639, 0.7200877777586965, False
-1.0417179938138599, 3.836566955217302, 0.37600812858178134, 0.13015440759150243, -0.4145317163492639, 0.7200877777586965, False
-3.982145574155869, -2.9999668858524218, -2.004797431605076, 0.13015440759150243, -0.4145317163492639, 0.7200877777586965, False
-5.230465678395237, 5.074818826048572, -0.7397505615576709, 0.13015440759150243, -0.4145317163492639, 0.7200877777586965, False
3.916868308009173, -3.939667394313154, 0.6620031395217363, 0.13015440759150243, -0.4145317163492639, 0.7200877777586965, False
3.3742098166583823, 0.013420024650316442, -1.0815285863590094, 0.13015440759150243, -0.4145317163492639, 0.7200877777586965, False
-1.4407061238599468, -4.870835416186758, 2.9829117065325477, 0.13015440759150243, -0.4145317163492639, 0.7200877777586965, True
-4.358865228447695, -4.481484914650265, -1.881753820237702, 0.13015440759150243, -0.4145317163492639, 0.7200877777586965, False
-2.918513280225066, 4.0519595094402, -2.5293054569066187, 0.13015440759150243, -0.4145317163492639, 0.7200877777586965, False
-3.308207811737918, 3.4722439229403896, 1.0455167610683889, 0.13015440759150243, -0.4145317163492639, 0.7200877777586965, False
-0.7334467806233382, 4.833677399830263, 1.1400808162651952, 0.13015440759150243, -0.4145317163492639, 0.7200877777586965, False
2.9301257889606536, -2.035999184210036, -0.3231960825719775, 0.13015440759150243, -0.4145317163492639, 0.7200877777586965, False
-4.4861544710524015, -5.655903529994867, 1.6732473155348941, 0.13015440759150243, -0.4145317163492639, 0.7200877777586965, False
2.813141630405241, 4.581850866757865, 2.1603091663214427, 0.13015440759150243, -0.4145317163492639, 0.7200877777586965, False
-3.5691101782469548, 5.7713596916840295, 3.082504778810673, 0.13015440759150243, -0.4145317163492639, 0.7200877777586965, True
3.1179767450761506, -0.9710102347563909, -1.8313303012200275, 0.13015440759150243, -0.4145317163492639, 0.7200877777586965, False
-0.8596565492177586, -2.4608377699475907, -2.0169980823809914, 0.13015440759150243, -0.4145317163492639, 0.7200877777586965, False
5.157835085049671, -0.5788296657916154, 2.115019108120201, 0.13015440759150243, -0.4145317163492639, 0.7200877777586965, False
4.309958694543846, 1.5219635178179196, -1.0904463713735524, 0.13015440759150243, -0.4145317163492639, 0.7200877777586965, False
5.185720318981762, -4.743591805710615, 0.8145195274482346, 0.13015440759150243, -0.4145317163492639, 0.7200877777586965, False
2.4453915041996908, 4.005710644591664, -2.00700168534481, 0.13015440759150243, -0.4145317163492639, 0.7200877777586965, False
0.5988046114173855, 4.117315634968623, 2.3771099215032, 0.13015440759150243, -0.4145317163492639, 0.7200877777586965, False
-1.6861752859302337, 3.6018538425803754, -0.8008943045230481, 0.13015440759150243, -0.4145317163492639, 0.7200877777586965, False
-2.9867882915836694, -3.791575591483517, -0.3880573947877064, 0.13015440759150243, -0.4145317163492639, 0.7200877777586965, False
-0.38411461422415094, -5.493892384208334, -0.892779826513177, 0.13015440759150243, -0.4145317163492639, 0.7200877777586965, False
2.849949884646371, -0.4869814137751547, -2.5546642103421644, 0.13015440759150243, -0.4145317163492639, 0.7200877777586965, False
3.105129814845087, -4.886385762282925, 2.686394599431586, 0.13015440759150243, -0.4145317163492639, 0.7200877777586965, False
6.19380190386809, 0.9969436371570621, -0.793903536692353, 0.13015440759150243, -0.4145317163492639, 0.7200877777586965, False
5.078961720684752, -1.7207806199297302, 1.0739282538079973, 0.13015440759150243, -0.4145317163492639, 0.7200877777586965, False
-3.286990901008425, -0.35530277879798966, -2.055056784603175, 0.13015440759150243, -0.4145317163492639, 0.7200877777586965, False
-2.3982512969601695, 0.4703859343604613, -0.8804022444933475, 0.13015440759150243, -0.4145317163492639, 0.7200877777586965, False
-1.7605845601808436, -0.4037013738031252, -0.7954463820382762, 0.13015440759150243, -0.4145317163492639, 0.7200877777586965, False
-3.4258331961615185, 1.877360178367331, -2.733969635058801, 0.13015440759150243, -0.4145317163492639, 0.7200877777586965, False
0.07646991296874006, -0.6120773516241522, -1.7448497038903368, 0.13015440759150243, -0.4145317163492639, 0.7200877777586965, False
-3.443306362441171, -0.12315090110324345, -2.7902718501063313, 0.13015440759150243, -0.4145317163492639, 0.7200877777586965, False
6.142263708272155, 3.647370032345595, -0.7673148287920499, 0.13015440759150243, -0.4145317163492639, 0.7200877777586965, False
-6.029600975171683, 4.916849060258103, -0.4711649220397627, 0.13015440759150243, -0.4145317163492639, 0.7200877777586965, False
-5.190263991221894, -0.15859144736473585, 2.958789286297084, 0.13015440759150243, -0.4145317163492639, 0.7200877777586965, True
2.4490269916297756, -1.102447967422128, -2.1562635855761907, 0.13015440759150243, -0.4145317163492639, 0.7200877777586965, False
4.504507355894317, -1.294783031989252, -0.8131297610289114, 0.13015440759150243, -0.4145317163492639, 0.7200877777586965, False
0.03616367363691175, -0.06376938845584412, -2.480464283470143, 0.13015440759150243, -0.4145317163492639, 0.7200877777586965, False
4.900011092917092, -2.646537933933386, 1.2897156688408247, 0.13015440759150243, -0.4145317163492639, 0.7200877777586965, False
-0.4474392681849002, -0.5250138299962384, 1.6707771370106972, 0.13015440759150243, -0.4145317163492639, 0.7200877777586965, False
-5.518817278515927, 5.6887050363667555, 1.2292859897425226, 0.13015440759150243, -0.4145317163492639, 0.7200877777586965, False
-2.9245451256928745, -2.0778908605806494, -0.658517913616187, 0.13015440759150243, -0.4145317163492639, 0.7200877777586965, False
1.6627356625866447, 3.561627978853128, 0.44707260483871636, 0.13015440759150243, -0.4145317163492639, 0.7200877777586965, False
-5.935721309887038, -6.152181437161184, 1.3956597900388656, 0.13015440759150243, -0.4145317163492639, 0.7200877777586965, False
6.076462573099361, -1.7732896230957547, -1.5495409034484646, 0.13015440759150243, -0.4145317163492639, 0.7200877777586965, False
-0.048483926131781985, 1.4015194540373663, 0.23991804130743732, 0.13015440759150243, -0.4145317163492639, 0.7200877777586965, False
1.344762730469701, 0.35909886856692275, 1.2699349619473645, 0.13015440759150243, -0.4145317163492639, 0.7200877777586965, False
0.9931928114909452, -0.7413526698873989, -0.08452392978581358, 0.13015440759150243, -0.4145317163492639, 0.7200877777586965, False
-5.512420443267605, -5.256127045997813, -0.8031216522849407, 0.13015440759150243, -0.4145317163492639, 0.7200877777586965, False
-3.187290825835477, -3.205287636592187, -0.40981936918881123, 0.13015440759150243, -0.4145317163492639, 0.7200877777586965, False
5.457908077490805, -4.841866876236101, 1.5114161429830517, 0.13015440759150243, -0.4145317163492639, 0.7200877777586965, False
5.725369867529627, -0.2855203447311583, 2.7506141688834056, 0.13015440759150243, -0.4145317163492639, 0.7200877777586965, False
4.847292325400057, 2.9601072550203007, 1.3932445682348105, 0.13015440759150243, -0.4145317163492639, 0.7200877777586965, False
5.852682123031281, 4.9823505705186175, 1.9044959174330902, 0.13015440759150243, -0.4145317163492639, 0.7200877777586965, False
-5.9474552970245576, 1.9965587904383906, -0.6680768921151685, 0.13015440759150243, -0.4145317163492639, 0.7200877777586965, False
-4.709511254773954, -5.271994180883, -2.4055678339796662, 0.13015440759150243, -0.4145317163492639, 0.7200877777586965, False
-5.895473791034018, 1.4563949183450013, 3.1283513171949133, 0.13015440759150243, -0.4145317163492639, 0.7200877777586965, True
4.225183786604536, 4.273677718146404, -1.9390294239240788, 0.13015440759150243, -0.4145317163492639, 0.7200877777586965, False
1.3226524856792121, -2.5899967381046927, 2.513783737631007, 0.13015440759150243, -0.4145317163492639, 0.7200877777586965, False
1.328339811791853, 1.0208630872443099, 1.0017241753712511, 0.13015440759150243, -0.4145317163492639, 0.7200877777586965, False
5.929952142901241, -0.9135571581012814, 3.024364212124288, 0.13015440759150243, -0.4145317163492639, 0.7200877777586965, True
-1.0450109416131568, -1.6255849453727675, -0.6620112325365723, 0.13015440759150243, -0.4145317163492639, 0.7200877777586965, False
1.892126650439117, -5.209517966287316, 2.8472483247064, 0.13015440759150243, -0.4145317163492639, 0.7200877777586965, True
5.072377007538297, 0.3859453993453119, -0.3269457844098569, 0.13015440759150243, -0.4145317163492639, 0.7200877777586965, False
2.243642759824663, 1.273082904469172, -3.0072718528311264, 0.13015440759150243, -0.4145317163492639, 0.7200877777586965, True
-5.287657082340149, -5.62564436147575, 0.2744853632212094, 0.13015440759150243, -0.4145317163492639, 0.7200877777586965, False
-4.786518899815991, 1.8110129574846674, -2.190330195452006, 0.13015440759150243, -0.4145317163492639, 0.7200877777586965, False
1.4687333541734686, 1.0441931154430844, 2.324480756641278, 0.13015440759150243, -0.4145317163492639, 0.7200877777586965, False
0.472081562803095, -4.390043894901694, -2.6658587663449125, 0.13015440759150243, -0.4145317163492639, 0.7200877777586965, False
-3.325902575348766, 4.460939765215807, 3.0763405695643433, 0.13015440759150243, -0.4145317163492639, 0.7200877777586965, True
4.096051740079416, 5.224489995223184, 2.662188144009593, 0.13015440759150243, -0.4145317163492639, 0.7200877777586965, False
6.272389609034775, 0.17745614991703818, -2.370454656572531, 0.13015440759150243, -0.4145317163492639, 0.7200877777586965, False
-5.934441797033181, -0.8610255508844951, 2.396235587375954, 0.13015440759150243, -0.4145317163492639, 0.7200877777586965, False
0.6928792550115039, 0.03222416002225614, 1.4202229593514337, 0.13015440759150243, -0.4145317163492639, 0.7200877777586965, False
2.0740824299101757, 5.070562891863242, -0.7839559619617082, 0.13015440759150243, -0.4145317163492639, 0.7200877777586965, False
3.505743561654551, 4.011240319687046, 1.8233097872743285, 0.13015440759150243, -0.4145317163492639, 0.7200877777586965, False
-3.5553200975100565, -2.572814854088396, -2.998919863095522, 0.13015440759150243, -0.4145317163492639, 0.7200877777586965, True
3.2436373394049642, 1.3499086352723886, 2.016512152650841, 0.13015440759150243, -0.4145317163492639, 0.7200877777586965, False
-1.383853421385436, -5.04821767158549, 0.9716033195145872, 0.13015440759150243, -0.4145317163492639, 0.7200877777586965, False
-0.48732289762654535, 6.2813153320402115, -0.07617362828181662, 0.13015440759150243, -0.4145317163492639, 0.7200877777586965, False
-5.267591383846812, 3.1881009042667507, 1.0136134164261712, 0.13015440759150243, -0.4145317163492639, 0.7200877777586965, False
5.681570522964247, -5.219783306295596, 0.02301680309377696, 0.13015440759150243, -0.4145317163492639, 0.7200877777586965, False
3.295528567014511, -1.9256004141617673, -1.8326858189096726, 0.13015440759150243, -0.4145317163492639, 0.7200877777586965, False
-0.40002141080895726, 5.330685895146173, -2.1148988859723516, 0.13015440759150243, -0.4145317163492639, 0.7200877777586965, False
4.066794869834293, -4.6514054530977855, -1.8324566233982578, 0.13015440759150243, -0.4145317163492639, 0.7200877777586965, False
-5.672841023851694, 4.781621451624286, 1.8537171954057792, 0.13015440759150243, -0.4145317163492639, 0.7200877777586965, False
-1.247236834950047, -2.54283876511374, 1.4571316074228298, 0.13015440759150243, -0.4145317163492639, 0.7200877777586965, False
5.60122462800655, -3.8443081426440324, -1.7245233508068494, 0.13015440759150243, -0.4145317163492639, 0.7200877777586965, False
-1.7549095109169306, -1.6377448781890598, -1.0210473554321422, 0.13015440759150243, -0.4145317163492639, 0.7200877777586965, False
2.470866520352768, 1.8166428668332664, 1.3398675773884197, 0.13015440759150243, -0.4145317163492639, 0.7200877777586965, False
4.925651687224995, -6.223226732673238, -1.3916425016159, 0.13015440759150243, -0.4145317163492639, 0.7200877777586965, False
4.844398190079264, -4.93320509765251, -1.4570365393338225, 0.13015440759150243, -0.4145317163492639, 0.7200877777586965, False
1.0279216190670581, -3.9754844361003996, -1.1748911885325015, 0.13015440759150243, -0.4145317163492639, 0.7200877777586965, False
-5.623433968058033, -4.7808726248645925, -0.8358518597244866, 0.13015440759150243, -0.4145317163492639, 0.7200877777586965, False
-0.1576903892633803, 3.493186273501438, -2.657020089619216, 0.13015440759150243, -0.4145317163492639, 0.7200877777586965, False
4.548390601763881, -3.175907546202571, -0.5785048519540283, 0.13015440759150243, -0.4145317163492639, 0.7200877777586965, False
-4.070903952614886, -1.4033691838159985, 2.6505037136600533, 0.13015440759150243, -0.4145317163492639, 0.7200877777586965, False
5.940772129355942, -4.289509855542457, 0.339849886507404, 0.13015440759150243, -0.4145317163492639, 0.7200877777586965, False
-0.34366940719898054, 5.873642412745147, 2.053998560955818, 0.13015440759150243, -0.4145317163492639, 0.7200877777586965, False
2.0445577912736823, 2.0877874554922453, -0.7641666117127972, 0.13015440759150243, -0.4145317163492639, 0.7200877777586965, False
-3.845249293127217, 3.262858618772464, 2.2835815043430703, 0.13015440759150243, -0.4145317163492639, 0.7200877777586965, False
-3.892015565206669, -0.8634437647699533, -0.979501581490644, 0.13015440759150243, -0.4145317163492639, 0.7200877777586965, False
-2.1231133377337787, -5.2325524655110005, 1.2001391148570786, 0.13015440759150243, -0.4145317163492639, 0.7200877777586965, False
-3.253096803851453, 2.7884689918476706, 0.004905521637240451, 0.13015440759150243, -0.4145317163492639, 0.7200877777586965, False
4.0730636290392255, -0.01374155954910794, -0.6227921812271022, 0.13015440759150243, -0.4145317163492639, 0.7200877777586965, False
-3.22901840210929, 2.2673128158165206, 2.2283123121869277, 0.13015440759150243, -0.4145317163492639, 0.7200877777586965, False
2.6292210208446214, -5.20771479287003, 2.7268532818813433, 0.13015440759150243, -0.4145317163492639, 0.7200877777586965, False
-2.385249433002256, 3.407317481124508, -0.9227874897355699, 0.13015440759150243, -0.4145317163492639, 0.7200877777586965, False
3.681719773194521, 1.160299401865844, -1.5860330537669516, 0.13015440759150243, -0.4145317163492639, 0.7200877777586965, False
-5.721029967389639, -2.293819054671007, 2.041077944989131, 0.13015440759150243, -0.4145317163492639, 0.7200877777586965, False
-3.203973588404875, -3.076273249084207, -3.1041879367205865, 0.13015440759150243, -0.4145317163492639, 0.7200877777586965, True
0.7975125398022636, 5.178417407852402, 0.5182609324198499, 0.13015440759150243, -0.4145317163492639, 0.7200877777586965, False
1.7908025174287374, -5.519409346655234, -1.3001132162652624, 0.13015440759150243, -0.4145317163492639, 0.7200877777586965, False
-6.281521029231904, 5.882144195404885, 1.2323193495358957, 0.13015440759150243, -0.4145317163492639, 0.7200877777586965, False
-2.7631522622005464, 3.2295630223703675, -1.3309096112928864, 0.13015440759150243, -0.4145317163492639, 0.7200877777586965, False
-2.4851720869890395, 2.9561561873773456, 2.8979873917786705, 0.13015440759150243, -0.4145317163492639, 0.7200877777586965, True
-0.10115718045870192, 2.9294707030063005, 0.2048506806897641, 0.13015440759150243, -0.4145317163492639, 0.7200877777586965, False
-1.2893061204205427, -1.0258041481233002, 0.11991963701385533, 0.13015440759150243, -0.4145317163492639, 0.7200877777586965, True
-5.447281094329628, -3.2599044333421188, 1.9682711236490293, 0.13015440759150243, -0.4145317163492639, 0.7200877777586965, False
3.589777668336623, -1.3729261772150796, -0.23752756436992506, 0.13015440759150243, -0.4145317163492639, 0.7200877777586965, False
-1.190494413458234, -3.582579193188123, -1.7163605468823426, 0.13015440759150243, -0.4145317163492639, 0.7200877777586965, False
5.612889653284427, 4.041491550590317, -2.3750850806752934, 0.13015440759150243, -0.4145317163492639, 0.7200877777586965, False
-3.8851467250895393, -5.058518004194197, 2.4673207318083206, 0.13015440759150243, -0.4145317163492639, 0.7200877777586965, False
1.6226669720929783, -3.8494098318284693, 1.0562331727774943, 0.13015440759150243, -0.4145317163492639, 0.7200877777586965, False
-1.836959637207845, -3.777743854994319, 0.739675479325208, 0.13015440759150243, -0.4145317163492639, 0.7200877777586965, False
-5.671936055649727, -2.7111728807614237, -2.3329802265351516, 0.13015440759150243, -0.4145317163492639, 0.7200877777586965, False
-3.3906853130027272, 5.771970246433668, 0.7639267990864518, 0.13015440759150243, -0.4145317163492639, 0.7200877777586965, False
-4.038738892398685, 5.284551537410119, 3.115150473194549, 0.13015440759150243, -0.4145317163492639, 0.7200877777586965, True
-0.054924195207503246, -2.5947240659577546, 0.12880782517530998, 0.13015440759150243, -0.4145317163492639, 0.7200877777586965, False
1.2994441317916055, 5.249754159297094, 2.436518610342744, 0.13015440759150243, -0.4145317163492639, 0.7200877777586965, False
-3.456758838849597, -1.7172117177413613, -0.5017714130317454, 0.13015440759150243, -0.4145317163492639, 0.7200877777586965, False
4.185445542420059, 5.102574428576702, -2.1165032634004266, 0.13015440759150243, -0.4145317163492639, 0.7200877777586965, False
-1.3641429226988766, 2.486547242820608, -2.839962356582917, 0.13015440759150243, -0.4145317163492639, 0.7200877777586965, False
-3.1656765711940524, -2.7417622920869915, 3.0151612570119077, 0.13015440759150243, -0.4145317163492639, 0.7200877777586965, True
-0.4978839494677487, 3.754141924273176, 2.416594072346853, 0.13015440759150243, -0.4145317163492639, 0.7200877777586965, False
2.5663708820885063, 1.8812173265207388, -1.1740899738145343, 0.13015440759150243, -0.4145317163492639, 0.7200877777586965, False
-4.661507064875352, 3.3258536542357735, 3.0899427889478615, 0.13015440759150243, -0.4145317163492639, 0.7200877777586965, True
2.532650178759523, 3.902168241037442, 0.22893178679769832, 0.13015440759150243, -0.4145317163492639, 0.7200877777586965, False
0.471163019645644, 3.236070227261317, 2.4522513179825856, 0.13015440759150243, -0.4145317163492639, 0.7200877777586965, False
-2.1531657927413974, 2.1912514341250837, 1.4096416761160375, 0.13015440759150243, -0.4145317163492639, 0.7200877777586965, False
-4.234423910285314, 1.304870378572132, -3.0731827653759947, 0.13015440759150243, -0.4145317163492639, 0.7200877777586965, True
2.626141606731464, 0.5735688735463942, -0.47919717859307465, 0.13015440759150243, -0.4145317163492639, 0.7200877777586965, False
1.1914930238738393, -4.890033557671955, 1.502298289990481, 0.13015440759150243, -0.4145317163492639, 0.7200877777586965, False
5.636401586303057, -0.9083994686751886, 1.0128873658825377, 0.13015440759150243, -0.4145317163492639, 0.7200877777586965, False
1.731691935897251, 0.4813322856868174, 1.7649436048650173, 0.13015440759150243, -0.4145317163492639, 0.7200877777586965, False
-5.3788372161368345, 2.6229630284667973, 2.7439799318683162, 0.13015440759150243, -0.4145317163492639, 0.7200877777586965, False
0.4796861154445393, -0.8079128724729658, 1.5489910097991757, 0.13015440759150243, -0.4145317163492639, 0.7200877777586965, False
1.0136519308726255, 0.9961391621694045, -0.633845631074458, 0.13015440759150243, -0.4145317163492639, 0.7200877777586965, False
-3.624645952911161, 5.309544607755948, 1.5656349566277035, 0.13015440759150243, -0.4145317163492639, 0.7200877777586965, False
-3.138401788609842, 5.928974586448154, -0.5484190678599767, 0.13015440759150243, -0.4145317163492639, 0.7200877777586965, False
-2.669660446586283, 4.969405803647637, 1.8096156698647468, 0.13015440759150243, -0.4145317163492639, 0.7200877777586965, False
-4.180178818852948, 5.016680955467093, -0.829654988038683, 0.13015440759150243, -0.4145317163492639, 0.7200877777586965, False
0.2007782136524492, -2.8933750243269394, -1.175193469107187, 0.13015440759150243, -0.4145317163492639, 0.7200877777586965, False
1.1985721477167663, -4.830288213101601, -1.0256893738227033, 0.13015440759150243, -0.4145317163492639, 0.7200877777586965, False
-0.5966185526559151, -1.6776588912816042, 0.8151893997567106, 0.13015440759150243, -0.4145317163492639, 0.7200877777586965, False
0.06917647929248183, 5.289672523705811, -2.1902360305322235, 0.13015440759150243, -0.4145317163492639, 0.7200877777586965, False
-0.2028114506187979, -5.502340657386671, 2.4435223932881796, 0.13015440759150243, -0.4145317163492639, 0.7200877777586965, False
4.001896466172013, 1.3747722867761185, -0.5338429644135392, 0.13015440759150243, -0.4145317163492639, 0.7200877777586965, False
5.289975102678039, -5.306750089743325, -1.5827371486110113, 0.13015440759150243, -0.4145317163492639, 0.7200877777586965, False
5.765180954011882, 4.536876624138898, 2.256646431516864, 0.13015440759150243, -0.4145317163492639, 0.7200877777586965, False
-5.8781852207528935, 1.9706533654095075, 2.8620401047891946, 0.13015440759150243, -0.4145317163492639, 0.7200877777586965, False
-5.920996320372238, 5.956348881741389, -0.8890916562882634, 0.13015440759150243, -0.4145317163492639, 0.7200877777586965, False
-5.15142336610853, 3.3956596643247554, 1.329803444069423, 0.13015440759150243, -0.4145317163492639, 0.7200877777586965, False
-3.1063184980693803, -5.078771212754033, -0.536997378021975, 0.13015440759150243, -0.4145317163492639, 0.7200877777586965, False
-0.8813111669238101, 4.140648194423507, 0.4340407118102583, 0.13015440759150243, -0.4145317163492639, 0.7200877777586965, False
0.3855089936602294, 2.072721240106839, 1.6044879058586998, 0.13015440759150243, -0.4145317163492639, 0.7200877777586965, False
-4.446022146651515, -2.3890653111886, 2.21684614378965, 0.13015440759150243, -0.4145317163492639, 0.7200877777586965, False
-0.4363497708296942, -5.191380849851672, 2.4841008986177666, 0.13015440759150243, -0.4145317163492639, 0.7200877777586965, False
3.44717263402951, 2.687588538810912, 3.06950531789552, 0.13015440759150243, -0.4145317163492639, 0.7200877777586965, True
5.691751755437492, -0.28578440214137224, 0.8654233431462846, 0.13015440759150243, -0.4145317163492639, 0.7200877777586965, False
5.19548314941477, 2.5139748251326157, 2.9741011455583735, 0.13015440759150243, -0.4145317163492639, 0.7200877777586965, True
-4.66845099424339, -3.3448695022127026, 0.06363635198477935, 0.13015440759150243, -0.4145317163492639, 0.7200877777586965, False
0.40748641813052444, 3.6510657250861325, 1.2594341740053556, 0.13015440759150243, -0.4145317163492639, 0.7200877777586965, False
-0.24794919657231507, 6.234060018973379, 0.28887739682588354, 0.13015440759150243, -0.4145317163492639, 0.7200877777586965, False
-2.2921473939402612, 2.958356183566087, 1.0961495360713425, 0.13015440759150243, -0.4145317163492639, 0.7200877777586965, False
-1.615734848106806, -5.217605081967402, 2.8499014505028715, 0.13015440759150243, -0.4145317163492639, 0.7200877777586965, True
-6.09002068612613, 0.48204840661242, 1.6980762354264929, 0.13015440759150243, -0.4145317163492639, 0.7200877777586965, False
-1.579731584404473, 3.26647650395679, -0.12078080727001739, 0.13015440759150243, -0.4145317163492639, 0.7200877777586965, False
-3.8977405928821782, -4.6721071278864095, 2.595243179697321, 0.13015440759150243, -0.4145317163492639, 0.7200877777586965, False
-5.845796730958597, 1.9430196233541306, -0.9653102624585257, 0.13015440759150243, -0.4145317163492639, 0.7200877777586965, False
4.041534785979392, 1.3493500378533838, -0.2714813546331132, 0.13015440759150243, -0.4145317163492639, 0.7200877777586965, False
0.10255153104290304, 0.36278303980909143, -2.843477864533545, 0.13015440759150243, -0.4145317163492639, 0.7200877777586965, False
-3.8705109603791112, 1.400785793095575, 2.9236588225562476, 0.13015440759150243, -0.4145317163492639, 0.7200877777586965, True
0.9256544818631349, -1.4602553247517411, -0.41590417256164214, 0.13015440759150243, -0.4145317163492639, 0.7200877777586965, False
