5.169685124913103, 6.196238468782472, -2.72447704393657, 0.016210908426775972, 0.08578610448249513, 0.5619577716887583, False
0.9393221194003845, 0.8756780640955624, -1.505761594627347, 0.016210908426775972, 0.08578610448249513, 0.5619577716887583, False
0.21660516286260378, 2.394703676897974, -2.7015481150345266, 0.016210908426775972, 0.08578610448249513, 0.5619577716887583, False
3.681885124818084, -5.74511818953066, -1.8523267573148965, 0.016210908426775972, 0.08578610448249513, 0.5619577716887583, False
5.4738061657379635, 0.8339436940236142, 2.7999256288576326, 0.016210908426775972, 0.08578610448249513, 0.5619577716887583, False
0.3519268304685177, 1.7729270878029055, 0.638610741114916, 0.016210908426775972, 0.08578610448249513, 0.5619577716887583, False
-6.01116402574946, -1.6037130935327122, 2.6207227665031834, 0.016210908426775972, 0.08578610448249513, 0.5619577716887583, True
2.170697513777551, -2.674648343186177, 1.9294799641963998, 0.016210908426775972, 0.08578610448249513, 0.5619577716887583, False
-4.084815673872317, -3.3721141527608043, 0.8988973759765768, 0.016210908426775972, 0.08578610448249513, 0.5619577716887583, False
-1.9572903412052343, 4.15095690332226, 2.9419696076027284, 0.016210908426775972, 0.08578610448249513, 0.5619577716887583, True
0.8761667598521292, -2.7806994637299236, 2.62114141208629, 0.016210908426775972, 0.08578610448249513, 0.5619577716887583, False
-2.224822328800199, 0.06787416956465098, 0.28391297365483403, 0.016210908426775972, 0.08578610448249513, 0.5619577716887583, False
-5.9501348445010604, 5.438440557367603, 0.0964058519707578, 0.016210908426775972, 0.08578610448249513, 0.5619577716887583, False
1.6263509087902666, -3.0870855662752468, 0.40680192673059823, 0.016210908426775972, 0.08578610448249513, 0.5619577716887583, False
-0.019227931532086018, 3.9594707661441664, -0.12889858634040952, 0.016210908426775972, 0.08578610448249513, 0.5619577716887583, False
-0.274787854155762, -1.898323147090621, 2.8558363189866913, 0.016210908426775972, 0.08578610448249513, 0.5619577716887583, True
-3.125835154276628, 5.8624036440066725, -2.6250429580106287, 0.016210908426775972, 0.08578610448249513, 0.5619577716887583, False
-1.0309924050731833, -3.9777846754695365, -0.2453528687185118, 0.016210908426775972, 0.08578610448249513, 0.5619577716887583, False
-6.111205724284132, 4.690083495987031, 2.9687268235778115, 0.016210908426775972, 0.08578610448249513, 0.5619577716887583, True
5.2192550284233725, -2.1105522611680083, -0.5366906446341395, 0.016210908426775972, 0.08578610448249513, 0.5619577716887583, True
0.9757320748320577, 5.569080414201357, -1.2874064335881008, 0.016210908426775972, 0.08578610448249513, 0.5619577716887583, True
3.7432511647530404, -3.787849184596933, -0.362226817404963, 0.016210908426775972, 0.08578610448249513, 0.5619577716887583, False
5.115005084542368, -2.1960739721260225, -1.898966955556295, 0.016210908426775972, 0.08578610448249513, 0.5619577716887583, False
2.0887286840716506, -1.9534815720371084, -0.8007606651723478, 0.016210908426775972, 0.08578610448249513, 0.5619577716887583, False
5.384571583415754, 3.373926927915342, 0.8790080460718288, 0.016210908426775972, 0.08578610448249513, 0.5619577716887583, False
1.7765124998340482, 5.737852918360687, -0.31512388460692886, 0.016210908426775972, 0.08578610448249513, 0.5619577716887583, False
0.34177161112252286, 4.0523468437668075, -0.0009097989384616589, 0.016210908426775972, 0.08578610448249513, 0.5619577716887583, False
-3.2108892396891107, -4.841589486540127, 1.3891257380652382, 0.016210908426775972, 0.08578610448249513, 0.5619577716887583, False
-5.692801109444474, -4.611156557296075, 0.021833552068805773, 0.016210908426775972, 0.08578610448249513, 0.5619577716887583, False
2.2550093602519325, 2.9708431166858826, -1.8843032074443675, 0.016210908426775972, 0.08578610448249513, 0.5619577716887583, False
-5.179306669888237, -3.755347835381754, 0.49525970790994656, 0.016210908426775972, 0.08578610448249513, 0.5619577716887583, False
-5.887907044950937, -3.8672630401341945, -2.0910764690486636, 0.016210908426775972, 0.08578610448249513, 0.5619577716887583, False
4.770418404287666, -1.7735028150282588, -0.953973920958032, 0.016210908426775972, 0.08578610448249513, 0.5619577716887583, True
-5.699542094543556, -5.066874111425291, 1.5717736073466702, 0.016210908426775972, 0.08578610448249513, 0.5619577716887583, False
-4.466702221664455, 5.204589011508478, -2.6851738822843454, 0.016210908426775972, 0.08578610448249513, 0.5619577716887583, True
5.7326403563100286, 5.025323990400864, 1.1578002389891928, 0.016210908426775972, 0.08578610448249513, 0.5619577716887583, True
-2.3115842477660613, 2.8141306468084277, 2.88792303962874, 0.016210908426775972, 0.08578610448249513, 0.5619577716887583, True
-1.009348334993179, -3.412352696709484, -2.417943933576251, 0.016210908426775972, 0.08578610448249513, 0.5619577716887583, False
4.3375796455258655, 0.2505456836470543, -1.5152062476956076, 0.016210908426775972, 0.08578610448249513, 0.5619577716887583, False
-2.3645322751334192, 4.270040779730701, 2.1254409528830287, 0.016210908426775972, 0.08578610448249513, 0.5619577716887583, True
3.3126644192976915, 6.075255826687693, -1.6166847960746724, 0.016210908426775972, 0.08578610448249513, 0.5619577716887583, False
-5.5832785675959915, 2.2705737373468704, 0.5275509994371834, 0.016210908426775972, 0.08578610448249513, 0.5619577716887583, False
4.828950605042998, 3.3254943075252186, -1.17538377904182, 0.016210908426775972, 0.08578610448249513, 0.5619577716887583, False
-1.6501526583699313, -5.301140030182202, 0.01887911560772748, 0.016210908426775972, 0.08578610448249513, 0.5619577716887583, False
0.9423864788795209, -3.511627318741282, -2.0453251458553714, 0.016210908426775972, 0.08578610448249513, 0.5619577716887583, False
-5.741272557177491, 3.295906922759187, -0.37476665120063046, 0.016210908426775972, 0.08578610448249513, 0.5619577716887583, False
5.167763328491743, -3.9676341585783446, -2.6740750403861635, 0.016210908426775972, 0.08578610448249513, 0.5619577716887583, False
0.6946405897626455, -5.20780165662993, -1.8636591792848316, 0.016210908426775972, 0.08578610448249513, 0.5619577716887583, False
-3.507490447026308, -3.903374673900814, 1.36071253273537, 0.016210908426775972, 0.08578610448249513, 0.5619577716887583, False
-5.7144484507479305, -1.8361895576602905, -2.9695366831469263, 0.016210908426775972, 0.08578610448249513, 0.5619577716887583, True
-1.0390653081675811, -4.821314458903778, -1.8158061838252144, 0.016210908426775972, 0.08578610448249513, 0.5619577716887583, False
-0.22590600147992568, -3.4516755870856217, 1.4306311434425956, 0.016210908426775972, 0.08578610448249513, 0.5619577716887583, False
-4.072876653477325, 4.662013728812957, -0.9240983853662841, 0.016210908426775972, 0.08578610448249513, 0.5619577716887583, True
-4.226221939801562, 2.2549773344421205, -3.126191432505276, 0.016210908426775972, 0.08578610448249513, 0.5619577716887583, True
-2.1612428902183014, -1.9926853132247642, 0.8575245075064002, 0.016210908426775972, 0.08578610448249513, 0.5619577716887583, True
-3.6123630783861533, 3.673262635840606, -0.8600543042367823, 0.016210908426775972, 0.08578610448249513, 0.5619577716887583, False
-1.0745340841898479, -2.357274127144004, -0.29001302562130693, 0.016210908426775972, 0.08578610448249513, 0.5619577716887583, False
-1.471199507775598, -0.7731397463202381, -0.7331382062520779, 0.016210908426775972, 0.08578610448249513, 0.5619577716887583, False
2.810425760010519, -0.11328498913216567, 2.9989891839177627, 0.016210908426775972, 0.08578610448249513, 0.5619577716887583, True
-2.5642513381043592, 1.7860246606373966, -0.3093911758441057, 0.016210908426775972, 0.08578610448249513, 0.5619577716887583, False
-4.010226552692625, 4.261549595529793, -2.1550616192537535, 0.016210908426775972, 0.08578610448249513, 0.5619577716887583, False
5.03228705923971, -2.6034927411517286, 0.909126472825367, 0.016210908426775972, 0.08578610448249513, 0.5619577716887583, False
0.37210536683392004, 5.3162182214721305, -2.6530871371739564, 0.016210908426775972, 0.08578610448249513, 0.5619577716887583, True
2.9353518593019228, 1.5100517452379316, -2.247506525555107, 0.016210908426775972, 0.08578610448249513, 0.5619577716887583, False
-3.1237858771985145, 1.818218872831105, -2.777477319058912, 0.016210908426775972, 0.08578610448249513, 0.5619577716887583, False
2.5653661266894527, 3.187159918657681, 2.6325479647357852, 0.016210908426775972, 0.08578610448249513, 0.5619577716887583, False
-2.5213957688488833, 4.889864623340159, -0.40508093740309326, 0.016210908426775972, 0.08578610448249513, 0.5619577716887583, True
-3.5549124982301485, 0.3389069102208273, -1.6259316309399892, 0.016210908426775972, 0.08578610448249513, 0.5619577716887583, False
-2.8153602905462276, 0.7820329077538677, 2.7586350117121476, 0.016210908426775972, 0.08578610448249513, 0.5619577716887583, False
0.9036485883768108, -5.3397179177805425, 1.143169543661779, 0.016210908426775972, 0.08578610448249513, 0.5619577716887583, False
0.8026033048535908, -4.53887524000328, 1.0087454062731762, 0.016210908426775972, 0.08578610448249513, 0.5619577716887583, False
1.000594030105666, -5.238723563001537, 1.362298258112867, 0.016210908426775972, 0.08578610448249513, 0.5619577716887583, False
4.616992449685398, -0.7212144951369028, -1.9668335003328639, 0.016210908426775972, 0.08578610448249513, 0.5619577716887583, True
-5.887537864074429, 2.514043662716732, -2.855046717958971, 0.016210908426775972, 0.08578610448249513, 0.5619577716887583, False
1.342595215082306, 2.702794216802374, -2.356565304049557, 0.016210908426775972, 0.08578610448249513, 0.5619577716887583, False
2.9345030163870547, 1.5442505482516893, 1.9450201092857133, 0.016210908426775972, 0.08578610448249513, 0.5619577716887583, False
-1.9079436756793084, -2.7088739687535406, -0.9732270007222534, 0.016210908426775972, 0.08578610448249513, 0.5619577716887583, False
-1.3603762844423466, 2.908849065545816, 2.0111780570428524, 0.016210908426775972, 0.08578610448249513, 0.5619577716887583, False
-5.373664457216445, -5.535043671495551, -2.5527246497648677, 0.016210908426775972, 0.08578610448249513, 0.5619577716887583, False
-3.324428385567137, 5.655532968556033, 0.4305330252386148, 0.016210908426775972, 0.08578610448249513, 0.5619577716887583, False
2.475121724900273, -2.921889879628316, 0.3152776012113603, 0.016210908426775972, 0.08578610448249513, 0.5619577716887583, False
4.299317852518012, 3.0992836915436044, 1.051620848033422, 0.016210908426775972, 0.08578610448249513, 0.5619577716887583, False
3.1140932807292945, -5.05688814227039, -2.409375014742947, 0.016210908426775972, 0.08578610448249513, 0.5619577716887583, False
-5.838881902919358, -5.058115983782164, 1.192142411247386, 0.016210908426775972, 0.08578610448249513, 0.5619577716887583, False
-3.3072759967835004, 4.930122257534734, -1.2790016035584937, 0.016210908426775972, 0.08578610448249513, 0.5619577716887583, True
2.5435980880106825, 4.229142438471042, 0.49300484606040085, 0.016210908426775972, 0.08578610448249513, 0.5619577716887583, False
3.1270080198171826, -4.3193645135317205, -0.613967695997133, 0.016210908426775972, 0.08578610448249513, 0.5619577716887583, False
5.446675855853767, 6.0674411807172195, -2.5375994092132794, 0.016210908426775972, 0.08578610448249513, 0.5619577716887583, False
-5.819774296366335, 3.9198999010335402, 2.594228837514998, 0.016210908426775972, 0.08578610448249513, 0.5619577716887583, False
-5.366034120889401, 3.141184411343758, -0.09016316419396597, 0.016210908426775972, 0.08578610448249513, 0.5619577716887583, False
-3.2104974120692735, -4.484897549396755, 0.8303149496740208, 0.016210908426775972, 0.08578610448249513, 0.5619577716887583, False
2.374932671553383, -4.417518836814041, -2.369116619154886, 0.016210908426775972, 0.08578610448249513, 0.5619577716887583, False
-4.858290485459735, 4.004562912321132, -0.3056634093926611, 0.016210908426775972, 0.08578610448249513, 0.5619577716887583, False
1.805286160631498, 2.2645502261987662, 2.298867004286004, 0.016210908426775972, 0.08578610448249513, 0.5619577716887583, False
5.836569942443566, 4.709728316232878, -1.6911732144113325, 0.016210908426775972, 0.08578610448249513, 0.5619577716887583, True
0.8588117873222245, 0.007238813183582771, 1.0210781326316063, 0.016210908426775972, 0.08578610448249513, 0.5619577716887583, False
-0.20282078098339706, -1.270628658020187, -0.35886832458744733, 0.016210908426775972, 0.08578610448249513, 0.5619577716887583, True
5.713841731034245, 3.9535591983618126, 0.23672638448862227, 0.016210908426775972, 0.08578610448249513, 0.5619577716887583, False
3.1948311972863674, -5.102607538272949, -1.0265912448724084, 0.016210908426775972, 0.08578610448249513, 0.5619577716887583, False
-0.940450748363193, -5.313364236700712, 2.7728639569315474, 0.016210908426775972, 0.08578610448249513, 0.5619577716887583, False
