2.3542099888314585, -0.5262246485063153, -0.35739131843262406, 0.20897948686767764, 0.14173654457470808, 0.6603024106010247, False
2.6137883109311026, 3.5661285816521797, 0.5229755743466225, 0.20897948686767764, 0.14173654457470808, 0.6603024106010247, False
0.15966217851872244, 5.04493301312807, 2.3618058691328336, 0.20897948686767764, 0.14173654457470808, 0.6603024106010247, True
-4.964231236991334, -1.637059192267281, -1.7699872155801013, 0.20897948686767764, 0.14173654457470808, 0.6603024106010247, False
5.390505254159969, -6.258491259674534, -3.0959836660259046, 0.20897948686767764, 0.14173654457470808, 0.6603024106010247, True
1.1866873835620746, -5.7421981352030675, 2.7826319101986847, 0.20897948686767764, 0.14173654457470808, 0.6603024106010247, False
1.9217099541781195, -2.2228866159954643, -2.2829675884684244, 0.20897948686767764, 0.14173654457470808, 0.6603024106010247, False
-2.8220266510451455, -0.6282949744125848, -0.5513704836152407, 0.20897948686767764, 0.14173654457470808, 0.6603024106010247, False
1.8075448107243943, -0.03660900896699992, 2.3143779659555364, 0.20897948686767764, 0.14173654457470808, 0.6603024106010247, False
-5.645828720684245, -3.207629333749409, 1.4386818183335421, 0.20897948686767764, 0.14173654457470808, 0.6603024106010247, False
-1.101394520529471, -0.8794117631998564, 2.8404488695696566, 0.20897948686767764, 0.14173654457470808, 0.6603024106010247, False
-4.622118908965103, -5.175966791400745, 0.09297847262972736, 0.20897948686767764, 0.14173654457470808, 0.6603024106010247, False
1.5328039329929357, -0.4323274381961957, 0.21270381396284144, 0.20897948686767764, 0.14173654457470808, 0.6603024106010247, False
-4.1939600221959665, -0.10814973434741226, 2.993379553512451, 0.20897948686767764, 0.14173654457470808, 0.6603024106010247, True
-0.17580275180354654, 5.427684696407553, -1.178805679211325, 0.20897948686767764, 0.14173654457470808, 0.6603024106010247, True
-3.8774140394197367, -3.890749101531617, -2.9484789284807404, 0.20897948686767764, 0.14173654457470808, 0.6603024106010247, True
4.466232068176357, -5.563574823037359, -1.7549557528799804, 0.20897948686767764, 0.14173654457470808, 0.6603024106010247, False
6.225627403134597, -5.337007146242993, 2.3478785726376232, 0.20897948686767764, 0.14173654457470808, 0.6603024106010247, False
-5.986074731145971, -2.2845531681446225, 0.634983853566284, 0.20897948686767764, 0.14173654457470808, 0.6603024106010247, False
-2.436638879606842, 1.6435709070030953, -2.5615118983088028, 0.20897948686767764, 0.14173654457470808, 0.6603024106010247, False
1.499359300494472, -5.432020507935369, 2.7007134783272306, 0.20897948686767764, 0.14173654457470808, 0.6603024106010247, False
4.6323220401996075, 0.16422499168676108, -1.293708044995427, 0.20897948686767764, 0.14173654457470808, 0.6603024106010247, False
-1.2693757247507866, -4.148257294035653, -3.0660781268744075, 0.20897948686767764, 0.14173654457470808, 0.6603024106010247, True
-2.198155905093352, -0.37752826538078565, 2.557256079987928, 0.20897948686767764, 0.14173654457470808, 0.6603024106010247, False
-3.2442235122430754, 1.608864712821176, -1.8488177853424834, 0.20897948686767764, 0.14173654457470808, 0.6603024106010247, False
3.8051489211077687, -3.9880594544191026, 1.8305539713690857, 0.20897948686767764, 0.14173654457470808, 0.6603024106010247, False
0.20740411183196805, 0.40571526909423916, -1.2927680390928842, 0.20897948686767764, 0.14173654457470808, 0.6603024106010247, False
6.089433969184753, 5.631688139439451, 2.3129541348354037, 0.20897948686767764, 0.14173654457470808, 0.6603024106010247, False
4.96590595628199, -1.1029165546905046, -2.324058086917462, 0.20897948686767764, 0.14173654457470808, 0.6603024106010247, False
3.082641733133194, -1.7425831796198255, 1.6827261966159401, 0.20897948686767764, 0.14173654457470808, 0.6603024106010247, False
-3.4347047499803987, 3.7505089689387905, 0.728241596684013, 0.20897948686767764, 0.14173654457470808, 0.6603024106010247, False
2.84648407915102, -1.9116518632901363, -0.274520723408755, 0.20897948686767764, 0.14173654457470808, 0.6603024106010247, False
-1.4973484507030363, 4.929427324795471, 0.7555130677579354, 0.20897948686767764, 0.14173654457470808, 0.6603024106010247, False
5.358144784402615, -5.300046402431036, 2.80151878729011, 0.20897948686767764, 0.14173654457470808, 0.6603024106010247, False
-5.189448499281895, 0.4035821792791534, 2.442087410658429, 0.20897948686767764, 0.14173654457470808, 0.6603024106010247, False
0.013760415320571262, 0.5079158104344685, -0.10571974266514461, 0.20897948686767764, 0.14173654457470808, 0.6603024106010247, False
-2.342841067595989, -4.420106770879009, -3.044229107372429, 0.20897948686767764, 0.14173654457470808, 0.6603024106010247, True
-0.8813489898304834, -2.4125162290347486, -0.1330984605581933, 0.20897948686767764, 0.14173654457470808, 0.6603024106010247, False
-1.8456077682331058, 0.6390496611144139, -1.8346644323813426, 0.20897948686767764, 0.14173654457470808, 0.6603024106010247, False
-5.180312113306668, -3.9207054773580565, -2.511036078178882, 0.20897948686767764, 0.14173654457470808, 0.6603024106010247, False
-2.3744452022654965, 5.617449241072757, -2.254576430950124, 0.20897948686767764, 0.14173654457470808, 0.6603024106010247, False
-3.9303010807052026, 3.2900849979674227, 2.4032168787896744, 0.20897948686767764, 0.14173654457470808, 0.6603024106010247, False
5.559835912234506, 5.188557024089423, 2.954201271645678, 0.20897948686767764, 0.14173654457470808, 0.6603024106010247, True
-2.3252979149697754, 6.059018428141483, 0.19217044936105543, 0.20897948686767764, 0.14173654457470808, 0.6603024106010247, False
-1.3835007553954153, 4.062266566574742, -2.236836817308502, 0.20897948686767764, 0.14173654457470808, 0.6603024106010247, False
4.141673688934903, 1.9124051046025752, 0.4399403010895018, 0.20897948686767764, 0.14173654457470808, 0.6603024106010247, False
1.5376494363923738, -3.254396159833421, 1.3396634294069765, 0.20897948686767764, 0.14173654457470808, 0.6603024106010247, False
-1.9503058605380001, 2.8873778650830744, 0.7497248181854381, 0.20897948686767764, 0.14173654457470808, 0.6603024106010247, False
5.176984274705815, -2.4987034929156486, -0.4576526891448762, 0.20897948686767764, 0.14173654457470808, 0.6603024106010247, False
-0.23397420731951968, 0.9584812583830207, -2.782569356348554, 0.20897948686767764, 0.14173654457470808, 0.6603024106010247, False
0.4789466826697897, 2.817058170637809, 0.010940850174256056, 0.20897948686767764, 0.14173654457470808, 0.6603024106010247, False
4.959169272070662, -0.8609515531011791, 1.1197505656545266, 0.20897948686767764, 0.14173654457470808, 0.6603024106010247, False
3.1295665824418197, 3.159642436917384, 1.7394352615809847, 0.20897948686767764, 0.14173654457470808, 0.6603024106010247, False
1.8961541287467227, 3.1879568758314676, 0.739019253494813, 0.20897948686767764, 0.14173654457470808, 0.6603024106010247, False
-5.523397342765072, -6.119268530714089, -1.8103922179208052, 0.20897948686767764, 0.14173654457470808, 0.6603024106010247, False
4.424131937513062, -1.9395281856233657, -0.34420949635488496, 0.20897948686767764, 0.14173654457470808, 0.6603024106010247, True
0.062077923995502715, 3.07208383802819, 2.486986880768341, 0.20897948686767764, 0.14173654457470808, 0.6603024106010247, False
-5.038023845218476, 5.813567539001024, 2.2128127063073304, 0.20897948686767764, 0.14173654457470808, 0.6603024106010247, False
-2.235709843440824, -2.045806865181147, -2.324715411903651, 0.20897948686767764, 0.14173654457470808, 0.6603024106010247, False
-3.0181397198930164, 4.614070417421024, 2.9280359497261577, 0.20897948686767764, 0.14173654457470808, 0.6603024106010247, True
4.656137795768069, 1.0263618713204448, 0.46827239740128945, 0.20897948686767764, 0.14173654457470808, 0.6603024106010247, False
-0.5165690508381893, -0.2667110235098633, -2.56081378366993, 0.20897948686767764, 0.14173654457470808, 0.6603024106010247, False
-2.769837294256233, -4.739406637248423, 0.444446109537449, 0.20897948686767764, 0.14173654457470808, 0.6603024106010247, False
-5.674121393149414, 2.3879213964731356, 2.9846735634662815, 0.20897948686767764, 0.14173654457470808, 0.6603024106010247, True
-3.1867972190915315, 0.8732220122718672, 2.305131244725141, 0.20897948686767764, 0.14173654457470808, 0.6603024106010247, False
-5.634203590030937, -1.58819248394121, -2.355207118135965, 0.20897948686767764, 0.14173654457470808, 0.6603024106010247, False
-4.03433997009114, -0.06768970954084352, 1.0050800218987987, 0.20897948686767764, 0.14173654457470808, 0.6603024106010247, False
6.120021897849362, -4.886092546083443, 1.3621488521264995, 0.20897948686767764, 0.14173654457470808, 0.6603024106010247, False
-4.752932985674919, -5.161348707136605, 1.871531966272947, 0.20897948686767764, 0.14173654457470808, 0.6603024106010247, False
-1.3210398676211312, 3.3284275671422687, 0.9311185917488034, 0.20897948686767764, 0.14173654457470808, 0.6603024106010247, False
3.777587077196209, -2.347371142517834, 2.254040465997101, 0.20897948686767764, 0.14173654457470808, 0.6603024106010247, False
-5.8143486830548685, -0.76688943889312, -2.1085553482147086, 0.20897948686767764, 0.14173654457470808, 0.6603024106010247, False
2.6085124917534603, 5.186231780420615, 2.853266053402007, 0.20897948686767764, 0.14173654457470808, 0.6603024106010247, False
2.234263396687936, -3.6196784906831265, 1.0310826937810509, 0.20897948686767764, 0.14173654457470808, 0.6603024106010247, False
4.744875563704948, -1.3696890767105065, -1.5709668595016626, 0.20897948686767764, 0.14173654457470808, 0.6603024106010247, False
5.286271115420277, -1.122903775604195, 1.7837063161022053, 0.20897948686767764, 0.14173654457470808, 0.6603024106010247, False
-5.36112061684208, 2.6707141055386394, -0.22673439360711845, 0.20897948686767764, 0.14173654457470808, 0.6603024106010247, False
-2.9218797625242754, 4.226951678718976, 0.7178061893211245, 0.20897948686767764, 0.14173654457470808, 0.6603024106010247, True
5.2103131787217585, -6.144902385581826, -1.543218348241889, 0.20897948686767764, 0.14173654457470808, 0.6603024106010247, False
-6.132663905487655, 0.1304257215099014, 0.5435607175569568, 0.20897948686767764, 0.14173654457470808, 0.6603024106010247, False
1.7410801934490117, 0.022806227174720917, -0.5507453023162059, 0.20897948686767764, 0.14173654457470808, 0.6603024106010247, False
-3.3723126677203363, 1.1035073805554676, -3.0915517600425577, 0.20897948686767764, 0.14173654457470808, 0.6603024106010247, True
2.146027037307501, 4.196292361863426, -2.1965448238693015, 0.20897948686767764, 0.14173654457470808, 0.6603024106010247, False
-2.6427792620518153, 5.787316194126053, -1.0587881417543699, 0.20897948686767764, 0.14173654457470808, 0.6603024106010247, False
-3.906435506421949, 1.9144472955894543, 0.968947967178055, 0.20897948686767764, 0.14173654457470808, 0.6603024106010247, False
0.7996466410058138, -1.249288767437287, -1.6089122942607306, 0.20897948686767764, 0.14173654457470808, 0.6603024106010247, False
-4.490606215155529, 5.876219613946379, -2.1462433193474713, 0.20897948686767764, 0.14173654457470808, 0.6603024106010247, False
-5.211695288220808, -6.248098951658611, 1.3053647230676546, 0.20897948686767764, 0.14173654457470808, 0.6603024106010247, False
1.209787957130172, 0.4480367911573335, 1.5617538420141548, 0.20897948686767764, 0.14173654457470808, 0.6603024106010247, False
-0.37180563402518363, 5.371333439031186, -0.1979132497914562, 0.20897948686767764, 0.14173654457470808, 0.6603024106010247, False
4.7918512646718, 1.3122056892151726, -1.774058678492319, 0.20897948686767764, 0.14173654457470808, 0.6603024106010247, False
0.07665120821493598, -1.967163219888116, -2.222781860098947, 0.20897948686767764, 0.14173654457470808, 0.6603024106010247, False
0.47560967436168955, -3.448747928917926, -0.5461108983462002, 0.20897948686767764, 0.14173654457470808, 0.6603024106010247, False
-3.5185043013462307, -4.406354937751576, -1.9812836172140174, 0.20897948686767764, 0.14173654457470808, 0.6603024106010247, False
3.413504063013834, -5.045342427367093, 0.09428665407318526, 0.20897948686767764, 0.14173654457470808, 0.6603024106010247, False
5.067211781105881, 1.5265850748957988, 0.5800296655323987, 0.20897948686767764, 0.14173654457470808, 0.6603024106010247, False
1.9843199656119221, 5.828202591970431, 2.8531598074153575, 0.20897948686767764, 0.14173654457470808, 0.6603024106010247, True
-3.02749048144398, 3.879102417456762, 0.37985497124398027, 0.20897948686767764, 0.14173654457470808, 0.6603024106010247, False
-1.6590078505918662, 0.3960384218510642, -3.112560768278289, 0.20897948686767764, 0.14173654457470808, 0.6603024106010247, True
-0.8575972420152356, 3.5908441877692994, -0.19784423999041723, 0.20897948686767764, 0.14173654457470808, 0.6603024106010247, False
