4.173257832651821, 0.8761096460088922, 1.8150023063049288, 0.245682942358332, -0.2670104929542342, 0.5499790172893708, False
-3.783640790401151, -6.017277482725008, -1.1442343801476937, 0.245682942358332, -0.2670104929542342, 0.5499790172893708, False
-5.373075558594333, 3.7826871659215335, 1.6190637139171473, 0.245682942358332, -0.2670104929542342, 0.5499790172893708, False
0.33354340096079493, 2.6363513500914912, -0.509189342459555, 0.245682942358332, -0.2670104929542342, 0.5499790172893708, False
-0.36821379992722747, 4.133289352148132, 0.935331285523656, 0.245682942358332, -0.2670104929542342, 0.5499790172893708, False
-3.6191301495291044, -0.7900555668088334, -3.132464527205054, 0.245682942358332, -0.2670104929542342, 0.5499790172893708, True
1.248094817800367, -3.9251276442017553, -0.558063967987414, 0.245682942358332, -0.2670104929542342, 0.5499790172893708, False
5.019886615771551, 5.380397956692777, 2.2267350494973357, 0.245682942358332, -0.2670104929542342, 0.5499790172893708, True
-3.1035893359075954, -4.726214083098942, -2.564493813501089, 0.245682942358332, -0.2670104929542342, 0.5499790172893708, False
0.9804420724496046, -4.847323737009235, -0.34467360351660714, 0.245682942358332, -0.2670104929542342, 0.5499790172893708, False
0.8290429421474714, -3.3880790370714258, 0.4434007697694762, 0.245682942358332, -0.2670104929542342, 0.5499790172893708, False
3.268805371575654, 3.7658423939321413, -2.7046562075344083, 0.245682942358332, -0.2670104929542342, 0.5499790172893708, False
4.331268818972767, -2.0841004043751417, 0.8884042213909815, 0.245682942358332, -0.2670104929542342, 0.5499790172893708, False
-4.0000771849124215, 4.226700258384074, -0.09074782533474268, 0.245682942358332, -0.2670104929542342, 0.5499790172893708, True
0.6117032046143134, 4.35831649200683, 1.7873449594566164, 0.245682942358332, -0.2670104929542342, 0.5499790172893708, False
-2.436676480628452, -4.976114514346746, -0.4813604103796263, 0.245682942358332, -0.2670104929542342, 0.5499790172893708, False
-0.46719726806106543, 0.17396264353281765, -0.5110846225132386, 0.245682942358332, -0.2670104929542342, 0.5499790172893708, False
-2.9670800270019733, 0.898228880768035, 1.680005739722116, 0.245682942358332, -0.2670104929542342, 0.5499790172893708, False
0.9202910437186276, -3.8564927996679077, -1.6708623043294137, 0.245682942358332, -0.2670104929542342, 0.5499790172893708, False
0.43808977968844065, -0.9396338390298711, -1.331068444188407, 0.245682942358332, -0.2670104929542342, 0.5499790172893708, False
2.586816345674798, -0.6105554659813208, 2.162495764545156, 0.245682942358332, -0.2670104929542342, 0.5499790172893708, False
0.888014009994003, -1.7503349942491067, 1.0531299697243952, 0.245682942358332, -0.2670104929542342, 0.5499790172893708, False
-1.658550403131402, 6.218182834215151, -0.8889539687007382, 0.245682942358332, -0.2670104929542342, 0.5499790172893708, False
-4.920521424111254, -5.847280607193186, -0.35745490587931483, 0.245682942358332, -0.2670104929542342, 0.5499790172893708, False
-0.6626504725245219, 2.2560702837670163, -2.388125618958292, 0.245682942358332, -0.2670104929542342, 0.5499790172893708, False
0.4412049532285529, -5.666054117603496, 1.2188059540472178, 0.245682942358332, -0.2670104929542342, 0.5499790172893708, False
-4.706109605806146, 2.563492668088008, -0.2575043123404699, 0.245682942358332, -0.2670104929542342, 0.5499790172893708, False
-4.997243724520546, 5.026143215324129, 1.5006060712673452, 0.245682942358332, -0.2670104929542342, 0.5499790172893708, False
-2.6999119684757558, 4.3920561211435185, -2.1299916824797736, 0.245682942358332, -0.2670104929542342, 0.5499790172893708, False
5.602261611956571, -1.3292694484793302, 3.0941223598998837, 0.245682942358332, -0.2670104929542342, 0.5499790172893708, True
-1.1481965745358993, 4.580562863482449, 1.3688795692568565, 0.245682942358332, -0.2670104929542342, 0.5499790172893708, True
3.85873069159039, -0.900380827014815, -0.6624818427985417, 0.245682942358332, -0.2670104929542342, 0.5499790172893708, False
4.385980590083392, 0.9772102445189077, 0.3868103140075969, 0.245682942358332, -0.2670104929542342, 0.5499790172893708, False
-3.7061005290050093, -4.479323856646538, 1.0811913878433526, 0.245682942358332, -0.2670104929542342, 0.5499790172893708, False
2.597812920540589, -5.664553775679945, -2.4189936135098318, 0.245682942358332, -0.2670104929542342, 0.5499790172893708, False
-2.4754677024385114, -3.9964897391206953, -2.6867167810134074, 0.245682942358332, -0.2670104929542342, 0.5499790172893708, False
-2.895867132278515, -5.078439639422508, 1.3593704554580146, 0.245682942358332, -0.2670104929542342, 0.5499790172893708, False
2.6748047314198526, -1.200626037344544, -1.285546740722146, 0.245682942358332, -0.2670104929542342, 0.5499790172893708, False
1.8311402755075186, 4.528358077464592, 1.9919005700012216, 0.245682942358332, -0.2670104929542342, 0.5499790172893708, False
1.8491751161148287, 5.103712795918453, 0.09407356303898196, 0.245682942358332, -0.2670104929542342, 0.5499790172893708, False
1.101525010105724, -3.107933109792252, -0.6421936242287023, 0.245682942358332, -0.2670104929542342, 0.5499790172893708, False
-0.7220190421056163, 3.4603282727105977, 0.18114334802055154, 0.245682942358332, -0.2670104929542342, 0.5499790172893708, False
-3.5311624836463102, -5.131909114780459, 0.8306833101656594, 0.245682942358332, -0.2670104929542342, 0.5499790172893708, False
1.7128110913290877, -1.8460988113651746, 0.27928729593147317, 0.245682942358332, -0.2670104929542342, 0.5499790172893708, False
-4.558329057143666, -0.7136389954996547, -1.4674401308412546, 0.245682942358332, -0.2670104929542342, 0.5499790172893708, False
-2.526967060265285, 2.657532919745833, -1.1360813892141968, 0.245682942358332, -0.2670104929542342, 0.5499790172893708, False
-3.7976691389798476, 1.1595850537355021, 1.3843830449574952, 0.245682942358332, -0.2670104929542342, 0.5499790172893708, False
1.8515928664694652, 5.197275272039311, -2.170933803473108, 0.245682942358332, -0.2670104929542342, 0.5499790172893708, False
-5.911433541891464, 1.7607302413336452, 1.199817484858678, 0.245682942358332, -0.2670104929542342, 0.5499790172893708, False
1.5700696195468549, -5.254244481621507, -0.5978490785550288, 0.245682942358332, -0.2670104929542342, 0.5499790172893708, False
-0.18314429003541743, 6.132226820097742, 1.078006263675137, 0.245682942358332, -0.2670104929542342, 0.5499790172893708, False
0.3188241083644501, -4.180285752220543, -0.2539375238802677, 0.245682942358332, -0.2670104929542342, 0.5499790172893708, False
-2.5413677250607263, 1.140800931472219, 1.722886161992549, 0.245682942358332, -0.2670104929542342, 0.5499790172893708, False
-2.383021444207634, 1.2923172328142485, -2.367456172301384, 0.245682942358332, -0.2670104929542342, 0.5499790172893708, False
5.806166092438611, -1.4891641387671033, -0.3482719522874649, 0.245682942358332, -0.2670104929542342, 0.5499790172893708, False
1.7905331929379305, -3.6656091428119337, -2.3277240549134, 0.245682942358332, -0.2670104929542342, 0.5499790172893708, False
-2.501692852266002, 0.21856473671240195, -0.008452107642773043, 0.245682942358332, -0.2670104929542342, 0.5499790172893708, False
-5.8378573140815, 4.755760132354011, 0.9667006773633879, 0.245682942358332, -0.2670104929542342, 0.5499790172893708, False
3.38339207427979, -5.440329743397787, 1.9953469973588218, 0.245682942358332, -0.2670104929542342, 0.5499790172893708, False
-5.38225738279493, -6.052876611404408, -2.853566186271344, 0.245682942358332, -0.2670104929542342, 0.5499790172893708, False
5.40335965837988, 5.771693521181813, -1.6275814224460519, 0.245682942358332, -0.2670104929542342, 0.5499790172893708, True
-3.990434569731233, -4.622284609661439, -2.67332269480816, 0.245682942358332, -0.2670104929542342, 0.5499790172893708, False
-4.5654410883590915, -5.106510824151738, -2.6683567043590064, 0.245682942358332, -0.2670104929542342, 0.5499790172893708, False
-0.15661467482171787, 3.6837754076264844, 0.7460577923120986, 0.245682942358332, -0.2670104929542342, 0.5499790172893708, False
-6.164525119841742, 0.25394789823596575, -2.1138134303542153, 0.245682942358332, -0.2670104929542342, 0.5499790172893708, False
6.0859936334146685, 1.5252081244562845, 2.680286125962909, 0.245682942358332, -0.2670104929542342, 0.5499790172893708, False
-0.2816939567724104, -3.3489175165811575, 2.5033587545509537, 0.245682942358332, -0.2670104929542342, 0.5499790172893708, False
0.12491970726900803, 2.734865492174002, -0.692288933941736, 0.245682942358332, -0.2670104929542342, 0.5499790172893708, False
-2.8490089768240345, 3.86437871470962, -2.1950169816359546, 0.245682942358332, -0.2670104929542342, 0.5499790172893708, False
3.053376163517088, 3.936423895615329, 0.886792738304476, 0.245682942358332, -0.2670104929542342, 0.5499790172893708, True
1.2321044643390522, -2.60748492859475, 2.854995731702818, 0.245682942358332, -0.2670104929542342, 0.5499790172893708, False
1.6191857239739171, 4.105226056344245, -2.205165253147184, 0.245682942358332, -0.2670104929542342, 0.5499790172893708, False
-1.8250819995288756, -2.827140830103174, -2.280637919004538, 0.245682942358332, -0.2670104929542342, 0.5499790172893708, False
2.769975245927384, -0.058309537848091786, -2.529191719911649, 0.245682942358332, -0.2670104929542342, 0.5499790172893708, False
1.4098596783555468, 1.6544745373974301, 2.724369554589659, 0.245682942358332, -0.2670104929542342, 0.5499790172893708, False
-2.368792423326305, 5.004620590607642, -2.181169398983942, 0.245682942358332, -0.2670104929542342, 0.5499790172893708, False
-0.37117363678264415, 1.945123299397311, 0.4910621157344579, 0.245682942358332, -0.2670104929542342, 0.5499790172893708, False
1.056589890656256, -4.187664524058832, -2.49904189495712, 0.245682942358332, -0.2670104929542342, 0.5499790172893708, False
1.0149481500491335, -3.4391168253622295, 2.12052227761741, 0.245682942358332, -0.2670104929542342, 0.5499790172893708, False
0.9392774196837994, -5.782952932926148, 1.6365815247737343, 0.245682942358332, -0.2670104929542342, 0.5499790172893708, False
5.584238447459981, 5.17350875110394, 0.20193426218443244, 0.245682942358332, -0.2670104929542342, 0.5499790172893708, True
-3.8248602246846457, 5.224382881016307, -1.4050092045545743, 0.245682942358332, -0.2670104929542342, 0.5499790172893708, False
-5.4532438013806885, -5.348405133542271, -1.611115272772973, 0.245682942358332, -0.2670104929542342, 0.5499790172893708, False
0.79481546491035, 0.9802346577918266, 0.609321949905139, 0.245682942358332, -0.2670104929542342, 0.5499790172893708, False
-4.2177338272721165, -1.1522807690071453, 0.20118343013632867, 0.245682942358332, -0.2670104929542342, 0.5499790172893708, False
-0.5542924727780862, -0.1645697511763906, -1.1021735459390332, 0.245682942358332, -0.2670104929542342, 0.5499790172893708, False
0.9008307734511938, -0.4779275872888551, -2.9966043254124157, 0.245682942358332, -0.2670104929542342, 0.5499790172893708, True
-6.263176352444545, -3.49564640877242, 2.6995860400006713, 0.245682942358332, -0.2670104929542342, 0.5499790172893708, False
-1.186730499133203, 5.00000096435434, -1.159270187431736, 0.245682942358332, -0.2670104929542342, 0.5499790172893708, False
-0.3462037524823254, 0.8712782908327181, 2.1441367277996637, 0.245682942358332, -0.2670104929542342, 0.5499790172893708, False
1.4972948949513025, -1.000423672114918, 2.5892844325181157, 0.245682942358332, -0.2670104929542342, 0.5499790172893708, False
3.3873066969712813, -5.976753459664303, -1.2761253419079097, 0.245682942358332, -0.2670104929542342, 0.5499790172893708, False
0.07371461727097817, -2.1548959075315013, 2.9396708655092203, 0.245682942358332, -0.2670104929542342, 0.5499790172893708, True
-0.715502894342384, 2.878676692748229, -1.668364963681678, 0.245682942358332, -0.2670104929542342, 0.5499790172893708, False
-3.304377385927363, 3.4741369019222716, 2.236631420452822, 0.245682942358332, -0.2670104929542342, 0.5499790172893708, False
0.1588956911469479, -0.23653174358358342, -2.8044631978500885, 0.245682942358332, -0.2670104929542342, 0.5499790172893708, False
4.087465618301222, -2.825045164773527, 0.048722237714586836, 0.245682942358332, -0.2670104929542342, 0.5499790172893708, False
0.5272778761128798, 0.9873413909036293, -0.0254232215569532, 0.245682942358332, -0.2670104929542342, 0.5499790172893708, False
-3.8668801147122833, -2.290570347947072, 1.774703171327901, 0.245682942358332, -0.2670104929542342, 0.5499790172893708, True
-3.8307821520074716, 0.7548968237139864, -1.3238058541350264, 0.245682942358332, -0.2670104929542342, 0.5499790172893708, False
