-1.4583593989915036, 5.997323359948753, -1.5123829778070474, 0.41418918985787545, 0.1646364810924359, -0.5760841494797209, False
4.991797526672238, -5.947103872596515, -1.2442338439534872, 0.41418918985787545, 0.1646364810924359, -0.5760841494797209, False
-4.2695875005358035, -5.2123516806853925, -3.1212221642238576, 0.41418918985787545, 0.1646364810924359, -0.5760841494797209, True
-0.6780509927539224, -3.5967147298458086, 2.18122500491228, 0.41418918985787545, 0.1646364810924359, -0.5760841494797209, False
-2.7432130688880116, 0.3811419170836663, -0.7903213149604404, 0.41418918985787545, 0.1646364810924359, -0.5760841494797209, False
2.3407978612283955, 1.9022153379810547, 1.305390526681271, 0.41418918985787545, 0.1646364810924359, -0.5760841494797209, False
1.8592635965211777, 0.37804990993592114, 0.6976770340986067, 0.41418918985787545, 0.1646364810924359, -0.5760841494797209, False
5.005050235901322, 4.532798335049572, -0.3982747265668336, 0.41418918985787545, 0.1646364810924359, -0.5760841494797209, False
-2.949307031509264, 4.717854918388509, 0.1801576677131309, 0.41418918985787545, 0.1646364810924359, -0.5760841494797209, False
-4.888164498833825, -0.8864542943961728, -2.559914184906473, 0.41418918985787545, 0.1646364810924359, -0.5760841494797209, False
4.141021695055194, -5.970962792886934, 0.34103645598997323, 0.41418918985787545, 0.1646364810924359, -0.5760841494797209, False
-3.652159542345761, -5.35185979010891, 0.908803087213224, 0.41418918985787545, 0.1646364810924359, -0.5760841494797209, False
3.420230166743737, 3.05578510180038, -1.5759240012587896, 0.41418918985787545, 0.1646364810924359, -0.5760841494797209, False
1.6836511604365558, 3.167011179495594, -0.8362092600899826, 0.41418918985787545, 0.1646364810924359, -0.5760841494797209, False
-0.6733021252901574, 2.193156250355088, 2.2377881808816573, 0.41418918985787545, 0.1646364810924359, -0.5760841494797209, False
4.587063114350693, -5.162536640495954, 2.248199399475417, 0.41418918985787545, 0.1646364810924359, -0.5760841494797209, False
1.9337801152293022, -5.944308608084914, -2.9647238931799076, 0.41418918985787545, 0.1646364810924359, -0.5760841494797209, True
3.577120543785327, -3.090662791225744, 1.2309618215627536, 0.41418918985787545, 0.1646364810924359, -0.5760841494797209, False
1.0396334963114144, 3.590638578334831, -0.8798824327367223, 0.41418918985787545, 0.1646364810924359, -0.5760841494797209, False
-5.726009976965339, -3.3028963396320816, -3.1345198666202636, 0.41418918985787545, 0.1646364810924359, -0.5760841494797209, True
2.9642304983626335, 1.8804414679931245, 2.565621542931054, 0.41418918985787545, 0.1646364810924359, -0.5760841494797209, False
-4.9961963611968025, 3.891930392493604, -2.467666755332656, 0.41418918985787545, 0.1646364810924359, -0.5760841494797209, False
-3.9878126132347487, -0.5503899915469113, 2.4618475148799703, 0.41418918985787545, 0.1646364810924359, -0.5760841494797209, False
-0.5685461521416011, 5.803835370255014, -3.1236446382400103, 0.41418918985787545, 0.1646364810924359, -0.5760841494797209, True
1.8288083595999343, 4.499567315282723, -2.2111977237799416, 0.41418918985787545, 0.1646364810924359, -0.5760841494797209, False
0.8164831789484435, -3.013697171896829, -2.5386230772083116, 0.41418918985787545, 0.1646364810924359, -0.5760841494797209, False
-4.474372751770104, 1.2953624214907142, -1.4501427105877174, 0.41418918985787545, 0.1646364810924359, -0.5760841494797209, False
-5.228121204232258, 1.2992847719468479, -3.016943578676803, 0.41418918985787545, 0.1646364810924359, -0.5760841494797209, True
-0.528528229861152, -2.369141967262216, 0.312281874891676, 0.41418918985787545, 0.1646364810924359, -0.5760841494797209, False
-0.7058791416543464, 2.855368782696937, 2.8845692022401748, 0.41418918985787545, 0.1646364810924359, -0.5760841494797209, True
-3.684596258724865, 3.5758283367314583, 1.0194315490099664, 0.41418918985787545, 0.1646364810924359, -0.5760841494797209, False
-6.21604577069775, -3.0260751025377783, -1.1813157617378178, 0.41418918985787545, 0.1646364810924359, -0.5760841494797209, False
2.2785012276473413, 3.644311927344921, -3.0342229039743653, 0.41418918985787545, 0.1646364810924359, -0.5760841494797209, True
-2.7336802985352273, -4.171478397313601, -2.034985334017149, 0.41418918985787545, 0.1646364810924359, -0.5760841494797209, False
-1.0597093934278874, 0.403235305336076, -0.5077396612975003, 0.41418918985787545, 0.1646364810924359, -0.5760841494797209, False
-0.4427722284027231, -4.651840853865241, 0.41068867748255045, 0.41418918985787545, 0.1646364810924359, -0.5760841494797209, False
-0.8076947644734611, 3.1927120336210955, 1.2193212259906607, 0.41418918985787545, 0.1646364810924359, -0.5760841494797209, False
1.6681144616491173, -6.003298985172619, -0.48230612280438523, 0.41418918985787545, 0.1646364810924359, -0.5760841494797209, False
-2.8622054779443364, -5.694884306437056, 1.6275955660263701, 0.41418918985787545, 0.1646364810924359, -0.5760841494797209, False
3.803034417627325, -4.819836544292068, 1.8456743348815605, 0.41418918985787545, 0.1646364810924359, -0.5760841494797209, False
5.753282641945592, 0.4153840859396425, -2.8207917573835397, 0.41418918985787545, 0.1646364810924359, -0.5760841494797209, False
6.014975133445127, 4.0799422578555, -0.7359668288399996, 0.41418918985787545, 0.1646364810924359, -0.5760841494797209, False
2.8361272001112035, -4.228801804801664, -0.8923135316072668, 0.41418918985787545, 0.1646364810924359, -0.5760841494797209, False
-4.8827765570717965, -6.122602554337492, -1.2406050375812183, 0.41418918985787545, 0.1646364810924359, -0.5760841494797209, False
-5.738237502055552, 1.3396084769064789, 1.621455064506753, 0.41418918985787545, 0.1646364810924359, -0.5760841494797209, False
-0.28163796628837545, -0.1509621257501106, -1.0328094116120305, 0.41418918985787545, 0.1646364810924359, -0.5760841494797209, False
-0.4951155260994833, -4.972051216069822, 2.250352970925218, 0.41418918985787545, 0.1646364810924359, -0.5760841494797209, False
4.455270623631748, -5.600672463968302, -1.9861265916496735, 0.41418918985787545, 0.1646364810924359, -0.5760841494797209, False
-0.09166643943337771, -1.606704588779742, -0.8622750591015502, 0.41418918985787545, 0.1646364810924359, -0.5760841494797209, False
-4.929536852909582, -6.214355189617019, -0.09753425357446588, 0.41418918985787545, 0.1646364810924359, -0.5760841494797209, False
-4.595011369081561, -0.19649039686196001, 1.9627766773463833, 0.41418918985787545, 0.1646364810924359, -0.5760841494797209, False
-6.23223277089497, -6.0601360122322365, -2.137973018635205, 0.41418918985787545, 0.1646364810924359, -0.5760841494797209, False
4.86843775507432, 4.193376224402341, 1.3559503494220602, 0.41418918985787545, 0.1646364810924359, -0.5760841494797209, False
1.4352528080506923, -1.1862716395088757, 1.9439193699692838, 0.41418918985787545, 0.1646364810924359, -0.5760841494797209, False
0.20241319291611504, 3.4402641065770805, -0.15333682300816376, 0.41418918985787545, 0.1646364810924359, -0.5760841494797209, False
5.5746051417142315, 4.231665724748256, 2.358973518251604, 0.41418918985787545, 0.1646364810924359, -0.5760841494797209, False
-2.3010336771607265, -6.204986604812012, 0.31861767645401295, 0.41418918985787545, 0.1646364810924359, -0.5760841494797209, False
-5.609707697302648, -5.187875678754679, 1.8678375951261295, 0.41418918985787545, 0.1646364810924359, -0.5760841494797209, False
3.9407928347807424, -3.2416944579115063, 0.8425531340890107, 0.41418918985787545, 0.1646364810924359, -0.5760841494797209, False
0.5062219955656824, 5.019835107666122, 1.0875394824758198, 0.41418918985787545, 0.1646364810924359, -0.5760841494797209, False
1.8779829456054653, -0.649739688719797, 2.558746881834045, 0.41418918985787545, 0.1646364810924359, -0.5760841494797209, False
-0.6535526733845005, -1.8518610408091378, -1.2158273456803617, 0.41418918985787545, 0.1646364810924359, -0.5760841494797209, False
1.0962619988438274, -5.129745612122272, 1.3724310649046352, 0.41418918985787545, 0.1646364810924359, -0.5760841494797209, False
0.00849951243443936, 0.5291684203939493, 2.028662054043145, 0.41418918985787545, 0.1646364810924359, -0.5760841494797209, False
1.8993711908175985, 0.36125342129734594, -1.6084173853125392, 0.41418918985787545, 0.1646364810924359, -0.5760841494797209, False
2.6242075596270453, -2.6191576814602855, -1.2124570096585652, 0.41418918985787545, 0.1646364810924359, -0.5760841494797209, False
-5.244189555507269, 0.463027971621373, 1.9135493354331663, 0.41418918985787545, 0.1646364810924359, -0.5760841494797209, False
-0.8777599048746856, 4.5705058767868465, 1.6928914112164817, 0.41418918985787545, 0.1646364810924359, -0.5760841494797209, False
5.380417500284537, 3.424530079532481, -2.9092577299673446, 0.41418918985787545, 0.1646364810924359, -0.5760841494797209, True
2.618124423745435, -0.057672836152671714, -2.825094238482618, 0.41418918985787545, 0.1646364810924359, -0.5760841494797209, False
2.8094686675706697, 3.080014909076649, 1.7597349635454034, 0.41418918985787545, 0.1646364810924359, -0.5760841494797209, False
2.0934228031255007, -1.9907218693684605, -1.0875334873309517, 0.41418918985787545, 0.1646364810924359, -0.5760841494797209, False
-1.8701894396675414, 3.1479854892837054, 1.2649357648126704, 0.41418918985787545, 0.1646364810924359, -0.5760841494797209, False
-4.451034955720797, 2.124489459917079, -1.7933338981072673, 0.41418918985787545, 0.1646364810924359, -0.5760841494797209, False
2.0863040781715902, -3.8115139598799677, -0.728723534087421, 0.41418918985787545, 0.1646364810924359, -0.5760841494797209, False
4.080746072069553, -2.2549760470662097, -1.4942107240496552, 0.41418918985787545, 0.1646364810924359, -0.5760841494797209, False
5.870970589912609, -1.9204485892670204, 1.4915674714215301, 0.41418918985787545, 0.1646364810924359, -0.5760841494797209, False
-0.3319734796558551, -2.0216038904709235, 1.904336010494819, 0.41418918985787545, 0.1646364810924359, -0.5760841494797209, False
-4.59268538270956, -4.059003070678923, 2.4784915473691953, 0.41418918985787545, 0.1646364810924359, -0.5760841494797209, False
5.830510319923945, -0.48118773746954435, -2.3931462536654573, 0.41418918985787545, 0.1646364810924359, -0.5760841494797209, False
-3.886303667276223, -4.639987668946288, -1.5686087709092507, 0.41418918985787545, 0.1646364810924359, -0.5760841494797209, False
2.6873930571109597, 0.12952105503265443, -2.072125774578553, 0.41418918985787545, 0.1646364810924359, -0.5760841494797209, False
1.3802753851867333, 3.2227702814431396, 1.5068170059486468, 0.41418918985787545, 0.1646364810924359, -0.5760841494797209, False
5.33848422504256, 1.977108686556866, -0.34209315964145004, 0.41418918985787545, 0.1646364810924359, -0.5760841494797209, False
6.179733125160283, 4.059042180151433, 2.7266015241417314, 0.41418918985787545, 0.1646364810924359, -0.5760841494797209, False
4.654719215675096, 5.109894789037275, 0.7554177800467032, 0.41418918985787545, 0.1646364810924359, -0.5760841494797209, False
5.732708190443951, -0.15749723492651135, -2.375567658886001, 0.41418918985787545, 0.1646364810924359, -0.5760841494797209, False
1.9862814357625957, 0.9409728730629796, 2.1504138186456307, 0.41418918985787545, 0.1646364810924359, -0.5760841494797209, False
6.216319142682465, 5.440902103401173, -1.0820313557889998, 0.41418918985787545, 0.1646364810924359, -0.5760841494797209, False
5.154192062396186, -6.123757255464558, 2.1707362633336214, 0.41418918985787545, 0.1646364810924359, -0.5760841494797209, False
-1.0842254479731617, 2.568308019486283, 1.5306561023558247, 0.41418918985787545, 0.1646364810924359, -0.5760841494797209, False
3.4123338533733936, 3.51839764907616, 2.225926350614828, 0.41418918985787545, 0.1646364810924359, -0.5760841494797209, False
-2.1553011309344523, 2.491647279162269, 0.9643771488441963, 0.41418918985787545, 0.1646364810924359, -0.5760841494797209, False
4.538301221000486, 5.682143107017154, 0.57361760661927, 0.41418918985787545, 0.1646364810924359, -0.5760841494797209, False
3.871943712017405, -3.277975297647561, -1.347928664535837, 0.41418918985787545, 0.1646364810924359, -0.5760841494797209, False
4.909698463774323, -0.6581002314305175, 1.8400260710079301, 0.41418918985787545, 0.1646364810924359, -0.5760841494797209, False
0.5515475779168098, 4.414508341125261, 0.29734469801911745, 0.41418918985787545, 0.1646364810924359, -0.5760841494797209, False
-2.3708108731561097, 3.5492444720126315, 1.6085530217470847, 0.41418918985787545, 0.1646364810924359, -0.5760841494797209, False
4.206413968652727, 1.4848993104601549, -0.319125321806879, 0.41418918985787545, 0.1646364810924359, -0.5760841494797209, False
3.662999307553097, 0.7883653899423058, 0.5806650719827653, 0.41418918985787545, 0.1646364810924359, -0.5760841494797209, False
