4.804338823899517, -3.920260592084535, 1.5697691496485806, -0.2359878906256393, -0.09835449712797684, -0.27586465704570007, False
2.3959247553095295, -3.6496604433539526, -0.25230831679341925, -0.2359878906256393, -0.09835449712797684, -0.27586465704570007, False
5.604420869382988, -5.2859202426921925, -1.757766357147011, -0.2359878906256393, -0.09835449712797684, -0.27586465704570007, False
-2.985873874452833, -1.953572922282719, 2.743512185903082, -0.2359878906256393, -0.09835449712797684, -0.27586465704570007, False
-0.12382773038783235, -6.136264570814288, 2.6574502803725677, -0.2359878906256393, -0.09835449712797684, -0.27586465704570007, False
-3.0694077059480853, 5.462360209433573, -1.7160967916021133, -0.2359878906256393, -0.09835449712797684, -0.27586465704570007, False
1.0068875682684588, 4.195135089839821, 1.5229221056966251, -0.2359878906256393, -0.09835449712797684, -0.27586465704570007, False
2.057979426594674, 4.713255939592795, -3.078024177986424, -0.2359878906256393, -0.09835449712797684, -0.27586465704570007, True
-4.7924166200017515, 4.102112386424688, -2.718237951855929, -0.2359878906256393, -0.09835449712797684, -0.27586465704570007, False
-2.454488643075761, 1.0829963916190621, 2.764351954188923, -0.2359878906256393, -0.09835449712797684, -0.27586465704570007, True
1.4088074308998166, -0.9086749651544554, -2.736723567883825, -0.2359878906256393, -0.09835449712797684, -0.27586465704570007, False
3.0324880373301113, 4.164011996663032, 1.5402445148759485, -0.2359878906256393, -0.09835449712797684, -0.27586465704570007, False
4.136498684793908, 3.7133633419029817, -1.4189013624399802, -0.2359878906256393, -0.09835449712797684, -0.27586465704570007, False
0.2730657604361699, -1.233273276690631, 0.667933368639539, -0.2359878906256393, -0.09835449712797684, -0.27586465704570007, False
-5.298257960819642, 0.5856590293309489, -2.4058171183843653, -0.2359878906256393, -0.09835449712797684, -0.27586465704570007, False
-6.101019580687033, -0.24369982308621196, 2.7083360134128878, -0.2359878906256393, -0.09835449712797684, -0.27586465704570007, False
-2.086190096620407, -5.972727453783898, -0.9862823925637505, -0.2359878906256393, -0.09835449712797684, -0.27586465704570007, False
4.146064648498756, -5.254020327116672, 2.8970991574039138, -0.2359878906256393, -0.09835449712797684, -0.27586465704570007, True
2.7899313306784066, -2.1745074748876467, 0.4610692840934849, -0.2359878906256393, -0.09835449712797684, -0.27586465704570007, False
5.489478412845626, 2.6251562009662237, 3.1316628571493546, -0.2359878906256393, -0.09835449712797684, -0.27586465704570007, True
2.196303398834937, 0.1277725368324969, -0.7299358457913621, -0.2359878906256393, -0.09835449712797684, -0.27586465704570007, False
-0.52093800946386, 4.986213042159191, -0.3669141750167735, -0.2359878906256393, -0.09835449712797684, -0.27586465704570007, False
1.0302027522573072, 4.971194857994684, -1.6279878765517173, -0.2359878906256393, -0.09835449712797684, -0.27586465704570007, False
2.167044965875581, 5.357454187728088, 3.127495566893014, -0.2359878906256393, -0.09835449712797684, -0.27586465704570007, True
1.7999583890000679, -3.739388609033094, 3.108691596108218, -0.2359878906256393, -0.09835449712797684, -0.27586465704570007, True
0.6140753580833191, 6.1212314558201495, 0.31217267872108545, -0.2359878906256393, -0.09835449712797684, -0.27586465704570007, False
-0.022463259998030338, 5.245600398910373, 0.9575479740795476, -0.2359878906256393, -0.09835449712797684, -0.27586465704570007, False
3.2826147751122203, 4.066618423191818, -0.7186435520951591, -0.2359878906256393, -0.09835449712797684, -0.27586465704570007, False
3.4272871239483056, 5.44725860039828, 1.764039924526121, -0.2359878906256393, -0.09835449712797684, -0.27586465704570007, False
-3.1763686287811455, 1.7940140249989511, -2.620905428901615, -0.2359878906256393, -0.09835449712797684, -0.27586465704570007, False
-3.9247680998775274, -1.2628175606793182, -0.1409253994278039, -0.2359878906256393, -0.09835449712797684, -0.27586465704570007, False
3.8929636168372994, -5.095983235218089, -0.6919564643665614, -0.2359878906256393, -0.09835449712797684, -0.27586465704570007, True
-1.910202117141358, -1.2510128141323857, 0.35062237887833714, -0.2359878906256393, -0.09835449712797684, -0.27586465704570007, False
1.3381988079661387, -5.1935034901754005, -2.9313599713504463, -0.2359878906256393, -0.09835449712797684, -0.27586465704570007, True
-4.974040638025192, 4.949506437064359, -1.9258589626628757, -0.2359878906256393, -0.09835449712797684, -0.27586465704570007, False
-2.949552726988979, -3.45250645754278, 2.5064597196639467, -0.2359878906256393, -0.09835449712797684, -0.27586465704570007, False
4.920434555653662, 2.5441412352160278, -0.5056241623193323, -0.2359878906256393, -0.09835449712797684, -0.27586465704570007, False
-3.297366606782477, 2.357456603890517, 3.0699158533379958, -0.2359878906256393, -0.09835449712797684, -0.27586465704570007, True
5.274322622997955, 5.093745295880785, -0.7470545062100169, -0.2359878906256393, -0.09835449712797684, -0.27586465704570007, False
-2.624273173847837, 0.18543853242547215, 2.010453751602415, -0.2359878906256393, -0.09835449712797684, -0.27586465704570007, True
0.14816212230309578, -3.3192811376911795, 2.27490266836971, -0.2359878906256393, -0.09835449712797684, -0.27586465704570007, False
2.9923771623103015, -5.0724492298615775, 1.3217994575305116, -0.2359878906256393, -0.09835449712797684, -0.27586465704570007, True
-3.5692380345754824, 4.997035834094165, -0.8515765896479843, -0.2359878906256393, -0.09835449712797684, -0.27586465704570007, False
3.0556114525555547, -2.771695484904948, -2.620456564673419, -0.2359878906256393, -0.09835449712797684, -0.27586465704570007, False
-3.8093340398335105, -3.3465760691479596, -0.89170076614734, -0.2359878906256393, -0.09835449712797684, -0.27586465704570007, False
-3.7498982736374735, 3.0627065732260075, 2.1928134811820907, -0.2359878906256393, -0.09835449712797684, -0.27586465704570007, False
-2.4353296575237997, -2.5339558387736547, 0.858575409776015, -0.2359878906256393, -0.09835449712797684, -0.27586465704570007, False
-3.206588432872521, 4.45779810287347, 2.984009649662858, -0.2359878906256393, -0.09835449712797684, -0.27586465704570007, True
1.8194015061484183, -5.443959193965541, 0.4613965896346057, -0.2359878906256393, -0.09835449712797684, -0.27586465704570007, False
-5.642192092822876, 5.46860169776823, -2.987981566238563, -0.2359878906256393, -0.09835449712797684, -0.27586465704570007, True
0.7338337510853652, -5.505000847188677, -3.0749691176263574, -0.2359878906256393, -0.09835449712797684, -0.27586465704570007, True
5.447701802767318, -6.260421000581485, -0.03295955893408964, -0.2359878906256393, -0.09835449712797684, -0.27586465704570007, False
3.3827004741442988, 2.7619501754930003, -2.3974190564048756, -0.2359878906256393, -0.09835449712797684, -0.27586465704570007, False
-3.4234010735232556, 2.4826038974787963, -1.989612126361533, -0.2359878906256393, -0.09835449712797684, -0.27586465704570007, False
-3.3813960949092148, -5.209939811215484, -2.3697891056445957, -0.2359878906256393, -0.09835449712797684, -0.27586465704570007, True
-3.048272782697271, -5.4245449007632836, 1.6307318610521815, -0.2359878906256393, -0.09835449712797684, -0.27586465704570007, True
3.8028987398005523, 3.528757339008214, -0.6113392823223593, -0.2359878906256393, -0.09835449712797684, -0.27586465704570007, False
-1.456410470227568, 3.847503516774907, 1.0709017043319706, -0.2359878906256393, -0.09835449712797684, -0.27586465704570007, False
-5.206029264724473, 4.256367205373499, 0.6405828300560685, -0.2359878906256393, -0.09835449712797684, -0.27586465704570007, False
1.4290070816309965, 0.5385519933142069, -0.6794926584337784, -0.2359878906256393, -0.09835449712797684, -0.27586465704570007, False
-3.1657076817796903, -0.9672296213116107, 1.8346044002830544, -0.2359878906256393, -0.09835449712797684, -0.27586465704570007, False
5.104804658167154, 1.9978585871155357, 0.7016700393861148, -0.2359878906256393, -0.09835449712797684, -0.27586465704570007, False
3.15734482607947, -5.985666969118088, 2.2264051789204586, -0.2359878906256393, -0.09835449712797684, -0.27586465704570007, True
3.0342274851245694, 3.0099945224881157, -1.4621313850133124, -0.2359878906256393, -0.09835449712797684, -0.27586465704570007, False
-4.2162242639983525, -2.0273850085164833, -0.43865294852097136, -0.2359878906256393, -0.09835449712797684, -0.27586465704570007, False
1.2850699677470718, -4.238132286725666, -0.041182669264983485, -0.2359878906256393, -0.09835449712797684, -0.27586465704570007, True
-0.5265439837171746, -6.2394418739865705, 2.7672804372236177, -0.2359878906256393, -0.09835449712797684, -0.27586465704570007, False
2.8513043903848434, -6.0319362954973395, -1.5266310740352025, -0.2359878906256393, -0.09835449712797684, -0.27586465704570007, False
-4.702304478787245, -0.8524514564502796, 0.6706272551304422, -0.2359878906256393, -0.09835449712797684, -0.27586465704570007, False
-4.862583684544215, -5.736344688293539, 2.4374650524138497, -0.2359878906256393, -0.09835449712797684, -0.27586465704570007, False
3.126149557034971, -5.090979347054696, 1.3631143787096116, -0.2359878906256393, -0.09835449712797684, -0.27586465704570007, True
6.13934798796242, -1.7544276071258178, 2.448007970074534, -0.2359878906256393, -0.09835449712797684, -0.27586465704570007, False
-0.06335127222651771, 0.3640919036405066, 2.3615766212582976, -0.2359878906256393, -0.09835449712797684, -0.27586465704570007, False
-5.981136120700175, 4.104480197994606, 1.8505493786580693, -0.2359878906256393, -0.09835449712797684, -0.27586465704570007, False
1.2419720342053093, -2.187549120466188, -0.9141849832005429, -0.2359878906256393, -0.09835449712797684, -0.27586465704570007, False
4.568984350187156, 3.3811723083033485, -1.1388686362230787, -0.2359878906256393, -0.09835449712797684, -0.27586465704570007, False
-5.064663014436428, 5.962026260651864, 2.3456003645098713, -0.2359878906256393, -0.09835449712797684, -0.27586465704570007, False
-4.2143310894934265, 3.4828143606449835, 1.767974111598444, -0.2359878906256393, -0.09835449712797684, -0.27586465704570007, False
-5.192142608880053, 1.9379220565184898, -2.6450292487583136, -0.2359878906256393, -0.09835449712797684, -0.27586465704570007, True
6.104007902645391, 3.218762010389046, 2.231360083574401, -0.2359878906256393, -0.09835449712797684, -0.27586465704570007, False
3.6064984261959214, -3.091917907152234, -1.70726716156724, -0.2359878906256393, -0.09835449712797684, -0.27586465704570007, False
3.8832825969685842, -3.774128069611226, 0.34350494885483185, -0.2359878906256393, -0.09835449712797684, -0.27586465704570007, False
0.8078716350798558, 0.9118797015763, -1.845786175348041, -0.2359878906256393, -0.09835449712797684, -0.27586465704570007, False
0.9173073852528049, -4.518699765343882, -0.4263666370095467, -0.2359878906256393, -0.09835449712797684, -0.27586465704570007, True
2.722634998653332, -3.175874846339531, -1.9068722391391963, -0.2359878906256393, -0.09835449712797684, -0.27586465704570007, False
1.448120979553254, 5.123631830641701, -1.5151111043837924, -0.2359878906256393, -0.09835449712797684, -0.27586465704570007, False
-2.416003782740994, -0.6308156853581712, 1.211744855596459, -0.2359878906256393, -0.09835449712797684, -0.27586465704570007, False
-2.019302400260721, -4.596814458707501, 1.9713876741584713, -0.2359878906256393, -0.09835449712797684, -0.27586465704570007, False
4.202609324811176, -1.3487920818538157, 3.06064021735936, -0.2359878906256393, -0.09835449712797684, -0.27586465704570007, True
5.203524984799552, -3.5179004124679105, -1.613108152956604, -0.2359878906256393, -0.09835449712797684, -0.27586465704570007, False
-3.8832723114944656, -3.710561885846221, -0.6662214109804214, -0.2359878906256393, -0.09835449712797684, -0.27586465704570007, False
5.390813705692084, -5.820180490755479, -0.010666336715138058, -0.2359878906256393, -0.09835449712797684, -0.27586465704570007, False
3.2135445151714492, 0.6122469355412115, -0.23033052260542464, -0.2359878906256393, -0.09835449712797684, -0.27586465704570007, True
-3.761132348231847, -4.568809966386358, -3.0716498556954406, -0.2359878906256393, -0.09835449712797684, -0.27586465704570007, True
-5.745572442314113, 0.9622514696611733, 2.8725718926205026, -0.2359878906256393, -0.09835449712797684, -0.27586465704570007, True
4.278311307089831, 3.085066239785691, 2.663714307058295, -0.2359878906256393, -0.09835449712797684, -0.27586465704570007, False
-5.661808211841953, -0.1018423886883344, -2.8857262031646513, -0.2359878906256393, -0.09835449712797684, -0.27586465704570007, True
5.021925720435128, -0.1344397170319871, -0.7951795529652292, -0.2359878906256393, -0.09835449712797684, -0.27586465704570007, False
-0.6066616089399597, -4.036702374902315, -0.6731587749214438, -0.2359878906256393, -0.09835449712797684, -0.27586465704570007, False
2.287346851251151, 3.2477883289149734, -1.1300558819158821, -0.2359878906256393, -0.09835449712797684, -0.27586465704570007, False
