1.6061591402761168, -4.994752319585334, 2.576910670793117, -0.04789578303669406, -0.2779529630052796, -0.5764078856078805, False
-5.5371552984437065, -6.161646607031183, -3.0795266533365693, -0.04789578303669406, -0.2779529630052796, -0.5764078856078805, True
0.654910196663848, -4.3272335746276696, 0.8697991770423465, -0.04789578303669406, -0.2779529630052796, -0.5764078856078805, False
4.720367088323744, -3.9126033062142644, -2.55738405884356, -0.04789578303669406, -0.2779529630052796, -0.5764078856078805, False
-4.005121302707199, -3.02897731325614, -0.6562383968016428, -0.04789578303669406, -0.2779529630052796, -0.5764078856078805, False
5.513253301850574, 5.957338308848152, 0.6992471992401788, -0.04789578303669406, -0.2779529630052796, -0.5764078856078805, False
-3.0670480711065347, 3.571039597466486, -1.8263460416785773, -0.04789578303669406, -0.2779529630052796, -0.5764078856078805, False
-6.257031008352988, -6.249764075784733, 2.7478249075029613, -0.04789578303669406, -0.2779529630052796, -0.5764078856078805, False
4.09751842329673, 5.193554227039849, 2.905240781756093, -0.04789578303669406, -0.2779529630052796, -0.5764078856078805, False
-1.6629682248462538, -1.236928654902771, 0.9750445899193698, -0.04789578303669406, -0.2779529630052796, -0.5764078856078805, False
-2.5957428345681954, 2.771910456756764, 0.7545340289592954, -0.04789578303669406, -0.2779529630052796, -0.5764078856078805, False
-4.024498046406375, 1.8619099114356708, 2.3214756108894443, -0.04789578303669406, -0.2779529630052796, -0.5764078856078805, False
-1.197103695286187, -1.2891963976792065, -0.19377642589136634, -0.04789578303669406, -0.2779529630052796, -0.5764078856078805, False
0.04389608049316074, -0.22952097054750897, -1.4890207047703772, -0.04789578303669406, -0.2779529630052796, -0.5764078856078805, False
-4.161510134665071, 1.8691860060377365, -2.85481377573157, -0.04789578303669406, -0.2779529630052796, -0.5764078856078805, True
-0.01550478178835224, -4.853085868226542, -2.1366308443691926, -0.04789578303669406, -0.2779529630052796, -0.5764078856078805, False
6.114401979371774, -4.86911911483223, -0.8421349513232572, -0.04789578303669406, -0.2779529630052796, -0.5764078856078805, False
0.7314022540142604, 4.362006311255788, -1.7458433378992275, -0.04789578303669406, -0.2779529630052796, -0.5764078856078805, False
5.947882881404492, -3.0694458322575007, -0.9904726418365821, -0.04789578303669406, -0.2779529630052796, -0.5764078856078805, False
2.509195912653599, -1.1907809327301138, -2.555168726972935, -0.04789578303669406, -0.2779529630052796, -0.5764078856078805, False
-1.8525212852580601, -5.106762259060115, 0.6344098842980008, -0.04789578303669406, -0.2779529630052796, -0.5764078856078805, True
5.4493039749942564, 3.286630118982739, 2.009341217192783, -0.04789578303669406, -0.2779529630052796, -0.5764078856078805, False
5.147791807821122, -1.9140936800360446, -1.4647812090868388, -0.04789578303669406, -0.2779529630052796, -0.5764078856078805, False
-3.455525580700554, -3.3285548130220044, -3.1233521339306134, -0.04789578303669406, -0.2779529630052796, -0.5764078856078805, True
-5.294505548891944, 0.502368475542152, -2.1144294756878734, -0.04789578303669406, -0.2779529630052796, -0.5764078856078805, False
4.653706179134474, -3.8063366313816718, 2.2773052496420227, -0.04789578303669406, -0.2779529630052796, -0.5764078856078805, False
2.3559673435295405, -5.685398380266258, 1.8461175420304992, -0.04789578303669406, -0.2779529630052796, -0.5764078856078805, False
0.9401217687026628, 3.982068354098727, -2.7373413402835225, -0.04789578303669406, -0.2779529630052796, -0.5764078856078805, False
-2.123167855091058, 0.837134192915217, -1.9628435374947812, -0.04789578303669406, -0.2779529630052796, -0.5764078856078805, False
2.2247665331258855, -2.0490114429049795, -2.5621666400621526, -0.04789578303669406, -0.2779529630052796, -0.5764078856078805, False
5.278493397729674, -0.5257860404158041, 2.128773871467069, -0.04789578303669406, -0.2779529630052796, -0.5764078856078805, False
5.609633193512561, -4.175130365977642, -1.4899043875624283, -0.04789578303669406, -0.2779529630052796, -0.5764078856078805, False
0.8757840429642991, 5.11976840959418, 0.3992629310959357, -0.04789578303669406, -0.2779529630052796, -0.5764078856078805, False
-4.127638849668392, 0.9157767919262181, -2.709200650132888, -0.04789578303669406, -0.2779529630052796, -0.5764078856078805, False
2.40579507768952, 1.2577570588126363, -2.7898404809729183, -0.04789578303669406, -0.2779529630052796, -0.5764078856078805, False
6.01584407850941, 4.007167225681734, 2.3914756850130017, -0.04789578303669406, -0.2779529630052796, -0.5764078856078805, False
-0.0898348842360921, -1.5423076385697492, -1.487330590851203, -0.04789578303669406, -0.2779529630052796, -0.5764078856078805, False
-5.483394303419602, 0.18843836654714607, 2.417766158603749, -0.04789578303669406, -0.2779529630052796, -0.5764078856078805, False
1.7568900244398957, 3.508002132220888, -0.00775955052073618, -0.04789578303669406, -0.2779529630052796, -0.5764078856078805, False
-0.9331509814611065, 4.814132733314043, -2.0823137157827762, -0.04789578303669406, -0.2779529630052796, -0.5764078856078805, False
6.105466454653712, 5.9025786276338525, -2.598066440162045, -0.04789578303669406, -0.2779529630052796, -0.5764078856078805, False
3.934841025170968, 0.27001431105418483, 0.4690138420696779, -0.04789578303669406, -0.2779529630052796, -0.5764078856078805, False
4.180492673507112, -4.1496330200707305, -1.2980303710223058, -0.04789578303669406, -0.2779529630052796, -0.5764078856078805, False
-2.931265872306181, -3.6882121210152765, 2.733147543018184, -0.04789578303669406, -0.2779529630052796, -0.5764078856078805, False
-2.1240308267678376, -4.410706252523218, -0.1843966415449878, -0.04789578303669406, -0.2779529630052796, -0.5764078856078805, False
-4.420830048631204, -0.4617222369528271, -1.3934440810191764, -0.04789578303669406, -0.2779529630052796, -0.5764078856078805, False
-1.8447597500958128, 2.6432237892884576, -0.19270156638814706, -0.04789578303669406, -0.2779529630052796, -0.5764078856078805, False
-0.16960218776181346, 2.8705558075407023, 1.0917347666128974, -0.04789578303669406, -0.2779529630052796, -0.5764078856078805, False
-0.4994209093938613, 3.5225904648091664, -1.5072380104305674, -0.04789578303669406, -0.2779529630052796, -0.5764078856078805, False
3.6370366430795844, -2.52880353880849, -2.953883385411779, -0.04789578303669406, -0.2779529630052796, -0.5764078856078805, True
2.2980592464553187, 0.06426935887704222, 0.7625281431266777, -0.04789578303669406, -0.2779529630052796, -0.5764078856078805, False
3.412479312457709, -0.42122624060410097, 2.8627547660611734, -0.04789578303669406, -0.2779529630052796, -0.5764078856078805, True
-3.8924307808091383, -2.972518765896164, -2.1209855590437114, -0.04789578303669406, -0.2779529630052796, -0.5764078856078805, False
-2.089627250925898, -3.218355328405559, 3.1336542658257356, -0.04789578303669406, -0.2779529630052796, -0.5764078856078805, True
-3.277293904645682, -3.4948833740710796, 1.9334425021802968, -0.04789578303669406, -0.2779529630052796, -0.5764078856078805, False
0.03252359010810135, -2.4404341195521315, -2.366395474346459, -0.04789578303669406, -0.2779529630052796, -0.5764078856078805, False
-3.39351064070137, 3.4417882414704106, 0.6720976424103222, -0.04789578303669406, -0.2779529630052796, -0.5764078856078805, False
-3.2412512403435927, -1.560497549824027, -3.0647646539522766, -0.04789578303669406, -0.2779529630052796, -0.5764078856078805, True
-1.704465400418317, -3.1469532022384556, -1.0780650550662076, -0.04789578303669406, -0.2779529630052796, -0.5764078856078805, False
0.055122697376078555, -3.894414270521983, -0.5855101405202494, -0.04789578303669406, -0.2779529630052796, -0.5764078856078805, False
3.790145940177167, -2.102601782561142, 0.44549503689698033, -0.04789578303669406, -0.2779529630052796, -0.5764078856078805, False
-1.6912416869321198, -1.360221338001967, -1.3497266184914807, -0.04789578303669406, -0.2779529630052796, -0.5764078856078805, False
4.920622003319265, -1.2537821378927445, -2.3844504974354974, -0.04789578303669406, -0.2779529630052796, -0.5764078856078805, False
0.8187691287073653, 2.5879002674268, -1.4646921570479285, -0.04789578303669406, -0.2779529630052796, -0.5764078856078805, True
3.4112962888311316, -4.425723905889293, -1.4758658734101064, -0.04789578303669406, -0.2779529630052796, -0.5764078856078805, False
4.667016334624764, 4.719634128258402, -2.045253132990876, -0.04789578303669406, -0.2779529630052796, -0.5764078856078805, False
1.373857989662996, 0.9304089323060349, -2.3540794388354795, -0.04789578303669406, -0.2779529630052796, -0.5764078856078805, False
-5.8857836040479405, 0.43076541501581644, -0.045030394677668895, -0.04789578303669406, -0.2779529630052796, -0.5764078856078805, False
2.9927460468590663, -3.1151833557080693, 1.734116923097293, -0.04789578303669406, -0.2779529630052796, -0.5764078856078805, False
3.0461008374954623, 5.454133834548193, 3.017474673868234, -0.04789578303669406, -0.2779529630052796, -0.5764078856078805, True
1.4732507253075742, 0.5790755996259795, 1.532663304842436, -0.04789578303669406, -0.2779529630052796, -0.5764078856078805, False
-4.755743003361859, 1.7014083150583685, 0.22057030428327895, -0.04789578303669406, -0.2779529630052796, -0.5764078856078805, True
3.152753930471313, -3.4063242609839355, -2.3337923694289073, -0.04789578303669406, -0.2779529630052796, -0.5764078856078805, False
4.702878020259687, 3.5308189248703545, -2.657878593751736, -0.04789578303669406, -0.2779529630052796, -0.5764078856078805, False
-4.385331407486602, -3.959200194288574, -2.3268939282765713, -0.04789578303669406, -0.2779529630052796, -0.5764078856078805, False
-2.389160545124092, -4.24243038026554, -1.2210766205853687, -0.04789578303669406, -0.2779529630052796, -0.5764078856078805, False
-4.923134573999939, -1.0538692066660822, 0.5775236102404526, -0.04789578303669406, -0.2779529630052796, -0.5764078856078805, False
-3.648918553004752, -4.1962454500583295, -0.9052147925446135, -0.04789578303669406, -0.2779529630052796, -0.5764078856078805, False
3.5160669238013416, -3.6274917642795743, 0.2092465265815151, -0.04789578303669406, -0.2779529630052796, -0.5764078856078805, False
0.9321190336068259, 4.155728980365549, -1.405401656977142, -0.04789578303669406, -0.2779529630052796, -0.5764078856078805, False
-3.5469562941543624, -0.003261639946905426, 1.5131256292656667, -0.04789578303669406, -0.2779529630052796, -0.5764078856078805, False
6.021173807525061, -4.809216426766066, 0.9556928118302901, -0.04789578303669406, -0.2779529630052796, -0.5764078856078805, False
-3.84766200660366, -3.7655294756606823, 2.987950455700715, -0.04789578303669406, -0.2779529630052796, -0.5764078856078805, True
1.1639890626655438, 1.602464120417049, -0.42780956995858377, -0.04789578303669406, -0.2779529630052796, -0.5764078856078805, False
-6.28087464174143, -6.2719056758786245, 2.361128253796342, -0.04789578303669406, -0.2779529630052796, -0.5764078856078805, False
-5.328629516642899, -5.617951361673164, 0.2143868608707984, -0.04789578303669406, -0.2779529630052796, -0.5764078856078805, False
0.544040159843239, 2.2435940489156874, 0.19872684295215937, -0.04789578303669406, -0.2779529630052796, -0.5764078856078805, False
-3.570577509927764, 4.044862672991515, 0.3592358515961185, -0.04789578303669406, -0.2779529630052796, -0.5764078856078805, False
-4.036164680421849, -0.06873241075489744, 1.047744402677698, -0.04789578303669406, -0.2779529630052796, -0.5764078856078805, False
4.871957573209038, -2.213003432602627, 1.4542745444733471, -0.04789578303669406, -0.2779529630052796, -0.5764078856078805, False
2.659545134283009, 3.074370488699797, -0.7105937635580815, -0.04789578303669406, -0.2779529630052796, -0.5764078856078805, False
-5.498489758298264, -0.16249188864220176, 0.7176793356137994, -0.04789578303669406, -0.2779529630052796, -0.5764078856078805, False
3.549456120299654, 3.9839983476166143, 1.408759087367092, -0.04789578303669406, -0.2779529630052796, -0.5764078856078805, False
0.8914349595946733, -5.953102095748815, 1.7478327573202392, -0.04789578303669406, -0.2779529630052796, -0.5764078856078805, False
3.885085671797052, 0.6847201962838829, 2.583945218862315, -0.04789578303669406, -0.2779529630052796, -0.5764078856078805, False
-5.867078083938784, 1.8308633302759674, -2.820902152489504, -0.04789578303669406, -0.2779529630052796, -0.5764078856078805, False
5.836806208378514, 3.7059188761602684, -1.6824567293412083, -0.04789578303669406, -0.2779529630052796, -0.5764078856078805, False
-2.200786196612028, 1.5794268239129385, 0.2679710749508559, -0.04789578303669406, -0.2779529630052796, -0.5764078856078805, False
-4.013580441920224, -2.234655483908182, 2.5784161058992296, -0.04789578303669406, -0.2779529630052796, -0.5764078856078805, False
1.066034316756336, -3.7281744165710444, 0.9906778084222525, -0.04789578303669406, -0.2779529630052796, -0.5764078856078805, False
