2.1601228792319116, -2.2173254672228975, 2.078780460241239, 0.3132247620537295, 0.15059068312697177, 0.6278559803062271, False
-6.24512990871497, -5.280816954607739, 1.6211224858232525, 0.3132247620537295, 0.15059068312697177, 0.6278559803062271, True
0.06572164321989149, 6.125116394396532, 0.9770449232271368, 0.3132247620537295, 0.15059068312697177, 0.6278559803062271, True
-0.639992736580516, 0.08133983752429508, 0.4339472711870922, 0.3132247620537295, 0.15059068312697177, 0.6278559803062271, True
1.4238585668670174, -0.6386387899982608, -0.9931615729808976, 0.3132247620537295, 0.15059068312697177, 0.6278559803062271, False
4.609358636813351, -1.0287895018194684, 2.6005382905410883, 0.3132247620537295, 0.15059068312697177, 0.6278559803062271, False
2.5703879509026457, 4.843070077417629, -1.2333542955130656, 0.3132247620537295, 0.15059068312697177, 0.6278559803062271, False
6.090282126729832, 1.066351618855614, 0.5470493729344494, 0.3132247620537295, 0.15059068312697177, 0.6278559803062271, True
-2.732336525450797, -2.079119977580188, -1.2329396890408522, 0.3132247620537295, 0.15059068312697177, 0.6278559803062271, True
5.681464846782175, -0.5756897863767048, -1.7505675955207678, 0.3132247620537295, 0.15059068312697177, 0.6278559803062271, False
1.333363373443194, 5.631005904259752, -1.855557242525391, 0.3132247620537295, 0.15059068312697177, 0.6278559803062271, False
1.8164085383552386, -0.20553759592412835, 2.822937251128132, 0.3132247620537295, 0.15059068312697177, 0.6278559803062271, True
-2.079737573293726, -2.72986860914204, -2.5509830364260444, 0.3132247620537295, 0.15059068312697177, 0.6278559803062271, True
-2.2292149154048415, -0.44002476724423456, 1.2150289440982434, 0.3132247620537295, 0.15059068312697177, 0.6278559803062271, True
5.944378206257788, -0.4530503444976377, -1.2635946274318506, 0.3132247620537295, 0.15059068312697177, 0.6278559803062271, False
5.959456942641168, -1.2479838141122075, -3.0274243397831064, 0.3132247620537295, 0.15059068312697177, 0.6278559803062271, True
-4.18343694741778, 2.172316725886372, -0.41448017304071394, 0.3132247620537295, 0.15059068312697177, 0.6278559803062271, True
2.3935542741290394, -2.7665125653016576, 1.4463426466114573, 0.3132247620537295, 0.15059068312697177, 0.6278559803062271, False
-3.1390477063816435, -0.4364769661548733, -2.1014602146989834, 0.3132247620537295, 0.15059068312697177, 0.6278559803062271, False
-5.499587133533307, 0.9365674468043066, 1.5290877648038954, 0.3132247620537295, 0.15059068312697177, 0.6278559803062271, True
-3.7403607720317438, -3.551575970406509, 2.1295824816866347, 0.3132247620537295, 0.15059068312697177, 0.6278559803062271, True
0.3302543134394025, 3.558553986111507, 2.8617218511027964, 0.3132247620537295, 0.15059068312697177, 0.6278559803062271, False
2.501030277555788, 0.34882244364878723, 1.153076541311517, 0.3132247620537295, 0.15059068312697177, 0.6278559803062271, True
-0.4866145526624601, -0.848711813146708, -1.745782928368228, 0.3132247620537295, 0.15059068312697177, 0.6278559803062271, False
4.248327279013278, 1.5954118686585117, 0.5840532942690797, 0.3132247620537295, 0.15059068312697177, 0.6278559803062271, True
4.39442540127906, 2.455968972052501, -2.104638533422885, 0.3132247620537295, 0.15059068312697177, 0.6278559803062271, True
4.127296443956274, 0.02169218062065781, 2.154197293375387, 0.3132247620537295, 0.15059068312697177, 0.6278559803062271, True
-6.2693939098951255, -3.1322488628624807, 0.69609141467213, 0.3132247620537295, 0.15059068312697177, 0.6278559803062271, False
0.11639261082339836, -2.366381121454391, 2.9719014488474613, 0.3132247620537295, 0.15059068312697177, 0.6278559803062271, True
-4.519420923187709, 3.96563352823466, -2.0148298442071844, 0.3132247620537295, 0.15059068312697177, 0.6278559803062271, False
-1.9597020326890044, -2.7677595887953195, -0.4108960216750419, 0.3132247620537295, 0.15059068312697177, 0.6278559803062271, False
3.986072968108589, 0.852370859007296, 2.89503426260171, 0.3132247620537295, 0.15059068312697177, 0.6278559803062271, True
-4.40131369119957, 2.14734211520525, -1.0861999790452823, 0.3132247620537295, 0.15059068312697177, 0.6278559803062271, True
-1.2117101393683347, -0.46557004672445057, 2.9395831602652613, 0.3132247620537295, 0.15059068312697177, 0.6278559803062271, True
-2.8328291075230876, 0.1552844104577744, -2.909145438842559, 0.3132247620537295, 0.15059068312697177, 0.6278559803062271, True
-6.1908012411327755, -0.920110427172788, -2.6677046490197744, 0.3132247620537295, 0.15059068312697177, 0.6278559803062271, False
2.3309942729444018, 4.727546509880343, -2.85134403540001, 0.3132247620537295, 0.15059068312697177, 0.6278559803062271, False
-5.686084388970082, -2.3260297252218116, 3.0091899504279276, 0.3132247620537295, 0.15059068312697177, 0.6278559803062271, True
6.241783385294131, -4.029283403720687, -1.9074463194333247, 0.3132247620537295, 0.15059068312697177, 0.6278559803062271, True
2.570091336439873, -0.94620132140638, 0.5282435300932908, 0.3132247620537295, 0.15059068312697177, 0.6278559803062271, False
-3.377878301654837, -2.2836020129994217, -0.6995742876273687, 0.3132247620537295, 0.15059068312697177, 0.6278559803062271, False
0.5580614703643318, 4.027945256750995, 1.9919097267732617, 0.3132247620537295, 0.15059068312697177, 0.6278559803062271, False
1.8264416810574815, 2.431081771739496, -0.19945110120881493, 0.3132247620537295, 0.15059068312697177, 0.6278559803062271, True
0.5224834252311403, 0.6333948582426876, 2.455085347161557, 0.3132247620537295, 0.15059068312697177, 0.6278559803062271, True
-5.789856481590425, 5.259964310599571, 1.594532127202478, 0.3132247620537295, 0.15059068312697177, 0.6278559803062271, False
2.602101729995562, 4.621095936952893, 2.0822376930284037, 0.3132247620537295, 0.15059068312697177, 0.6278559803062271, False
2.165650236567849, -2.6981583450231503, 1.3379662369158698, 0.3132247620537295, 0.15059068312697177, 0.6278559803062271, False
0.44737913568376353, -1.0227594156460302, -1.1055479960100563, 0.3132247620537295, 0.15059068312697177, 0.6278559803062271, False
0.6232802880496484, 0.07928580081610903, -1.2075886960808806, 0.3132247620537295, 0.15059068312697177, 0.6278559803062271, False
5.243970086983616, -2.404380699962906, -2.7492501755745096, 0.3132247620537295, 0.15059068312697177, 0.6278559803062271, False
4.851312357669901, 4.675424949423679, -2.0422757618973204, 0.3132247620537295, 0.15059068312697177, 0.6278559803062271, False
-4.749805467880005, 1.1076366088853629, 3.137456722038821, 0.3132247620537295, 0.15059068312697177, 0.6278559803062271, True
-2.0257348307282026, 3.9067623702813172, 2.180368690642588, 0.3132247620537295, 0.15059068312697177, 0.6278559803062271, False
1.8611136383150555, 4.813478311317372, 0.37874742764277114, 0.3132247620537295, 0.15059068312697177, 0.6278559803062271, False
4.620177690923743, 2.8171818610815595, 2.8106392637116224, 0.3132247620537295, 0.15059068312697177, 0.6278559803062271, True
-1.2360953593276554, -2.0562831577395526, -3.101764941034139, 0.3132247620537295, 0.15059068312697177, 0.6278559803062271, True
-2.5646555354891065, -0.9114856374727456, 1.980737852601691, 0.3132247620537295, 0.15059068312697177, 0.6278559803062271, False
0.19773105128679802, 5.941092276578521, 0.2502978319386817, 0.3132247620537295, 0.15059068312697177, 0.6278559803062271, False
2.0539709797577252, 3.70613276904591, -1.2318954332727132, 0.3132247620537295, 0.15059068312697177, 0.6278559803062271, False
3.829858524170646, 2.2558844846047776, -2.4206009393291943, 0.3132247620537295, 0.15059068312697177, 0.6278559803062271, True
5.394997347709014, 2.13734313773136, 0.583119687589059, 0.3132247620537295, 0.15059068312697177, 0.6278559803062271, True
1.617673759824715, -0.7349144816615336, -2.165771564486557, 0.3132247620537295, 0.15059068312697177, 0.6278559803062271, False
2.916165827740402, -3.746708505534718, 1.4869755922118486, 0.3132247620537295, 0.15059068312697177, 0.6278559803062271, True
-4.8956288416283975, 1.5321999933617505, 0.3996990318878342, 0.3132247620537295, 0.15059068312697177, 0.6278559803062271, True
0.5654349281495579, -2.098715164898163, -1.4051378212645074, 0.3132247620537295, 0.15059068312697177, 0.6278559803062271, False
3.9095088043925035, -6.160090758137974, -1.7758109962491035, 0.3132247620537295, 0.15059068312697177, 0.6278559803062271, True
6.032515130889989, -1.2661434905498608, -0.473919786957691, 0.3132247620537295, 0.15059068312697177, 0.6278559803062271, True
3.6940585689058736, -6.111195629034489, -1.4626131120821655, 0.3132247620537295, 0.15059068312697177, 0.6278559803062271, True
2.3940306771647, 3.060914704463995, -0.23421164295561026, 0.3132247620537295, 0.15059068312697177, 0.6278559803062271, True
-5.576217119611819, -0.7822294091394859, -2.107562415980611, 0.3132247620537295, 0.15059068312697177, 0.6278559803062271, False
-0.3830043074875853, -6.008689026881644, -1.4045187040923455, 0.3132247620537295, 0.15059068312697177, 0.6278559803062271, True
-2.9210753618697516, 3.755660320806756, -0.6348797346257204, 0.3132247620537295, 0.15059068312697177, 0.6278559803062271, False
4.367742394347012, 2.6775239763915586, 2.7476462726285256, 0.3132247620537295, 0.15059068312697177, 0.6278559803062271, True
1.2994952781139535, 4.236617931422078, -1.163377990335619, 0.3132247620537295, 0.15059068312697177, 0.6278559803062271, False
-3.6110325857545713, 0.14824347183857967, 2.0224592835818163, 0.3132247620537295, 0.15059068312697177, 0.6278559803062271, True
-0.2171902065948661, 0.9096568263717568, -1.8193510923969376, 0.3132247620537295, 0.15059068312697177, 0.6278559803062271, True
-4.339029384540766, 5.064320021388944, -1.8449062682338937, 0.3132247620537295, 0.15059068312697177, 0.6278559803062271, False
-4.615789028162135, 6.245397008111603, 1.8730829628274277, 0.3132247620537295, 0.15059068312697177, 0.6278559803062271, True
0.7719600292568121, -6.0057860417239, 2.5085210629993036, 0.3132247620537295, 0.15059068312697177, 0.6278559803062271, True
-1.2596539456441835, -1.2095981747352695, -0.29305848377891497, 0.3132247620537295, 0.15059068312697177, 0.6278559803062271, False
5.33538608946564, 4.23996502575209, -0.7710290266816568, 0.3132247620537295, 0.15059068312697177, 0.6278559803062271, False
6.176493536763161, 2.418166126303067, 2.511869664954112, 0.3132247620537295, 0.15059068312697177, 0.6278559803062271, True
0.7634175118399726, 1.1258225649513873, 1.0166618860888077, 0.3132247620537295, 0.15059068312697177, 0.6278559803062271, True
3.6195105279337074, 3.1361046115318043, 0.4490236457295742, 0.3132247620537295, 0.15059068312697177, 0.6278559803062271, False
-1.4918604970161358, -2.48529919086702, -2.2661214568893153, 0.3132247620537295, 0.15059068312697177, 0.6278559803062271, True
-0.6500715856074359, 1.844025255562567, -2.530149467499168, 0.3132247620537295, 0.15059068312697177, 0.6278559803062271, True
-3.9432459783977425, 5.150059696163559, 2.5854174460929897, 0.3132247620537295, 0.15059068312697177, 0.6278559803062271, False
-3.4523524521039755, -5.67686658762283, -1.4956565063417264, 0.3132247620537295, 0.15059068312697177, 0.6278559803062271, True
4.756161382626194, -0.3541265848337378, 2.3010228837401785, 0.3132247620537295, 0.15059068312697177, 0.6278559803062271, True
-1.8614555314669659, -5.4940845374866925, 0.9718929031259274, 0.3132247620537295, 0.15059068312697177, 0.6278559803062271, True
1.7987065341459942, 5.420489071899327, -2.2038768275651215, 0.3132247620537295, 0.15059068312697177, 0.6278559803062271, False
-3.138087483629625, 3.6909862875801895, -1.8588002937959727, 0.3132247620537295, 0.15059068312697177, 0.6278559803062271, True
-4.735910126873088, -2.0527579818592567, -1.5166211300725994, 0.3132247620537295, 0.15059068312697177, 0.6278559803062271, False
5.6117600401478285, 1.1948350448567329, 2.992700223208221, 0.3132247620537295, 0.15059068312697177, 0.6278559803062271, True
-4.2990317692330295, 3.871908681975409, -1.925447320918727, 0.3132247620537295, 0.15059068312697177, 0.6278559803062271, True
-6.1435540954080485, -3.6516104003066663, 1.625972721719216, 0.3132247620537295, 0.15059068312697177, 0.6278559803062271, True
-5.800284342462188, -4.2013433551327894, -0.3608374453356218, 0.3132247620537295, 0.15059068312697177, 0.6278559803062271, True
-1.3556803579234797, -1.1183896244156601, -2.851986546909336, 0.3132247620537295, 0.15059068312697177, 0.6278559803062271, False
3.2381448432166504, 4.900321162288568, -2.0691183076790365, 0.3132247620537295, 0.15059068312697177, 0.6278559803062271, False
4.676660179921289, 0.3886617202195559, -2.538361224982106, 0.3132247620537295, 0.15059068312697177, 0.6278559803062271, True
-2.662000708789082, -2.925473485630305, -2.8003755366806855, 0.3132247620537295, 0.15059068312697177, 0.6278559803062271, True
5.976434349017072, 3.062104188520273, 0.7444400640537348, 0.3132247620537295, 0.15059068312697177, 0.6278559803062271, False
-5.582295591536079, -2.883021482736648, -1.2980323900905684, 0.3132247620537295, 0.15059068312697177, 0.6278559803062271, True
-4.740350883433344, -6.155935822257353, -2.903360632865627, 0.3132247620537295, 0.15059068312697177, 0.6278559803062271, True
-2.390668022894992, -1.307999629315976, -2.6078762081865925, 0.3132247620537295, 0.15059068312697177, 0.6278559803062271, False
-5.8421264876474, -2.750443111435231, 1.984111543316927, 0.3132247620537295, 0.15059068312697177, 0.6278559803062271, False
1.2313575930928735, 0.10120128392559646, 2.695053693022982, 0.3132247620537295, 0.15059068312697177, 0.6278559803062271, True
3.4721473488383996, -5.420811642036332, -0.6215644358684602, 0.3132247620537295, 0.15059068312697177, 0.6278559803062271, True
-3.6772209802125873, 2.421803775675764, 0.520116764227661, 0.3132247620537295, 0.15059068312697177, 0.6278559803062271, True
-3.2536197181358397, -0.5785112453170527, 0.376715749145903, 0.3132247620537295, 0.15059068312697177, 0.6278559803062271, False
-4.5559724901797605, 4.879298775138688, -1.3495624817565763, 0.3132247620537295, 0.15059068312697177, 0.6278559803062271, False
2.648663787568964, 4.249104522688649, 2.7925168203953676, 0.3132247620537295, 0.15059068312697177, 0.6278559803062271, False
4.755898059312379, -0.7297484599089588, -0.1716656052913419, 0.3132247620537295, 0.15059068312697177, 0.6278559803062271, False
-2.7614398437566763, -4.157145179492042, -0.8658074766808057, 0.3132247620537295, 0.15059068312697177, 0.6278559803062271, True
1.9506960889175495, -4.721322452402379, -1.8229343402067235, 0.3132247620537295, 0.15059068312697177, 0.6278559803062271, True
5.0011714599805845, -2.8331381327004515, 3.098752587687132, 0.3132247620537295, 0.15059068312697177, 0.6278559803062271, True
5.351908113403397, 5.3669717706653675, 0.9170781371766905, 0.3132247620537295, 0.15059068312697177, 0.6278559803062271, False
-1.4205717198402636, 3.099957312772313, 0.13992411179857278, 0.3132247620537295, 0.15059068312697177, 0.6278559803062271, False
-2.098033445053632, 6.025609411529098, 0.6339988591606023, 0.3132247620537295, 0.15059068312697177, 0.6278559803062271, False
4.398136537763055, -4.9289655149516705, 0.5365509338275607, 0.3132247620537295, 0.15059068312697177, 0.6278559803062271, True
-4.2200083793468135, -0.24575884793220037, -1.951053117281612, 0.3132247620537295, 0.15059068312697177, 0.6278559803062271, False
-3.713762221513844, 5.508730104209798, 2.566724055551136, 0.3132247620537295, 0.15059068312697177, 0.6278559803062271, True
1.470723336644367, 0.9162995005659091, -0.16914371306737452, 0.3132247620537295, 0.15059068312697177, 0.6278559803062271, True
3.274816116619263, 4.09153622308715, 2.727320405864396, 0.3132247620537295, 0.15059068312697177, 0.6278559803062271, False
3.8067402286045233, -2.459228771051956, 2.144774178209974, 0.3132247620537295, 0.15059068312697177, 0.6278559803062271, False
-0.7574244072674219, -2.8996932434252916, 0.6373384734357734, 0.3132247620537295, 0.15059068312697177, 0.6278559803062271, False
1.0611944412991017, 2.8413447118416393, -0.39168081893798856, 0.3132247620537295, 0.15059068312697177, 0.6278559803062271, True
-5.460417162771238, -3.430286581778205, 2.7452754579029577, 0.3132247620537295, 0.15059068312697177, 0.6278559803062271, True
-2.601389494360644, 2.434475643573183, -2.9344679408394545, 0.3132247620537295, 0.15059068312697177, 0.6278559803062271, True
-6.153843303077776, 3.3514005508596085, 0.1554998895397337, 0.3132247620537295, 0.15059068312697177, 0.6278559803062271, False
2.2531790628873765, -3.585584961313996, -2.991661800206038, 0.3132247620537295, 0.15059068312697177, 0.6278559803062271, True
6.034209436677877, 0.41701244831496087, -2.7843104596379833, 0.3132247620537295, 0.15059068312697177, 0.6278559803062271, True
-2.043589572178803, 1.5533699519293371, 1.7344617451731388, 0.3132247620537295, 0.15059068312697177, 0.6278559803062271, True
5.495875909259622, 0.032133366414857534, 0.8804428165054317, 0.3132247620537295, 0.15059068312697177, 0.6278559803062271, True
-3.420933400393826, -2.9490089007231397, -0.7131905147373252, 0.3132247620537295, 0.15059068312697177, 0.6278559803062271, True
-0.6696012842695005, 1.6831401937444257, 2.388515862039668, 0.3132247620537295, 0.15059068312697177, 0.6278559803062271, True
2.1615388690245485, 1.4382415625736025, 2.9087694383161278, 0.3132247620537295, 0.15059068312697177, 0.6278559803062271, True
3.612940859209205, -5.4582294411876155, -0.7391136680764165, 0.3132247620537295, 0.15059068312697177, 0.6278559803062271, True
2.2891873145833816, -2.583825428419018, -0.2575446245109547, 0.3132247620537295, 0.15059068312697177, 0.6278559803062271, False
0.9174520509393762, -3.669538052055503, -0.46013114052668813, 0.3132247620537295, 0.15059068312697177, 0.6278559803062271, True
-1.5436720709838507, 2.613246164033468, 1.3977170284240685, 0.3132247620537295, 0.15059068312697177, 0.6278559803062271, True
2.099340068990351, -3.745808965701668, 2.30256257429187, 0.3132247620537295, 0.15059068312697177, 0.6278559803062271, True
-5.4760109902575556, -2.529796714277147, 0.42490221289197505, 0.3132247620537295, 0.15059068312697177, 0.6278559803062271, False
4.790857565396678, 2.0688235068459555, 2.2130127910002964, 0.3132247620537295, 0.15059068312697177, 0.6278559803062271, True
2.8614674452446156, -2.3451296775243407, -2.9039200162909014, 0.3132247620537295, 0.15059068312697177, 0.6278559803062271, True
2.265236062671489, -1.6170492275046344, -1.4450334301560985, 0.3132247620537295, 0.15059068312697177, 0.6278559803062271, False
6.146662253206388, 5.324243582958669, -2.9503002926664244, 0.3132247620537295, 0.15059068312697177, 0.6278559803062271, True
-1.8903653165700094, -3.7430257609024125, 1.9491339153350014, 0.3132247620537295, 0.15059068312697177, 0.6278559803062271, True
-4.309591725772552, -2.128917065186231, 0.9298183339768302, 0.3132247620537295, 0.15059068312697177, 0.6278559803062271, False
-4.279095504998017, -3.6401665787838233, 1.4072734569884915, 0.3132247620537295, 0.15059068312697177, 0.6278559803062271, True
5.562023653113826, 0.8502338301684045, 1.4346764975055244, 0.3132247620537295, 0.15059068312697177, 0.6278559803062271, True
5.40298635821774, -4.753310435027929, -0.05193624713812639, 0.3132247620537295, 0.15059068312697177, 0.6278559803062271, True
-5.15953571482467, 3.5869988709356697, -2.740190136665663, 0.3132247620537295, 0.15059068312697177, 0.6278559803062271, True
3.816396170708847, -1.5271659789655665, -1.4570628636249254, 0.3132247620537295, 0.15059068312697177, 0.6278559803062271, True
-0.6730608066575385, 2.0685134750131944, 1.5151573957237243, 0.3132247620537295, 0.15059068312697177, 0.6278559803062271, True
-3.9395100876854032, 3.423412350669352, 2.3989454530419305, 0.3132247620537295, 0.15059068312697177, 0.6278559803062271, False
3.1272040888097994, -3.6561745024621306, 1.936043689156448, 0.3132247620537295, 0.15059068312697177, 0.6278559803062271, True
-2.0453623048803067, -2.5638760983251125, -2.526098534268091, 0.3132247620537295, 0.15059068312697177, 0.6278559803062271, True
-4.189150571779556, -6.158477082423828, -1.494315130811846, 0.3132247620537295, 0.15059068312697177, 0.6278559803062271, True
4.216289708320874, -5.109094318608616, -2.9428563618287664, 0.3132247620537295, 0.15059068312697177, 0.6278559803062271, True
-3.081501996488304, 5.610818302423247, -2.2526307667497076, 0.3132247620537295, 0.15059068312697177, 0.6278559803062271, False
-4.324235571815207, 5.545639576902188, 1.3452429630227982, 0.3132247620537295, 0.15059068312697177, 0.6278559803062271, False
-1.4651511541399502, 5.603875991333696, 2.6910911878908106, 0.3132247620537295, 0.15059068312697177, 0.6278559803062271, True
4.740209132195716, -5.415346415322486, -3.136886766986398, 0.3132247620537295, 0.15059068312697177, 0.6278559803062271, True
1.8448821938518307, -5.196624861966854, 0.3729149963218803, 0.3132247620537295, 0.15059068312697177, 0.6278559803062271, True
-4.973313027157184, 0.3916718816634983, -0.5388851305565678, 0.3132247620537295, 0.15059068312697177, 0.6278559803062271, True
-6.013055621782037, 2.6893455002212505, -0.9458734062460517, 0.3132247620537295, 0.15059068312697177, 0.6278559803062271, True
1.891760251601756, -3.1692915711379994, -1.5688191576263593, 0.3132247620537295, 0.15059068312697177, 0.6278559803062271, True
0.3587922153244856, 4.451493010843528, -2.721954661699309, 0.3132247620537295, 0.15059068312697177, 0.6278559803062271, False
-3.050777109593505, 0.8125446309241031, 0.40728170935689345, 0.3132247620537295, 0.15059068312697177, 0.6278559803062271, True
-6.20035184085447, 5.479339904831752, -2.04468114014497, 0.3132247620537295, 0.15059068312697177, 0.6278559803062271, False
-0.9433318110425093, 4.010520969687377, -0.9804520376453141, 0.3132247620537295, 0.15059068312697177, 0.6278559803062271, False
-2.964646719297426, 5.218398681041961, 0.9618999511994604, 0.3132247620537295, 0.15059068312697177, 0.6278559803062271, False
3.0416895614288624, 3.8410120539296955, -2.69147991368974, 0.3132247620537295, 0.15059068312697177, 0.6278559803062271, True
-2.4436042978129047, 5.567334579019338, 0.061540639927294194, 0.3132247620537295, 0.15059068312697177, 0.6278559803062271, False
-6.264743605730267, 2.543025246096736, -2.888540146638715, 0.3132247620537295, 0.15059068312697177, 0.6278559803062271, True
-2.8446756104086806, 1.9959185256192509, 3.1100103726021526, 0.3132247620537295, 0.15059068312697177, 0.6278559803062271, True
0.03669559515198895, 5.232140683399438, 0.6267489551104468, 0.3132247620537295, 0.15059068312697177, 0.6278559803062271, True
1.496148870291539, 3.6658383022187433, -1.8831816090467492, 0.3132247620537295, 0.15059068312697177, 0.6278559803062271, True
3.0794604239345027, 4.058586219600079, -2.3427560874992226, 0.3132247620537295, 0.15059068312697177, 0.6278559803062271, False
1.6535637095788056, 5.134799215795757, 0.0027481873048067484, 0.3132247620537295, 0.15059068312697177, 0.6278559803062271, False
-1.8650938677987146, -3.7194783932271873, 2.468262700586414, 0.3132247620537295, 0.15059068312697177, 0.6278559803062271, True
-1.8890198030119185, -1.3051070011769514, 1.866739323719849, 0.3132247620537295, 0.15059068312697177, 0.6278559803062271, False
-6.133004538948102, 2.245755041319006, 2.3557347070012353, 0.3132247620537295, 0.15059068312697177, 0.6278559803062271, True
0.9578289350916913, -5.321058792290719, -2.0866480632808084, 0.3132247620537295, 0.15059068312697177, 0.6278559803062271, True
5.450890439152907, -3.9498934207647816, -1.2075485803053607, 0.3132247620537295, 0.15059068312697177, 0.6278559803062271, True
2.314740752895432, -1.519437794265988, 2.1389156937213816, 0.3132247620537295, 0.15059068312697177, 0.6278559803062271, False
1.5819884870672514, -3.853417620923813, 2.63439213417729, 0.3132247620537295, 0.15059068312697177, 0.6278559803062271, True
5.664434299114534, 5.9817820317724735, -2.2902552996198877, 0.3132247620537295, 0.15059068312697177, 0.6278559803062271, False
-0.5105652150985076, 0.07703899381351764, -2.2640029935060095, 0.3132247620537295, 0.15059068312697177, 0.6278559803062271, False
-4.88038239679474, 4.512981808862708, -2.2402953642624617, 0.3132247620537295, 0.15059068312697177, 0.6278559803062271, False
1.740775817036802, 0.4399526832287677, 1.7004798336771785, 0.3132247620537295, 0.15059068312697177, 0.6278559803062271, True
-1.5564237556518563, -6.106424392654681, -1.6498520528320448, 0.3132247620537295, 0.15059068312697177, 0.6278559803062271, True
-6.0959675155866915, 1.108771074523471, -0.8938827520217201, 0.3132247620537295, 0.15059068312697177, 0.6278559803062271, True
-0.9807885167118169, -0.6721134143760539, 1.3024084716031785, 0.3132247620537295, 0.15059068312697177, 0.6278559803062271, False
5.20423165073038, -2.3911116308678295, -0.4658065440012309, 0.3132247620537295, 0.15059068312697177, 0.6278559803062271, False
3.924983114092859, -3.8363851719319078, -0.4581007173316145, 0.3132247620537295, 0.15059068312697177, 0.6278559803062271, True
0.7275499225110531, 6.1506948459438835, -1.1175787109151027, 0.3132247620537295, 0.15059068312697177, 0.6278559803062271, False
3.0195199563353547, -2.4617021805455197, -1.490289694839355, 0.3132247620537295, 0.15059068312697177, 0.6278559803062271, False
-2.684209801450014, 3.0234542588079414, -0.29728144543598534, 0.3132247620537295, 0.15059068312697177, 0.6278559803062271, True
