-3.6534521454619635, -6.2022758799806, 1.1020528643367236, 0.44627559050599175, 0.345744925955457, 0.18816776504829935, False
4.756337714617507, 2.8928474015200045, -1.1588124972433274, 0.44627559050599175, 0.345744925955457, 0.18816776504829935, False
4.941369508417626, -6.006536201632963, 0.2787618875598623, 0.44627559050599175, 0.345744925955457, 0.18816776504829935, False
-3.7242063743808598, 0.8682679640735786, -0.7203896236252008, 0.44627559050599175, 0.345744925955457, 0.18816776504829935, False
-2.789414154009873, -3.6940980387507016, -2.3259628260098655, 0.44627559050599175, 0.345744925955457, 0.18816776504829935, False
-6.066617317153622, 5.150274387917673, -2.564325298584999, 0.44627559050599175, 0.345744925955457, 0.18816776504829935, False
-1.0940070290292345, 4.09956986065658, 2.659032669178993, 0.44627559050599175, 0.345744925955457, 0.18816776504829935, False
3.0453285639964403, -1.961440867976913, -0.6211149025828329, 0.44627559050599175, 0.345744925955457, 0.18816776504829935, False
2.209100272687813, -5.493676230728525, -0.9334874001464519, 0.44627559050599175, 0.345744925955457, 0.18816776504829935, False
5.38959477891882, -1.84928999873937, -1.394900980721703, 0.44627559050599175, 0.345744925955457, 0.18816776504829935, False
-1.0685867159688112, 2.7392720570308065, -1.9681648474296694, 0.44627559050599175, 0.345744925955457, 0.18816776504829935, False
-3.8392383721608434, -2.4237823853705014, 3.055883064965525, 0.44627559050599175, 0.345744925955457, 0.18816776504829935, True
-2.391978145145821, 4.80507429833159, -1.360626576794892, 0.44627559050599175, 0.345744925955457, 0.18816776504829935, False
-0.8187951110833032, 3.9377364178896013, -3.1190274976988532, 0.44627559050599175, 0.345744925955457, 0.18816776504829935, True
-4.55185592981604, 3.1149758430918055, 1.2771601609136942, 0.44627559050599175, 0.345744925955457, 0.18816776504829935, False
-0.8841936602156375, 2.003422038470804, -1.0212780018544523, 0.44627559050599175, 0.345744925955457, 0.18816776504829935, False
1.1413431727970336, 0.07322340464604782, -1.7798239034751016, 0.44627559050599175, 0.345744925955457, 0.18816776504829935, False
-1.9271645096887902, 1.3291841250153826, 1.5110435594173977, 0.44627559050599175, 0.345744925955457, 0.18816776504829935, False
2.595727175298414, -3.2794869479857316, -2.255875500435337, 0.44627559050599175, 0.345744925955457, 0.18816776504829935, False
-2.653123104396341, 1.147253541529091, 2.169222619666111, 0.44627559050599175, 0.345744925955457, 0.18816776504829935, False
5.06049797632817, -5.006426943475981, -1.0057862087400644, 0.44627559050599175, 0.345744925955457, 0.18816776504829935, False
5.3510101968029, -4.547938256866012, 3.029178769907273, 0.44627559050599175, 0.345744925955457, 0.18816776504829935, True
-2.8595860983208996, -1.12328805790031, -0.49434875938948775, 0.44627559050599175, 0.345744925955457, 0.18816776504829935, False
4.591609603819371, 4.052702038988439, 1.956777451158219, 0.44627559050599175, 0.345744925955457, 0.18816776504829935, False
-1.4717418623142642, -1.3020772227499808, -2.765394416542617, 0.44627559050599175, 0.345744925955457, 0.18816776504829935, False
-0.07630308546617837, -1.6845889961919882, -1.57756311500412, 0.44627559050599175, 0.345744925955457, 0.18816776504829935, False
2.5336919201569774, 2.5407656053388408, -3.054798010738084, 0.44627559050599175, 0.345744925955457, 0.18816776504829935, True
0.1783646817055038, -0.9865022410277211, -2.9201045471322797, 0.44627559050599175, 0.345744925955457, 0.18816776504829935, True
4.552091304709142, -3.9246904873723487, 0.8453853316284783, 0.44627559050599175, 0.345744925955457, 0.18816776504829935, False
5.1070942579592185, 2.874889382202687, -0.5429736439085016, 0.44627559050599175, 0.345744925955457, 0.18816776504829935, False
3.2919244331378756, 0.22954003994208527, -3.0117912744478215, 0.44627559050599175, 0.345744925955457, 0.18816776504829935, True
0.041588018250967806, -5.006954848119647, 1.0489104824267725, 0.44627559050599175, 0.345744925955457, 0.18816776504829935, False
4.4955629711512834, -0.4385931778633454, 1.1905095646604424, 0.44627559050599175, 0.345744925955457, 0.18816776504829935, False
1.0506868006251304, -2.4868871657580893, -0.14362324258793535, 0.44627559050599175, 0.345744925955457, 0.18816776504829935, False
-0.08302163178921784, 0.9350000796709637, 0.4697478042905514, 0.44627559050599175, 0.345744925955457, 0.18816776504829935, False
-5.360115015432293, 0.5046834972731178, 2.0432677965551456, 0.44627559050599175, 0.345744925955457, 0.18816776504829935, False
-5.907990877774598, -2.544358454411431, -0.17930194568436475, 0.44627559050599175, 0.345744925955457, 0.18816776504829935, False
-4.5767869080980805, -5.990603039813937, 3.111071325154213, 0.44627559050599175, 0.345744925955457, 0.18816776504829935, True
0.28386776568485583, -5.819249607423469, 0.6527953732983849, 0.44627559050599175, 0.345744925955457, 0.18816776504829935, False
-3.535199596394805, 0.002026328985905046, 1.4255079577784429, 0.44627559050599175, 0.345744925955457, 0.18816776504829935, False
-6.145883586698791, 0.08430049285601982, 1.9939685805782394, 0.44627559050599175, 0.345744925955457, 0.18816776504829935, True
6.211809876429532, -2.935103032976483, 1.6535767293028467, 0.44627559050599175, 0.345744925955457, 0.18816776504829935, False
3.8634556618665474, 4.386090748318388, -3.119339924483705, 0.44627559050599175, 0.345744925955457, 0.18816776504829935, True
2.8551150748481113, -3.473944744031275, -1.993741506084696, 0.44627559050599175, 0.345744925955457, 0.18816776504829935, False
5.052165422034378, 3.670192524052654, 0.03983606775662496, 0.44627559050599175, 0.345744925955457, 0.18816776504829935, False
0.40061272500916356, 2.716667572891927, -1.0641370404353312, 0.44627559050599175, 0.345744925955457, 0.18816776504829935, False
3.636578427909935, -2.0852940933527604, 1.7058495879146935, 0.44627559050599175, 0.345744925955457, 0.18816776504829935, False
-0.6613239949564704, 4.6706793380071865, -2.0524810476330906, 0.44627559050599175, 0.345744925955457, 0.18816776504829935, False
4.556407447575356, -5.399596997015704, -0.27575829150051234, 0.44627559050599175, 0.345744925955457, 0.18816776504829935, False
-1.45506336222586, -0.831589076273815, 2.8899885062008535, 0.44627559050599175, 0.345744925955457, 0.18816776504829935, False
5.696645206540698, 3.1004315847578887, 2.844129520535154, 0.44627559050599175, 0.345744925955457, 0.18816776504829935, False
4.955944753685179, -5.6772985969808945, -0.9105060481063316, 0.44627559050599175, 0.345744925955457, 0.18816776504829935, False
-0.7378145803494203, -2.5454154324690985, 0.1319849031102147, 0.44627559050599175, 0.345744925955457, 0.18816776504829935, False
-5.173002188385766, -1.0086129933343706, 0.6762041045750058, 0.44627559050599175, 0.345744925955457, 0.18816776504829935, False
2.6701146776088667, -2.7563253088056, -1.1986492896268337, 0.44627559050599175, 0.345744925955457, 0.18816776504829935, False
2.2683592134033077, 0.17760319959220006, -0.07252062019531813, 0.44627559050599175, 0.345744925955457, 0.18816776504829935, False
-2.0442451679591693, -1.5548958766370458, -1.2365652265482734, 0.44627559050599175, 0.345744925955457, 0.18816776504829935, False
-0.9116141114915335, -3.535422694586337, -2.8949362991786773, 0.44627559050599175, 0.345744925955457, 0.18816776504829935, True
-5.653827537459471, -4.707382862932494, -1.4081809813844222, 0.44627559050599175, 0.345744925955457, 0.18816776504829935, False
5.541128407579839, 3.2025104124438712, 2.3621084646449626, 0.44627559050599175, 0.345744925955457, 0.18816776504829935, False
2.7484498682617016, 5.432877821374301, -2.474845247355704, 0.44627559050599175, 0.345744925955457, 0.18816776504829935, False
-0.7810196601336905, 3.2324224662670247, -0.4262439540453591, 0.44627559050599175, 0.345744925955457, 0.18816776504829935, False
0.4947711976885625, 4.725589537443781, 0.24785247286542456, 0.44627559050599175, 0.345744925955457, 0.18816776504829935, False
-2.0696656292228575, -2.4226152424660823, -0.6157460073046535, 0.44627559050599175, 0.345744925955457, 0.18816776504829935, False
-4.205882272915527, -2.2141249519873245, -0.8435006319256617, 0.44627559050599175, 0.345744925955457, 0.18816776504829935, False
3.6360445229479748, -1.3269572843817796, 2.0364458565773074, 0.44627559050599175, 0.345744925955457, 0.18816776504829935, False
-4.671050254755643, -3.677767806656868, 1.7592323964397476, 0.44627559050599175, 0.345744925955457, 0.18816776504829935, False
-5.065898365958849, -5.594316718369303, -0.6272046084062417, 0.44627559050599175, 0.345744925955457, 0.18816776504829935, False
-1.8904741084937964, 3.8243957186970015, -2.4357296149974483, 0.44627559050599175, 0.345744925955457, 0.18816776504829935, False
-5.9980198736291985, 2.9206070289354447, 0.45803602082659545, 0.44627559050599175, 0.345744925955457, 0.18816776504829935, False
4.615850829174724, 1.214126279009763, -1.07927006958553, 0.44627559050599175, 0.345744925955457, 0.18816776504829935, False
-2.644091717495843, 0.4220980445882363, -2.96306072669624, 0.44627559050599175, 0.345744925955457, 0.18816776504829935, True
0.9452567611144733, -4.654192893581793, 2.025402068222898, 0.44627559050599175, 0.345744925955457, 0.18816776504829935, False
0.3301698179605923, 4.3191995945538455, -2.0349907731476344, 0.44627559050599175, 0.345744925955457, 0.18816776504829935, False
-0.679983870574131, -0.12181260315510567, -1.2359016220629058, 0.44627559050599175, 0.345744925955457, 0.18816776504829935, False
-1.6050128161836206, -4.985679464753563, -0.09134591958676808, 0.44627559050599175, 0.345744925955457, 0.18816776504829935, False
2.158278777178495, -2.1444456972105614, 0.8803218951269578, 0.44627559050599175, 0.345744925955457, 0.18816776504829935, False
-2.5290027665087043, 2.768263447014924, 1.8824790197571089, 0.44627559050599175, 0.345744925955457, 0.18816776504829935, True
-5.762026613337972, 5.18476329405393, -2.087218296403414, 0.44627559050599175, 0.345744925955457, 0.18816776504829935, False
-5.0642188869582, 2.2019678940674687, 1.1622289275601707, 0.44627559050599175, 0.345744925955457, 0.18816776504829935, False
4.417749782749022, -5.680127598303125, -2.310133157797369, 0.44627559050599175, 0.345744925955457, 0.18816776504829935, False
-1.1398192064380073, -0.9846455182005505, -2.7780159630430807, 0.44627559050599175, 0.345744925955457, 0.18816776504829935, False
3.0561355216153334, 2.8096938971946734, -1.5544806570516723, 0.44627559050599175, 0.345744925955457, 0.18816776504829935, False
2.1890738377082606, 0.5037151428838413, 0.394864956324799, 0.44627559050599175, 0.345744925955457, 0.18816776504829935, False
2.125002184020836, 0.4747644091272143, -0.03159595576552032, 0.44627559050599175, 0.345744925955457, 0.18816776504829935, False
0.42538073824619627, -0.8955864185182296, -0.7312059576046077, 0.44627559050599175, 0.345744925955457, 0.18816776504829935, False
1.6637874851323353, -3.6399748886921777, -2.6871186979516506, 0.44627559050599175, 0.345744925955457, 0.18816776504829935, False
-2.9629196426037097, 4.342367841070438, 0.015662975696301817, 0.44627559050599175, 0.345744925955457, 0.18816776504829935, False
-0.5599864768120524, 5.578252500476285, 1.0327164267232858, 0.44627559050599175, 0.345744925955457, 0.18816776504829935, False
-3.217155993122069, 3.629251117292405, -2.4747920600673226, 0.44627559050599175, 0.345744925955457, 0.18816776504829935, False
5.825607013981797, -4.781564820420664, -1.037609025550541, 0.44627559050599175, 0.345744925955457, 0.18816776504829935, False
-2.202914206202296, -1.251486901328696, 0.7388163078209686, 0.44627559050599175, 0.345744925955457, 0.18816776504829935, False
-0.27338365559910827, -2.778924509993296, 0.7092643710916753, 0.44627559050599175, 0.345744925955457, 0.18816776504829935, False
-5.83581485637884, -4.575030093460587, 2.5038460316237643, 0.44627559050599175, 0.345744925955457, 0.18816776504829935, False
6.0716114033273065, 3.6839782857642724, -0.2661338831175919, 0.44627559050599175, 0.345744925955457, 0.18816776504829935, False
-5.111238166999618, -3.842163691170049, 0.0993558927823508, 0.44627559050599175, 0.345744925955457, 0.18816776504829935, False
-3.1825935657413966, 0.9032424939328276, 1.653568492502453, 0.44627559050599175, 0.345744925955457, 0.18816776504829935, False
-5.140479825239092, 0.2888083877783387, -0.15818126989152725, 0.44627559050599175, 0.345744925955457, 0.18816776504829935, False
4.939868833963462, 6.040288410409897, 1.4157524652421483, 0.44627559050599175, 0.345744925955457, 0.18816776504829935, False
-0.8730273095866039, -5.6726113305284365, 3.0758795351400723, 0.44627559050599175, 0.345744925955457, 0.18816776504829935, True
-3.3087187977162404, 3.1112558491289697, -2.870062874683095, 0.44627559050599175, 0.345744925955457, 0.18816776504829935, True
-0.5653179200760006, 5.459231021448973, 1.2053265185841875, 0.44627559050599175, 0.345744925955457, 0.18816776504829935, False
-0.5325370042357118, 0.27129912635861864, -0.6934134871569011, 0.44627559050599175, 0.345744925955457, 0.18816776504829935, False
-0.7708430519576153, -3.6723623555722313, -1.2311265223764907, 0.44627559050599175, 0.345744925955457, 0.18816776504829935, False
3.4188846323293998, -2.7873038075763383, -0.6752113297511002, 0.44627559050599175, 0.345744925955457, 0.18816776504829935, False
-0.04345549717532027, 5.864215082515445, 0.1998314545579194, 0.44627559050599175, 0.345744925955457, 0.18816776504829935, False
-6.2690070181251425, -4.4441261395720595, 1.8335113273406058, 0.44627559050599175, 0.345744925955457, 0.18816776504829935, False
-2.5833752678818183, 2.9488415641783483, 2.4413635386263834, 0.44627559050599175, 0.345744925955457, 0.18816776504829935, False
-5.664847371052353, 5.99969733024723, -1.6887611109716172, 0.44627559050599175, 0.345744925955457, 0.18816776504829935, True
-2.2459658709619763, -0.4799910016909177, -0.9429218034061853, 0.44627559050599175, 0.345744925955457, 0.18816776504829935, False
-4.279593943972413, 0.5386087072305363, -0.22224040086723784, 0.44627559050599175, 0.345744925955457, 0.18816776504829935, False
5.992132738404914, -5.228586134454696, 1.3338775213583762, 0.44627559050599175, 0.345744925955457, 0.18816776504829935, False
4.91590056131343, -1.821592691494339, -2.934174521322946, 0.44627559050599175, 0.345744925955457, 0.18816776504829935, True
4.717652676126349, -4.174475629057872, -2.831415209703903, 0.44627559050599175, 0.345744925955457, 0.18816776504829935, False
2.4854746712753073, 5.59642800747395, -1.672668432673161, 0.44627559050599175, 0.345744925955457, 0.18816776504829935, False
-1.055240010052528, 0.3621263973633235, -2.02949342144111, 0.44627559050599175, 0.345744925955457, 0.18816776504829935, False
-0.8766219896109639, -4.5748245866062245, 0.5086076341668218, 0.44627559050599175, 0.345744925955457, 0.18816776504829935, False
3.9082921033229745, -4.283604302567819, 2.794354965808913, 0.44627559050599175, 0.345744925955457, 0.18816776504829935, False
0.7871396908661401, 5.942451865167213, -2.476349517343671, 0.44627559050599175, 0.345744925955457, 0.18816776504829935, False
6.004852961404854, -0.2290615517956507, -0.9660181267530445, 0.44627559050599175, 0.345744925955457, 0.18816776504829935, False
4.274375723935478, 6.264580307204131, -1.1614127243567463, 0.44627559050599175, 0.345744925955457, 0.18816776504829935, False
-6.103458867026122, -3.414334094522591, 0.6658439378084662, 0.44627559050599175, 0.345744925955457, 0.18816776504829935, False
-2.137704791407728, -5.250665174038382, 1.6108749727092535, 0.44627559050599175, 0.345744925955457, 0.18816776504829935, False
-4.726250078181565, 3.1404602169074955, 0.05244510044237982, 0.44627559050599175, 0.345744925955457, 0.18816776504829935, False
5.71733222362432, 4.845694214296019, -1.1377762705726635, 0.44627559050599175, 0.345744925955457, 0.18816776504829935, False
-0.8041825958124047, -4.14688811713712, -2.6162956480975548, 0.44627559050599175, 0.345744925955457, 0.18816776504829935, False
4.795052722745657, 2.7378873790159943, 2.680323152960997, 0.44627559050599175, 0.345744925955457, 0.18816776504829935, False
-1.4160715750200747, 6.189756213328803, -0.6640909530257577, 0.44627559050599175, 0.345744925955457, 0.18816776504829935, False
1.157778760634982, 0.47558040208753294, 0.940059353611133, 0.44627559050599175, 0.345744925955457, 0.18816776504829935, False
3.707213001424055, -1.5641812417493313, -2.011954071241748, 0.44627559050599175, 0.345744925955457, 0.18816776504829935, False
0.35791522125714614, 2.4691486935224063, -1.6325130019507885, 0.44627559050599175, 0.345744925955457, 0.18816776504829935, False
0.3894404608811328, 2.4957526317820538, -2.5348365753914988, 0.44627559050599175, 0.345744925955457, 0.18816776504829935, False
-5.583639830395478, -6.207361801187699, 0.9464200102757854, 0.44627559050599175, 0.345744925955457, 0.18816776504829935, True
-1.3530483225361367, 4.175640648023334, -2.544346760398763, 0.44627559050599175, 0.345744925955457, 0.18816776504829935, False
2.7103973189227144, 0.6136846739084909, -2.0348312439826994, 0.44627559050599175, 0.345744925955457, 0.18816776504829935, False
-2.5758804696994813, -3.1533011027774664, -2.3571978686656054, 0.44627559050599175, 0.345744925955457, 0.18816776504829935, False
5.600160007009052, 4.540611649506657, -1.015190132583872, 0.44627559050599175, 0.345744925955457, 0.18816776504829935, False
4.1792215097915015, -1.8668110025267275, -1.8016997110710578, 0.44627559050599175, 0.345744925955457, 0.18816776504829935, False
-1.9472409454123625, 5.713281360444967, 2.424604405669844, 0.44627559050599175, 0.345744925955457, 0.18816776504829935, False
-1.0431647035907314, -0.6900872795538637, 1.7467880662567046, 0.44627559050599175, 0.345744925955457, 0.18816776504829935, False
5.300831671403575, 5.725115761283433, 1.7760020367525184, 0.44627559050599175, 0.345744925955457, 0.18816776504829935, False
-4.198938086748534, 0.05429588781822314, 0.8123260370860739, 0.44627559050599175, 0.345744925955457, 0.18816776504829935, False
3.990588686755272, 5.787902613453907, -0.3035191211468855, 0.44627559050599175, 0.345744925955457, 0.18816776504829935, False
0.24252833380604155, 4.915111720354883, -1.496748796078508, 0.44627559050599175, 0.345744925955457, 0.18816776504829935, False
-6.08075939047349, -3.6179723519233877, -2.7122481080312433, 0.44627559050599175, 0.345744925955457, 0.18816776504829935, False
2.7511629581491484, -0.6707627160479781, 1.2524531332498077, 0.44627559050599175, 0.345744925955457, 0.18816776504829935, False
4.878113681793934, -3.9997340329332283, 2.4573725578167087, 0.44627559050599175, 0.345744925955457, 0.18816776504829935, False
1.981926537512031, 1.4671119126780647, 2.8231284072026765, 0.44627559050599175, 0.345744925955457, 0.18816776504829935, False
4.3348563461882375, 1.169438163628885, 0.8280852840922677, 0.44627559050599175, 0.345744925955457, 0.18816776504829935, False
-2.6161339297077717, 2.0643106203526376, -1.09954608147729, 0.44627559050599175, 0.345744925955457, 0.18816776504829935, False
-3.3904501825011484, -5.03699549683412, 0.31289755398951336, 0.44627559050599175, 0.345744925955457, 0.18816776504829935, False
4.672717105859407, -2.469977558286467, 2.718440850307938, 0.44627559050599175, 0.345744925955457, 0.18816776504829935, False
1.7895122211073033, -5.186286796966423, 1.9882270409068097, 0.44627559050599175, 0.345744925955457, 0.18816776504829935, False
1.0999543326304106, 5.996539247540591, -2.7131507452381634, 0.44627559050599175, 0.345744925955457, 0.18816776504829935, False
3.67144927773586, -0.9819727026781768, -2.406887982917615, 0.44627559050599175, 0.345744925955457, 0.18816776504829935, False
-6.202110411009954, -0.7141591227839807, 2.144209853719274, 0.44627559050599175, 0.345744925955457, 0.18816776504829935, False
-0.9097719602843881, 6.113249322905379, 2.0830363908059084, 0.44627559050599175, 0.345744925955457, 0.18816776504829935, False
6.250627078769467, -1.8008353346181352, -1.3437948931610664, 0.44627559050599175, 0.345744925955457, 0.18816776504829935, False
-1.812968464905527, -0.03335891374196631, -1.731590051487361, 0.44627559050599175, 0.345744925955457, 0.18816776504829935, False
-0.7577654776149672, -5.328523863314199, 2.6089880305559996, 0.44627559050599175, 0.345744925955457, 0.18816776504829935, False
-2.2842229227113204, 4.585284079361884, -1.668139805665691, 0.44627559050599175, 0.345744925955457, 0.18816776504829935, False
-0.4156420195445518, 2.6049519233826324, 2.805624364362221, 0.44627559050599175, 0.345744925955457, 0.18816776504829935, False
-4.079378005819241, 5.639247766148154, -2.6272077653652595, 0.44627559050599175, 0.345744925955457, 0.18816776504829935, False
-4.816330051589132, -5.150551127333237, -2.2027776102248877, 0.44627559050599175, 0.345744925955457, 0.18816776504829935, False
-4.646214461526946, -0.6550594224465964, 0.5597940292417745, 0.44627559050599175, 0.345744925955457, 0.18816776504829935, False
0.08782225185060444, 2.1687534925058323, 1.6627143119195722, 0.44627559050599175, 0.345744925955457, 0.18816776504829935, False
-0.5076054717555731, 4.68120897981961, 0.005653271542876759, 0.44627559050599175, 0.345744925955457, 0.18816776504829935, False
0.8362401142732789, -4.085434238400923, -1.8242363299568414, 0.44627559050599175, 0.345744925955457, 0.18816776504829935, False
-4.391935784394475, -2.640991810589952, -0.9783957642440746, 0.44627559050599175, 0.345744925955457, 0.18816776504829935, False
-0.24381646368661336, 3.9035518217058467, 1.6217292514910264, 0.44627559050599175, 0.345744925955457, 0.18816776504829935, False
-5.695221339164547, 4.482317763091833, 2.694692137571665, 0.44627559050599175, 0.345744925955457, 0.18816776504829935, False
2.0197276241084676, -5.181799349334795, -3.103296082789525, 0.44627559050599175, 0.345744925955457, 0.18816776504829935, True
4.707275691680982, -1.9821001997579986, -2.326035469387407, 0.44627559050599175, 0.345744925955457, 0.18816776504829935, False
-2.0525342148760473, 5.246728403207424, -0.33687971088253965, 0.44627559050599175, 0.345744925955457, 0.18816776504829935, False
1.9536721344944432, 2.3278372102632563, -0.951318489501825, 0.44627559050599175, 0.345744925955457, 0.18816776504829935, False
-3.0945284703010185, -2.8329251471501853, 1.1404756058493657, 0.44627559050599175, 0.345744925955457, 0.18816776504829935, False
1.8850033749708377, -5.84497309524319, 0.4457031641081688, 0.44627559050599175, 0.345744925955457, 0.18816776504829935, False
2.4243791554278946, 5.776827061610362, -1.6099695858221361, 0.44627559050599175, 0.345744925955457, 0.18816776504829935, False
5.479516116227311, 0.08939487576336536, -2.6897960309780924, 0.44627559050599175, 0.345744925955457, 0.18816776504829935, False
3.3321275660911507, 5.283911385046672, 1.7835364504241102, 0.44627559050599175, 0.345744925955457, 0.18816776504829935, False
-4.008833773020465, 0.9516456721855917, 2.4274202751888803, 0.44627559050599175, 0.345744925955457, 0.18816776504829935, False
-4.190472445175671, 4.190880913983328, 2.156803187466755, 0.44627559050599175, 0.345744925955457, 0.18816776504829935, False
-5.528357092267838, 4.875978099093604, 1.2776491283982105, 0.44627559050599175, 0.345744925955457, 0.18816776504829935, False
-5.304400943327593, 1.9520562570525382, -1.8748088638774287, 0.44627559050599175, 0.345744925955457, 0.18816776504829935, False
-1.22010511697379, 5.088890662281241, 1.1015147157498832, 0.44627559050599175, 0.345744925955457, 0.18816776504829935, False
-0.17489428106974358, 3.073167725264293, -2.0177483970634023, 0.44627559050599175, 0.345744925955457, 0.18816776504829935, False
-0.8957431442618642, 3.227887103072364, -0.6007547034017051, 0.44627559050599175, 0.345744925955457, 0.18816776504829935, False
-3.000828963936656, -2.2193521994169103, 2.7881652785735236, 0.44627559050599175, 0.345744925955457, 0.18816776504829935, False
-2.928811143504633, 5.277211770257708, 2.2709125263113714, 0.44627559050599175, 0.345744925955457, 0.18816776504829935, False
6.187555737423311, -3.6158226300433056, 2.4958155011598135, 0.44627559050599175, 0.345744925955457, 0.18816776504829935, False
4.253475823900759, 1.1082879992900905, 2.6603542265336078, 0.44627559050599175, 0.345744925955457, 0.18816776504829935, False
4.4187311835063205, -3.2732364315511044, -1.1569223372276196, 0.44627559050599175, 0.345744925955457, 0.18816776504829935, False
4.9524168013524505, -3.9922661647141506, 0.36499567033787716, 0.44627559050599175, 0.345744925955457, 0.18816776504829935, False
-4.256408165692948, -6.263643031352227, -0.43014090455535703, 0.44627559050599175, 0.345744925955457, 0.18816776504829935, False
6.013200166527433, 3.92721100035296, 0.31655898115966075, 0.44627559050599175, 0.345744925955457, 0.18816776504829935, False
0.7975972167979686, -4.3340354565659505, 0.6161684251080248, 0.44627559050599175, 0.345744925955457, 0.18816776504829935, False
4.164259541244958, 3.4446708682898866, -1.580189401292629, 0.44627559050599175, 0.345744925955457, 0.18816776504829935, True
-4.114744916557326, -4.000909463151684, -1.6713561215676478, 0.44627559050599175, 0.345744925955457, 0.18816776504829935, False
-4.528381037859088, -4.798841658750991, 1.4755582150035877, 0.44627559050599175, 0.345744925955457, 0.18816776504829935, False
0.1933679700448252, 2.7120521178346717, 2.6832503670252947, 0.44627559050599175, 0.345744925955457, 0.18816776504829935, False
