5.473190760297708, 1.5533098898054218, 0.9295085389492588, -0.031146802304795274, -0.2848001848374486, -0.049265862846414876, False
4.264258498918654, 5.333081074387946, -2.155037966068046, -0.031146802304795274, -0.2848001848374486, -0.049265862846414876, False
2.435426936797519, -0.8531957674955626, -0.4739479530202173, -0.031146802304795274, -0.2848001848374486, -0.049265862846414876, False
-0.43905040116568994, 1.0167191219357061, 0.6070748576164906, -0.031146802304795274, -0.2848001848374486, -0.049265862846414876, False
5.820506684223744, 6.1539805041988025, 2.8813758830938108, -0.031146802304795274, -0.2848001848374486, -0.049265862846414876, True
3.768806453076854, -4.268012834073021, -0.9763896087309125, -0.031146802304795274, -0.2848001848374486, -0.049265862846414876, False
0.42345286887782585, -3.681836791277571, -1.1560523835027914, -0.031146802304795274, -0.2848001848374486, -0.049265862846414876, False
-2.274939461627474, 1.1479076593221142, -2.3646448466775056, -0.031146802304795274, -0.2848001848374486, -0.049265862846414876, True
0.35319242692048114, 2.2415852532053275, -2.029001920993079, -0.031146802304795274, -0.2848001848374486, -0.049265862846414876, False
1.1224023715075413, -5.830783002812898, 0.9871334057368317, -0.031146802304795274, -0.2848001848374486, -0.049265862846414876, False
-4.217866605339213, 2.668409846789279, -1.422893223027868, -0.031146802304795274, -0.2848001848374486, -0.049265862846414876, True
2.4708720142386635, 4.733344545847796, -0.9319601252683678, -0.031146802304795274, -0.2848001848374486, -0.049265862846414876, False
0.6076483984923238, 2.6714158927177323, 1.2558050894973487, -0.031146802304795274, -0.2848001848374486, -0.049265862846414876, False
4.690888973650257, 0.15512625277398762, -2.696794553084573, -0.031146802304795274, -0.2848001848374486, -0.049265862846414876, True
-2.883338458206804, 2.2614579708972364, 1.477319421145415, -0.031146802304795274, -0.2848001848374486, -0.049265862846414876, True
-2.7262012884853593, 6.130982996880295, -0.6735128348380046, -0.031146802304795274, -0.2848001848374486, -0.049265862846414876, False
3.486396470058219, 0.11365687520830914, -1.3613831153846623, -0.031146802304795274, -0.2848001848374486, -0.049265862846414876, True
-2.7349625033319254, -5.751158764431506, 0.22160639531011572, -0.031146802304795274, -0.2848001848374486, -0.049265862846414876, True
-5.348940421937534, -2.2523291126391856, 2.0314628147372904, -0.031146802304795274, -0.2848001848374486, -0.049265862846414876, False
-5.584797096608376, 3.25409273096256, -1.9282831372939062, -0.031146802304795274, -0.2848001848374486, -0.049265862846414876, False
4.5450167084105235, 4.175658815515527, -1.8221685546906201, -0.031146802304795274, -0.2848001848374486, -0.049265862846414876, False
3.266180825740358, -2.893489806611238, -0.16027879408584322, -0.031146802304795274, -0.2848001848374486, -0.049265862846414876, False
3.859579372991261, -0.6993417233179144, -2.1586158314510344, -0.031146802304795274, -0.2848001848374486, -0.049265862846414876, False
5.376364635467347, 5.857684350282614, -2.4592456163295497, -0.031146802304795274, -0.2848001848374486, -0.049265862846414876, False
-1.8813071037550904, 5.422369220449413, 1.983791829161584, -0.031146802304795274, -0.2848001848374486, -0.049265862846414876, False
3.155079437605597, 1.1381416201895957, -2.4227425448055735, -0.031146802304795274, -0.2848001848374486, -0.049265862846414876, True
-5.317024197737564, 5.31459169227945, -0.8972494165251286, -0.031146802304795274, -0.2848001848374486, -0.049265862846414876, False
2.642946187022714, 4.22238458097101, -0.1439651784526923, -0.031146802304795274, -0.2848001848374486, -0.049265862846414876, False
-1.5181708885783856, -2.5590203763954076, 0.8178724431305127, -0.031146802304795274, -0.2848001848374486, -0.049265862846414876, False
-5.77240782022653, 1.425373250383056, 2.6766788274040563, -0.031146802304795274, -0.2848001848374486, -0.049265862846414876, False
3.820817797165315, 4.934621090100267, -0.772300524971079, -0.031146802304795274, -0.2848001848374486, -0.049265862846414876, False
2.860468345902474, -0.11057962354600104, -1.6103110973484456, -0.031146802304795274, -0.2848001848374486, -0.049265862846414876, False
-2.5477597999392265, -2.2261607497223332, -1.703967462830415, -0.031146802304795274, -0.2848001848374486, -0.049265862846414876, False
-4.323018750169534, -4.144116935085377, 0.11086813106913107, -0.031146802304795274, -0.2848001848374486, -0.049265862846414876, True
-4.300854139742173, -2.241046154101803, -1.7947036365072986, -0.031146802304795274, -0.2848001848374486, -0.049265862846414876, False
-1.8482904225181924, 4.759253526297606, 2.7638139953488166, -0.031146802304795274, -0.2848001848374486, -0.049265862846414876, False
5.202710380303058, -0.7923174567848807, 0.9912352174324823, -0.031146802304795274, -0.2848001848374486, -0.049265862846414876, False
-1.9468489464664298, -3.255518209832785, -2.5998091317667082, -0.031146802304795274, -0.2848001848374486, -0.049265862846414876, False
-1.549726485163454, 5.909342674300575, -2.605403969283026, -0.031146802304795274, -0.2848001848374486, -0.049265862846414876, False
0.6366202887162631, 1.1248623221806655, 2.7061080230112973, -0.031146802304795274, -0.2848001848374486, -0.049265862846414876, False
-6.022425373922656, 5.263339328492508, -1.58727067544849, -0.031146802304795274, -0.2848001848374486, -0.049265862846414876, False
-0.8909609795794999, -1.2609243117524516, 1.531382387943876, -0.031146802304795274, -0.2848001848374486, -0.049265862846414876, False
3.900063771617212, -4.2493220234162, 1.8450841955954544, -0.031146802304795274, -0.2848001848374486, -0.049265862846414876, False
3.5975448397602996, -2.7160839246280064, 1.290867017991845, -0.031146802304795274, -0.2848001848374486, -0.049265862846414876, False
-0.2662123163686765, 5.432437161366458, -1.7016869970608923, -0.031146802304795274, -0.2848001848374486, -0.049265862846414876, False
-2.7649089233859008, -1.8187736352521409, -1.3409460238459823, -0.031146802304795274, -0.2848001848374486, -0.049265862846414876, False
-2.4454736092731095, -1.8436770132115186, 0.7842764643826308, -0.031146802304795274, -0.2848001848374486, -0.049265862846414876, False
4.669675977546968, 2.047251124979608, -2.3809430093555433, -0.031146802304795274, -0.2848001848374486, -0.049265862846414876, True
-1.984475094510839, -0.7159501470088818, 1.5563332433121069, -0.031146802304795274, -0.2848001848374486, -0.049265862846414876, False
5.3587194988048275, -3.161733145448876, -0.31770217627112496, -0.031146802304795274, -0.2848001848374486, -0.049265862846414876, False
5.051456304479677, 6.19597845171201, -0.8587192668421415, -0.031146802304795274, -0.2848001848374486, -0.049265862846414876, False
-2.711392453214038, 4.904134582994011, 1.8469684931086015, -0.031146802304795274, -0.2848001848374486, -0.049265862846414876, False
0.3386949907542949, 4.207034965730896, -1.8734379259818235, -0.031146802304795274, -0.2848001848374486, -0.049265862846414876, False
5.028406504107217, -0.7453604635622764, -1.054459708922491, -0.031146802304795274, -0.2848001848374486, -0.049265862846414876, False
-1.7274869239215453, 5.993579693427991, 0.732681261838394, -0.031146802304795274, -0.2848001848374486, -0.049265862846414876, False
4.155531803076915, -1.4945614539910652, 1.1491802171877739, -0.031146802304795274, -0.2848001848374486, -0.049265862846414876, False
-4.994770218294761, 6.191558996824989, 1.9554561281833305, -0.031146802304795274, -0.2848001848374486, -0.049265862846414876, False
3.8225034969782534, -4.726303183613633, 1.6268302600028788, -0.031146802304795274, -0.2848001848374486, -0.049265862846414876, False
1.686760441608655, -0.7498389001870498, -2.837366281916918, -0.031146802304795274, -0.2848001848374486, -0.049265862846414876, False
3.587248608757063, -2.6071296064113603, -1.1677198310391201, -0.031146802304795274, -0.2848001848374486, -0.049265862846414876, False
4.266450527099092, -2.660976415096241, -2.852257006479458, -0.031146802304795274, -0.2848001848374486, -0.049265862846414876, True
-2.6782404199430645, -5.166574587726538, -0.4550794522220394, -0.031146802304795274, -0.2848001848374486, -0.049265862846414876, True
2.616577436218364, 4.444171977192061, 0.6187275756428727, -0.031146802304795274, -0.2848001848374486, -0.049265862846414876, False
-6.13542034274178, 2.272258212233691, 1.0972824085754285, -0.031146802304795274, -0.2848001848374486, -0.049265862846414876, False
-5.658224897140292, -0.1686432003217302, 2.989999219611887, -0.031146802304795274, -0.2848001848374486, -0.049265862846414876, True
-3.7403143775227377, 4.103021391603438, -2.728873259911137, -0.031146802304795274, -0.2848001848374486, -0.049265862846414876, False
6.050487807082876, -1.1887252524948577, -3.0810384104458315, -0.031146802304795274, -0.2848001848374486, -0.049265862846414876, True
6.27986386326474, 2.0876506362935725, -2.6316988494434392, -0.031146802304795274, -0.2848001848374486, -0.049265862846414876, False
1.6395044622725194, -5.6482646786034305, -1.0576730574646236, -0.031146802304795274, -0.2848001848374486, -0.049265862846414876, False
0.17240992231881602, -1.113054756392886, -3.043912671574307, -0.031146802304795274, -0.2848001848374486, -0.049265862846414876, True
0.8132986233293584, 3.9153127479786054, -1.056599644886977, -0.031146802304795274, -0.2848001848374486, -0.049265862846414876, False
-2.31638431025136, 4.106201477866909, -1.9609101531169673, -0.031146802304795274, -0.2848001848374486, -0.049265862846414876, False
-0.7576370251703874, -5.0946948052025505, 0.5320969541793805, -0.031146802304795274, -0.2848001848374486, -0.049265862846414876, False
-5.864931144926997, 5.891575930406969, -0.22918500399715835, -0.031146802304795274, -0.2848001848374486, -0.049265862846414876, False
-0.8676488045609076, -2.431855837494919, -2.1053590263110333, -0.031146802304795274, -0.2848001848374486, -0.049265862846414876, False
-3.920357237833258, 0.7604113526730734, 1.7343325936335647, -0.031146802304795274, -0.2848001848374486, -0.049265862846414876, False
1.9396019099696442, 0.14730043409023708, 2.5179654723412437, -0.031146802304795274, -0.2848001848374486, -0.049265862846414876, False
-5.85029335744945, 2.8748001576946063, 0.2816598312864973, -0.031146802304795274, -0.2848001848374486, -0.049265862846414876, False
-1.1181305716699397, -5.414804316873676, 0.003426798366778172, -0.031146802304795274, -0.2848001848374486, -0.049265862846414876, False
-6.056848581919123, 5.000659040392829, -1.3740349916764707, -0.031146802304795274, -0.2848001848374486, -0.049265862846414876, False
3.1659607679011224, -0.7846658932714208, -3.123297726636088, -0.031146802304795274, -0.2848001848374486, -0.049265862846414876, True
0.29288155854169595, -4.804532269279904, 2.6935830659644386, -0.031146802304795274, -0.2848001848374486, -0.049265862846414876, False
-1.0256267427182104, -3.1137402426999627, 2.101097277860009, -0.031146802304795274, -0.2848001848374486, -0.049265862846414876, False
5.201898954862074, -6.239308790807088, 0.058713929937660225, -0.031146802304795274, -0.2848001848374486, -0.049265862846414876, False
-4.479053123254342, 0.758243970548869, -0.4869187767260392, -0.031146802304795274, -0.2848001848374486, -0.049265862846414876, False
3.251639229500684, -2.861796198565414, 2.2091165690968078, -0.031146802304795274, -0.2848001848374486, -0.049265862846414876, False
0.16685330022758293, 3.6680736165166685, 0.8285473999894575, -0.031146802304795274, -0.2848001848374486, -0.049265862846414876, False
0.47150548803419756, 1.2446592230421771, 0.7565307458804358, -0.031146802304795274, -0.2848001848374486, -0.049265862846414876, False
-3.4779342798626125, -6.173826915173283, 1.4833934050111157, -0.031146802304795274, -0.2848001848374486, -0.049265862846414876, False
3.596462587775015, 0.06334586800661679, -1.7019356249937811, -0.031146802304795274, -0.2848001848374486, -0.049265862846414876, True
-5.894673634604154, -3.876018142032364, -0.45423672772371804, -0.031146802304795274, -0.2848001848374486, -0.049265862846414876, False
-2.5131408036790845, 4.4221144456406805, 2.654827507711275, -0.031146802304795274, -0.2848001848374486, -0.049265862846414876, False
-1.8436746337300702, -3.9720091198783307, -1.9235856319938527, -0.031146802304795274, -0.2848001848374486, -0.049265862846414876, False
-2.395075447154052, -4.436622479370933, 2.4787716857767146, -0.031146802304795274, -0.2848001848374486, -0.049265862846414876, False
4.975820065473497, 3.5270683831773937, 1.74215605078287, -0.031146802304795274, -0.2848001848374486, -0.049265862846414876, False
-5.719988755963019, -6.115289446278681, -2.487112907241542, -0.031146802304795274, -0.2848001848374486, -0.049265862846414876, False
-1.320325021738869, 2.419700491509941, 2.5570567410448186, -0.031146802304795274, -0.2848001848374486, -0.049265862846414876, False
2.295102243614849, 1.1532468495866972, -1.207008966667449, -0.031146802304795274, -0.2848001848374486, -0.049265862846414876, False
-4.439148657264979, 4.640012222260264, 2.5525125288900847, -0.031146802304795274, -0.2848001848374486, -0.049265862846414876, False
5.354094264880473, -6.141647471864599, 1.2853365762730355, -0.031146802304795274, -0.2848001848374486, -0.049265862846414876, False
