5.505994378862077, 3.2550792905947556, 1.7519594524407358, -0.33377964160188867, -0.10406611704822777, 0.3800230679318506, False
-4.0082648664076945, 5.447725925817835, 2.6020832670991974, -0.33377964160188867, -0.10406611704822777, 0.3800230679318506, True
3.0451342538947497, 1.0115273903471662, 0.5734900400456957, -0.33377964160188867, -0.10406611704822777, 0.3800230679318506, False
-0.4067999497375938, 5.790416663209758, -2.1394145472601416, -0.33377964160188867, -0.10406611704822777, 0.3800230679318506, False
3.1166017686672056, -2.287311267893289, -2.0097983481597206, -0.33377964160188867, -0.10406611704822777, 0.3800230679318506, False
-2.7791421544320407, -5.844887617572594, -1.5252217748516042, -0.33377964160188867, -0.10406611704822777, 0.3800230679318506, False
-3.214110334654285, -6.150288083437891, -0.19735091514385905, -0.33377964160188867, -0.10406611704822777, 0.3800230679318506, False
-1.6157157678969245, -0.09558204105488866, -2.821325562021078, -0.33377964160188867, -0.10406611704822777, 0.3800230679318506, False
-3.7792851383766215, 2.2715163226184263, -1.2142092703559404, -0.33377964160188867, -0.10406611704822777, 0.3800230679318506, False
2.6758512812125836, 3.5663562700045865, -2.9066678784312088, -0.33377964160188867, -0.10406611704822777, 0.3800230679318506, True
4.584289455774362, 5.028416179646182, 1.755385948245995, -0.33377964160188867, -0.10406611704822777, 0.3800230679318506, False
1.1419701005631158, 6.008673529795429, 2.3738605354083253, -0.33377964160188867, -0.10406611704822777, 0.3800230679318506, False
6.242173124450073, -0.56270852967039, -0.9511203593419513, -0.33377964160188867, -0.10406611704822777, 0.3800230679318506, False
1.0918941941206022, 4.233312475987315, -1.0133485524069923, -0.33377964160188867, -0.10406611704822777, 0.3800230679318506, True
-5.517759782190974, 4.34891876785518, 1.074613653331559, -0.33377964160188867, -0.10406611704822777, 0.3800230679318506, True
-4.629264493784268, -0.591059627404829, 2.227939753203948, -0.33377964160188867, -0.10406611704822777, 0.3800230679318506, False
0.43722423422535517, 5.468637205837908, 1.42018586062101, -0.33377964160188867, -0.10406611704822777, 0.3800230679318506, False
3.104745405457093, -2.2213602479457695, 0.9663233377570206, -0.33377964160188867, -0.10406611704822777, 0.3800230679318506, False
3.3912863127901396, 3.492173592715762, -0.5400364894942795, -0.33377964160188867, -0.10406611704822777, 0.3800230679318506, False
-0.8090344732134209, -3.3531313640091556, -0.4372589968447933, -0.33377964160188867, -0.10406611704822777, 0.3800230679318506, False
-2.2378746112909527, 4.504973411952603, 0.06921003959019734, -0.33377964160188867, -0.10406611704822777, 0.3800230679318506, False
1.919594804312032, 1.2242149327542, 0.4703689249372873, -0.33377964160188867, -0.10406611704822777, 0.3800230679318506, False
-0.967659773570337, 0.22585103161668751, 2.660880951758185, -0.33377964160188867, -0.10406611704822777, 0.3800230679318506, False
5.045611404214027, -1.9288183785562536, 0.06168620022402305, -0.33377964160188867, -0.10406611704822777, 0.3800230679318506, False
-4.541804843843028, 4.713861996795869, -3.048335745846225, -0.33377964160188867, -0.10406611704822777, 0.3800230679318506, True
-6.205057267429911, 5.991971044467341, -0.40755600454800645, -0.33377964160188867, -0.10406611704822777, 0.3800230679318506, False
2.3673484513417424, 3.9860205198039544, 0.540828152954282, -0.33377964160188867, -0.10406611704822777, 0.3800230679318506, False
-4.458966117935599, -6.207577383887874, -0.39001916428247885, -0.33377964160188867, -0.10406611704822777, 0.3800230679318506, False
2.949411446826513, -1.9831093430603115, 2.927099885250576, -0.33377964160188867, -0.10406611704822777, 0.3800230679318506, True
5.518462420391641, 4.219797326653408, -0.3045347042786144, -0.33377964160188867, -0.10406611704822777, 0.3800230679318506, False
-5.756676297437188, 3.592646798689419, -1.9088819262194234, -0.33377964160188867, -0.10406611704822777, 0.3800230679318506, True
0.15476173775370938, -1.0106744131690037, 0.6886793449616895, -0.33377964160188867, -0.10406611704822777, 0.3800230679318506, False
2.7468681517120075, 2.280181402419357, -2.47179712495851, -0.33377964160188867, -0.10406611704822777, 0.3800230679318506, False
-0.6912421562645079, -1.8863846027328552, -0.39723433326597224, -0.33377964160188867, -0.10406611704822777, 0.3800230679318506, False
-3.2408390271739504, 1.4201123496621753, -2.5033151110274843, -0.33377964160188867, -0.10406611704822777, 0.3800230679318506, False
2.9235226466050115, -6.281104287888627, -0.4116822261354507, -0.33377964160188867, -0.10406611704822777, 0.3800230679318506, False
-1.054168241961178, -0.2155458485188344, 1.296801298458277, -0.33377964160188867, -0.10406611704822777, 0.3800230679318506, False
6.258287140853106, 1.3759448569356216, -0.011335111694915856, -0.33377964160188867, -0.10406611704822777, 0.3800230679318506, False
-2.5058399248292846, 1.9083478267313208, -0.7068024423857331, -0.33377964160188867, -0.10406611704822777, 0.3800230679318506, False
5.670970135683067, 5.480707703980196, 2.5749037148271334, -0.33377964160188867, -0.10406611704822777, 0.3800230679318506, False
-2.398294002136478, -0.8855769780833072, -0.7269040079881424, -0.33377964160188867, -0.10406611704822777, 0.3800230679318506, False
4.8593443851877005, 4.594718247087197, -0.7732333407785443, -0.33377964160188867, -0.10406611704822777, 0.3800230679318506, False
-1.8634115658822052, -3.0205956202787814, -2.7359244185787466, -0.33377964160188867, -0.10406611704822777, 0.3800230679318506, False
1.2136247541767071, 3.7427806478292815, 0.5190455276098236, -0.33377964160188867, -0.10406611704822777, 0.3800230679318506, True
-2.5432125597981154, 4.3940075949409625, 1.8490701599236932, -0.33377964160188867, -0.10406611704822777, 0.3800230679318506, False
3.5682851448808837, -3.9737471189120126, 1.8762927446046955, -0.33377964160188867, -0.10406611704822777, 0.3800230679318506, False
-5.691583692048335, -1.0438093901759302, -2.2808642598820423, -0.33377964160188867, -0.10406611704822777, 0.3800230679318506, False
3.994331125017995, -3.657148778001057, -2.6669408564751076, -0.33377964160188867, -0.10406611704822777, 0.3800230679318506, False
4.058675905108494, -5.139075246391307, -2.832663339021666, -0.33377964160188867, -0.10406611704822777, 0.3800230679318506, False
-0.5739460764998716, 1.4646339597549138, 2.8180608038283417, -0.33377964160188867, -0.10406611704822777, 0.3800230679318506, False
3.5568035679713628, -3.2873724809637075, -1.2511415236378467, -0.33377964160188867, -0.10406611704822777, 0.3800230679318506, False
-2.011706181907016, -1.496972973965482, -2.1740495792696657, -0.33377964160188867, -0.10406611704822777, 0.3800230679318506, False
0.5909126189684635, 2.475339775991351, -0.15453194892549194, -0.33377964160188867, -0.10406611704822777, 0.3800230679318506, False
-4.907640089208343, -1.3213074760195305, 2.9721880526126823, -0.33377964160188867, -0.10406611704822777, 0.3800230679318506, True
-0.3178935020662932, -5.573314338600979, 2.3367142906074205, -0.33377964160188867, -0.10406611704822777, 0.3800230679318506, False
0.44960108319704695, 4.140423024334424, -0.31996781199679925, -0.33377964160188867, -0.10406611704822777, 0.3800230679318506, True
-0.2739710670503053, -1.0994495850562123, -0.019563894293436412, -0.33377964160188867, -0.10406611704822777, 0.3800230679318506, False
5.338257103345356, 2.3056694892288547, 2.5171586183697334, -0.33377964160188867, -0.10406611704822777, 0.3800230679318506, False
-4.002504407879012, -6.2824215583059715, 2.710424802944254, -0.33377964160188867, -0.10406611704822777, 0.3800230679318506, False
2.6747389127691346, 3.6566926385153327, -1.5719379619307086, -0.33377964160188867, -0.10406611704822777, 0.3800230679318506, False
1.5440857689723666, -1.3771846091605218, 1.1211606849038205, -0.33377964160188867, -0.10406611704822777, 0.3800230679318506, False
1.239912235423592, 1.8423809340525086, 2.083026916441443, -0.33377964160188867, -0.10406611704822777, 0.3800230679318506, False
4.460113940554201, 3.506013250097407, 0.9202727724461903, -0.33377964160188867, -0.10406611704822777, 0.3800230679318506, False
3.6260399519185107, -4.086693444242405, -1.1565864441474063, -0.33377964160188867, -0.10406611704822777, 0.3800230679318506, False
5.620756295582467, 4.389024389720195, 1.9221385017265442, -0.33377964160188867, -0.10406611704822777, 0.3800230679318506, False
4.231829258425616, 4.2274726485469625, 2.178818640640956, -0.33377964160188867, -0.10406611704822777, 0.3800230679318506, False
1.3304108453547236, 1.7591792130494213, -1.8589039036380464, -0.33377964160188867, -0.10406611704822777, 0.3800230679318506, False
6.197829589237225, -5.688073629005916, 3.0382078012641838, -0.33377964160188867, -0.10406611704822777, 0.3800230679318506, True
-3.0813365777056627, 3.3058295346467297, -3.003779902623113, -0.33377964160188867, -0.10406611704822777, 0.3800230679318506, True
1.8759228246071125, 2.683213386463418, -1.6031545330887207, -0.33377964160188867, -0.10406611704822777, 0.3800230679318506, False
0.8610356494694225, 1.167370120281678, -2.3195503577599323, -0.33377964160188867, -0.10406611704822777, 0.3800230679318506, False
1.9426267104922914, -4.576107618119055, -1.299196151346777, -0.33377964160188867, -0.10406611704822777, 0.3800230679318506, False
0.19340645073849405, -5.908028280253139, -1.9410665134966323, -0.33377964160188867, -0.10406611704822777, 0.3800230679318506, False
4.980670778792128, -0.8321639448931979, -2.421896946473729, -0.33377964160188867, -0.10406611704822777, 0.3800230679318506, False
-1.0683950094455872, 4.865689847824651, 0.1490229327181103, -0.33377964160188867, -0.10406611704822777, 0.3800230679318506, False
6.1151519163729695, -2.3891961906940153, 3.0632870852358947, -0.33377964160188867, -0.10406611704822777, 0.3800230679318506, True
1.0255828817914283, 5.177588547429945, 0.8871417634335153, -0.33377964160188867, -0.10406611704822777, 0.3800230679318506, False
5.8441295891055915, 2.2892581497467166, -2.461079709692507, -0.33377964160188867, -0.10406611704822777, 0.3800230679318506, False
3.697908860445363, -3.9698581639089503, 3.0054787713721893, -0.33377964160188867, -0.10406611704822777, 0.3800230679318506, True
-0.2688042302458564, -3.0983051401480566, -1.8970284423596506, -0.33377964160188867, -0.10406611704822777, 0.3800230679318506, False
-0.37680561517135214, -0.07605554571418605, -0.006405480996321433, -0.33377964160188867, -0.10406611704822777, 0.3800230679318506, False
3.9156793227665965, -2.51239723618774, 3.096993022741964, -0.33377964160188867, -0.10406611704822777, 0.3800230679318506, True
0.17885648727906123, 4.745778973625143, 2.578875450375402, -0.33377964160188867, -0.10406611704822777, 0.3800230679318506, False
2.396745582850693, -0.13926010992588278, -1.5411059537988436, -0.33377964160188867, -0.10406611704822777, 0.3800230679318506, False
-0.1004068964124345, 2.1377795561740474, -0.5412955774205153, -0.33377964160188867, -0.10406611704822777, 0.3800230679318506, False
0.33985116398889836, -3.3187193116309293, -1.7029522108950992, -0.33377964160188867, -0.10406611704822777, 0.3800230679318506, False
-1.1514322501225278, -4.179819756398836, -0.6491130489535513, -0.33377964160188867, -0.10406611704822777, 0.3800230679318506, False
-5.888102865438648, -3.92866188598051, 1.2842170943412867, -0.33377964160188867, -0.10406611704822777, 0.3800230679318506, False
-1.3894138047160967, -2.9890774688001986, 2.2027276892055525, -0.33377964160188867, -0.10406611704822777, 0.3800230679318506, False
-1.2377203424017953, -5.459086418838842, 2.17579200820241, -0.33377964160188867, -0.10406611704822777, 0.3800230679318506, False
-4.370866774421673, 0.03792516156723558, -2.8011231619175585, -0.33377964160188867, -0.10406611704822777, 0.3800230679318506, False
-6.003719147707625, 3.5158999710064904, 1.5955070864349015, -0.33377964160188867, -0.10406611704822777, 0.3800230679318506, True
-4.656428262234838, -1.3383076214351428, 0.35065158516337247, -0.33377964160188867, -0.10406611704822777, 0.3800230679318506, False
5.211288364497941, -5.003171791807251, 0.3590688244441167, -0.33377964160188867, -0.10406611704822777, 0.3800230679318506, False
-4.158496945772879, 3.564331363383914, -1.531476423992566, -0.33377964160188867, -0.10406611704822777, 0.3800230679318506, False
2.97960978949866, -0.43131929427404003, 1.9347749027195418, -0.33377964160188867, -0.10406611704822777, 0.3800230679318506, True
-5.442757854094638, -0.1790052184290527, -2.4243715384152864, -0.33377964160188867, -0.10406611704822777, 0.3800230679318506, False
1.6029191666915894, 6.040756881151729, -2.086686205589597, -0.33377964160188867, -0.10406611704822777, 0.3800230679318506, False
-5.783960316560361, 3.583591293255452, 1.4016541912294853, -0.33377964160188867, -0.10406611704822777, 0.3800230679318506, True
-2.0660030733773116, -3.1602004482431774, -3.042526000779702, -0.33377964160188867, -0.10406611704822777, 0.3800230679318506, True
