-2.869684229714893, 6.199939176910068, 2.7271077265599306, -0.4339630029951793, 0.15950600946241222, -0.5797002287294066, False
-5.431605188872481, -0.72690335177741, -1.814225752323215, -0.4339630029951793, 0.15950600946241222, -0.5797002287294066, False
0.8383968736916776, -3.6667340606767738, 1.6971048801706363, -0.4339630029951793, 0.15950600946241222, -0.5797002287294066, False
2.512164316516829, -1.0226625939492067, 1.5669897909280177, -0.4339630029951793, 0.15950600946241222, -0.5797002287294066, False
4.607607642714102, -1.648233338292492, -0.7976929423583901, -0.4339630029951793, 0.15950600946241222, -0.5797002287294066, False
-3.348833553761268, -6.269915175656535, -1.997425466724344, -0.4339630029951793, 0.15950600946241222, -0.5797002287294066, False
-6.169218159700047, 5.695645160544801, -0.8692877731081712, -0.4339630029951793, 0.15950600946241222, -0.5797002287294066, False
5.131047430603445, -2.543547675379311, 1.7356312774077605, -0.4339630029951793, 0.15950600946241222, -0.5797002287294066, False
5.431668844300912, -1.6071539415992069, 1.1680561233990945, -0.4339630029951793, 0.15950600946241222, -0.5797002287294066, False
-3.9800630947173032, 3.9777150787447866, 1.1325914995309674, -0.4339630029951793, 0.15950600946241222, -0.5797002287294066, False
-1.8465675402064443, 4.291432944453888, -0.6393777546979567, -0.4339630029951793, 0.15950600946241222, -0.5797002287294066, False
-5.832317086523855, -2.934028844116156, -0.7807113976526652, -0.4339630029951793, 0.15950600946241222, -0.5797002287294066, False
-1.221157785647998, -2.1475687767796234, 1.3210058505353937, -0.4339630029951793, 0.15950600946241222, -0.5797002287294066, False
4.304017558615355, 6.142026231175404, -1.0907923523583603, -0.4339630029951793, 0.15950600946241222, -0.5797002287294066, False
-2.254589372689285, -2.902273417492914, -1.1450445357948964, -0.4339630029951793, 0.15950600946241222, -0.5797002287294066, False
-0.6296002886184056, -5.983241943366895, -1.0096905829845677, -0.4339630029951793, 0.15950600946241222, -0.5797002287294066, False
3.3285274778396996, 2.482781582854903, 2.247711068465012, -0.4339630029951793, 0.15950600946241222, -0.5797002287294066, False
-3.0735570372158776, 4.248662273141296, 1.747955735931261, -0.4339630029951793, 0.15950600946241222, -0.5797002287294066, False
-4.795186486369385, 0.9778248952260311, 0.5533754598894753, -0.4339630029951793, 0.15950600946241222, -0.5797002287294066, False
6.0409916018107275, 3.3209276630957145, 2.583316838930881, -0.4339630029951793, 0.15950600946241222, -0.5797002287294066, False
6.1259791945334, -2.5286117304474804, -1.937306087701739, -0.4339630029951793, 0.15950600946241222, -0.5797002287294066, False
5.0817270449570024, -0.285036565403634, -0.5220128195833498, -0.4339630029951793, 0.15950600946241222, -0.5797002287294066, False
0.048684048691900905, -0.8178114798639058, 2.304754686552008, -0.4339630029951793, 0.15950600946241222, -0.5797002287294066, False
3.1904866618415806, 0.45542173999895574, 0.3871083918986469, -0.4339630029951793, 0.15950600946241222, -0.5797002287294066, False
-1.655796125875522, -2.9654814554057753, 2.3976730666179256, -0.4339630029951793, 0.15950600946241222, -0.5797002287294066, False
-2.396121707606782, 6.135742364089383, -2.5863376179569286, -0.4339630029951793, 0.15950600946241222, -0.5797002287294066, False
-5.96304195153444, -0.9407994115194986, -2.2906980722912427, -0.4339630029951793, 0.15950600946241222, -0.5797002287294066, False
5.577176144090739, -2.105895438545023, -2.1790820580095143, -0.4339630029951793, 0.15950600946241222, -0.5797002287294066, False
-4.399834262641159, 2.746461239449417, -1.7334143407983247, -0.4339630029951793, 0.15950600946241222, -0.5797002287294066, False
4.01706572444351, -2.7167534575668104, -1.857464719346821, -0.4339630029951793, 0.15950600946241222, -0.5797002287294066, False
-1.6078792190651532, 4.588604456510286, 2.6274030121982666, -0.4339630029951793, 0.15950600946241222, -0.5797002287294066, False
1.0094950070425979, 1.0781560783478028, 0.5201350937380171, -0.4339630029951793, 0.15950600946241222, -0.5797002287294066, False
-0.8710552043102489, -2.845015271981432, 1.395907454930959, -0.4339630029951793, 0.15950600946241222, -0.5797002287294066, False
-6.255974021874748, -4.739748697605255, 1.3478640582970831, -0.4339630029951793, 0.15950600946241222, -0.5797002287294066, False
3.3574302458473184, -4.825737169020025, -0.4194847503731385, -0.4339630029951793, 0.15950600946241222, -0.5797002287294066, False
-0.9811826216017838, 3.1920845531598143, 2.6988156275676793, -0.4339630029951793, 0.15950600946241222, -0.5797002287294066, False
2.837449693319602, 5.6756043534197165, -1.2866709504991627, -0.4339630029951793, 0.15950600946241222, -0.5797002287294066, False
0.92028873903429, 1.1180591705830958, 3.0311011403925177, -0.4339630029951793, 0.15950600946241222, -0.5797002287294066, True
-2.5518482567852137, -2.3203711741112363, -1.9263000692358492, -0.4339630029951793, 0.15950600946241222, -0.5797002287294066, False
-4.166669402930224, -1.583058257800503, 2.3328369945259126, -0.4339630029951793, 0.15950600946241222, -0.5797002287294066, False
-1.1636013832936927, 1.203882172006292, -0.28255064377867534, -0.4339630029951793, 0.15950600946241222, -0.5797002287294066, False
6.026642971451672, 5.298214266907191, 1.086123381835324, -0.4339630029951793, 0.15950600946241222, -0.5797002287294066, False
6.197384923510445, -3.310764962310433, -1.5352909930534449, -0.4339630029951793, 0.15950600946241222, -0.5797002287294066, False
4.658848196068989, 4.714241758621306, -0.8527238584176366, -0.4339630029951793, 0.15950600946241222, -0.5797002287294066, False
-5.815323319986427, -1.036266130293419, -1.4514423380715726, -0.4339630029951793, 0.15950600946241222, -0.5797002287294066, False
1.4262725337257942, 1.7013085982105345, -0.3444592333313645, -0.4339630029951793, 0.15950600946241222, -0.5797002287294066, False
-3.1253486670310027, 2.757029314670026, 0.24540516195691264, -0.4339630029951793, 0.15950600946241222, -0.5797002287294066, False
4.568405462363295, 0.9560418820921468, 3.021468258811173, -0.4339630029951793, 0.15950600946241222, -0.5797002287294066, True
-1.9319371100099216, -1.416461709367173, 0.6293202432498171, -0.4339630029951793, 0.15950600946241222, -0.5797002287294066, False
3.29626855242595, 6.001192097953334, -0.8214184207305415, -0.4339630029951793, 0.15950600946241222, -0.5797002287294066, False
5.449155228460343, -1.2671360892421148, -0.4804865689541189, -0.4339630029951793, 0.15950600946241222, -0.5797002287294066, False
-0.5091289438136171, -3.2020099533207116, -0.9892437393526885, -0.4339630029951793, 0.15950600946241222, -0.5797002287294066, False
6.1397083098966405, 6.050939625033298, -2.9214514623431898, -0.4339630029951793, 0.15950600946241222, -0.5797002287294066, True
2.3926495029665844, -5.065953278704974, 0.4947286176809187, -0.4339630029951793, 0.15950600946241222, -0.5797002287294066, False
0.6593060542371951, -0.32772525261298036, 2.814308632256096, -0.4339630029951793, 0.15950600946241222, -0.5797002287294066, False
-5.858968091124588, 3.68816804200954, -2.1336345807986232, -0.4339630029951793, 0.15950600946241222, -0.5797002287294066, False
4.695204832329468, 3.301938390599073, 0.03034760879753895, -0.4339630029951793, 0.15950600946241222, -0.5797002287294066, False
1.2581470999326427, 2.5289295356346866, 1.4142618395652073, -0.4339630029951793, 0.15950600946241222, -0.5797002287294066, False
4.210115737522418, -0.8423931594281093, 2.5730065733146414, -0.4339630029951793, 0.15950600946241222, -0.5797002287294066, False
4.413794920879695, 1.7412534950631038, 2.3805888770363044, -0.4339630029951793, 0.15950600946241222, -0.5797002287294066, False
-2.7376997401015095, 1.0275426418038291, 2.8931671543452557, -0.4339630029951793, 0.15950600946241222, -0.5797002287294066, True
3.775065309396684, 2.4611245059838236, -2.7475190143932653, -0.4339630029951793, 0.15950600946241222, -0.5797002287294066, False
2.1543190028392782, -1.4434582884232334, 0.2848626160128238, -0.4339630029951793, 0.15950600946241222, -0.5797002287294066, False
-6.107695477627075, 0.7154370342212344, 2.577127976518671, -0.4339630029951793, 0.15950600946241222, -0.5797002287294066, False
-3.4112029844803735, 2.8497618574875165, 2.274955359711739, -0.4339630029951793, 0.15950600946241222, -0.5797002287294066, False
-5.140799101535856, -0.2402227720036505, -2.2776959731975572, -0.4339630029951793, 0.15950600946241222, -0.5797002287294066, False
2.809433231953868, 4.100753709770949, 2.3611882561842235, -0.4339630029951793, 0.15950600946241222, -0.5797002287294066, False
5.786284720253185, 2.321908054515914, -0.07132920665087683, -0.4339630029951793, 0.15950600946241222, -0.5797002287294066, True
-2.4909859964614895, -5.141079210880884, -1.0360845727493961, -0.4339630029951793, 0.15950600946241222, -0.5797002287294066, False
-2.842267463511394, -5.263260675209265, -0.8749864709675221, -0.4339630029951793, 0.15950600946241222, -0.5797002287294066, False
-0.6427609144934054, 3.5339201488852154, -2.5690445036787963, -0.4339630029951793, 0.15950600946241222, -0.5797002287294066, False
0.14762353399544015, 2.037467023829876, 2.759662226914501, -0.4339630029951793, 0.15950600946241222, -0.5797002287294066, False
-2.8728211159992987, 4.294707769600775, -0.754114053999273, -0.4339630029951793, 0.15950600946241222, -0.5797002287294066, False
4.6487073530883265, -0.7006337801611124, 1.035651252700661, -0.4339630029951793, 0.15950600946241222, -0.5797002287294066, False
-4.29896046808058, -5.813023249508745, 2.3876062762983423, -0.4339630029951793, 0.15950600946241222, -0.5797002287294066, False
3.895428484246702, 6.158896707093005, -3.009982279776427, -0.4339630029951793, 0.15950600946241222, -0.5797002287294066, True
-0.17001662600488743, -3.20608570461408, -0.002502311777047961, -0.4339630029951793, 0.15950600946241222, -0.5797002287294066, False
3.0706478789980025, -1.4062281896450068, 0.935907353520717, -0.4339630029951793, 0.15950600946241222, -0.5797002287294066, False
-1.422425372072457, -1.7897255011830158, 2.2540938049518537, -0.4339630029951793, 0.15950600946241222, -0.5797002287294066, False
2.185130176152839, -1.4643241125019744, 0.2010831154503876, -0.4339630029951793, 0.15950600946241222, -0.5797002287294066, False
-3.6101855495117197, -4.395819706164007, -1.7219759134550814, -0.4339630029951793, 0.15950600946241222, -0.5797002287294066, False
-2.7047784842250246, -0.8434818545145442, -2.1145138184867935, -0.4339630029951793, 0.15950600946241222, -0.5797002287294066, False
4.010673073232288, 2.582534152625513, 2.373788269253029, -0.4339630029951793, 0.15950600946241222, -0.5797002287294066, False
5.040537054131775, 5.538993300726226, 2.4895622870149587, -0.4339630029951793, 0.15950600946241222, -0.5797002287294066, False
-3.2471145879327756, -0.24073841737663226, 1.7125008071659256, -0.4339630029951793, 0.15950600946241222, -0.5797002287294066, False
1.421458636277542, 2.036190555603868, 2.0150186089413697, -0.4339630029951793, 0.15950600946241222, -0.5797002287294066, False
-3.3275911454014886, 4.800473505503167, -2.8396682693263897, -0.4339630029951793, 0.15950600946241222, -0.5797002287294066, False
-0.5092372719810907, 5.8173759132334375, -0.0598021171065799, -0.4339630029951793, 0.15950600946241222, -0.5797002287294066, False
1.1359287022413804, -6.261402603215493, 1.2888145885487283, -0.4339630029951793, 0.15950600946241222, -0.5797002287294066, False
3.286899068398087, -5.316806175142675, -0.7958698320871864, -0.4339630029951793, 0.15950600946241222, -0.5797002287294066, False
5.105570001868106, -3.795537279819818, 0.6633093937655596, -0.4339630029951793, 0.15950600946241222, -0.5797002287294066, False
1.693247571378146, -1.2031516518100238, -1.2649741180555027, -0.4339630029951793, 0.15950600946241222, -0.5797002287294066, False
-4.6285789286969425, 5.147412918454275, -0.7518297272439929, -0.4339630029951793, 0.15950600946241222, -0.5797002287294066, False
1.9783709395831472, -2.8930389414866924, 1.5081604095985615, -0.4339630029951793, 0.15950600946241222, -0.5797002287294066, False
-4.22571497522604, -4.876929484771465, -2.6468699647214255, -0.4339630029951793, 0.15950600946241222, -0.5797002287294066, False
-4.59856551657246, 0.9061395824651335, 1.0474933009502632, -0.4339630029951793, 0.15950600946241222, -0.5797002287294066, False
2.8734830059769205, 1.7198142388851991, 0.2322220742708372, -0.4339630029951793, 0.15950600946241222, -0.5797002287294066, False
3.0563110426482005, -3.6516332331625136, -1.9871983413924121, -0.4339630029951793, 0.15950600946241222, -0.5797002287294066, False
4.4907141874405205, 6.2179916714123316, -2.6943603707261734, -0.4339630029951793, 0.15950600946241222, -0.5797002287294066, False
-2.564151108274114, -3.7336853518083677, 2.1925789142183563, -0.4339630029951793, 0.15950600946241222, -0.5797002287294066, False
