-6.0234212359451185, 0.5913619968111048, 1.4023646797307938, -0.08810143617149535, 0.39568769024613437, 0.2552278212683668, True
4.276367654623273, 3.920925973329229, 2.94897971669468, -0.08810143617149535, 0.39568769024613437, 0.2552278212683668, True
5.976884323521249, -3.0570198851543338, 2.13453791365723, -0.08810143617149535, 0.39568769024613437, 0.2552278212683668, False
1.974346938774115, 1.9922485536208487, -2.5712431533569307, -0.08810143617149535, 0.39568769024613437, 0.2552278212683668, True
3.427263305720306, -3.8832568431314685, 0.791011963905671, -0.08810143617149535, 0.39568769024613437, 0.2552278212683668, True
4.957869835975085, 3.7849241806930305, -2.2745585959159067, -0.08810143617149535, 0.39568769024613437, 0.2552278212683668, True
-4.528009321596617, 2.434040920369041, -2.921023727175842, -0.08810143617149535, 0.39568769024613437, 0.2552278212683668, True
-1.8257913370915961, 5.935062662661915, 0.8871896108777699, -0.08810143617149535, 0.39568769024613437, 0.2552278212683668, False
5.077425988058478, 1.321822951612722, -2.2568446187440525, -0.08810143617149535, 0.39568769024613437, 0.2552278212683668, True
1.775141847695636, -4.695708282968562, 1.0464042260025206, -0.08810143617149535, 0.39568769024613437, 0.2552278212683668, True
-1.6870496141978721, 2.788513927344612, -0.1204860724685588, -0.08810143617149535, 0.39568769024613437, 0.2552278212683668, True
1.950082676400724, 2.6140336246930236, 0.4918589165690581, -0.08810143617149535, 0.39568769024613437, 0.2552278212683668, True
0.9835658001241212, 2.9164195607335124, 1.4593674298351198, -0.08810143617149535, 0.39568769024613437, 0.2552278212683668, True
-0.22589459798280132, 0.13026395930708912, 1.6626648242788544, -0.08810143617149535, 0.39568769024613437, 0.2552278212683668, True
-3.49064713126309, 5.248495518362935, 2.58526535889212, -0.08810143617149535, 0.39568769024613437, 0.2552278212683668, False
4.487487112494573, -0.0502735555414171, -2.612630169931531, -0.08810143617149535, 0.39568769024613437, 0.2552278212683668, False
0.40469406126266527, 2.9791402047015616, -3.0255100736621783, -0.08810143617149535, 0.39568769024613437, 0.2552278212683668, True
6.245155649572455, 0.3893586667918232, -0.14209575439098332, -0.08810143617149535, 0.39568769024613437, 0.2552278212683668, True
-4.554102969317753, -5.469176541102366, -0.6700651425059054, -0.08810143617149535, 0.39568769024613437, 0.2552278212683668, True
-0.6765716397309447, 4.20164814873079, 1.8211891579788588, -0.08810143617149535, 0.39568769024613437, 0.2552278212683668, False
6.155843264473477, 4.211487727287539, 0.8653513454626234, -0.08810143617149535, 0.39568769024613437, 0.2552278212683668, False
2.689644348255589, 4.400335659103741, 2.825085612427462, -0.08810143617149535, 0.39568769024613437, 0.2552278212683668, False
4.450991731884544, 4.770472219809008, -2.5490966936013475, -0.08810143617149535, 0.39568769024613437, 0.2552278212683668, False
-2.5921520239769382, 6.06155054060253, -1.030694591263634, -0.08810143617149535, 0.39568769024613437, 0.2552278212683668, False
5.636460836986942, -5.022503033825208, 1.8353428022335567, -0.08810143617149535, 0.39568769024613437, 0.2552278212683668, True
-4.251700184157357, 4.953574217972417, 1.3387422976097154, -0.08810143617149535, 0.39568769024613437, 0.2552278212683668, False
5.721438860321973, 0.05427977748454893, -1.5889948209249598, -0.08810143617149535, 0.39568769024613437, 0.2552278212683668, False
-1.8721803647693864, 5.155323331947178, -1.270060923435684, -0.08810143617149535, 0.39568769024613437, 0.2552278212683668, False
2.4216144728949125, 2.431695345553212, 1.7910281411274065, -0.08810143617149535, 0.39568769024613437, 0.2552278212683668, True
-2.411493919828847, -6.244007633343434, -2.793640747050011, -0.08810143617149535, 0.39568769024613437, 0.2552278212683668, False
-4.853554945275173, 5.5927235851106865, -0.14025551080986354, -0.08810143617149535, 0.39568769024613437, 0.2552278212683668, True
-0.3924158769012873, 4.81297355377963, 2.572317096666624, -0.08810143617149535, 0.39568769024613437, 0.2552278212683668, False
1.5713093425821132, 5.8132016606975725, 2.069844283251789, -0.08810143617149535, 0.39568769024613437, 0.2552278212683668, True
-0.8455854932241387, 2.8462116204586536, 2.9780424914594246, -0.08810143617149535, 0.39568769024613437, 0.2552278212683668, True
0.8210731365155386, -2.3798568933250817, 2.8969671510328325, -0.08810143617149535, 0.39568769024613437, 0.2552278212683668, True
-4.151302238844968, 4.859127027549189, -2.96418979496327, -0.08810143617149535, 0.39568769024613437, 0.2552278212683668, True
0.9288250791753381, -4.2741519729485455, -0.817656866104755, -0.08810143617149535, 0.39568769024613437, 0.2552278212683668, True
-2.3217308787752415, -3.391899348441024, 0.9832064541709462, -0.08810143617149535, 0.39568769024613437, 0.2552278212683668, True
-5.839487299735918, 1.4964866237242633, -1.0282108351730455, -0.08810143617149535, 0.39568769024613437, 0.2552278212683668, True
-1.380466244348252, -4.778348958125216, -3.1171552333477908, -0.08810143617149535, 0.39568769024613437, 0.2552278212683668, True
-6.051888672025103, -3.5387034921585316, 2.258815700689741, -0.08810143617149535, 0.39568769024613437, 0.2552278212683668, True
3.454752156017653, 0.322694508367972, 0.8305279713337423, -0.08810143617149535, 0.39568769024613437, 0.2552278212683668, True
-0.9289791175046433, -1.9980139334023628, -0.6248474781790656, -0.08810143617149535, 0.39568769024613437, 0.2552278212683668, False
-5.5854823045308635, -6.076941178284563, 2.8667332419175438, -0.08810143617149535, 0.39568769024613437, 0.2552278212683668, True
-0.8433308247640818, 3.2258866885531745, 2.1087184432016954, -0.08810143617149535, 0.39568769024613437, 0.2552278212683668, True
0.5726599963166299, -3.6820621126354105, 2.436017467364665, -0.08810143617149535, 0.39568769024613437, 0.2552278212683668, True
0.036248880539762496, 0.3793345157957262, -1.055310013595777, -0.08810143617149535, 0.39568769024613437, 0.2552278212683668, True
4.099920971624991, 3.73651878517823, 1.540448152065638, -0.08810143617149535, 0.39568769024613437, 0.2552278212683668, False
5.680108884489114, 2.5611894756909592, 0.3548298620649222, -0.08810143617149535, 0.39568769024613437, 0.2552278212683668, True
-2.8148116577138347, -5.229362458528488, -1.8663098520602788, -0.08810143617149535, 0.39568769024613437, 0.2552278212683668, True
0.38807207723409753, -3.698628248932862, -0.3863827849798116, -0.08810143617149535, 0.39568769024613437, 0.2552278212683668, True
4.117242814157279, 5.634017591633853, -2.7881382737645586, -0.08810143617149535, 0.39568769024613437, 0.2552278212683668, False
-4.532739354472541, 0.18074421983162026, -3.062249686598434, -0.08810143617149535, 0.39568769024613437, 0.2552278212683668, True
5.546352832764889, -4.129455868770666, 2.8641260996714957, -0.08810143617149535, 0.39568769024613437, 0.2552278212683668, True
5.284580497348996, 4.385082879047747, 1.5088867292832395, -0.08810143617149535, 0.39568769024613437, 0.2552278212683668, False
2.8293177176895696, -1.9533776230155615, -3.0781452875036805, -0.08810143617149535, 0.39568769024613437, 0.2552278212683668, True
-0.4105626705313874, 0.24169737893830767, -1.7497627257068278, -0.08810143617149535, 0.39568769024613437, 0.2552278212683668, True
-5.515035745688411, -4.853440121477048, -1.4366678400191462, -0.08810143617149535, 0.39568769024613437, 0.2552278212683668, True
4.789992277526176, 3.1043237205319105, 2.385440762055879, -0.08810143617149535, 0.39568769024613437, 0.2552278212683668, True
2.3534935120810605, 4.00017382512555, -1.70820020013201, -0.08810143617149535, 0.39568769024613437, 0.2552278212683668, False
-4.144154515684699, -2.838362551546226, -0.8060126752371182, -0.08810143617149535, 0.39568769024613437, 0.2552278212683668, False
1.8974733434994704, -3.990567620264448, -0.7805652624047217, -0.08810143617149535, 0.39568769024613437, 0.2552278212683668, True
5.646321684819862, 2.9335630574519023, -1.6598583991266371, -0.08810143617149535, 0.39568769024613437, 0.2552278212683668, True
3.613368254616617, 1.2616060251203196, 1.878885297536228, -0.08810143617149535, 0.39568769024613437, 0.2552278212683668, True
-1.6328950182082727, -2.18224393787456, -0.9766151493188802, -0.08810143617149535, 0.39568769024613437, 0.2552278212683668, False
1.6207694171575362, -0.3525645425035808, -1.3241144272795167, -0.08810143617149535, 0.39568769024613437, 0.2552278212683668, True
-5.1479540377854125, 5.8792617045770115, -2.451363418759939, -0.08810143617149535, 0.39568769024613437, 0.2552278212683668, True
-4.131204026498814, -0.8583263659227347, 1.8448920797639454, -0.08810143617149535, 0.39568769024613437, 0.2552278212683668, True
2.7395932629666735, 4.934093193979809, -2.3966151351340477, -0.08810143617149535, 0.39568769024613437, 0.2552278212683668, False
-0.67764114710676, -3.8473911808964307, 0.8866816048489561, -0.08810143617149535, 0.39568769024613437, 0.2552278212683668, True
4.20966077778921, -4.5170812602794115, 1.2452752247075347, -0.08810143617149535, 0.39568769024613437, 0.2552278212683668, True
-3.6215137849261807, 0.7080381495121921, 2.8057814444898392, -0.08810143617149535, 0.39568769024613437, 0.2552278212683668, True
-6.111561600607399, 3.947471160182051, 2.941797825177857, -0.08810143617149535, 0.39568769024613437, 0.2552278212683668, True
-6.031521636835237, 0.730907135036988, -3.141481771349702, -0.08810143617149535, 0.39568769024613437, 0.2552278212683668, True
-5.573463066291793, -4.365589370380964, 1.629803290943232, -0.08810143617149535, 0.39568769024613437, 0.2552278212683668, True
0.729113825751428, -3.7807756819868037, -2.0527797944482264, -0.08810143617149535, 0.39568769024613437, 0.2552278212683668, True
1.6283936982659473, 6.074402613704645, 0.38285146566635886, -0.08810143617149535, 0.39568769024613437, 0.2552278212683668, True
5.190685914565776, -3.9949901068285567, 3.097054650747193, -0.08810143617149535, 0.39568769024613437, 0.2552278212683668, True
-0.6944717714815418, -5.98520487227598, -1.1940134222523289, -0.08810143617149535, 0.39568769024613437, 0.2552278212683668, True
5.533509059949177, 1.0342169613923229, -1.3610450255905546, -0.08810143617149535, 0.39568769024613437, 0.2552278212683668, True
-5.099363114153238, -3.5857824688392053, 0.3855333770281235, -0.08810143617149535, 0.39568769024613437, 0.2552278212683668, True
-0.9480862004713906, -6.267881800137338, -0.8665757240913394, -0.08810143617149535, 0.39568769024613437, 0.2552278212683668, False
4.51831428566318, -5.384350379339535, 2.6705560062741, -0.08810143617149535, 0.39568769024613437, 0.2552278212683668, True
2.5390204760329063, 5.289522158565951, 2.909244921360436, -0.08810143617149535, 0.39568769024613437, 0.2552278212683668, True
-5.3519964622559915, -2.3666390900071286, 0.6736999794399607, -0.08810143617149535, 0.39568769024613437, 0.2552278212683668, False
-1.495192885491444, -5.198420986015661, -0.7473285684732698, -0.08810143617149535, 0.39568769024613437, 0.2552278212683668, True
-1.1152031384670806, 4.295166366755655, 2.1884289177174603, -0.08810143617149535, 0.39568769024613437, 0.2552278212683668, False
1.2658310258757934, 3.1315500381125343, 1.922958047067481, -0.08810143617149535, 0.39568769024613437, 0.2552278212683668, False
2.8391568544541634, 2.506060075261546, 2.966372068737728, -0.08810143617149535, 0.39568769024613437, 0.2552278212683668, True
4.775987783189796, -4.611340186886154, 2.7107587147165217, -0.08810143617149535, 0.39568769024613437, 0.2552278212683668, True
3.121168777057756, -5.785103168899735, 0.5852064390844967, -0.08810143617149535, 0.39568769024613437, 0.2552278212683668, True
1.1568130404022172, 1.3245155936261952, 0.1284452885292593, -0.08810143617149535, 0.39568769024613437, 0.2552278212683668, True
1.0991788626549672, 2.0469064252436713, 2.3266508009945355, -0.08810143617149535, 0.39568769024613437, 0.2552278212683668, True
5.975407957060741, -4.804673936565917, 0.4095909873317609, -0.08810143617149535, 0.39568769024613437, 0.2552278212683668, True
2.7596197757567698, 5.278134749881028, -2.554897079548483, -0.08810143617149535, 0.39568769024613437, 0.2552278212683668, False
0.9155594414701484, 0.2196726359155603, 2.079337034939228, -0.08810143617149535, 0.39568769024613437, 0.2552278212683668, True
4.671834420565469, -2.985054159437038, -0.9339849660725963, -0.08810143617149535, 0.39568769024613437, 0.2552278212683668, True
-4.543581448781724, 5.746381555554599, 0.3779371249946015, -0.08810143617149535, 0.39568769024613437, 0.2552278212683668, True
4.004750701836558, 0.3005769783269594, 0.7377914320033927, -0.08810143617149535, 0.39568769024613437, 0.2552278212683668, True
2.3298236171695823, -3.028360346350877, -2.345054004492998, -0.08810143617149535, 0.39568769024613437, 0.2552278212683668, True
-1.4362602172613865, -4.702092412539548, -1.2717305220184978, -0.08810143617149535, 0.39568769024613437, 0.2552278212683668, True
0.25426849336979096, 1.1996028174933882, -0.8954968127044367, -0.08810143617149535, 0.39568769024613437, 0.2552278212683668, True
4.744151773077199, 5.651615693069818, -2.681966714058228, -0.08810143617149535, 0.39568769024613437, 0.2552278212683668, False
-0.4477124248414617, 0.48089650578808296, 0.40755204706477466, -0.08810143617149535, 0.39568769024613437, 0.2552278212683668, True
-3.244449107245349, 2.945323467619861, 0.9975296917524172, -0.08810143617149535, 0.39568769024613437, 0.2552278212683668, True
-2.554318248340396, -4.966185250193831, 1.3541391202637056, -0.08810143617149535, 0.39568769024613437, 0.2552278212683668, True
-3.0152022379936665, 1.7493915722432476, 0.30171425678709163, -0.08810143617149535, 0.39568769024613437, 0.2552278212683668, True
-1.848527209291757, 3.0258664669703528, 0.9949364553310884, -0.08810143617149535, 0.39568769024613437, 0.2552278212683668, True
0.1474439569145387, 4.331701454151656, 1.318646152707041, -0.08810143617149535, 0.39568769024613437, 0.2552278212683668, False
-2.1045761847507434, 5.438332350036786, 1.3345371280885354, -0.08810143617149535, 0.39568769024613437, 0.2552278212683668, False
5.84978628228431, -0.6076544455992083, 3.0085685187685716, -0.08810143617149535, 0.39568769024613437, 0.2552278212683668, True
-5.377854415672206, -0.4885536320672159, 2.5805368863737437, -0.08810143617149535, 0.39568769024613437, 0.2552278212683668, True
2.623857561456923, -1.338896886129068, 0.7275473413303093, -0.08810143617149535, 0.39568769024613437, 0.2552278212683668, False
-6.059819478571762, 5.543258423950213, 2.539147557683086, -0.08810143617149535, 0.39568769024613437, 0.2552278212683668, True
-4.121612183511722, 3.9647420513004477, 1.242983937994639, -0.08810143617149535, 0.39568769024613437, 0.2552278212683668, False
-0.66164495673919, 5.224785494587968, -2.840927906460751, -0.08810143617149535, 0.39568769024613437, 0.2552278212683668, False
0.16163533095483373, 5.340660575966631, -1.4808790016504907, -0.08810143617149535, 0.39568769024613437, 0.2552278212683668, False
1.97257293459948, -2.7157146770302303, -3.062343491500222, -0.08810143617149535, 0.39568769024613437, 0.2552278212683668, True
-0.35674995265914067, 3.8245135880185916, -0.5727675156689251, -0.08810143617149535, 0.39568769024613437, 0.2552278212683668, False
-2.213835240077687, 2.7043393582250683, -2.1784718819126216, -0.08810143617149535, 0.39568769024613437, 0.2552278212683668, True
4.106547090772128, 3.042099503115516, 2.5234963958385332, -0.08810143617149535, 0.39568769024613437, 0.2552278212683668, False
-0.12925744766460934, 2.299763012503451, -2.809653485369422, -0.08810143617149535, 0.39568769024613437, 0.2552278212683668, True
-0.8879470838766581, 2.306321047058118, 0.018283214343006726, -0.08810143617149535, 0.39568769024613437, 0.2552278212683668, True
3.43298547704833, 0.5228464966846644, 0.9090271746654013, -0.08810143617149535, 0.39568769024613437, 0.2552278212683668, True
3.9259953380768344, 3.3257915446311728, 2.7518156718488305, -0.08810143617149535, 0.39568769024613437, 0.2552278212683668, False
-3.649100628546485, -2.0400793727380426, 0.958426960087511, -0.08810143617149535, 0.39568769024613437, 0.2552278212683668, False
-4.173337146716263, 1.7306885729400925, 1.831727931708354, -0.08810143617149535, 0.39568769024613437, 0.2552278212683668, True
-0.4122217515416269, -5.144005761052729, 0.5422781851783802, -0.08810143617149535, 0.39568769024613437, 0.2552278212683668, True
-3.572467761274988, 3.164444261343993, 0.9500885494997311, -0.08810143617149535, 0.39568769024613437, 0.2552278212683668, False
-2.3789029382311644, 1.611857342305381, -0.9093700434332264, -0.08810143617149535, 0.39568769024613437, 0.2552278212683668, True
-4.180042487679716, 2.798553131781903, -3.1361564634479993, -0.08810143617149535, 0.39568769024613437, 0.2552278212683668, True
-4.423080886278897, 1.7051867708723076, 0.2744048260911205, -0.08810143617149535, 0.39568769024613437, 0.2552278212683668, True
-4.378017504531101, 4.7638105915459015, 2.698215800580206, -0.08810143617149535, 0.39568769024613437, 0.2552278212683668, False
5.883289163265987, 4.731400742849289, 0.3552367792807387, -0.08810143617149535, 0.39568769024613437, 0.2552278212683668, False
-5.522798268614775, -1.4590248203739007, 0.5203647711248562, -0.08810143617149535, 0.39568769024613437, 0.2552278212683668, False
-5.458828867194489, 3.6433898563321687, -2.261480932309095, -0.08810143617149535, 0.39568769024613437, 0.2552278212683668, True
-4.929890161599577, -2.882607475351379, -2.633139843762846, -0.08810143617149535, 0.39568769024613437, 0.2552278212683668, True
0.32731380929891074, 1.4214029188709638, -1.3763040016394388, -0.08810143617149535, 0.39568769024613437, 0.2552278212683668, True
-2.1527382727865394, -1.0274379622982366, -1.1323408263061396, -0.08810143617149535, 0.39568769024613437, 0.2552278212683668, False
1.1642998188987557, 0.16662401873130506, 3.0690207303659074, -0.08810143617149535, 0.39568769024613437, 0.2552278212683668, True
2.1992827106127955, -5.100435254493563, -2.1939242034095643, -0.08810143617149535, 0.39568769024613437, 0.2552278212683668, True
-2.6464904660056, -5.068177411363967, 3.0796473579928696, -0.08810143617149535, 0.39568769024613437, 0.2552278212683668, True
5.547052983045848, 4.176410718930512, -2.946347036735675, -0.08810143617149535, 0.39568769024613437, 0.2552278212683668, True
4.758164652795626, 2.399025031362431, 2.9541933464670596, -0.08810143617149535, 0.39568769024613437, 0.2552278212683668, True
3.6722505230986435, -0.8437638006791479, 1.562801927856019, -0.08810143617149535, 0.39568769024613437, 0.2552278212683668, False
-0.5834928188192041, 1.3016147374308842, 1.5586139991361607, -0.08810143617149535, 0.39568769024613437, 0.2552278212683668, True
0.5356710085864451, -3.6733479176195254, -1.595708227110303, -0.08810143617149535, 0.39568769024613437, 0.2552278212683668, True
-0.490034867996723, 3.768933223246238, -2.7346347475657984, -0.08810143617149535, 0.39568769024613437, 0.2552278212683668, True
3.437918913608897, 1.9813218451235954, -2.05495888212391, -0.08810143617149535, 0.39568769024613437, 0.2552278212683668, True
-0.5526056833912669, 0.5889352821538161, -2.8042121890977145, -0.08810143617149535, 0.39568769024613437, 0.2552278212683668, True
4.722373234443662, -5.030398052787633, 0.754745229035866, -0.08810143617149535, 0.39568769024613437, 0.2552278212683668, True
3.0383352905317764, 0.1632448911133988, 2.943855840184395, -0.08810143617149535, 0.39568769024613437, 0.2552278212683668, True
-0.08380006009493446, 0.6574838297675623, -3.1218863216014516, -0.08810143617149535, 0.39568769024613437, 0.2552278212683668, True
1.3295432821854343, -1.342952802986325, -2.7143373695968456, -0.08810143617149535, 0.39568769024613437, 0.2552278212683668, False
-2.5501203199553, 2.0005915224237167, 0.2832471130598968, -0.08810143617149535, 0.39568769024613437, 0.2552278212683668, True
-2.67070085022556, -0.16123153965540116, -1.6957764222826053, -0.08810143617149535, 0.39568769024613437, 0.2552278212683668, False
-4.7757924054671355, -3.4109016594189847, 2.5224896050380616, -0.08810143617149535, 0.39568769024613437, 0.2552278212683668, True
6.279366106850382, 2.978546552648462, -0.44229875813984254, -0.08810143617149535, 0.39568769024613437, 0.2552278212683668, True
2.4320817452271193, -5.029041701675066, 1.3937843480203167, -0.08810143617149535, 0.39568769024613437, 0.2552278212683668, True
3.7765089008930417, -4.700388485831454, -0.3786054970478867, -0.08810143617149535, 0.39568769024613437, 0.2552278212683668, True
0.9093989254529449, -2.699518583591549, 1.185494323348192, -0.08810143617149535, 0.39568769024613437, 0.2552278212683668, False
-3.4258847538096777, -2.495660121200487, 0.5935241050706535, -0.08810143617149535, 0.39568769024613437, 0.2552278212683668, False
-0.2976630496724342, 2.3839311043409754, 1.1121732593696505, -0.08810143617149535, 0.39568769024613437, 0.2552278212683668, True
-4.930383281746815, -0.7358538778193138, 0.6157674550122931, -0.08810143617149535, 0.39568769024613437, 0.2552278212683668, True
1.0114774029176763, 3.952427422889455, 1.553894952232974, -0.08810143617149535, 0.39568769024613437, 0.2552278212683668, False
-5.467008566523836, -3.2724444186982713, -1.6050142953322961, -0.08810143617149535, 0.39568769024613437, 0.2552278212683668, True
5.549004663708224, -4.309309982733372, 2.398952521670484, -0.08810143617149535, 0.39568769024613437, 0.2552278212683668, True
0.418457240815985, 5.626836770913007, 1.1623579373865125, -0.08810143617149535, 0.39568769024613437, 0.2552278212683668, False
3.5486712203758355, 1.9245666941829214, -2.0613565996367917, -0.08810143617149535, 0.39568769024613437, 0.2552278212683668, True
-2.9814781438674856, -5.602806818055133, -3.054287819025448, -0.08810143617149535, 0.39568769024613437, 0.2552278212683668, True
-5.704949832422824, 4.58686431979965, -0.7679912356429708, -0.08810143617149535, 0.39568769024613437, 0.2552278212683668, False
5.054717346848975, 0.5395934117812251, 2.970470256341427, -0.08810143617149535, 0.39568769024613437, 0.2552278212683668, True
3.6345722305073647, 2.6360335766725314, 2.011028331383132, -0.08810143617149535, 0.39568769024613437, 0.2552278212683668, True
-3.4563233961078965, -0.7314205513582044, 1.56712867934014, -0.08810143617149535, 0.39568769024613437, 0.2552278212683668, False
-0.739095211706088, -6.24614827305799, -0.8620621529754695, -0.08810143617149535, 0.39568769024613437, 0.2552278212683668, False
-5.833951859943942, 0.039714181270742444, 0.6281422643642247, -0.08810143617149535, 0.39568769024613437, 0.2552278212683668, True
1.9779162072483985, -2.7142753130331916, -2.880674037552118, -0.08810143617149535, 0.39568769024613437, 0.2552278212683668, True
4.2277789502146454, 5.614170043022304, -2.9032591825082807, -0.08810143617149535, 0.39568769024613437, 0.2552278212683668, True
0.36200848931904606, -5.473451167893417, 0.18550556916651084, -0.08810143617149535, 0.39568769024613437, 0.2552278212683668, True
1.1038284777726304, -5.508178657123327, 1.8603789728355355, -0.08810143617149535, 0.39568769024613437, 0.2552278212683668, True
-4.60996511135164, -5.439906497261054, 1.1292458165964163, -0.08810143617149535, 0.39568769024613437, 0.2552278212683668, True
-4.583851484472934, 5.827713727618619, -1.3151122908323813, -0.08810143617149535, 0.39568769024613437, 0.2552278212683668, True
2.7638383547312273, 5.193157629680023, -2.0340703133463203, -0.08810143617149535, 0.39568769024613437, 0.2552278212683668, False
5.695263212065667, 3.3641136750413683, -1.4275511809509216, -0.08810143617149535, 0.39568769024613437, 0.2552278212683668, True
-2.435138158612093, -2.8126938089987346, 0.3220747113749485, -0.08810143617149535, 0.39568769024613437, 0.2552278212683668, False
-0.9532380538151841, 4.875275379305588, 0.5163001896190802, -0.08810143617149535, 0.39568769024613437, 0.2552278212683668, False
6.1076318961968585, -5.348083985008661, -2.386440989257907, -0.08810143617149535, 0.39568769024613437, 0.2552278212683668, True
-1.6031985422240362, 2.549334411879437, -1.5898258043064386, -0.08810143617149535, 0.39568769024613437, 0.2552278212683668, True
5.345501992675331, 3.6695598086022745, 1.56444527257384, -0.08810143617149535, 0.39568769024613437, 0.2552278212683668, True
-0.9597128436754341, -4.62347538017065, 1.1566322558479447, -0.08810143617149535, 0.39568769024613437, 0.2552278212683668, True
5.882882684526459, -5.259647752844154, 2.500537408229893, -0.08810143617149535, 0.39568769024613437, 0.2552278212683668, True
-6.270987980633849, 5.158806266159818, -0.8258164194019355, -0.08810143617149535, 0.39568769024613437, 0.2552278212683668, False
6.262791142479577, -1.5886966674052942, 2.1447093701324684, -0.08810143617149535, 0.39568769024613437, 0.2552278212683668, False
4.115309103405664, -3.0785324855225267, 2.077413312858309, -0.08810143617149535, 0.39568769024613437, 0.2552278212683668, False
-3.308489359951749, -5.507712186189737, 2.328790144858801, -0.08810143617149535, 0.39568769024613437, 0.2552278212683668, True
-6.122906684300116, 0.4438381602345851, 0.6619229233591089, -0.08810143617149535, 0.39568769024613437, 0.2552278212683668, True
1.7728999644307937, -1.4402918569793561, -2.8290818386647074, -0.08810143617149535, 0.39568769024613437, 0.2552278212683668, False
1.434708292830659, -0.22289056967411547, -3.0816309260529597, -0.08810143617149535, 0.39568769024613437, 0.2552278212683668, True
-3.782571229827828, -3.6596928708903675, 1.7561940715431517, -0.08810143617149535, 0.39568769024613437, 0.2552278212683668, True
-5.716953929048222, 5.988433297388509, 1.8289856086829355, -0.08810143617149535, 0.39568769024613437, 0.2552278212683668, True
