-5.732565358811591, 1.0619176267968529, -0.42631419374601576, -0.3661643409661466, 0.04561486331002529, 0.0256923178857123, True
3.248631294241447, -6.143843298688523, 2.4298835760145776, -0.3661643409661466, 0.04561486331002529, 0.0256923178857123, True
-2.196264592074754, -3.65162915115141, 2.7489446270124027, -0.3661643409661466, 0.04561486331002529, 0.0256923178857123, True
0.8576940210912776, -5.050315146350818, 1.0507678422757403, -0.3661643409661466, 0.04561486331002529, 0.0256923178857123, True
-3.1271126287692335, -0.012708069665880117, -0.7562860646389531, -0.3661643409661466, 0.04561486331002529, 0.0256923178857123, True
-1.3845741123513218, -6.047998644245504, -0.806829887831511, -0.3661643409661466, 0.04561486331002529, 0.0256923178857123, True
4.729329693651648, -5.358434325024985, -0.6838296212195476, -0.3661643409661466, 0.04561486331002529, 0.0256923178857123, True
3.2198975832418526, 3.4184107684677194, 0.8052046823510666, -0.3661643409661466, 0.04561486331002529, 0.0256923178857123, False
5.424970139339381, -5.912340640878053, -1.2769981831735562, -0.3661643409661466, 0.04561486331002529, 0.0256923178857123, True
-0.012872683561567122, -3.1884747049423385, -1.199587783491161, -0.3661643409661466, 0.04561486331002529, 0.0256923178857123, True
3.0957068930121885, 0.7859164954023603, 2.923696632953, -0.3661643409661466, 0.04561486331002529, 0.0256923178857123, True
4.7027031446584235, -3.324834011643094, -2.3211882899303715, -0.3661643409661466, 0.04561486331002529, 0.0256923178857123, True
-0.5414711274496335, 2.7518140844963987, 2.380141636985031, -0.3661643409661466, 0.04561486331002529, 0.0256923178857123, True
2.0254538314804638, 2.2145293266007524, -1.8702866185590283, -0.3661643409661466, 0.04561486331002529, 0.0256923178857123, True
-2.7819051790491525, -1.4868315841049435, -0.24853636358309128, -0.3661643409661466, 0.04561486331002529, 0.0256923178857123, False
-3.7355723887355587, -0.17013210632358788, 1.7613232368108411, -0.3661643409661466, 0.04561486331002529, 0.0256923178857123, True
0.4295931989772459, -3.7956800769243264, 0.27643301602775994, -0.3661643409661466, 0.04561486331002529, 0.0256923178857123, True
-4.146951981610362, 0.11636478667696704, -1.7596639978036193, -0.3661643409661466, 0.04561486331002529, 0.0256923178857123, True
-3.5880210117362883, 4.583061062732375, -0.22049804795553385, -0.3661643409661466, 0.04561486331002529, 0.0256923178857123, False
-1.0373793814327854, -2.5463406409405662, 1.120023574046404, -0.3661643409661466, 0.04561486331002529, 0.0256923178857123, False
-2.4862604787590104, 1.4479226499235818, -1.7593739700823479, -0.3661643409661466, 0.04561486331002529, 0.0256923178857123, True
-2.802193746838677, -2.059068589599663, 0.4092442476282101, -0.3661643409661466, 0.04561486331002529, 0.0256923178857123, False
-3.8983494765642215, 2.475820407165438, 0.4696768403321996, -0.3661643409661466, 0.04561486331002529, 0.0256923178857123, True
1.0320833340823565, -3.22487512995894, 0.5911922735682036, -0.3661643409661466, 0.04561486331002529, 0.0256923178857123, True
-2.9148945654335865, 6.268873443271362, 2.564966021817585, -0.3661643409661466, 0.04561486331002529, 0.0256923178857123, True
5.140936172241235, 4.484015436740274, 1.6825131884798665, -0.3661643409661466, 0.04561486331002529, 0.0256923178857123, False
0.41196854419866646, -1.3489627109853162, 1.0804685974232804, -0.3661643409661466, 0.04561486331002529, 0.0256923178857123, False
-4.783716571528679, 5.902887112448111, 0.8566928697429201, -0.3661643409661466, 0.04561486331002529, 0.0256923178857123, False
5.399075473574813, -4.078553675923871, -0.12964720933879947, -0.3661643409661466, 0.04561486331002529, 0.0256923178857123, True
0.1435321106211047, -1.5122792387928516, 1.4328126369000245, -0.3661643409661466, 0.04561486331002529, 0.0256923178857123, False
3.3234719842223743, 0.68615777375215, -0.9172965466448941, -0.3661643409661466, 0.04561486331002529, 0.0256923178857123, True
-3.849020657644107, 0.9983379036714037, 0.4807199585069539, -0.3661643409661466, 0.04561486331002529, 0.0256923178857123, True
-1.67951653797107, -4.2328380093226095, -0.46607060325644545, -0.3661643409661466, 0.04561486331002529, 0.0256923178857123, True
4.525966070117013, 1.6146137455857907, -0.6763434500971428, -0.3661643409661466, 0.04561486331002529, 0.0256923178857123, True
0.5091052699101812, -5.81054923935285, -1.084033572558508, -0.3661643409661466, 0.04561486331002529, 0.0256923178857123, True
3.677893453054713, 3.242351933203457, 0.9202856949107492, -0.3661643409661466, 0.04561486331002529, 0.0256923178857123, False
-1.9936793433013333, 6.171395136133933, -1.451663349451955, -0.3661643409661466, 0.04561486331002529, 0.0256923178857123, False
5.682901571479681, -3.6240529215721686, -1.7116098370612474, -0.3661643409661466, 0.04561486331002529, 0.0256923178857123, True
-5.695094401473405, 2.9781760357536946, 1.5094274554428093, -0.3661643409661466, 0.04561486331002529, 0.0256923178857123, True
3.727927086453443, 1.7858623030649223, 1.2135110060366294, -0.3661643409661466, 0.04561486331002529, 0.0256923178857123, True
-5.282290858886459, 4.962963600391955, -2.12152554622463, -0.3661643409661466, 0.04561486331002529, 0.0256923178857123, False
0.7161492875396602, -0.9597434276711825, -0.3400699692956368, -0.3661643409661466, 0.04561486331002529, 0.0256923178857123, False
-4.005130122818047, -5.0871061775058495, -2.16630614415405, -0.3661643409661466, 0.04561486331002529, 0.0256923178857123, True
-1.4639214017843676, 0.22865256525667554, -0.5237197050046567, -0.3661643409661466, 0.04561486331002529, 0.0256923178857123, True
-1.9548702991167497, 0.8281396738207425, 2.6170108627972812, -0.3661643409661466, 0.04561486331002529, 0.0256923178857123, True
4.865947098061266, 4.203710975055214, -1.973274472128226, -0.3661643409661466, 0.04561486331002529, 0.0256923178857123, False
-4.380652047289361, -3.8063849848213587, 3.0109057181184857, -0.3661643409661466, 0.04561486331002529, 0.0256923178857123, True
-2.9594446881510934, 0.39412241589686925, 3.0374116389907195, -0.3661643409661466, 0.04561486331002529, 0.0256923178857123, True
3.824062465938175, -4.1318357945442346, 0.47964290830324563, -0.3661643409661466, 0.04561486331002529, 0.0256923178857123, True
1.2148061318111107, 0.18184133051035278, 1.1028940959233564, -0.3661643409661466, 0.04561486331002529, 0.0256923178857123, True
2.2414328560626444, 5.30296370282084, -2.1772634162634237, -0.3661643409661466, 0.04561486331002529, 0.0256923178857123, False
-1.730401889004538, -4.2012360103715825, 2.1806579853108516, -0.3661643409661466, 0.04561486331002529, 0.0256923178857123, True
-5.89264748923805, -1.3204878519571253, -2.176857821329774, -0.3661643409661466, 0.04561486331002529, 0.0256923178857123, False
-2.0142598258562705, 3.486839417921802, 1.898752072412055, -0.3661643409661466, 0.04561486331002529, 0.0256923178857123, False
4.024284264495085, -5.374821089139679, 1.7083845677367373, -0.3661643409661466, 0.04561486331002529, 0.0256923178857123, True
2.580310896475236, -1.6346739322322321, -1.9039030976960396, -0.3661643409661466, 0.04561486331002529, 0.0256923178857123, False
1.5203326403947974, -4.646026028950063, 2.1372524315504755, -0.3661643409661466, 0.04561486331002529, 0.0256923178857123, True
-0.7737255474891436, -5.404538552429354, -2.8497527886139262, -0.3661643409661466, 0.04561486331002529, 0.0256923178857123, True
-1.6670039802180385, -1.3075263294186072, 0.6153178279222353, -0.3661643409661466, 0.04561486331002529, 0.0256923178857123, False
-4.971215561838612, 5.91830752325834, 0.18276580987206437, -0.3661643409661466, 0.04561486331002529, 0.0256923178857123, False
4.410395425079358, -1.378644105508715, -0.8712129355856502, -0.3661643409661466, 0.04561486331002529, 0.0256923178857123, False
2.1176149500216486, 1.1852962738708115, 2.520630464702128, -0.3661643409661466, 0.04561486331002529, 0.0256923178857123, True
-3.9773103441488677, 2.8374410397701073, 0.10733389547733774, -0.3661643409661466, 0.04561486331002529, 0.0256923178857123, True
-0.4879706543663138, 0.5347045839090665, 1.2331488648741322, -0.3661643409661466, 0.04561486331002529, 0.0256923178857123, True
0.14136964601688806, 1.9241062342089972, 1.1986972832643952, -0.3661643409661466, 0.04561486331002529, 0.0256923178857123, True
1.3042296741722694, 2.857958095515201, 1.6891526509122157, -0.3661643409661466, 0.04561486331002529, 0.0256923178857123, True
2.660670396574684, 5.432237353418065, 3.043947516741917, -0.3661643409661466, 0.04561486331002529, 0.0256923178857123, True
-0.8570813477272505, 3.0729509594236752, 0.5124681439058274, -0.3661643409661466, 0.04561486331002529, 0.0256923178857123, False
-1.7617947121025281, -2.2894977309059215, 0.8150399551310086, -0.3661643409661466, 0.04561486331002529, 0.0256923178857123, False
2.15822375648132, 3.904452563048409, 1.7244669903739185, -0.3661643409661466, 0.04561486331002529, 0.0256923178857123, False
-0.8463267914037162, 1.3428371683601945, 3.025891236553928, -0.3661643409661466, 0.04561486331002529, 0.0256923178857123, True
4.87703287110347, -3.565164390935823, 0.9046640487330837, -0.3661643409661466, 0.04561486331002529, 0.0256923178857123, True
3.7598949878201218, -3.384593045439233, -2.959734910814705, -0.3661643409661466, 0.04561486331002529, 0.0256923178857123, True
2.2949737139036124, 5.3219035202227065, -2.092081614107809, -0.3661643409661466, 0.04561486331002529, 0.0256923178857123, False
-0.9633954269189609, -3.2125177693520413, 2.718394738241839, -0.3661643409661466, 0.04561486331002529, 0.0256923178857123, False
0.14546574998115425, -0.5080596325751685, 2.8564978069427536, -0.3661643409661466, 0.04561486331002529, 0.0256923178857123, True
2.390751846675032, 3.0515264639388437, 2.5028752270763386, -0.3661643409661466, 0.04561486331002529, 0.0256923178857123, False
1.154297937016417, 1.5090774885073266, -1.46112567730657, -0.3661643409661466, 0.04561486331002529, 0.0256923178857123, True
-6.2726195667997455, 2.161266968401682, -0.3435884071781192, -0.3661643409661466, 0.04561486331002529, 0.0256923178857123, True
5.427294341777994, -3.8268337605951204, 2.743544866794454, -0.3661643409661466, 0.04561486331002529, 0.0256923178857123, True
4.255801816528569, -5.957452994171091, -0.3200075653427574, -0.3661643409661466, 0.04561486331002529, 0.0256923178857123, True
1.0591217702384688, 4.3325235966551325, 0.6255983441658786, -0.3661643409661466, 0.04561486331002529, 0.0256923178857123, False
1.8763402594167289, 3.9077082703880546, 0.6896101583675303, -0.3661643409661466, 0.04561486331002529, 0.0256923178857123, False
4.245195223564387, -2.432402154834983, -2.2259385693150957, -0.3661643409661466, 0.04561486331002529, 0.0256923178857123, True
-1.4790532019698253, 5.250819071147813, 1.6248568696059742, -0.3661643409661466, 0.04561486331002529, 0.0256923178857123, False
4.717561681986183, 4.531165694351399, 1.1227411942729484, -0.3661643409661466, 0.04561486331002529, 0.0256923178857123, False
-4.383390571795311, -1.5362636686550388, 0.46101630259560267, -0.3661643409661466, 0.04561486331002529, 0.0256923178857123, False
5.579368329792507, 2.0260838131339263, -0.36394954682599545, -0.3661643409661466, 0.04561486331002529, 0.0256923178857123, True
-3.8446483801621945, -3.1393784468623913, -0.09383817649082049, -0.3661643409661466, 0.04561486331002529, 0.0256923178857123, False
0.15720100755286115, -4.775805751244303, 1.151263665927658, -0.3661643409661466, 0.04561486331002529, 0.0256923178857123, True
4.071779659170483, 2.9467979207621386, 0.15893466525168387, -0.3661643409661466, 0.04561486331002529, 0.0256923178857123, True
-6.134940705575601, 3.7599812225430824, 2.645612986770054, -0.3661643409661466, 0.04561486331002529, 0.0256923178857123, False
5.681748112963502, 5.735720140376792, 2.95333175898386, -0.3661643409661466, 0.04561486331002529, 0.0256923178857123, True
-3.6972087520504373, 1.4323082130765288, -0.3036668112846428, -0.3661643409661466, 0.04561486331002529, 0.0256923178857123, True
-5.673099929432937, 2.540245085483848, -1.300679176703544, -0.3661643409661466, 0.04561486331002529, 0.0256923178857123, True
-1.8366766814862538, -2.8501466272585985, 0.9798369629402464, -0.3661643409661466, 0.04561486331002529, 0.0256923178857123, False
0.5611898103256836, 3.744574034350366, -2.3136010227740185, -0.3661643409661466, 0.04561486331002529, 0.0256923178857123, True
3.948383448023238, -2.9179992424349863, -0.27502153001069063, -0.3661643409661466, 0.04561486331002529, 0.0256923178857123, False
5.49128921650963, -2.022326079782821, 1.2233444722800675, -0.3661643409661466, 0.04561486331002529, 0.0256923178857123, False
-0.14784299491542718, -2.6499151955470523, 2.1005829834184917, -0.3661643409661466, 0.04561486331002529, 0.0256923178857123, False
-4.572956739032411, 3.9668508619601983, -0.31921548488179496, -0.3661643409661466, 0.04561486331002529, 0.0256923178857123, False
-2.3673674926370087, 5.324093749591201, 2.8097459417285693, -0.3661643409661466, 0.04561486331002529, 0.0256923178857123, False
0.2944795385301182, -0.7660556576419797, 1.1091044935854848, -0.3661643409661466, 0.04561486331002529, 0.0256923178857123, False
1.447865118447056, -4.264851538693374, -0.38613098371409427, -0.3661643409661466, 0.04561486331002529, 0.0256923178857123, True
5.76934200459327, -2.5151665502440075, -0.30397166617863025, -0.3661643409661466, 0.04561486331002529, 0.0256923178857123, False
1.9280925282144086, 5.647978381073482, 1.8519993262335062, -0.3661643409661466, 0.04561486331002529, 0.0256923178857123, True
1.1150605386366559, -1.3056969717046902, -2.7283378686187114, -0.3661643409661466, 0.04561486331002529, 0.0256923178857123, False
6.277435704764764, -3.5799893154554385, -1.7876073808275568, -0.3661643409661466, 0.04561486331002529, 0.0256923178857123, True
-0.7846761940720084, 6.248319616953358, 2.777674832605671, -0.3661643409661466, 0.04561486331002529, 0.0256923178857123, True
0.9475519457546131, -2.5919276444343837, 3.0662306581338346, -0.3661643409661466, 0.04561486331002529, 0.0256923178857123, True
0.6061662777097121, 4.168868176295446, -0.900304284442563, -0.3661643409661466, 0.04561486331002529, 0.0256923178857123, False
-2.476418061584956, 5.313811151082904, 0.8216227280879584, -0.3661643409661466, 0.04561486331002529, 0.0256923178857123, False
0.47471252024398414, -5.3325297379017, 2.932883600127143, -0.3661643409661466, 0.04561486331002529, 0.0256923178857123, True
0.46799139076690466, 1.3839675919022083, 1.6976695546918927, -0.3661643409661466, 0.04561486331002529, 0.0256923178857123, True
2.6891841343734555, 4.452734797019296, 0.6998229711886648, -0.3661643409661466, 0.04561486331002529, 0.0256923178857123, False
4.90889698075083, -4.30458961973205, -1.176445340667544, -0.3661643409661466, 0.04561486331002529, 0.0256923178857123, True
-5.214017800350565, 1.440600065289912, -2.7011615193349057, -0.3661643409661466, 0.04561486331002529, 0.0256923178857123, True
1.2785684229735415, -4.583526185937229, 0.24302723532434456, -0.3661643409661466, 0.04561486331002529, 0.0256923178857123, True
-4.285187884506912, 0.8398655777966795, -2.2260553460587165, -0.3661643409661466, 0.04561486331002529, 0.0256923178857123, True
-1.788153969847615, -4.749840863848516, -1.1246033989610242, -0.3661643409661466, 0.04561486331002529, 0.0256923178857123, True
1.7024104543948821, 1.2045342179549978, -1.3748498607173107, -0.3661643409661466, 0.04561486331002529, 0.0256923178857123, True
-3.5617099343684884, 2.395377864821585, 1.8596181429422804, -0.3661643409661466, 0.04561486331002529, 0.0256923178857123, True
-1.6849786236946835, -0.328818002739629, -0.7108895047319996, -0.3661643409661466, 0.04561486331002529, 0.0256923178857123, False
-0.591616869935141, 3.8222327900073516, -0.7300523222093664, -0.3661643409661466, 0.04561486331002529, 0.0256923178857123, False
1.1374846309932112, 5.37709354010895, -2.7008585983304427, -0.3661643409661466, 0.04561486331002529, 0.0256923178857123, False
-1.4197693329895067, 0.7789425639268739, 1.8624795966804335, -0.3661643409661466, 0.04561486331002529, 0.0256923178857123, True
-0.09920317671165346, 0.5398892880025832, 1.3517852138759627, -0.3661643409661466, 0.04561486331002529, 0.0256923178857123, True
-3.102628708430886, 5.655789506066817, -1.3182175510608565, -0.3661643409661466, 0.04561486331002529, 0.0256923178857123, False
5.847364463069505, -0.44837012220493655, 0.7315813200990084, -0.3661643409661466, 0.04561486331002529, 0.0256923178857123, False
-3.032665870353457, 0.6345213910002476, -1.285116655136796, -0.3661643409661466, 0.04561486331002529, 0.0256923178857123, True
-5.570714388491386, -5.065194163477013, -2.963512659339381, -0.3661643409661466, 0.04561486331002529, 0.0256923178857123, True
-5.216928803271542, -3.4842251515914167, 1.5909893896493275, -0.3661643409661466, 0.04561486331002529, 0.0256923178857123, True
6.130488780219894, 3.3644089301950064, -1.9817445347400375, -0.3661643409661466, 0.04561486331002529, 0.0256923178857123, True
-2.3519496530020896, -0.566054639096377, -2.5194978303510664, -0.3661643409661466, 0.04561486331002529, 0.0256923178857123, False
5.365671554136981, -3.885153988883866, 2.0379859523891852, -0.3661643409661466, 0.04561486331002529, 0.0256923178857123, True
-4.36902185157502, 0.6075896925266289, -1.4878239134017122, -0.3661643409661466, 0.04561486331002529, 0.0256923178857123, True
-3.759957952946955, 1.6764059060774095, 3.025214206735649, -0.3661643409661466, 0.04561486331002529, 0.0256923178857123, True
0.4510333478401227, 4.4390371300623315, 2.182046837916732, -0.3661643409661466, 0.04561486331002529, 0.0256923178857123, False
4.942166609878791, 0.4568667184052071, -1.574539309300121, -0.3661643409661466, 0.04561486331002529, 0.0256923178857123, True
-2.8831233368247426, -0.3977242878461036, -2.2291054353791906, -0.3661643409661466, 0.04561486331002529, 0.0256923178857123, False
1.0680593135546435, -2.222561485215996, 2.293137512802163, -0.3661643409661466, 0.04561486331002529, 0.0256923178857123, False
-2.5122560170934087, -3.710726690965064, 1.1953751072383154, -0.3661643409661466, 0.04561486331002529, 0.0256923178857123, True
2.360172187014564, -3.647397988241938, 1.7856924454289889, -0.3661643409661466, 0.04561486331002529, 0.0256923178857123, True
4.983452846098363, 3.1098847121411115, 1.2753090490215033, -0.3661643409661466, 0.04561486331002529, 0.0256923178857123, False
-3.7237393033156443, 3.073420934098589, -0.27367314211287086, -0.3661643409661466, 0.04561486331002529, 0.0256923178857123, True
-4.151457354766844, 2.3207058871001003, -1.4468760351230443, -0.3661643409661466, 0.04561486331002529, 0.0256923178857123, True
4.512354748187812, -5.04523947782066, 1.8871807983535938, -0.3661643409661466, 0.04561486331002529, 0.0256923178857123, True
4.295895401150332, 0.3364534402617023, 1.6177375724058658, -0.3661643409661466, 0.04561486331002529, 0.0256923178857123, True
-3.4222602441135916, 3.2024164499891885, -0.8219278224256854, -0.3661643409661466, 0.04561486331002529, 0.0256923178857123, True
0.2883244117875092, -3.264161038134605, -1.2358447529702028, -0.3661643409661466, 0.04561486331002529, 0.0256923178857123, True
-2.1839447811077966, -0.8138335284095355, -2.8297715763503706, -0.3661643409661466, 0.04561486331002529, 0.0256923178857123, False
-5.425411462810275, -6.009546563318814, 0.09514801175442988, -0.3661643409661466, 0.04561486331002529, 0.0256923178857123, True
-4.522911147047208, 2.9256482982856316, 2.8013637996653262, -0.3661643409661466, 0.04561486331002529, 0.0256923178857123, True
0.9119887106178348, -1.8824217473452567, -3.0982987916147726, -0.3661643409661466, 0.04561486331002529, 0.0256923178857123, True
5.979341743718772, -0.6002402771081403, 2.9774681231017297, -0.3661643409661466, 0.04561486331002529, 0.0256923178857123, True
-3.8823668381696654, 5.950478174116695, -2.9401687946034523, -0.3661643409661466, 0.04561486331002529, 0.0256923178857123, True
1.7096011229584338, 2.228002003252845, 2.2978712412333833, -0.3661643409661466, 0.04561486331002529, 0.0256923178857123, True
0.8628245486851869, 1.686374607826009, -2.5268156291437283, -0.3661643409661466, 0.04561486331002529, 0.0256923178857123, True
2.8297947691541623, 5.0814439716804, 2.3453943065204337, -0.3661643409661466, 0.04561486331002529, 0.0256923178857123, True
-5.24319460309398, -4.003468257579206, -1.060080459195237, -0.3661643409661466, 0.04561486331002529, 0.0256923178857123, True
-1.7402382374008996, -3.925680542227621, 0.45702677829365257, -0.3661643409661466, 0.04561486331002529, 0.0256923178857123, True
5.171106901532864, 0.9490637665703119, 1.567283517497664, -0.3661643409661466, 0.04561486331002529, 0.0256923178857123, True
-2.7697249604511947, 0.08975511204561837, 1.7987643722204814, -0.3661643409661466, 0.04561486331002529, 0.0256923178857123, True
2.9965078106514547, 4.747488678661229, -0.5804492398061716, -0.3661643409661466, 0.04561486331002529, 0.0256923178857123, False
-0.3867551115066714, -2.8702311988190994, 0.339544418648384, -0.3661643409661466, 0.04561486331002529, 0.0256923178857123, False
-1.920987070421261, -5.314038540910725, 1.1648440910451496, -0.3661643409661466, 0.04561486331002529, 0.0256923178857123, True
2.0694558782949173, 0.5715413631260926, 0.533204428668967, -0.3661643409661466, 0.04561486331002529, 0.0256923178857123, True
-3.9610608706059893, 3.2187603683706083, 0.23379795164539452, -0.3661643409661466, 0.04561486331002529, 0.0256923178857123, False
0.4999833397619726, 1.530971448153994, -2.898356397325583, -0.3661643409661466, 0.04561486331002529, 0.0256923178857123, True
6.229947396768971, -1.047884865605595, 2.507432304322111, -0.3661643409661466, 0.04561486331002529, 0.0256923178857123, False
-2.9622172567001335, -2.310638637327912, 2.5901969926917463, -0.3661643409661466, 0.04561486331002529, 0.0256923178857123, False
2.2095965718849655, -5.28503558156504, -1.0054309532158614, -0.3661643409661466, 0.04561486331002529, 0.0256923178857123, True
1.0179979798846412, -3.590544477810258, 2.626120736349839, -0.3661643409661466, 0.04561486331002529, 0.0256923178857123, True
-1.0283950983287866, 3.237725928665329, 2.6883384682833533, -0.3661643409661466, 0.04561486331002529, 0.0256923178857123, False
4.711381213036656, 3.859970928990471, -1.3815551306149223, -0.3661643409661466, 0.04561486331002529, 0.0256923178857123, False
4.199023359849864, 0.763724406256558, 2.5527601396574164, -0.3661643409661466, 0.04561486331002529, 0.0256923178857123, True
5.652757367959483, -1.0825693299064056, -2.906776141371012, -0.3661643409661466, 0.04561486331002529, 0.0256923178857123, True
5.341281916155912, 4.955967707272276, 0.08967089207456835, -0.3661643409661466, 0.04561486331002529, 0.0256923178857123, False
-2.256144780596623, 4.933278627483762, 0.8661285246953287, -0.3661643409661466, 0.04561486331002529, 0.0256923178857123, False
-3.390915221308589, -3.948653224301571, 2.7334069823638796, -0.3661643409661466, 0.04561486331002529, 0.0256923178857123, True
2.4833175956531353, -6.2410577265803955, 1.322453144314938, -0.3661643409661466, 0.04561486331002529, 0.0256923178857123, True
4.734514321691478, 1.5337463962132913, -0.4816661301802303, -0.3661643409661466, 0.04561486331002529, 0.0256923178857123, True
0.9093490867803373, 3.1629135655407694, 0.05540124884542719, -0.3661643409661466, 0.04561486331002529, 0.0256923178857123, True
6.066400850502351, -6.188942284801926, -0.08671459297556883, -0.3661643409661466, 0.04561486331002529, 0.0256923178857123, False
5.757674970548093, -2.8450401412840853, -0.59264490104685, -0.3661643409661466, 0.04561486331002529, 0.0256923178857123, False
0.8326052025004183, -3.5143078826881564, 0.7611146265290532, -0.3661643409661466, 0.04561486331002529, 0.0256923178857123, True
3.8727151792759393, 0.1417688841477478, -2.1600675000389185, -0.3661643409661466, 0.04561486331002529, 0.0256923178857123, True
0.1094151091415263, 3.594008714073615, -2.945054312925338, -0.3661643409661466, 0.04561486331002529, 0.0256923178857123, True
5.8167386226157, -5.921822564209193, 0.5187338137034234, -0.3661643409661466, 0.04561486331002529, 0.0256923178857123, True
-5.218399791621563, -4.873769206527394, -2.6251112435281034, -0.3661643409661466, 0.04561486331002529, 0.0256923178857123, True
4.722021037844394, -2.4225225339081655, -1.4981168101602893, -0.3661643409661466, 0.04561486331002529, 0.0256923178857123, False
-4.295447814324058, -5.567457451314815, -1.6634649894123303, -0.3661643409661466, 0.04561486331002529, 0.0256923178857123, True
-0.992767894854139, 4.598559368799197, 3.0617627672858747, -0.3661643409661466, 0.04561486331002529, 0.0256923178857123, True
4.094296115923688, -5.913098465993175, -0.6713863348234459, -0.3661643409661466, 0.04561486331002529, 0.0256923178857123, True
-0.10516856060452984, 3.497386412531352, 1.7576186418250135, -0.3661643409661466, 0.04561486331002529, 0.0256923178857123, False
-1.5754395340267413, 2.954698764884629, 0.8880594827801582, -0.3661643409661466, 0.04561486331002529, 0.0256923178857123, True
5.676383532862751, -0.8725640500503173, -2.5847747221638677, -0.3661643409661466, 0.04561486331002529, 0.0256923178857123, False
3.7766904809728903, 3.647425694816352, -3.0769379072611116, -0.3661643409661466, 0.04561486331002529, 0.0256923178857123, True
1.3573301459038882, 0.2495179408942514, -0.8157349514065388, -0.3661643409661466, 0.04561486331002529, 0.0256923178857123, True
0.07141064128387953, 1.8874277594825308, -2.9130490346784215, -0.3661643409661466, 0.04561486331002529, 0.0256923178857123, True
