4.009654943015001, 2.3740305263396575, 1.8207474913237736, 0.2772906633560145, -0.15645807563605407, -0.7205873784194649, False
-6.031123599225796, 0.45114989683582163, 0.029621014235264642, 0.2772906633560145, -0.15645807563605407, -0.7205873784194649, False
2.594476136988913, -1.1154947739311254, 1.1816164479015372, 0.2772906633560145, -0.15645807563605407, -0.7205873784194649, False
5.572361575096133, 0.7574992918779335, 0.19816895100823073, 0.2772906633560145, -0.15645807563605407, -0.7205873784194649, False
-5.080640164713899, -2.254735716101555, 0.43922082001278673, 0.2772906633560145, -0.15645807563605407, -0.7205873784194649, False
6.023064920195001, -4.718389154449164, 0.6405969161073868, 0.2772906633560145, -0.15645807563605407, -0.7205873784194649, False
2.6168827923079174, -1.6494341653070093, -1.7326181527018292, 0.2772906633560145, -0.15645807563605407, -0.7205873784194649, False
-3.1365941670871726, 3.5659777568612636, 2.549849969871632, 0.2772906633560145, -0.15645807563605407, -0.7205873784194649, False
-3.8783469315099697, -3.1567676058062544, 0.3580407790424056, 0.2772906633560145, -0.15645807563605407, -0.7205873784194649, False
6.081008269867555, -6.223195744917094, 1.6086326846419343, 0.2772906633560145, -0.15645807563605407, -0.7205873784194649, False
2.7274657475933015, 2.310264448983684, 1.6749470683423908, 0.2772906633560145, -0.15645807563605407, -0.7205873784194649, False
2.2508790712280167, -4.178129202081058, -1.0655744377250338, 0.2772906633560145, -0.15645807563605407, -0.7205873784194649, False
5.092518167458948, -3.383548354871663, 0.028459335208168124, 0.2772906633560145, -0.15645807563605407, -0.7205873784194649, False
3.8710379651365194, 5.117971846711631, -1.8344526163429364, 0.2772906633560145, -0.15645807563605407, -0.7205873784194649, False
5.721681420800795, 6.142568348080472, 2.6193397597164294, 0.2772906633560145, -0.15645807563605407, -0.7205873784194649, False
4.294375084838331, 3.6462229506783412, 1.7766215974184503, 0.2772906633560145, -0.15645807563605407, -0.7205873784194649, False
-5.11173163658858, -4.93030487113333, -2.147975987096314, 0.2772906633560145, -0.15645807563605407, -0.7205873784194649, False
-5.244451167210077, -1.2271528200452329, -1.2364719648367866, 0.2772906633560145, -0.15645807563605407, -0.7205873784194649, False
2.785838471827711, -1.451232989970448, -2.1714613432363175, 0.2772906633560145, -0.15645807563605407, -0.7205873784194649, False
4.228422931186948, -4.2895768366702205, -0.27770421370150755, 0.2772906633560145, -0.15645807563605407, -0.7205873784194649, False
-3.6526752540881384, 1.440475338929084, 0.8068016890295016, 0.2772906633560145, -0.15645807563605407, -0.7205873784194649, True
-3.2773070122525425, 2.5998609954697027, 2.6407333768307133, 0.2772906633560145, -0.15645807563605407, -0.7205873784194649, False
-2.803443998994436, 5.238935391526375, -1.3361948371377752, 0.2772906633560145, -0.15645807563605407, -0.7205873784194649, False
0.7229849160409154, -4.408734302061483, 2.3848982908102005, 0.2772906633560145, -0.15645807563605407, -0.7205873784194649, False
-2.855679347903542, 2.8843156638998124, 2.068948505461618, 0.2772906633560145, -0.15645807563605407, -0.7205873784194649, False
-1.1022240028985788, 0.17695021255683496, -2.2688472992051993, 0.2772906633560145, -0.15645807563605407, -0.7205873784194649, False
3.332726245332873, 1.822553912868008, -0.8507573687647376, 0.2772906633560145, -0.15645807563605407, -0.7205873784194649, False
-0.3874488235803062, 5.696064584763667, -3.0692261350123404, 0.2772906633560145, -0.15645807563605407, -0.7205873784194649, True
-4.287046563256661, -0.6489382950067242, 0.03470616570923557, 0.2772906633560145, -0.15645807563605407, -0.7205873784194649, False
4.135061822883406, -2.2463323192602447, -3.100980975705669, 0.2772906633560145, -0.15645807563605407, -0.7205873784194649, True
-6.1752178812158505, -0.01563398555045481, 0.49419598071216075, 0.2772906633560145, -0.15645807563605407, -0.7205873784194649, False
4.029794052050084, -0.46481314814396146, 3.041072364561047, 0.2772906633560145, -0.15645807563605407, -0.7205873784194649, True
2.9487422247398243, -0.5839498005523689, 2.0966549223258113, 0.2772906633560145, -0.15645807563605407, -0.7205873784194649, False
4.841806652597601, 2.1620518714840635, 0.5838009550025034, 0.2772906633560145, -0.15645807563605407, -0.7205873784194649, False
1.8613485542088135, 5.079942466682025, 0.6808857809434019, 0.2772906633560145, -0.15645807563605407, -0.7205873784194649, False
5.274906955058567, -3.84620893021715, 2.5230673874078464, 0.2772906633560145, -0.15645807563605407, -0.7205873784194649, False
2.773258157240523, 5.605749608086722, -2.1054791676057634, 0.2772906633560145, -0.15645807563605407, -0.7205873784194649, False
-4.347283152864115, -3.1884332265608784, 0.6684760035801776, 0.2772906633560145, -0.15645807563605407, -0.7205873784194649, False
-6.252614252338135, 0.23558062548552883, -1.8006226387196977, 0.2772906633560145, -0.15645807563605407, -0.7205873784194649, False
-1.1286029242711706, -1.0907328498764102, -0.7896335994068808, 0.2772906633560145, -0.15645807563605407, -0.7205873784194649, False
1.4196920904621901, 1.5374919812251893, -1.4211068753248006, 0.2772906633560145, -0.15645807563605407, -0.7205873784194649, False
-2.66794112813808, 0.3762678153952699, 0.19798021569822266, 0.2772906633560145, -0.15645807563605407, -0.7205873784194649, False
1.6677389864123882, 4.215429324365822, -1.1179371493822634, 0.2772906633560145, -0.15645807563605407, -0.7205873784194649, False
1.85944742253864, 4.159330914401499, 0.8229351669279663, 0.2772906633560145, -0.15645807563605407, -0.7205873784194649, False
-4.413377866496969, 3.7905181810807402, 1.2168962819772249, 0.2772906633560145, -0.15645807563605407, -0.7205873784194649, False
1.519317856801214, -3.225476303584286, 0.531328910184369, 0.2772906633560145, -0.15645807563605407, -0.7205873784194649, False
2.4801333560182375, 4.538089037868401, 0.7906816376860406, 0.2772906633560145, -0.15645807563605407, -0.7205873784194649, False
0.8162163899057697, -2.5407088873643264, 2.0020919954829663, 0.2772906633560145, -0.15645807563605407, -0.7205873784194649, False
-5.969214207519648, -3.3644158937418958, -1.358507190735991, 0.2772906633560145, -0.15645807563605407, -0.7205873784194649, False
-3.5214367716836277, -3.785692843874919, 2.525104717097392, 0.2772906633560145, -0.15645807563605407, -0.7205873784194649, False
4.719129664164834, -5.437025410583264, 0.871037848095332, 0.2772906633560145, -0.15645807563605407, -0.7205873784194649, False
2.5468365675741573, 3.935244364667053, 1.6316367867202937, 0.2772906633560145, -0.15645807563605407, -0.7205873784194649, False
5.358098939621307, 0.08123168973776806, 0.34808815415521366, 0.2772906633560145, -0.15645807563605407, -0.7205873784194649, False
0.09046443208644739, 4.505126506917568, -0.17546981087249458, 0.2772906633560145, -0.15645807563605407, -0.7205873784194649, False
0.009459658101704349, 5.55132116575926, -0.3138647565792665, 0.2772906633560145, -0.15645807563605407, -0.7205873784194649, False
1.036828667996219, 5.982880489003458, 0.5948086895236573, 0.2772906633560145, -0.15645807563605407, -0.7205873784194649, False
6.004148408764168, -2.044418053705722, -0.8288932663909345, 0.2772906633560145, -0.15645807563605407, -0.7205873784194649, False
-5.352060031316907, 4.407253200891443, -0.6297309535329227, 0.2772906633560145, -0.15645807563605407, -0.7205873784194649, False
3.6901029624934534, -5.1071886588820385, -0.16518179247198894, 0.2772906633560145, -0.15645807563605407, -0.7205873784194649, False
-1.3366809824731574, -6.044227020415605, 1.3200632215957508, 0.2772906633560145, -0.15645807563605407, -0.7205873784194649, False
-4.99974371737073, 1.064108507108232, 0.831201820102847, 0.2772906633560145, -0.15645807563605407, -0.7205873784194649, False
-1.209784650106955, -6.113480845895503, -0.2585346484942721, 0.2772906633560145, -0.15645807563605407, -0.7205873784194649, False
1.5685713608893295, 3.3352885437405835, 2.5508675168423594, 0.2772906633560145, -0.15645807563605407, -0.7205873784194649, False
5.915590590787833, 3.8413515437649046, -2.0897088708170437, 0.2772906633560145, -0.15645807563605407, -0.7205873784194649, False
-2.544362269276011, -1.9593074962155992, 1.5100011245503122, 0.2772906633560145, -0.15645807563605407, -0.7205873784194649, False
-1.491302158253509, 5.169174223667916, 1.1830819409661313, 0.2772906633560145, -0.15645807563605407, -0.7205873784194649, False
3.6786604802013656, -4.862846249817151, 1.3252930233849334, 0.2772906633560145, -0.15645807563605407, -0.7205873784194649, False
-3.858138075809281, 4.062825304156483, 2.716474078065085, 0.2772906633560145, -0.15645807563605407, -0.7205873784194649, False
0.9210130987384968, 0.5612200801023981, -0.10323113795908734, 0.2772906633560145, -0.15645807563605407, -0.7205873784194649, False
2.9847663118577206, 2.62448706123706, -0.751787681978227, 0.2772906633560145, -0.15645807563605407, -0.7205873784194649, False
-3.972746772011364, 3.5302299170479934, 2.0179719924226793, 0.2772906633560145, -0.15645807563605407, -0.7205873784194649, False
-5.142438340652921, -2.5905599100201924, 1.2907643869814267, 0.2772906633560145, -0.15645807563605407, -0.7205873784194649, False
-3.3322276760257346, -5.53856567027427, 0.2791380231011322, 0.2772906633560145, -0.15645807563605407, -0.7205873784194649, False
1.1260603552452642, -2.3832594080621066, -0.8357848655028168, 0.2772906633560145, -0.15645807563605407, -0.7205873784194649, False
2.465863761843284, -5.966833643536251, -3.0841148802422187, 0.2772906633560145, -0.15645807563605407, -0.7205873784194649, True
-3.7580719658756268, -5.404396562327664, 2.839991540535607, 0.2772906633560145, -0.15645807563605407, -0.7205873784194649, False
-3.993188537316597, -3.629082936246693, 2.186913131706012, 0.2772906633560145, -0.15645807563605407, -0.7205873784194649, False
-2.2885806217546385, 3.58205639521044, -1.8917059218957095, 0.2772906633560145, -0.15645807563605407, -0.7205873784194649, False
6.250835382433186, -5.489025245463686, -0.9272556533528631, 0.2772906633560145, -0.15645807563605407, -0.7205873784194649, False
-1.9833794432597829, 5.02088486958848, 2.6887309737092346, 0.2772906633560145, -0.15645807563605407, -0.7205873784194649, False
0.26710514711917543, -4.117251485248409, -2.8951211411831514, 0.2772906633560145, -0.15645807563605407, -0.7205873784194649, True
4.95760605635879, 1.2562289559909647, 2.600967881930308, 0.2772906633560145, -0.15645807563605407, -0.7205873784194649, False
1.396736770938559, 2.682100927019464, 2.3574746561246975, 0.2772906633560145, -0.15645807563605407, -0.7205873784194649, False
-4.554181545221457, 4.882631531806206, -0.44936163372021465, 0.2772906633560145, -0.15645807563605407, -0.7205873784194649, False
5.612026315939861, -3.059432678969632, 2.6816038122530763, 0.2772906633560145, -0.15645807563605407, -0.7205873784194649, False
-0.9850710707326273, -0.5869710748603056, -2.3419605619379764, 0.2772906633560145, -0.15645807563605407, -0.7205873784194649, False
3.4288512231666743, 2.9706077319648987, -1.0055527078761357, 0.2772906633560145, -0.15645807563605407, -0.7205873784194649, False
-2.874236838117684, 4.753115186044546, 0.000612527468629942, 0.2772906633560145, -0.15645807563605407, -0.7205873784194649, False
-2.8078730813848534, 0.49331719498289406, 1.061813707031689, 0.2772906633560145, -0.15645807563605407, -0.7205873784194649, False
-0.13457168681156517, 1.8918903345422393, -1.2901686797533432, 0.2772906633560145, -0.15645807563605407, -0.7205873784194649, False
4.169167064290386, -3.317572792106981, 0.7288238649329175, 0.2772906633560145, -0.15645807563605407, -0.7205873784194649, False
-4.0294087236150355, 4.013545606691322, -2.8833987986512226, 0.2772906633560145, -0.15645807563605407, -0.7205873784194649, False
0.45673751805664686, -2.2317646273036136, -1.5360082572727445, 0.2772906633560145, -0.15645807563605407, -0.7205873784194649, False
-3.057705778557255, -1.368637906349944, -0.28156743438954335, 0.2772906633560145, -0.15645807563605407, -0.7205873784194649, False
4.0835738061749876, 1.169227144705184, -2.802142933253563, 0.2772906633560145, -0.15645807563605407, -0.7205873784194649, False
0.0931643858654887, -1.0834656014569646, 0.3745121285217068, 0.2772906633560145, -0.15645807563605407, -0.7205873784194649, False
-2.238055882047588, -5.050849316297435, 1.2895171630273454, 0.2772906633560145, -0.15645807563605407, -0.7205873784194649, False
0.8157014921448598, 5.879395713629091, 1.5257495481780294, 0.2772906633560145, -0.15645807563605407, -0.7205873784194649, False
-5.499998116882706, 0.516760948659134, -1.1426649385605583, 0.2772906633560145, -0.15645807563605407, -0.7205873784194649, False
-0.4426974123797267, 0.6595041975718754, 2.1864363993420985, 0.2772906633560145, -0.15645807563605407, -0.7205873784194649, False
1.181094710045282, -0.9943565902812805, -1.732931719530167, 0.2772906633560145, -0.15645807563605407, -0.7205873784194649, False
-0.09095707004176568, 3.6064916833944505, -1.1822781544224517, 0.2772906633560145, -0.15645807563605407, -0.7205873784194649, False
0.17480694168203126, 5.952057831889327, 2.2646540529765566, 0.2772906633560145, -0.15645807563605407, -0.7205873784194649, False
-6.233680004382317, 5.032801935749159, 2.6735471293769884, 0.2772906633560145, -0.15645807563605407, -0.7205873784194649, False
2.6719755664557923, -5.471508308581084, -0.5736436641726077, 0.2772906633560145, -0.15645807563605407, -0.7205873784194649, False
-1.9992859313964866, -3.751381510744884, -0.428706509992018, 0.2772906633560145, -0.15645807563605407, -0.7205873784194649, False
-0.7627367898709405, 2.8020373361851476, 2.6752013693286, 0.2772906633560145, -0.15645807563605407, -0.7205873784194649, False
-2.578677203627852, -4.748012904409592, -1.3713107137158667, 0.2772906633560145, -0.15645807563605407, -0.7205873784194649, False
-5.115898280396096, -0.21719958134006045, 1.8633899417529163, 0.2772906633560145, -0.15645807563605407, -0.7205873784194649, False
5.653696173743489, 0.10075205357080286, -0.708821100259585, 0.2772906633560145, -0.15645807563605407, -0.7205873784194649, False
2.2768022847075855, 5.663093104784945, -2.2432085346931876, 0.2772906633560145, -0.15645807563605407, -0.7205873784194649, False
4.150535433867761, -2.793238327240872, -0.8696414924785159, 0.2772906633560145, -0.15645807563605407, -0.7205873784194649, False
-4.413544944865674, 1.153862030755536, 0.31220967842369296, 0.2772906633560145, -0.15645807563605407, -0.7205873784194649, False
-0.004691669683788646, 0.9971223970327348, 2.167447572337032, 0.2772906633560145, -0.15645807563605407, -0.7205873784194649, False
-0.22520974085747447, -3.490162928921963, -1.9627868622587965, 0.2772906633560145, -0.15645807563605407, -0.7205873784194649, False
1.9061111440099996, 1.024599037855615, -0.8275073897573204, 0.2772906633560145, -0.15645807563605407, -0.7205873784194649, False
-3.576668313890479, 0.9193420880634413, 0.06214522386826182, 0.2772906633560145, -0.15645807563605407, -0.7205873784194649, False
4.706750321851242, -3.43873325145463, -0.6907217824616065, 0.2772906633560145, -0.15645807563605407, -0.7205873784194649, False
2.0664924034984615, 0.7784342191050682, -1.0562471121109822, 0.2772906633560145, -0.15645807563605407, -0.7205873784194649, False
0.4679550509599837, 5.9793693139779585, 2.9954354417423366, 0.2772906633560145, -0.15645807563605407, -0.7205873784194649, True
0.8199308457650689, -0.34057673455018556, 0.4278507809727179, 0.2772906633560145, -0.15645807563605407, -0.7205873784194649, False
-1.722526522595512, 6.073433933755293, -0.5424606781914032, 0.2772906633560145, -0.15645807563605407, -0.7205873784194649, False
-0.5626865364269831, 1.7043632579066728, 2.3938263806787514, 0.2772906633560145, -0.15645807563605407, -0.7205873784194649, False
4.32954456669415, -2.14657754160035, -2.934240928264911, 0.2772906633560145, -0.15645807563605407, -0.7205873784194649, True
2.7515757126334996, -2.5644315681405017, 1.061745720759915, 0.2772906633560145, -0.15645807563605407, -0.7205873784194649, False
-3.5329127914993093, 2.7639654032045122, 2.758166800431014, 0.2772906633560145, -0.15645807563605407, -0.7205873784194649, False
0.7317255159969625, -1.3573771012549676, 1.3026303187048933, 0.2772906633560145, -0.15645807563605407, -0.7205873784194649, False
4.935749348549551, 4.716843005719152, 2.107284632672367, 0.2772906633560145, -0.15645807563605407, -0.7205873784194649, False
-0.9371012983675016, 2.0452183323652005, -1.1489446323117083, 0.2772906633560145, -0.15645807563605407, -0.7205873784194649, False
5.77471524912389, -6.002510691711962, -0.5205437257274617, 0.2772906633560145, -0.15645807563605407, -0.7205873784194649, False
3.4253324437348898, 3.970905528320948, -1.7057522476167155, 0.2772906633560145, -0.15645807563605407, -0.7205873784194649, False
2.4762660513643464, -0.4958746255743147, 2.877296701473349, 0.2772906633560145, -0.15645807563605407, -0.7205873784194649, True
3.0175189336527346, -0.9006716106880139, -2.729449779266015, 0.2772906633560145, -0.15645807563605407, -0.7205873784194649, False
1.2276987090513058, -5.373705735702772, -2.830343701965709, 0.2772906633560145, -0.15645807563605407, -0.7205873784194649, False
5.434126789826815, 0.5622217047309173, -2.2422939358622913, 0.2772906633560145, -0.15645807563605407, -0.7205873784194649, False
-1.7075702217909958, 1.8103375178322985, -1.618735274484205, 0.2772906633560145, -0.15645807563605407, -0.7205873784194649, False
2.928419927216183, 1.2543470149135247, -1.688217902103089, 0.2772906633560145, -0.15645807563605407, -0.7205873784194649, False
1.358454916390218, 4.541662545228, -1.7968051246337278, 0.2772906633560145, -0.15645807563605407, -0.7205873784194649, False
3.8498549263089252, 2.3605903517158158, 0.7245892772490823, 0.2772906633560145, -0.15645807563605407, -0.7205873784194649, False
0.9182680773366352, -4.459815408109263, -1.2064141383719913, 0.2772906633560145, -0.15645807563605407, -0.7205873784194649, False
-5.682329597724559, -3.190003522872125, -1.2922315539207636, 0.2772906633560145, -0.15645807563605407, -0.7205873784194649, False
-2.102566158338302, 0.5242218578992199, -2.915750978961867, 0.2772906633560145, -0.15645807563605407, -0.7205873784194649, True
3.331722565184114, -2.4298810145472873, 0.1913147042548018, 0.2772906633560145, -0.15645807563605407, -0.7205873784194649, False
2.5702672245072726, -4.660983262151648, -2.632286720568556, 0.2772906633560145, -0.15645807563605407, -0.7205873784194649, False
-5.686149528461335, -3.7695765469326408, -0.49913877739832824, 0.2772906633560145, -0.15645807563605407, -0.7205873784194649, False
-2.246259627503165, -5.73499553960521, -1.5168147642212801, 0.2772906633560145, -0.15645807563605407, -0.7205873784194649, False
1.2307101069156818, 1.7142172120769388, -0.2525346461258109, 0.2772906633560145, -0.15645807563605407, -0.7205873784194649, False
-4.5512933664859645, 2.6134332342651074, 0.42034905922252364, 0.2772906633560145, -0.15645807563605407, -0.7205873784194649, False
-3.453048264241157, 5.432516980502184, 2.7475644938189845, 0.2772906633560145, -0.15645807563605407, -0.7205873784194649, False
-5.050293914058802, 2.3810925528321008, 1.6967735332726175, 0.2772906633560145, -0.15645807563605407, -0.7205873784194649, False
-2.525452159964388, -0.2562848109672933, -2.3024588845732765, 0.2772906633560145, -0.15645807563605407, -0.7205873784194649, False
5.329860460120813, 5.934790942636814, -2.7464850640864507, 0.2772906633560145, -0.15645807563605407, -0.7205873784194649, False
-3.4393038194101897, 3.6353876091961546, -0.4626831044178732, 0.2772906633560145, -0.15645807563605407, -0.7205873784194649, False
-2.4267742256453086, 1.3367312205012265, -1.9724027495981171, 0.2772906633560145, -0.15645807563605407, -0.7205873784194649, False
3.9688302997707563, -1.0843825619634524, 0.8870985339658404, 0.2772906633560145, -0.15645807563605407, -0.7205873784194649, False
-1.7748282697522129, 4.65821065628149, -1.8255249078715914, 0.2772906633560145, -0.15645807563605407, -0.7205873784194649, False
5.505709472468883, -1.4372652830809383, -2.2626898946253537, 0.2772906633560145, -0.15645807563605407, -0.7205873784194649, False
-2.5758387318837044, 5.267368479743654, -0.19450102627853294, 0.2772906633560145, -0.15645807563605407, -0.7205873784194649, False
3.0834103783452687, 5.109919125116795, 2.501904577762901, 0.2772906633560145, -0.15645807563605407, -0.7205873784194649, False
0.676653017510116, 5.539437769846446, 1.8012448756109976, 0.2772906633560145, -0.15645807563605407, -0.7205873784194649, False
-0.20851874231207468, -5.391266402709966, 2.8219503263984898, 0.2772906633560145, -0.15645807563605407, -0.7205873784194649, False
5.747336507616664, 3.880114385184637, -1.0959945163916402, 0.2772906633560145, -0.15645807563605407, -0.7205873784194649, False
1.5344098222486338, -3.2541323529148696, -0.6224317204782572, 0.2772906633560145, -0.15645807563605407, -0.7205873784194649, False
1.4591562763969481, -1.2656594949349653, 0.940270830604673, 0.2772906633560145, -0.15645807563605407, -0.7205873784194649, False
2.2048732483631603, -4.3536037818557185, -1.6592039719666998, 0.2772906633560145, -0.15645807563605407, -0.7205873784194649, False
-0.02317668131803785, 0.3786723573962636, 0.6227632801989333, 0.2772906633560145, -0.15645807563605407, -0.7205873784194649, False
-4.591497395648642, -3.2601971634002944, -1.2465814046623502, 0.2772906633560145, -0.15645807563605407, -0.7205873784194649, False
-3.300686786773867, -4.815319097279972, -0.1403124335748629, 0.2772906633560145, -0.15645807563605407, -0.7205873784194649, False
-0.7846004432714873, -5.742388043108742, -1.6876109453817794, 0.2772906633560145, -0.15645807563605407, -0.7205873784194649, False
-0.9303903570714649, -3.2369297617364814, -2.7145649776501704, 0.2772906633560145, -0.15645807563605407, -0.7205873784194649, False
-2.7442768126072536, 1.0728758006631924, 1.7029229482491512, 0.2772906633560145, -0.15645807563605407, -0.7205873784194649, False
4.5172230881228295, -0.5638242562323201, -0.6597149043530925, 0.2772906633560145, -0.15645807563605407, -0.7205873784194649, False
3.591994826974542, 2.7153402865767386, -1.279719393191709, 0.2772906633560145, -0.15645807563605407, -0.7205873784194649, False
-2.1667940403254233, -3.4592108791797216, -0.19019482336220328, 0.2772906633560145, -0.15645807563605407, -0.7205873784194649, False
-1.7361061004834735, -5.347080155085236, -1.8506870977157506, 0.2772906633560145, -0.15645807563605407, -0.7205873784194649, False
-3.5675195425614197, -3.1241982610017938, -1.9699286173830683, 0.2772906633560145, -0.15645807563605407, -0.7205873784194649, False
-3.598566787010606, -2.6800494087671, -1.6015437775553816, 0.2772906633560145, -0.15645807563605407, -0.7205873784194649, False
0.6899472270895277, 3.2228172746971335, 0.9720351763299915, 0.2772906633560145, -0.15645807563605407, -0.7205873784194649, False
0.1648325169508178, -5.277963592356236, -1.0041944228038902, 0.2772906633560145, -0.15645807563605407, -0.7205873784194649, False
-6.057596720304446, 2.531328006437633, 0.45803578669384537, 0.2772906633560145, -0.15645807563605407, -0.7205873784194649, False
0.6192888271475114, -6.066798367409655, 1.0661022976441341, 0.2772906633560145, -0.15645807563605407, -0.7205873784194649, False
1.9324409676138306, 4.514778127959589, 0.8875558641170063, 0.2772906633560145, -0.15645807563605407, -0.7205873784194649, False
-0.8856985457899764, -3.7071640227937093, 1.4559574310364285, 0.2772906633560145, -0.15645807563605407, -0.7205873784194649, False
5.6741517331401585, -1.7898915366796233, -0.9413504295649546, 0.2772906633560145, -0.15645807563605407, -0.7205873784194649, False
5.384819570677932, -4.846225235041402, -2.947513267126611, 0.2772906633560145, -0.15645807563605407, -0.7205873784194649, True
3.2935795866442046, -0.7876298942764643, -0.1757297520177734, 0.2772906633560145, -0.15645807563605407, -0.7205873784194649, False
-5.426528426225312, -3.5194579612262147, -0.1508008579957214, 0.2772906633560145, -0.15645807563605407, -0.7205873784194649, False
-5.09387772719768, -5.443938523579659, 2.8289463090954365, 0.2772906633560145, -0.15645807563605407, -0.7205873784194649, False
5.052736386373743, -0.594090997307573, -0.729307028350219, 0.2772906633560145, -0.15645807563605407, -0.7205873784194649, False
-1.8711559950429475, 3.5906098440384824, 0.46955791214711606, 0.2772906633560145, -0.15645807563605407, -0.7205873784194649, False
-1.9159000207640728, 4.732341216596417, 0.590594807831395, 0.2772906633560145, -0.15645807563605407, -0.7205873784194649, False
-3.0508892085746955, -3.53548906182677, 1.5232294711609162, 0.2772906633560145, -0.15645807563605407, -0.7205873784194649, False
4.981305343239107, 1.44158442757002, 0.37277012157285716, 0.2772906633560145, -0.15645807563605407, -0.7205873784194649, False
-2.181956881464675, -0.42651694446670074, 1.6758921539262381, 0.2772906633560145, -0.15645807563605407, -0.7205873784194649, False
-3.6013813077259043, 3.789900927201737, 1.7228181238133802, 0.2772906633560145, -0.15645807563605407, -0.7205873784194649, False
5.4901346284187245, -2.0636294821430026, -0.2395639696720373, 0.2772906633560145, -0.15645807563605407, -0.7205873784194649, False
-2.831687463119564, 5.605116554060846, 0.04826140741656726, 0.2772906633560145, -0.15645807563605407, -0.7205873784194649, False
-5.558311047682841, -2.539284050145839, -1.987253549420506, 0.2772906633560145, -0.15645807563605407, -0.7205873784194649, False
4.180755725107854, -3.550988937582447, 2.898087567947276, 0.2772906633560145, -0.15645807563605407, -0.7205873784194649, True
-4.320172093414044, -3.9444076709581104, -2.557939477888452, 0.2772906633560145, -0.15645807563605407, -0.7205873784194649, False
