0.08709813934205446, -4.398242734374405, 2.851188294866361, -0.2763701386995632, 0.4189521773265792, -0.5764059629192917, False
1.7767506535195725, -1.6169916171230625, 0.7295163408260215, -0.2763701386995632, 0.4189521773265792, -0.5764059629192917, False
-3.1608212418786827, -0.4118231041678966, 3.1204226456818454, -0.2763701386995632, 0.4189521773265792, -0.5764059629192917, True
-3.9240357990863943, 5.456651643435947, 1.3420493428907783, -0.2763701386995632, 0.4189521773265792, -0.5764059629192917, False
-4.976285477198832, 0.09040864785597957, 2.1640397063876273, -0.2763701386995632, 0.4189521773265792, -0.5764059629192917, False
-1.008908102365698, 1.605986580461228, 1.9358002211483445, -0.2763701386995632, 0.4189521773265792, -0.5764059629192917, False
1.3305290377921724, 6.267313714038664, 3.1098219523936397, -0.2763701386995632, 0.4189521773265792, -0.5764059629192917, True
-1.5097692799934546, 2.119870218170499, 1.8684990854941184, -0.2763701386995632, 0.4189521773265792, -0.5764059629192917, False
-2.29409974833584, -2.7904158793610634, 0.6190880514965023, -0.2763701386995632, 0.4189521773265792, -0.5764059629192917, False
-0.19531824983967905, 2.4276891240426455, -2.4889584804156875, -0.2763701386995632, 0.4189521773265792, -0.5764059629192917, False
4.060806302176141, -5.776947990098102, 0.6896994700188399, -0.2763701386995632, 0.4189521773265792, -0.5764059629192917, False
-3.4476888084547466, -1.397795444387369, -2.142718172584834, -0.2763701386995632, 0.4189521773265792, -0.5764059629192917, False
0.37940018488417326, 1.755644084576593, 1.7999564168660545, -0.2763701386995632, 0.4189521773265792, -0.5764059629192917, False
2.330160058402191, 0.7458607409367426, 0.157756309361214, -0.2763701386995632, 0.4189521773265792, -0.5764059629192917, True
-0.7661038874160866, -5.360767515457063, -1.9756600819416648, -0.2763701386995632, 0.4189521773265792, -0.5764059629192917, False
-1.5826230859068673, 1.0505161872096078, -2.948119095698379, -0.2763701386995632, 0.4189521773265792, -0.5764059629192917, True
-1.1633767447873131, 5.919518242180432, -1.93994161239011, -0.2763701386995632, 0.4189521773265792, -0.5764059629192917, False
3.8118828188818465, 5.909796852106535, -1.9907316012961809, -0.2763701386995632, 0.4189521773265792, -0.5764059629192917, False
-2.4071009021552334, -2.9198345829283916, -0.49313430638188693, -0.2763701386995632, 0.4189521773265792, -0.5764059629192917, False
4.546014636398823, 2.739514112304951, -1.5577809131231521, -0.2763701386995632, 0.4189521773265792, -0.5764059629192917, False
2.1218208950017186, 6.01490620762857, -1.211234003219047, -0.2763701386995632, 0.4189521773265792, -0.5764059629192917, False
-1.5322755924097855, 3.320587723469009, 2.1634299505765275, -0.2763701386995632, 0.4189521773265792, -0.5764059629192917, False
-1.1218583891813774, -6.024522878950121, 0.26943333330060515, -0.2763701386995632, 0.4189521773265792, -0.5764059629192917, False
0.9217446742014577, -1.4871586524287341, -1.4318729230079554, -0.2763701386995632, 0.4189521773265792, -0.5764059629192917, False
-0.5367740069940021, -2.763003960777993, -1.7116064771811972, -0.2763701386995632, 0.4189521773265792, -0.5764059629192917, False
4.817792332404908, -0.15184427007901924, 2.432216610580359, -0.2763701386995632, 0.4189521773265792, -0.5764059629192917, False
-1.468228582845975, 5.3359646756583885, 0.273600839113469, -0.2763701386995632, 0.4189521773265792, -0.5764059629192917, False
-1.231773595698849, 3.3795793916406076, 1.8571350410566065, -0.2763701386995632, 0.4189521773265792, -0.5764059629192917, False
0.6749990087567532, -3.8749501125673, 1.0749406612408583, -0.2763701386995632, 0.4189521773265792, -0.5764059629192917, False
0.46180275400165716, -4.105281239436389, -1.7199447752473562, -0.2763701386995632, 0.4189521773265792, -0.5764059629192917, False
-1.1622006872353268, 4.738077007716241, 1.7901751943233277, -0.2763701386995632, 0.4189521773265792, -0.5764059629192917, False
-1.6798318345056051, 1.8851419925745354, 0.5278853771430989, -0.2763701386995632, 0.4189521773265792, -0.5764059629192917, False
1.0353679412651182, -4.395533718695935, -2.300733732432647, -0.2763701386995632, 0.4189521773265792, -0.5764059629192917, False
-5.993819743909226, -6.272573609258664, 2.157344594996765, -0.2763701386995632, 0.4189521773265792, -0.5764059629192917, False
-5.731613715039188, 5.867911776810002, -1.5591848011236047, -0.2763701386995632, 0.4189521773265792, -0.5764059629192917, False
-1.4011248458027739, -0.9578205059420677, 1.5417601817676676, -0.2763701386995632, 0.4189521773265792, -0.5764059629192917, False
1.224494640049497, 1.9969001682144505, -3.0430263207729626, -0.2763701386995632, 0.4189521773265792, -0.5764059629192917, True
-2.0297489532441286, 4.465875068752641, -0.8585617653241604, -0.2763701386995632, 0.4189521773265792, -0.5764059629192917, False
-0.06999071264175871, -3.997296028143891, -0.5047100589734907, -0.2763701386995632, 0.4189521773265792, -0.5764059629192917, False
3.5945372541939733, -3.9197524393612966, 2.5509695497955898, -0.2763701386995632, 0.4189521773265792, -0.5764059629192917, False
-6.191233958511237, -1.7591891460083637, 1.2145756583566358, -0.2763701386995632, 0.4189521773265792, -0.5764059629192917, False
-0.0766037854450774, -1.3303580063595541, -1.5845916900427497, -0.2763701386995632, 0.4189521773265792, -0.5764059629192917, False
-0.9648389080378861, 1.062239134764316, -1.5537336507458437, -0.2763701386995632, 0.4189521773265792, -0.5764059629192917, False
2.4122095827370575, 0.6449152126879669, 1.3991352280812919, -0.2763701386995632, 0.4189521773265792, -0.5764059629192917, False
-5.316954975352, -3.0947145601457304, -1.913429564298791, -0.2763701386995632, 0.4189521773265792, -0.5764059629192917, False
6.186853612134328, 0.8089486866859898, -0.015227286625111525, -0.2763701386995632, 0.4189521773265792, -0.5764059629192917, False
3.3338826113322337, 4.394221739615697, -0.03725126617997976, -0.2763701386995632, 0.4189521773265792, -0.5764059629192917, False
-1.259257682816476, 3.62821840228505, -1.8978080522746748, -0.2763701386995632, 0.4189521773265792, -0.5764059629192917, False
-4.7022909631017935, 1.19797886297901, 1.709142429162826, -0.2763701386995632, 0.4189521773265792, -0.5764059629192917, False
-2.2208831660256623, -0.01019898664803165, -2.9124067566863565, -0.2763701386995632, 0.4189521773265792, -0.5764059629192917, True
-2.2691364436904715, 1.9317424067281692, -2.2638906953115314, -0.2763701386995632, 0.4189521773265792, -0.5764059629192917, False
5.947098664086372, -2.291049195445803, -2.3460682029813706, -0.2763701386995632, 0.4189521773265792, -0.5764059629192917, False
-5.749562551974623, 6.273389934778205, -2.547115617155593, -0.2763701386995632, 0.4189521773265792, -0.5764059629192917, False
-2.820247328286956, -6.0978414665286005, 2.3817821221519777, -0.2763701386995632, 0.4189521773265792, -0.5764059629192917, False
2.9694426563951026, 4.034747316075048, -2.896241286273721, -0.2763701386995632, 0.4189521773265792, -0.5764059629192917, False
-5.843574695906521, 0.0631421709989981, -1.8809897586866327, -0.2763701386995632, 0.4189521773265792, -0.5764059629192917, False
-1.7629405287901134, 0.2153484854451504, -0.5284715611988453, -0.2763701386995632, 0.4189521773265792, -0.5764059629192917, False
-5.111584065153323, 2.7183681794187446, 0.7331745339988833, -0.2763701386995632, 0.4189521773265792, -0.5764059629192917, False
-4.7269296565640015, -3.563865527324208, 1.6166353545069638, -0.2763701386995632, 0.4189521773265792, -0.5764059629192917, False
-4.8209567617324085, -5.691029274083602, 1.0456194562506393, -0.2763701386995632, 0.4189521773265792, -0.5764059629192917, False
-0.372458756408526, 1.629417821764692, -2.3504238742801555, -0.2763701386995632, 0.4189521773265792, -0.5764059629192917, False
-1.0330728374823153, -2.12384325662215, -1.1932398575892031, -0.2763701386995632, 0.4189521773265792, -0.5764059629192917, False
0.30088615467027235, 5.702453020999863, 0.06284217479079679, -0.2763701386995632, 0.4189521773265792, -0.5764059629192917, False
-5.199668883876587, -2.7732852508346797, 1.542913671854584, -0.2763701386995632, 0.4189521773265792, -0.5764059629192917, False
-4.393669904809499, 1.3126779659069072, 0.5428604455984045, -0.2763701386995632, 0.4189521773265792, -0.5764059629192917, False
-3.6680321927115696, -2.097855595922179, -1.1376575802006004, -0.2763701386995632, 0.4189521773265792, -0.5764059629192917, False
0.9073977250855867, 6.219525277023001, -0.24489568368304404, -0.2763701386995632, 0.4189521773265792, -0.5764059629192917, False
-0.12971264029176144, -2.9476712214516025, 1.4622130563381024, -0.2763701386995632, 0.4189521773265792, -0.5764059629192917, False
4.292180969335922, -1.0579421762666765, 0.3606946912678639, -0.2763701386995632, 0.4189521773265792, -0.5764059629192917, False
5.0056297613869525, -0.5871930095574065, 0.3595264574769783, -0.2763701386995632, 0.4189521773265792, -0.5764059629192917, False
1.100936143818931, -1.0141444576614784, 0.10803848633959312, -0.2763701386995632, 0.4189521773265792, -0.5764059629192917, False
-2.112515144556954, -6.131999840561101, -1.4479112099168907, -0.2763701386995632, 0.4189521773265792, -0.5764059629192917, False
-3.452262032533116, -1.3702564290087107, -2.5557840884235423, -0.2763701386995632, 0.4189521773265792, -0.5764059629192917, False
-3.1959345136833646, 2.3343782745117565, -0.1689686246268689, -0.2763701386995632, 0.4189521773265792, -0.5764059629192917, False
4.670162984080617, 5.014246052309835, -2.833454994442729, -0.2763701386995632, 0.4189521773265792, -0.5764059629192917, False
3.9132858878006314, 4.571136435742019, 1.4728223533841565, -0.2763701386995632, 0.4189521773265792, -0.5764059629192917, False
1.666155576650743, -4.764540005022839, -0.532198409808164, -0.2763701386995632, 0.4189521773265792, -0.5764059629192917, False
-3.2949064454479204, 3.048071150688129, -1.550435171535979, -0.2763701386995632, 0.4189521773265792, -0.5764059629192917, False
-5.945213305128915, -0.3738190464610627, -0.7225124297543308, -0.2763701386995632, 0.4189521773265792, -0.5764059629192917, False
2.4075097274170485, -4.226512969762931, -2.4973088588284216, -0.2763701386995632, 0.4189521773265792, -0.5764059629192917, False
3.6763850280966572, 2.41733521689984, -1.2253851676766605, -0.2763701386995632, 0.4189521773265792, -0.5764059629192917, False
-6.206817780111675, -3.2819464712136863, 2.646713795348127, -0.2763701386995632, 0.4189521773265792, -0.5764059629192917, False
-3.0257097648291817, 3.620015267625721, 2.688296280868859, -0.2763701386995632, 0.4189521773265792, -0.5764059629192917, False
1.771252382832282, -5.842126827558681, 3.1002058893470945, -0.2763701386995632, 0.4189521773265792, -0.5764059629192917, True
-4.622742068435649, -3.986433792055835, 1.3352626912703638, -0.2763701386995632, 0.4189521773265792, -0.5764059629192917, False
-4.633798903172961, 2.9863044099140357, 0.4700954337785146, -0.2763701386995632, 0.4189521773265792, -0.5764059629192917, False
2.359206076241067, -1.678666205852835, 1.8250500025999967, -0.2763701386995632, 0.4189521773265792, -0.5764059629192917, False
2.5284649621417365, -3.257435591086451, 1.8994534050996332, -0.2763701386995632, 0.4189521773265792, -0.5764059629192917, False
4.743156417270388, -4.860634579813409, 1.717273432055248, -0.2763701386995632, 0.4189521773265792, -0.5764059629192917, False
-2.3176007765411346, 1.3617107412393565, 2.8876588937848204, -0.2763701386995632, 0.4189521773265792, -0.5764059629192917, True
0.41098489069502264, 3.6506035108753245, -1.3734155623868938, -0.2763701386995632, 0.4189521773265792, -0.5764059629192917, False
4.179010432159412, -3.0213403184477814, -1.2571993061472642, -0.2763701386995632, 0.4189521773265792, -0.5764059629192917, False
2.7514408704651228, 0.6592937231853568, -2.0636772490771853, -0.2763701386995632, 0.4189521773265792, -0.5764059629192917, False
4.705932625106703, -4.0379522585213214, -1.8564769990568302, -0.2763701386995632, 0.4189521773265792, -0.5764059629192917, False
-1.9096709881382221, -3.325772944898962, 0.712985288561665, -0.2763701386995632, 0.4189521773265792, -0.5764059629192917, False
-0.05804072642634939, 3.931191825824154, -1.361123731442598, -0.2763701386995632, 0.4189521773265792, -0.5764059629192917, False
-1.1640084300824345, 3.5625362109383705, -2.0584210640987006, -0.2763701386995632, 0.4189521773265792, -0.5764059629192917, False
3.6713739734455295, 0.803189175616918, -2.9420639535120703, -0.2763701386995632, 0.4189521773265792, -0.5764059629192917, True
6.088261655262363, 2.36716061740748, 2.7376239961305346, -0.2763701386995632, 0.4189521773265792, -0.5764059629192917, False
-5.5371188824573725, 1.8434198004547007, -1.75969998843531, -0.2763701386995632, 0.4189521773265792, -0.5764059629192917, False
