2.5120285831774396, 2.5351655919288163, -2.5400901440387162, 0.19412149990717764, -0.4577574630289353, 0.30261988840952747, True
-2.329855861808904, -2.281679289700433, 2.392111607040193, 0.19412149990717764, -0.4577574630289353, 0.30261988840952747, False
4.246238467160028, 5.880738567346681, -1.8465909465477168, 0.19412149990717764, -0.4577574630289353, 0.30261988840952747, False
4.530361351948072, -0.6027144468372434, -2.8320178270163345, 0.19412149990717764, -0.4577574630289353, 0.30261988840952747, True
3.06543096236366, -0.06993141120737789, -0.915595244760119, 0.19412149990717764, -0.4577574630289353, 0.30261988840952747, False
-2.7544475043356247, -1.641538403421439, 0.4338725988531036, 0.19412149990717764, -0.4577574630289353, 0.30261988840952747, False
-4.20094561708199, 5.446682870869736, 1.6059103035388897, 0.19412149990717764, -0.4577574630289353, 0.30261988840952747, False
2.4177910014165978, 0.9142388533111987, 3.092045558866894, 0.19412149990717764, -0.4577574630289353, 0.30261988840952747, True
-5.2944527403465695, 2.605117291682305, -2.7303004789313685, 0.19412149990717764, -0.4577574630289353, 0.30261988840952747, True
0.3337772498480547, -3.9966194169126417, 0.4420090851424403, 0.19412149990717764, -0.4577574630289353, 0.30261988840952747, True
3.1159908259931868, -2.7191021148892327, -2.0215013645109066, 0.19412149990717764, -0.4577574630289353, 0.30261988840952747, True
-5.523363034931417, 1.094221364622129, 1.54289124755796, 0.19412149990717764, -0.4577574630289353, 0.30261988840952747, True
-5.596743466208839, 2.5500483800696117, -0.49999504487149027, 0.19412149990717764, -0.4577574630289353, 0.30261988840952747, True
3.585756594709478, 4.824330394023084, 1.6506905728182417, 0.19412149990717764, -0.4577574630289353, 0.30261988840952747, False
5.208137064364889, 3.170817780332584, -0.8089926111465138, 0.19412149990717764, -0.4577574630289353, 0.30261988840952747, True
2.391905413946592, -0.22543447304599873, -1.8924987956712407, 0.19412149990717764, -0.4577574630289353, 0.30261988840952747, False
-2.9616631161525184, 1.4552152529598867, 0.38533023221349794, 0.19412149990717764, -0.4577574630289353, 0.30261988840952747, True
-0.004469405069721155, 0.6069996419260706, -0.39100174299427914, 0.19412149990717764, -0.4577574630289353, 0.30261988840952747, True
-2.077079687539242, -5.360716065168668, 1.5809441956609938, 0.19412149990717764, -0.4577574630289353, 0.30261988840952747, True
3.15065398024848, 3.787249001820328, 0.737975357695225, 0.19412149990717764, -0.4577574630289353, 0.30261988840952747, False
-1.7045948007550695, -5.013825582157554, -2.4039038853471384, 0.19412149990717764, -0.4577574630289353, 0.30261988840952747, True
-0.2895979823166748, -0.012841478911962412, 1.1156891762742989, 0.19412149990717764, -0.4577574630289353, 0.30261988840952747, True
-2.9698482296561135, 3.335361826277529, -2.9406514775376302, 0.19412149990717764, -0.4577574630289353, 0.30261988840952747, True
4.514251954286184, 0.2765538405044836, 2.549318905221357, 0.19412149990717764, -0.4577574630289353, 0.30261988840952747, True
-3.6148917013053183, 1.414959592331929, -2.5411439238959734, 0.19412149990717764, -0.4577574630289353, 0.30261988840952747, True
1.4717881807860431, 0.09695375760138969, -1.4020046174145138, 0.19412149990717764, -0.4577574630289353, 0.30261988840952747, False
-5.576781788122433, 0.47254606930022813, -1.2915203688736134, 0.19412149990717764, -0.4577574630289353, 0.30261988840952747, True
4.070425609869538, -5.5444905224594505, 1.3435784969610785, 0.19412149990717764, -0.4577574630289353, 0.30261988840952747, True
3.8045913374224174, 4.786110348609707, -2.733246125303166, 0.19412149990717764, -0.4577574630289353, 0.30261988840952747, False
1.650798530244514, 2.568524142703364, 1.4345535304115042, 0.19412149990717764, -0.4577574630289353, 0.30261988840952747, True
3.439185953650856, 5.242355066985432, -1.799149171417473, 0.19412149990717764, -0.4577574630289353, 0.30261988840952747, False
1.2061295462541795, -4.884057362459718, -3.0933392778536866, 0.19412149990717764, -0.4577574630289353, 0.30261988840952747, True
4.693804548260633, -2.189839805108676, 0.15436138355342832, 0.19412149990717764, -0.4577574630289353, 0.30261988840952747, False
-2.442335483912628, -4.955882485647148, 0.9433599909975197, 0.19412149990717764, -0.4577574630289353, 0.30261988840952747, True
-3.954252284549787, -1.132351854707058, 1.9190666923340745, 0.19412149990717764, -0.4577574630289353, 0.30261988840952747, False
4.528488868124253, 4.721083446739327, -3.0227091075330486, 0.19412149990717764, -0.4577574630289353, 0.30261988840952747, True
2.680819773224094, 6.022291406848728, -2.0627132394610204, 0.19412149990717764, -0.4577574630289353, 0.30261988840952747, False
3.549437084347419, 5.514197584586205, 2.9759759094028597, 0.19412149990717764, -0.4577574630289353, 0.30261988840952747, True
0.411399946345707, -4.2724982992101275, -2.6815445627732983, 0.19412149990717764, -0.4577574630289353, 0.30261988840952747, True
1.2742766223798911, -3.4025792859000785, 3.10716059473722, 0.19412149990717764, -0.4577574630289353, 0.30261988840952747, True
1.7343119177418647, -5.027386624935468, 0.9524438328161438, 0.19412149990717764, -0.4577574630289353, 0.30261988840952747, True
3.525949806921469, -1.952269416696744, -2.676613460506047, 0.19412149990717764, -0.4577574630289353, 0.30261988840952747, False
-2.802337277688258, 3.3388804636462854, -2.8401916286008504, 0.19412149990717764, -0.4577574630289353, 0.30261988840952747, True
0.260116896527391, 1.7098935851093175, -0.393906183984281, 0.19412149990717764, -0.4577574630289353, 0.30261988840952747, True
3.0895081289244395, -1.790693663882041, -2.0796532917752453, 0.19412149990717764, -0.4577574630289353, 0.30261988840952747, False
-1.5618783103275202, 5.085987219407006, 2.3814953264679284, 0.19412149990717764, -0.4577574630289353, 0.30261988840952747, False
-2.227506947496714, -3.8619305945157176, -2.4178836962756196, 0.19412149990717764, -0.4577574630289353, 0.30261988840952747, True
-2.363918708668946, -0.3144958460792173, -1.9394302141609852, 0.19412149990717764, -0.4577574630289353, 0.30261988840952747, False
3.357641825969564, -1.2646605148145422, 1.18436533478262, 0.19412149990717764, -0.4577574630289353, 0.30261988840952747, False
-2.4771109207509032, 1.540233306458176, 1.8297486703404529, 0.19412149990717764, -0.4577574630289353, 0.30261988840952747, True
-0.9842158497863727, 5.66096370410888, -2.1597785228740496, 0.19412149990717764, -0.4577574630289353, 0.30261988840952747, False
0.5906328693144491, 0.3211831034238424, -1.0427509928938936, 0.19412149990717764, -0.4577574630289353, 0.30261988840952747, True
4.278044438334478, 4.040799224719747, 1.3789772745674975, 0.19412149990717764, -0.4577574630289353, 0.30261988840952747, False
-3.3860946373399976, -4.829719297714871, 2.905805608573381, 0.19412149990717764, -0.4577574630289353, 0.30261988840952747, True
1.9872862414509047, 4.6930251080071095, -2.833207908435393, 0.19412149990717764, -0.4577574630289353, 0.30261988840952747, False
0.8463654918842236, 4.329927910362915, -0.5385712357488979, 0.19412149990717764, -0.4577574630289353, 0.30261988840952747, False
0.40941888325435105, -1.6836871868411523, 1.960197987549516, 0.19412149990717764, -0.4577574630289353, 0.30261988840952747, False
0.6881295936443079, -0.853591145273823, 0.3453198109332942, 0.19412149990717764, -0.4577574630289353, 0.30261988840952747, False
-1.2553869756647318, -1.4062913054211919, -1.1767124328544878, 0.19412149990717764, -0.4577574630289353, 0.30261988840952747, False
3.206701707665667, -1.3424393325547763, 0.6626356991339133, 0.19412149990717764, -0.4577574630289353, 0.30261988840952747, False
0.41775737527642853, 1.7454686685665894, -2.185782666634106, 0.19412149990717764, -0.4577574630289353, 0.30261988840952747, True
-2.080274675422956, 4.307677168264382, -2.330097101593745, 0.19412149990717764, -0.4577574630289353, 0.30261988840952747, False
5.387380220061326, -5.118047087109707, 2.54172776113138, 0.19412149990717764, -0.4577574630289353, 0.30261988840952747, True
1.9379182875119056, -0.5566325885384602, -0.32107300515693016, 0.19412149990717764, -0.4577574630289353, 0.30261988840952747, False
4.515497115260077, 5.067762809515537, -2.132922059132314, 0.19412149990717764, -0.4577574630289353, 0.30261988840952747, False
5.179503423796072, 5.124463715653679, -2.9866796979635106, 0.19412149990717764, -0.4577574630289353, 0.30261988840952747, True
-0.5925457078638239, 2.019083500938656, 1.2088191349367898, 0.19412149990717764, -0.4577574630289353, 0.30261988840952747, True
0.8214513314759113, 2.762250810548288, -1.305002453876564, 0.19412149990717764, -0.4577574630289353, 0.30261988840952747, True
-2.6185254792802186, 1.8992671245044033, 0.2435913367146143, 0.19412149990717764, -0.4577574630289353, 0.30261988840952747, True
-4.739268730211223, -5.670088031848283, -2.6189077269228433, 0.19412149990717764, -0.4577574630289353, 0.30261988840952747, True
2.121407661740971, 2.7561710775767896, -0.5493522375414721, 0.19412149990717764, -0.4577574630289353, 0.30261988840952747, True
-1.879620267461532, 3.5719428898819423, 2.8861853650459173, 0.19412149990717764, -0.4577574630289353, 0.30261988840952747, False
-3.2607941672082843, -5.068200410609097, 1.9821501736447216, 0.19412149990717764, -0.4577574630289353, 0.30261988840952747, True
1.7841949198379172, 5.845179868787797, 2.509723187478782, 0.19412149990717764, -0.4577574630289353, 0.30261988840952747, True
-1.4735307656003176, 3.4643187963706374, -2.2655609733451403, 0.19412149990717764, -0.4577574630289353, 0.30261988840952747, True
2.2590976483574945, -4.966472929664417, -0.3620893001089813, 0.19412149990717764, -0.4577574630289353, 0.30261988840952747, True
-3.0184451416676934, 5.892044193426431, 1.9441293455832778, 0.19412149990717764, -0.4577574630289353, 0.30261988840952747, True
-5.817944251574025, -5.5905359017843175, -0.9802188976479731, 0.19412149990717764, -0.4577574630289353, 0.30261988840952747, True
-5.495652823079842, -1.881913776091812, 2.4251155828441675, 0.19412149990717764, -0.4577574630289353, 0.30261988840952747, False
-2.524002549097531, 3.728725440135795, -2.574586106171464, 0.19412149990717764, -0.4577574630289353, 0.30261988840952747, True
4.382708965552764, -5.077508109572061, -2.935284524819365, 0.19412149990717764, -0.4577574630289353, 0.30261988840952747, True
5.989029738240923, 1.7902938715876626, -0.7572588906967717, 0.19412149990717764, -0.4577574630289353, 0.30261988840952747, True
-5.7992426027686115, 3.316663016131912, 1.3418447408023644, 0.19412149990717764, -0.4577574630289353, 0.30261988840952747, False
2.3912747891974604, -1.854441859050893, 0.04872758773618857, 0.19412149990717764, -0.4577574630289353, 0.30261988840952747, False
-1.7695037168887469, -2.7197570927058785, -2.1509222125415643, 0.19412149990717764, -0.4577574630289353, 0.30261988840952747, True
-2.695763144917605, 4.8040900220780784, 1.4241837367897006, 0.19412149990717764, -0.4577574630289353, 0.30261988840952747, False
5.605108891851128, 3.8759205849784912, -1.2752100430081128, 0.19412149990717764, -0.4577574630289353, 0.30261988840952747, False
-1.3129511675397376, 4.425436943762882, -2.9678884950412576, 0.19412149990717764, -0.4577574630289353, 0.30261988840952747, True
5.720314205225609, -2.736196682086589, 1.669387536979845, 0.19412149990717764, -0.4577574630289353, 0.30261988840952747, False
-2.108955110241329, -1.5317514978566242, 2.457537988444928, 0.19412149990717764, -0.4577574630289353, 0.30261988840952747, False
4.902548184153909, 0.7105814438869142, 0.8237540920570288, 0.19412149990717764, -0.4577574630289353, 0.30261988840952747, True
2.5389472065541128, -0.32857311515340726, 0.09213369962465112, 0.19412149990717764, -0.4577574630289353, 0.30261988840952747, False
-0.1851532078035758, 0.08239617664519283, -0.8274980340524314, 0.19412149990717764, -0.4577574630289353, 0.30261988840952747, False
-5.339597796627751, 4.35942914869425, -2.6857986538326424, 0.19412149990717764, -0.4577574630289353, 0.30261988840952747, False
4.811783430981357, 4.5739805106993305, -2.6887441184439327, 0.19412149990717764, -0.4577574630289353, 0.30261988840952747, False
4.650176520367975, -4.113128642804666, 2.504619194397831, 0.19412149990717764, -0.4577574630289353, 0.30261988840952747, True
-6.114314646514178, -4.940275912953974, -0.16063764062893338, 0.19412149990717764, -0.4577574630289353, 0.30261988840952747, True
-5.228662335290037, -6.176371388727185, -0.7519436639767361, 0.19412149990717764, -0.4577574630289353, 0.30261988840952747, False
-0.6606139812351843, -3.828953941552556, 0.3187218972062489, 0.19412149990717764, -0.4577574630289353, 0.30261988840952747, True
5.864830405635741, -3.9823122817380425, 0.5443805731882145, 0.19412149990717764, -0.4577574630289353, 0.30261988840952747, True
5.741156729381656, 0.6886734912698662, 1.4145081843027691, 0.19412149990717764, -0.4577574630289353, 0.30261988840952747, True
2.6127187133788397, -2.6037947037948497, -3.035985669628256, 0.19412149990717764, -0.4577574630289353, 0.30261988840952747, True
-2.1749939579386552, 5.496846147955779, -1.4689586363471046, 0.19412149990717764, -0.4577574630289353, 0.30261988840952747, False
4.217121602244635, -4.532412581020609, 1.2463005688502795, 0.19412149990717764, -0.4577574630289353, 0.30261988840952747, True
0.3015585552875226, 4.513487116891904, 0.4238487459633866, 0.19412149990717764, -0.4577574630289353, 0.30261988840952747, False
3.0886051453147534, -6.206554519582045, 0.61257119697254, 0.19412149990717764, -0.4577574630289353, 0.30261988840952747, True
-3.835183982161324, 5.258977517098167, 0.09476091191429559, 0.19412149990717764, -0.4577574630289353, 0.30261988840952747, False
4.801731027885108, -4.7946678817149175, 0.9604446623801932, 0.19412149990717764, -0.4577574630289353, 0.30261988840952747, True
-5.314069634633804, -5.16023600807089, 1.6205537495054347, 0.19412149990717764, -0.4577574630289353, 0.30261988840952747, True
3.0882777436798854, -3.1970992951837953, 0.16560706658341662, 0.19412149990717764, -0.4577574630289353, 0.30261988840952747, False
-5.961964281285592, 1.5179222404273984, 2.827118763317622, 0.19412149990717764, -0.4577574630289353, 0.30261988840952747, True
2.03678876956028, -4.450919189838032, 0.12126576099952313, 0.19412149990717764, -0.4577574630289353, 0.30261988840952747, True
3.5486179593658598, -2.8701316550747453, -2.613131358406127, 0.19412149990717764, -0.4577574630289353, 0.30261988840952747, True
-4.842498306473776, 2.333670773401604, 0.9050868078063923, 0.19412149990717764, -0.4577574630289353, 0.30261988840952747, True
-1.1415004150761314, 3.291676876566676, 2.285488131896515, 0.19412149990717764, -0.4577574630289353, 0.30261988840952747, False
3.604623514404288, -4.203242916407737, -0.33314920524495184, 0.19412149990717764, -0.4577574630289353, 0.30261988840952747, True
-3.8358663610365675, 3.6824540178083858, -1.28716385219903, 0.19412149990717764, -0.4577574630289353, 0.30261988840952747, True
3.614837656655574, -3.884219712896073, -1.9451498841743295, 0.19412149990717764, -0.4577574630289353, 0.30261988840952747, True
3.930523852768424, 2.9302852850629915, -3.0591076570111753, 0.19412149990717764, -0.4577574630289353, 0.30261988840952747, True
-2.272025172927969, 3.1914880110164017, 1.3483878088841816, 0.19412149990717764, -0.4577574630289353, 0.30261988840952747, False
-5.023053001246109, -5.782847526406578, 2.7341363817277955, 0.19412149990717764, -0.4577574630289353, 0.30261988840952747, True
-2.8972994369741016, 4.59425301280031, -0.18375723646160225, 0.19412149990717764, -0.4577574630289353, 0.30261988840952747, False
3.5475141213617167, -3.9333234349646737, 2.020996034885635, 0.19412149990717764, -0.4577574630289353, 0.30261988840952747, True
-3.822138013765589, -4.966039707965565, -1.9322583482864049, 0.19412149990717764, -0.4577574630289353, 0.30261988840952747, True
5.995957452877825, 0.7820576727682118, 0.08420273963293656, 0.19412149990717764, -0.4577574630289353, 0.30261988840952747, True
-5.665116913003257, -5.717171601074988, -2.631643161109383, 0.19412149990717764, -0.4577574630289353, 0.30261988840952747, True
-1.1188765142355628, -5.778948561374505, -0.319692144424935, 0.19412149990717764, -0.4577574630289353, 0.30261988840952747, True
4.819280910860664, 0.22446589625091917, -0.047971315707489026, 0.19412149990717764, -0.4577574630289353, 0.30261988840952747, True
-4.841428365344536, 2.980564619527886, 1.7728924053397952, 0.19412149990717764, -0.4577574630289353, 0.30261988840952747, True
4.554987501072599, -1.7214480945825086, 0.9086676077285238, 0.19412149990717764, -0.4577574630289353, 0.30261988840952747, False
-3.207973157440588, -1.1840345784066777, 1.8015007988492329, 0.19412149990717764, -0.4577574630289353, 0.30261988840952747, False
-1.6963162561798706, 4.120406824413934, 0.9609432923463803, 0.19412149990717764, -0.4577574630289353, 0.30261988840952747, False
2.115097033511187, -2.6195814683935925, 0.7578672393289843, 0.19412149990717764, -0.4577574630289353, 0.30261988840952747, True
2.9963542163180286, 1.2414659275704532, 0.21934827673505275, 0.19412149990717764, -0.4577574630289353, 0.30261988840952747, True
-0.1135470213207217, 3.9219881435935537, -2.862929338747134, 0.19412149990717764, -0.4577574630289353, 0.30261988840952747, False
2.683363636235619, -3.7007857668519746, -2.645151640625354, 0.19412149990717764, -0.4577574630289353, 0.30261988840952747, True
5.05618422594142, -2.131409298254199, -1.8372331507722124, 0.19412149990717764, -0.4577574630289353, 0.30261988840952747, False
-4.1343329260459285, 4.506726087578622, -1.5272210807632756, 0.19412149990717764, -0.4577574630289353, 0.30261988840952747, False
-4.7561492776567, 2.333246355972424, -2.066188132521657, 0.19412149990717764, -0.4577574630289353, 0.30261988840952747, True
5.833169152390997, 2.9749978649998194, 2.249462339671652, 0.19412149990717764, -0.4577574630289353, 0.30261988840952747, True
4.519050419873269, -0.8200095874484035, -2.1032326982879184, 0.19412149990717764, -0.4577574630289353, 0.30261988840952747, True
6.008994346799488, 1.4190623362851165, -0.12097882930894377, 0.19412149990717764, -0.4577574630289353, 0.30261988840952747, True
5.718737161936719, 2.45802216205834, -2.6133589444677954, 0.19412149990717764, -0.4577574630289353, 0.30261988840952747, True
-5.763453799449509, -0.9464458783330141, 0.9720274192295246, 0.19412149990717764, -0.4577574630289353, 0.30261988840952747, False
-4.772398645752453, -3.3440113824230893, -1.591139379799413, 0.19412149990717764, -0.4577574630289353, 0.30261988840952747, True
-3.223214355502473, -5.271299276591586, -0.6860321576997386, 0.19412149990717764, -0.4577574630289353, 0.30261988840952747, True
-2.6506066538200357, 5.542635178017772, 2.777094451328531, 0.19412149990717764, -0.4577574630289353, 0.30261988840952747, False
-2.359861909673159, -2.227139545050605, 1.7559812611953047, 0.19412149990717764, -0.4577574630289353, 0.30261988840952747, False
5.164020830613291, 0.4390718487038274, -0.9103995433118732, 0.19412149990717764, -0.4577574630289353, 0.30261988840952747, True
-2.8229850053934755, -3.37220159488574, 1.6387195829800323, 0.19412149990717764, -0.4577574630289353, 0.30261988840952747, True
-5.520158364220926, -5.813134749058355, 0.389163346294481, 0.19412149990717764, -0.4577574630289353, 0.30261988840952747, True
-5.878685412209133, -5.231127805732946, -1.9791041056043184, 0.19412149990717764, -0.4577574630289353, 0.30261988840952747, True
5.9219905468930065, -3.816346380800576, -0.5163280112068276, 0.19412149990717764, -0.4577574630289353, 0.30261988840952747, True
3.995907908751997, 2.334536025790909, 2.970218080762021, 0.19412149990717764, -0.4577574630289353, 0.30261988840952747, True
-3.16293763891345, 4.512652842777985, 1.051347397766822, 0.19412149990717764, -0.4577574630289353, 0.30261988840952747, False
2.085781287509384, 5.925880772102962, 2.1999191012706927, 0.19412149990717764, -0.4577574630289353, 0.30261988840952747, True
-2.0945324385245163, 4.445570778173115, -0.9267435268944277, 0.19412149990717764, -0.4577574630289353, 0.30261988840952747, False
-4.889217920715474, -3.300038824840538, 0.7824171444040076, 0.19412149990717764, -0.4577574630289353, 0.30261988840952747, True
-3.2829369751639206, -4.749051865187581, 1.819275656197025, 0.19412149990717764, -0.4577574630289353, 0.30261988840952747, True
0.45380717806957005, -4.970615465518358, -0.32214147448589436, 0.19412149990717764, -0.4577574630289353, 0.30261988840952747, True
0.4974620687559055, -3.870613183424137, 2.4056429346203485, 0.19412149990717764, -0.4577574630289353, 0.30261988840952747, True
-3.9783752389956217, 0.16039096581851986, -1.359796602478244, 0.19412149990717764, -0.4577574630289353, 0.30261988840952747, True
3.5909416636733678, 6.248535072572253, 2.847502674751512, 0.19412149990717764, -0.4577574630289353, 0.30261988840952747, True
-0.05420709779779376, 2.1390661263598343, -1.106252884712271, 0.19412149990717764, -0.4577574630289353, 0.30261988840952747, True
-5.886120626205358, 3.0225152723692474, -2.5975752753146004, 0.19412149990717764, -0.4577574630289353, 0.30261988840952747, True
-2.4566641573457733, 1.1626327496701139, -2.682038370495319, 0.19412149990717764, -0.4577574630289353, 0.30261988840952747, True
-3.3529575840028034, -5.0633231723378005, -1.1878753358370993, 0.19412149990717764, -0.4577574630289353, 0.30261988840952747, True
-5.581613351823548, 1.7847100750496256, 2.573947606438124, 0.19412149990717764, -0.4577574630289353, 0.30261988840952747, True
-0.05661136147806367, -4.325654988618731, -0.7206132474492577, 0.19412149990717764, -0.4577574630289353, 0.30261988840952747, True
-0.3787636525603819, -4.848937656728431, 2.079332487877239, 0.19412149990717764, -0.4577574630289353, 0.30261988840952747, True
2.4386519859894396, 1.2148278812519777, 2.9823514333236023, 0.19412149990717764, -0.4577574630289353, 0.30261988840952747, True
-1.7362328684197053, -5.828768372744344, 1.4407474760982826, 0.19412149990717764, -0.4577574630289353, 0.30261988840952747, True
-0.9346944153803491, 4.444847649765059, 0.6734984187323461, 0.19412149990717764, -0.4577574630289353, 0.30261988840952747, False
-4.525158942253604, -0.9555101237932195, 0.46803675384157417, 0.19412149990717764, -0.4577574630289353, 0.30261988840952747, False
0.22892586031871787, 4.660030044560342, 2.726574028925305, 0.19412149990717764, -0.4577574630289353, 0.30261988840952747, False
4.365303896839345, -6.021229348507296, 1.3577981429021388, 0.19412149990717764, -0.4577574630289353, 0.30261988840952747, True
5.639069676493033, 3.163526470136981, 1.4382856507993775, 0.19412149990717764, -0.4577574630289353, 0.30261988840952747, False
-3.5307968139015586, -1.7521398121598866, 1.5599352660101564, 0.19412149990717764, -0.4577574630289353, 0.30261988840952747, False
-0.8712289895917484, -5.708185381325493, 2.1586166583489277, 0.19412149990717764, -0.4577574630289353, 0.30261988840952747, True
-1.21657820467901, -3.246353301841404, 0.935124056833744, 0.19412149990717764, -0.4577574630289353, 0.30261988840952747, False
2.0055129700895726, 2.1236728493422685, 2.4665939084840893, 0.19412149990717764, -0.4577574630289353, 0.30261988840952747, True
-0.06396284721586376, -2.4252567285822937, -1.1767429192600498, 0.19412149990717764, -0.4577574630289353, 0.30261988840952747, False
-2.4692468017307596, 5.717624398688871, -3.112114983216627, 0.19412149990717764, -0.4577574630289353, 0.30261988840952747, True
-3.223001753831224, 6.101809712226052, -2.2574040780216422, 0.19412149990717764, -0.4577574630289353, 0.30261988840952747, False
2.2674731555477816, -2.1432436685239553, -0.5298931895839174, 0.19412149990717764, -0.4577574630289353, 0.30261988840952747, False
-4.310818798380355, 2.0098532561205005, 0.42556475750490064, 0.19412149990717764, -0.4577574630289353, 0.30261988840952747, True
0.6472051685539428, -1.7440874240665725, 0.9043007683334565, 0.19412149990717764, -0.4577574630289353, 0.30261988840952747, False
2.4342315205964606, 4.8405113891018825, -0.7032295120007479, 0.19412149990717764, -0.4577574630289353, 0.30261988840952747, False
-3.004530380461951, -0.6406338436567269, -0.050975725523122684, 0.19412149990717764, -0.4577574630289353, 0.30261988840952747, False
1.2917215651987384, 6.252013149257783, -2.686049388933393, 0.19412149990717764, -0.4577574630289353, 0.30261988840952747, False
3.8729651695154423, 5.851419090095012, -1.9130791115269885, 0.19412149990717764, -0.4577574630289353, 0.30261988840952747, False
2.2117643369026734, -2.3830737286146495, 0.9878779171967524, 0.19412149990717764, -0.4577574630289353, 0.30261988840952747, True
5.259242171674801, 4.832197294091593, -1.4567030870087985, 0.19412149990717764, -0.4577574630289353, 0.30261988840952747, False
-0.3241090434117977, -0.5357955130160237, -1.2834983849244788, 0.19412149990717764, -0.4577574630289353, 0.30261988840952747, False
-2.2521267594459644, 6.187820704066896, -1.1849763683891636, 0.19412149990717764, -0.4577574630289353, 0.30261988840952747, False
3.8046481499187035, 4.011287799872029, -1.1956288214269535, 0.19412149990717764, -0.4577574630289353, 0.30261988840952747, False
-3.2954159321779, -3.4367185073201716, 1.7728019368958785, 0.19412149990717764, -0.4577574630289353, 0.30261988840952747, True
0.8731463965026895, 0.7660429169668355, 1.2710864971406455, 0.19412149990717764, -0.4577574630289353, 0.30261988840952747, True
5.607857029638124, 2.419510778218436, 2.649602776346148, 0.19412149990717764, -0.4577574630289353, 0.30261988840952747, True
0.6605088777800479, 5.581453320800609, 1.709571316475576, 0.19412149990717764, -0.4577574630289353, 0.30261988840952747, False
