5.561608522736837, 5.726051944650564, -2.329514063636539, 0.06788687910899338, 0.3444982518053141, 0.39794959059641455, False
5.569047170656464, -6.267428822529512, 0.5043870189154336, 0.06788687910899338, 0.3444982518053141, 0.39794959059641455, False
-5.040194796210296, 3.989494036631882, 0.049089538237748975, 0.06788687910899338, 0.3444982518053141, 0.39794959059641455, False
1.9386214444346948, 3.5863971865214666, -2.019033732985857, 0.06788687910899338, 0.3444982518053141, 0.39794959059641455, False
-3.9868731853368935, -1.3842776558199086, 1.477592477037212, 0.06788687910899338, 0.3444982518053141, 0.39794959059641455, False
1.2353975509119612, -2.3935862117773663, -1.7497148809624588, 0.06788687910899338, 0.3444982518053141, 0.39794959059641455, False
0.5851289730568858, -2.094079660951789, 2.583269918909296, 0.06788687910899338, 0.3444982518053141, 0.39794959059641455, False
2.72151567942354, 1.9038170538063994, -1.6498106956330225, 0.06788687910899338, 0.3444982518053141, 0.39794959059641455, False
4.4659266182885045, 4.530954254351604, 0.9256803426874542, 0.06788687910899338, 0.3444982518053141, 0.39794959059641455, False
-4.486965466961006, 2.606425516390699, 2.3262609808587493, 0.06788687910899338, 0.3444982518053141, 0.39794959059641455, False
-0.8602859430897807, 4.067840305131805, -1.8896491410655227, 0.06788687910899338, 0.3444982518053141, 0.39794959059641455, True
-2.57932397357117, -4.224740885483219, -0.14487425213278815, 0.06788687910899338, 0.3444982518053141, 0.39794959059641455, False
1.0182899797993317, 3.257838749852956, 2.031725365657735, 0.06788687910899338, 0.3444982518053141, 0.39794959059641455, False
-6.19054950212105, -6.143498194461542, 2.8305031286381945, 0.06788687910899338, 0.3444982518053141, 0.39794959059641455, False
4.009850411645203, 2.8416586971615754, 0.5684707274786067, 0.06788687910899338, 0.3444982518053141, 0.39794959059641455, False
-5.701879775511243, 0.5169691415401747, 2.1692755132404944, 0.06788687910899338, 0.3444982518053141, 0.39794959059641455, False
1.2210735082326956, -5.577986925030807, -2.7072116139658906, 0.06788687910899338, 0.3444982518053141, 0.39794959059641455, False
3.0395264451291695, 1.1354738759708551, 1.1533761092487271, 0.06788687910899338, 0.3444982518053141, 0.39794959059641455, False
5.271335577434243, -4.256465885934359, -2.5606355401659333, 0.06788687910899338, 0.3444982518053141, 0.39794959059641455, False
5.22660027585092, 4.193230646914982, 1.918678860726848, 0.06788687910899338, 0.3444982518053141, 0.39794959059641455, True
2.932661571402585, 2.4260925339325095, -0.462680704959197, 0.06788687910899338, 0.3444982518053141, 0.39794959059641455, False
-1.4653277086033025, 0.1611500213152821, -1.4483505057871202, 0.06788687910899338, 0.3444982518053141, 0.39794959059641455, False
-6.044394101436937, 4.685237684175224, 0.9643280330860122, 0.06788687910899338, 0.3444982518053141, 0.39794959059641455, False
-5.26425048014499, -5.361667121983281, -2.5923431774841363, 0.06788687910899338, 0.3444982518053141, 0.39794959059641455, False
-5.787680162641571, 5.352855154543715, -1.9948735086207685, 0.06788687910899338, 0.3444982518053141, 0.39794959059641455, True
-2.737743314977637, -3.7614349489144323, -0.0778633171383416, 0.06788687910899338, 0.3444982518053141, 0.39794959059641455, False
-3.13584204440222, 2.543372391897961, 1.851121714956662, 0.06788687910899338, 0.3444982518053141, 0.39794959059641455, False
-2.2475028748873447, 2.855611304416419, -2.2605270167222677, 0.06788687910899338, 0.3444982518053141, 0.39794959059641455, False
0.0935412766482715, 0.2694959137557582, -0.4137595698448364, 0.06788687910899338, 0.3444982518053141, 0.39794959059641455, False
-1.0880612047578895, 0.9206593736047655, -3.0983317556733656, 0.06788687910899338, 0.3444982518053141, 0.39794959059641455, True
0.17449339390509166, 0.29657376547277625, 2.396125720529871, 0.06788687910899338, 0.3444982518053141, 0.39794959059641455, False
3.6251592041995035, -2.8842236272244377, 1.7734653316955082, 0.06788687910899338, 0.3444982518053141, 0.39794959059641455, False
5.778928436457461, 2.9662248849533803, -2.5201159984250605, 0.06788687910899338, 0.3444982518053141, 0.39794959059641455, False
6.174571421428928, 0.8052349973934172, 0.1073809897935396, 0.06788687910899338, 0.3444982518053141, 0.39794959059641455, False
-1.0002982174903394, -5.973112893937044, 1.3351902944905234, 0.06788687910899338, 0.3444982518053141, 0.39794959059641455, False
3.2405208623626756, 5.330205053954048, -1.8257632684614944, 0.06788687910899338, 0.3444982518053141, 0.39794959059641455, False
5.785113702893508, -4.44468280477278, 2.391989823086937, 0.06788687910899338, 0.3444982518053141, 0.39794959059641455, False
-3.50341839488917, -0.7738919915801912, 2.261532827942726, 0.06788687910899338, 0.3444982518053141, 0.39794959059641455, False
-2.5436907976497047, -4.412264350992413, -0.9872606844580614, 0.06788687910899338, 0.3444982518053141, 0.39794959059641455, False
2.0880998005211104, 1.2175271957658689, 1.9043328820402161, 0.06788687910899338, 0.3444982518053141, 0.39794959059641455, False
-1.2215695074943964, 4.2132388562537635, -2.7364837046608073, 0.06788687910899338, 0.3444982518053141, 0.39794959059641455, True
2.806638956036279, -4.148321225090971, -2.0686017377705324, 0.06788687910899338, 0.3444982518053141, 0.39794959059641455, False
2.8733243353752247, -0.4674813896525398, -1.7224448892804836, 0.06788687910899338, 0.3444982518053141, 0.39794959059641455, False
2.2144357287676133, 1.5881191202473728, -1.931722192876131, 0.06788687910899338, 0.3444982518053141, 0.39794959059641455, False
-4.857476001692022, 2.0990757449724953, -0.07624450329743526, 0.06788687910899338, 0.3444982518053141, 0.39794959059641455, False
5.488176996044874, -0.08759045416591515, -0.06864227177225146, 0.06788687910899338, 0.3444982518053141, 0.39794959059641455, False
3.3117524748728115, -1.275990855966942, 0.9706568793510266, 0.06788687910899338, 0.3444982518053141, 0.39794959059641455, False
5.388966177190781, 4.694509962576294, -0.3882281025433123, 0.06788687910899338, 0.3444982518053141, 0.39794959059641455, False
-4.766094736359854, -5.7366603381204175, 0.6834743080380878, 0.06788687910899338, 0.3444982518053141, 0.39794959059641455, False
-3.9803319181919865, -1.1202890711922109, -2.705639379132122, 0.06788687910899338, 0.3444982518053141, 0.39794959059641455, False
-4.355092912689223, -3.323771254475737, -2.333670517359593, 0.06788687910899338, 0.3444982518053141, 0.39794959059641455, False
-2.2627574453788997, 0.6870908914719838, -0.17564137506727207, 0.06788687910899338, 0.3444982518053141, 0.39794959059641455, False
2.4799117546619556, 5.995084246218228, -0.9372865131330368, 0.06788687910899338, 0.3444982518053141, 0.39794959059641455, False
3.921926445048726, 4.686919110931077, -1.2782086492075269, 0.06788687910899338, 0.3444982518053141, 0.39794959059641455, False
6.151968546202561, 5.8362891676540425, -0.11297024974492142, 0.06788687910899338, 0.3444982518053141, 0.39794959059641455, False
-2.631637228744756, -5.707742750925837, 0.4716926899089331, 0.06788687910899338, 0.3444982518053141, 0.39794959059641455, False
0.22598686944313506, 0.626274415215816, 2.0976784172764624, 0.06788687910899338, 0.3444982518053141, 0.39794959059641455, False
-4.197883461441617, 0.8883238386672874, 2.066849316329326, 0.06788687910899338, 0.3444982518053141, 0.39794959059641455, False
0.24986437959198593, 4.9260692180121595, 1.0978559579069476, 0.06788687910899338, 0.3444982518053141, 0.39794959059641455, False
4.7094151820856425, 0.738143033491796, 1.850786869826318, 0.06788687910899338, 0.3444982518053141, 0.39794959059641455, False
-4.843132286023108, -4.358700309486972, -2.3552784838563747, 0.06788687910899338, 0.3444982518053141, 0.39794959059641455, False
-2.0220593464154843, 5.264338653787277, 2.2894195710202068, 0.06788687910899338, 0.3444982518053141, 0.39794959059641455, False
2.9389554257902013, 3.208520333887561, -2.492725146417489, 0.06788687910899338, 0.3444982518053141, 0.39794959059641455, False
-2.7341758831910727, -1.2646763129407494, 0.021006051954473914, 0.06788687910899338, 0.3444982518053141, 0.39794959059641455, False
5.469148912760128, 0.14987553334011583, 1.7352233801145527, 0.06788687910899338, 0.3444982518053141, 0.39794959059641455, False
-3.783905495176453, 1.4029510728083494, 2.53200873807572, 0.06788687910899338, 0.3444982518053141, 0.39794959059641455, False
2.8168242293493435, 4.610479729728171, -2.2833735083666458, 0.06788687910899338, 0.3444982518053141, 0.39794959059641455, False
3.018511869244266, 1.2424069750914226, 1.8561251124018945, 0.06788687910899338, 0.3444982518053141, 0.39794959059641455, False
1.8540710334659334, -3.0121287226540345, 1.6774155316922865, 0.06788687910899338, 0.3444982518053141, 0.39794959059641455, False
-5.4856561495963945, 5.562286843388238, -2.1884024642877518, 0.06788687910899338, 0.3444982518053141, 0.39794959059641455, True
0.9447037170022758, -5.915431377690926, 1.740663737390972, 0.06788687910899338, 0.3444982518053141, 0.39794959059641455, False
-5.3209531434327815, 4.785840509360012, -2.660433310653496, 0.06788687910899338, 0.3444982518053141, 0.39794959059641455, False
5.3862009726676625, -5.739425831052495, -1.1626476207895815, 0.06788687910899338, 0.3444982518053141, 0.39794959059641455, False
-2.2357395301341345, 1.7933490290769427, -2.4367618794393127, 0.06788687910899338, 0.3444982518053141, 0.39794959059641455, False
-2.050072745173493, 2.976555034771332, -2.1426711848872433, 0.06788687910899338, 0.3444982518053141, 0.39794959059641455, False
-0.6981888323385332, 4.77838028943904, -0.970961974515407, 0.06788687910899338, 0.3444982518053141, 0.39794959059641455, False
-2.734849682049094, -2.212149811841072, -2.0922418739325734, 0.06788687910899338, 0.3444982518053141, 0.39794959059641455, False
-5.586442333976563, 3.7068819309678656, -0.2795569156380253, 0.06788687910899338, 0.3444982518053141, 0.39794959059641455, False
3.1035615927291005, 0.10751988163457238, 3.0254327188507775, 0.06788687910899338, 0.3444982518053141, 0.39794959059641455, True
4.974883241804097, -0.9385427476592145, 0.7397503663013283, 0.06788687910899338, 0.3444982518053141, 0.39794959059641455, False
-4.002097548831495, -6.250077848299669, 1.7800575973921413, 0.06788687910899338, 0.3444982518053141, 0.39794959059641455, False
0.12055772761939032, -3.7537560933294603, -0.5352877945586987, 0.06788687910899338, 0.3444982518053141, 0.39794959059641455, False
-3.6774966917702696, -2.7610982707666585, -1.4078766674545704, 0.06788687910899338, 0.3444982518053141, 0.39794959059641455, False
5.732598108378696, -1.1868428972437002, 1.6590924855686966, 0.06788687910899338, 0.3444982518053141, 0.39794959059641455, False
4.578771216474294, 1.4354310332829012, -1.0348229476653374, 0.06788687910899338, 0.3444982518053141, 0.39794959059641455, False
1.8947539426460676, 1.1158857882282867, 1.5257489333580994, 0.06788687910899338, 0.3444982518053141, 0.39794959059641455, False
-5.422664662200197, -4.479837965595434, -2.0363509406008866, 0.06788687910899338, 0.3444982518053141, 0.39794959059641455, False
-1.2557318220151146, -3.5598955307950018, -1.1980555358247436, 0.06788687910899338, 0.3444982518053141, 0.39794959059641455, False
1.7492730472540714, -1.8614726941901516, 2.638642299518904, 0.06788687910899338, 0.3444982518053141, 0.39794959059641455, False
3.090052629119489, -6.242076151392956, -2.601285589730747, 0.06788687910899338, 0.3444982518053141, 0.39794959059641455, False
2.443837039552257, 3.102760777800073, 0.45904956803215313, 0.06788687910899338, 0.3444982518053141, 0.39794959059641455, False
0.9200060826503424, 3.566452859641993, -0.9111395962101243, 0.06788687910899338, 0.3444982518053141, 0.39794959059641455, False
-3.7213778227869256, 0.8523129442778767, 0.8527283193146777, 0.06788687910899338, 0.3444982518053141, 0.39794959059641455, False
-3.8571233771098696, -4.122479468241827, 1.769317344435187, 0.06788687910899338, 0.3444982518053141, 0.39794959059641455, False
-5.120019118997158, -5.9272104448540235, -1.337469355354245, 0.06788687910899338, 0.3444982518053141, 0.39794959059641455, False
-4.848367112684974, 5.422058357451812, -2.5197630864673433, 0.06788687910899338, 0.3444982518053141, 0.39794959059641455, True
-1.3661915853324063, -2.473966078731299, 1.717166096974946, 0.06788687910899338, 0.3444982518053141, 0.39794959059641455, True
1.7003159800835812, -2.3411143393226492, -1.7863443814518374, 0.06788687910899338, 0.3444982518053141, 0.39794959059641455, False
5.000630533256141, 1.315224156011606, 1.3614690775596463, 0.06788687910899338, 0.3444982518053141, 0.39794959059641455, False
-4.869070615879751, -1.0766600874441261, 2.006452880807765, 0.06788687910899338, 0.3444982518053141, 0.39794959059641455, True
