1.669123881198085, 2.679883734676517, -0.435097114138864, -0.1247713106057925, -0.2830878097586913, 0.6945173945964189, True
2.505749936345932, 3.7072333442546412, -2.1810461428034182, -0.1247713106057925, -0.2830878097586913, 0.6945173945964189, True
-4.570215900055057, -4.4470559987803675, -2.1557115589479627, -0.1247713106057925, -0.2830878097586913, 0.6945173945964189, True
5.5843841944649775, -5.177899703851267, -2.48585953599176, -0.1247713106057925, -0.2830878097586913, 0.6945173945964189, True
-0.8852669981461023, -4.855309123137765, 1.1041130852610586, -0.1247713106057925, -0.2830878097586913, 0.6945173945964189, True
6.247184042004836, -2.383411987967224, 1.0299151201821877, -0.1247713106057925, -0.2830878097586913, 0.6945173945964189, False
-4.349397023541539, 2.6230209701012637, 0.520592343410395, -0.1247713106057925, -0.2830878097586913, 0.6945173945964189, True
5.794025061632606, -4.96536560143873, -1.280137932958553, -0.1247713106057925, -0.2830878097586913, 0.6945173945964189, True
-4.926261707116037, 5.714752246304755, -1.8354529119183995, -0.1247713106057925, -0.2830878097586913, 0.6945173945964189, False
4.292914915362424, -1.8892310349012051, -1.984359751405983, -0.1247713106057925, -0.2830878097586913, 0.6945173945964189, False
-4.205964994468037, 0.37004863565452517, -0.9182112786345287, -0.1247713106057925, -0.2830878097586913, 0.6945173945964189, True
-3.1529070286592575, 0.4319176374127798, 2.2372147628894155, -0.1247713106057925, -0.2830878097586913, 0.6945173945964189, True
-1.479793215167314, 6.093479779288916, 1.0066940175573222, -0.1247713106057925, -0.2830878097586913, 0.6945173945964189, True
-5.800513881796753, -0.2972659655681955, -1.0324950853776826, -0.1247713106057925, -0.2830878097586913, 0.6945173945964189, False
4.080599532198551, 5.509617197593771, -3.039567459896086, -0.1247713106057925, -0.2830878097586913, 0.6945173945964189, True
-3.088393114782343, 0.0060250311986331795, 0.1624729505805922, -0.1247713106057925, -0.2830878097586913, 0.6945173945964189, False
-0.7308557891139245, 4.246297106735142, -0.5748051776658127, -0.1247713106057925, -0.2830878097586913, 0.6945173945964189, False
3.0086564602796777, 3.575520091463611, 0.3310976242385082, -0.1247713106057925, -0.2830878097586913, 0.6945173945964189, False
-6.0162611149647365, 2.448379656318954, -2.773240688998723, -0.1247713106057925, -0.2830878097586913, 0.6945173945964189, True
-5.196155171553615, -1.4199335739094776, -0.01796345265347954, -0.1247713106057925, -0.2830878097586913, 0.6945173945964189, False
-5.943540664285008, -4.770939344704226, 1.063065063038831, -0.1247713106057925, -0.2830878097586913, 0.6945173945964189, True
4.470923098767104, -5.440665399890884, 1.3034191327806912, -0.1247713106057925, -0.2830878097586913, 0.6945173945964189, True
5.340718206274328, 2.283421556618478, 2.268105301995133, -0.1247713106057925, -0.2830878097586913, 0.6945173945964189, True
4.947899806777636, -2.611654628913199, -2.3318419176111513, -0.1247713106057925, -0.2830878097586913, 0.6945173945964189, True
-0.7287512570576613, 0.39516415064443944, -2.4790257514647243, -0.1247713106057925, -0.2830878097586913, 0.6945173945964189, True
2.6095055219454455, 4.549389458954526, -0.11841470676566246, -0.1247713106057925, -0.2830878097586913, 0.6945173945964189, False
-2.8767070818232345, 2.2931111484604667, 1.9881208093426634, -0.1247713106057925, -0.2830878097586913, 0.6945173945964189, True
-0.8151565854169487, 6.1096986254147865, 1.9040518648146607, -0.1247713106057925, -0.2830878097586913, 0.6945173945964189, True
3.5776314483519425, -3.3666061694476164, 0.24325367651465113, -0.1247713106057925, -0.2830878097586913, 0.6945173945964189, True
1.686662956190327, 2.169677412153085, 1.517201069441838, -0.1247713106057925, -0.2830878097586913, 0.6945173945964189, True
-3.9766843162839307, 2.7950060716118728, 1.8315486764465403, -0.1247713106057925, -0.2830878097586913, 0.6945173945964189, True
1.239212820750219, -1.7548932351974615, 1.2630601580797007, -0.1247713106057925, -0.2830878097586913, 0.6945173945964189, False
2.9080310132786433, -0.3939274126713448, -1.061596417930271, -0.1247713106057925, -0.2830878097586913, 0.6945173945964189, False
-6.031962266907361, -4.656439762207041, -0.3811413118504552, -0.1247713106057925, -0.2830878097586913, 0.6945173945964189, True
3.227905461690476, 2.2258797970117286, 1.8829458770516538, -0.1247713106057925, -0.2830878097586913, 0.6945173945964189, True
3.0602628971926578, -1.905803798489365, 0.836795267095884, -0.1247713106057925, -0.2830878097586913, 0.6945173945964189, False
5.265691931430323, 2.65596864070962, -0.20515111594055568, -0.1247713106057925, -0.2830878097586913, 0.6945173945964189, True
3.5444250248339007, -5.503306645991258, 1.4926541472269585, -0.1247713106057925, -0.2830878097586913, 0.6945173945964189, True
2.1272096781275476, 0.18697586961361345, 1.80586552838031, -0.1247713106057925, -0.2830878097586913, 0.6945173945964189, True
5.286285164426328, 5.528029338351093, 2.77600633962639, -0.1247713106057925, -0.2830878097586913, 0.6945173945964189, False
2.33506646132734, 1.5530964661803024, 2.5633091890207993, -0.1247713106057925, -0.2830878097586913, 0.6945173945964189, True
-4.188454721093755, -4.645517549077265, -1.998513723494087, -0.1247713106057925, -0.2830878097586913, 0.6945173945964189, True
-2.9558793427952432, 5.782250789062207, 2.6741841285883794, -0.1247713106057925, -0.2830878097586913, 0.6945173945964189, True
-3.537359621621729, -3.6232805844416416, 0.12029883397169483, -0.1247713106057925, -0.2830878097586913, 0.6945173945964189, True
3.487589795660398, -1.4480157191821705, -0.9873392505731444, -0.1247713106057925, -0.2830878097586913, 0.6945173945964189, False
3.9851195674944258, 0.7839856848935876, 2.1067201409062806, -0.1247713106057925, -0.2830878097586913, 0.6945173945964189, True
-6.181015400789993, 6.238001951153837, -3.103800191137259, -0.1247713106057925, -0.2830878097586913, 0.6945173945964189, True
0.6016371602855761, -0.9911233308848937, -1.0069065860797686, -0.1247713106057925, -0.2830878097586913, 0.6945173945964189, False
-1.5948777882431155, 5.850509282712791, 1.637030677631027, -0.1247713106057925, -0.2830878097586913, 0.6945173945964189, True
-5.215854489841711, 1.8186306738984577, 1.8862745332614512, -0.1247713106057925, -0.2830878097586913, 0.6945173945964189, True
3.2762312824647246, 4.60445905403285, 1.2483333465761346, -0.1247713106057925, -0.2830878097586913, 0.6945173945964189, False
-2.670644922746666, -0.42651517826604035, -0.5433624124572902, -0.1247713106057925, -0.2830878097586913, 0.6945173945964189, False
-0.8844626524815302, -1.3442985915067611, -2.134075147702239, -0.1247713106057925, -0.2830878097586913, 0.6945173945964189, False
5.960084871658305, -4.460046379459796, -2.7661098476642794, -0.1247713106057925, -0.2830878097586913, 0.6945173945964189, True
0.4138294485369691, 2.1656146135634966, 0.6075132274178507, -0.1247713106057925, -0.2830878097586913, 0.6945173945964189, True
3.907742235078784, 3.2409975235581943, -1.526760041673376, -0.1247713106057925, -0.2830878097586913, 0.6945173945964189, True
0.23190612226301255, 3.6780472310850953, -2.209637856826071, -0.1247713106057925, -0.2830878097586913, 0.6945173945964189, True
3.1747041406114693, -1.237313204097104, -0.07614010953495498, -0.1247713106057925, -0.2830878097586913, 0.6945173945964189, False
3.1149355107659638, -5.126517837095175, -3.106353736230609, -0.1247713106057925, -0.2830878097586913, 0.6945173945964189, True
4.009489917698051, 4.268548311194889, -0.7896218636063521, -0.1247713106057925, -0.2830878097586913, 0.6945173945964189, False
-3.7922297977006707, -5.101917548490797, -1.2389483616114327, -0.1247713106057925, -0.2830878097586913, 0.6945173945964189, True
-3.302340190683503, -1.0123980885773314, -1.5756979844007375, -0.1247713106057925, -0.2830878097586913, 0.6945173945964189, False
-6.008331731609189, 0.3544196567099682, 0.06212210175865929, -0.1247713106057925, -0.2830878097586913, 0.6945173945964189, True
-4.841888891134442, 1.3920199561002935, -1.8850676652484741, -0.1247713106057925, -0.2830878097586913, 0.6945173945964189, True
-0.40452523671163476, -4.850559326450002, -0.8696866394801384, -0.1247713106057925, -0.2830878097586913, 0.6945173945964189, True
-4.75586657561989, 0.9907888738068849, -0.05125838510101888, -0.1247713106057925, -0.2830878097586913, 0.6945173945964189, True
-4.592820239685642, 2.9903921154800486, -3.1287570786831638, -0.1247713106057925, -0.2830878097586913, 0.6945173945964189, True
-4.247585645729895, 6.174645907941107, -0.9812153628945932, -0.1247713106057925, -0.2830878097586913, 0.6945173945964189, False
0.4447889086036758, 4.813899851728369, -0.3255827192826599, -0.1247713106057925, -0.2830878097586913, 0.6945173945964189, False
4.3154293984170184, -0.048988645920645446, 2.8926300605972175, -0.1247713106057925, -0.2830878097586913, 0.6945173945964189, True
5.699102266594979, -1.378099666895836, -1.215033224482262, -0.1247713106057925, -0.2830878097586913, 0.6945173945964189, False
3.074850059493375, -5.761485217441043, -0.2003490404218944, -0.1247713106057925, -0.2830878097586913, 0.6945173945964189, True
-1.4021342565056703, 3.2249160510841772, 1.0027519667200897, -0.1247713106057925, -0.2830878097586913, 0.6945173945964189, False
-5.449655100915336, 2.911209518031068, -0.8717081892684813, -0.1247713106057925, -0.2830878097586913, 0.6945173945964189, True
-1.9412830328579007, 1.4415791053602112, -1.9616505952106158, -0.1247713106057925, -0.2830878097586913, 0.6945173945964189, True
-4.720304715020121, -5.337035458710846, 1.1787706448002453, -0.1247713106057925, -0.2830878097586913, 0.6945173945964189, True
-1.9159308487549804, -1.600186805282906, 2.691524292770195, -0.1247713106057925, -0.2830878097586913, 0.6945173945964189, False
6.151670361205422, -2.8624209710903057, -2.917312434564061, -0.1247713106057925, -0.2830878097586913, 0.6945173945964189, True
-3.477557320359648, 3.68057259823553, 3.08413629600338, -0.1247713106057925, -0.2830878097586913, 0.6945173945964189, True
-0.80893237382669, -1.4864939394935286, 2.003312546704697, -0.1247713106057925, -0.2830878097586913, 0.6945173945964189, False
-6.242429147702204, 4.330818563044552, -2.406918975601781, -0.1247713106057925, -0.2830878097586913, 0.6945173945964189, False
-1.6135804157351377, -3.979235936431028, 1.5756723135008084, -0.1247713106057925, -0.2830878097586913, 0.6945173945964189, True
5.820045879789845, 0.08460097833510893, 0.7440322020008932, -0.1247713106057925, -0.2830878097586913, 0.6945173945964189, True
-0.7318707758054739, 4.532108101479309, 0.9598338974541685, -0.1247713106057925, -0.2830878097586913, 0.6945173945964189, False
-3.5707641691859533, -3.415833442552664, 3.0729102011360387, -0.1247713106057925, -0.2830878097586913, 0.6945173945964189, True
2.386677822735436, 3.5750978766894033, -1.6371844701300038, -0.1247713106057925, -0.2830878097586913, 0.6945173945964189, True
4.342333006127774, -0.9086094156203677, -1.7109481014575831, -0.1247713106057925, -0.2830878097586913, 0.6945173945964189, False
-1.3296416921037464, 3.3792379629410263, -1.2995597605813696, -0.1247713106057925, -0.2830878097586913, 0.6945173945964189, True
-0.7653083105386962, 4.361941997557718, 0.697449752125801, -0.1247713106057925, -0.2830878097586913, 0.6945173945964189, False
0.5217565597670903, -3.8383637889082465, 2.034858677357332, -0.1247713106057925, -0.2830878097586913, 0.6945173945964189, True
2.6347466160261828, 4.858464839859778, -1.310387414905084, -0.1247713106057925, -0.2830878097586913, 0.6945173945964189, False
-0.798614829399078, 0.027013734249575094, -1.0985673301549026, -0.1247713106057925, -0.2830878097586913, 0.6945173945964189, False
-3.6895682554296876, -2.4916530804520614, 2.946128800750964, -0.1247713106057925, -0.2830878097586913, 0.6945173945964189, True
4.772609300104703, -0.7062318603592939, 0.8997485195190746, -0.1247713106057925, -0.2830878097586913, 0.6945173945964189, False
5.003296387497954, 0.3622861536400528, -2.7581971702609454, -0.1247713106057925, -0.2830878097586913, 0.6945173945964189, True
1.7209772685210325, -3.3016619228996147, -1.3925617405042432, -0.1247713106057925, -0.2830878097586913, 0.6945173945964189, True
-4.821546879754327, 0.46562880232339765, -0.9291024077071746, -0.1247713106057925, -0.2830878097586913, 0.6945173945964189, True
-5.691884076680882, -4.886582160974502, 1.1770644487552895, -0.1247713106057925, -0.2830878097586913, 0.6945173945964189, True
6.238197298854379, 2.439177029621474, 0.5798942281336479, -0.1247713106057925, -0.2830878097586913, 0.6945173945964189, True
-1.119985438369727, 0.8202109514487708, -2.6725259768726577, -0.1247713106057925, -0.2830878097586913, 0.6945173945964189, True
1.2293405205087167, -1.6527384593516876, 1.4957536272447713, -0.1247713106057925, -0.2830878097586913, 0.6945173945964189, False
5.583159770133488, 2.9250755830602984, 3.007236434744361, -0.1247713106057925, -0.2830878097586913, 0.6945173945964189, True
1.1474820206794556, 2.2949596010186557, -1.0891984835882345, -0.1247713106057925, -0.2830878097586913, 0.6945173945964189, True
-5.036497461178684, -4.184734034632976, 2.99025933694136, -0.1247713106057925, -0.2830878097586913, 0.6945173945964189, True
-2.48002204430034, 5.826290662741043, 0.709015627392783, -0.1247713106057925, -0.2830878097586913, 0.6945173945964189, False
-4.865686748413619, 4.181462699342919, -1.3763185106499614, -0.1247713106057925, -0.2830878097586913, 0.6945173945964189, False
-2.6861355774004796, 5.427625099075147, 1.882692712199045, -0.1247713106057925, -0.2830878097586913, 0.6945173945964189, False
1.445987287621807, 2.660630692860325, 2.4373485125938448, -0.1247713106057925, -0.2830878097586913, 0.6945173945964189, True
-1.368728422998407, -1.53271770912521, -2.198959350370511, -0.1247713106057925, -0.2830878097586913, 0.6945173945964189, False
-3.0394899803184283, 6.123568643280812, -0.5050836157725573, -0.1247713106057925, -0.2830878097586913, 0.6945173945964189, False
2.3222099959600904, 3.8006356029837427, -0.9936116327018132, -0.1247713106057925, -0.2830878097586913, 0.6945173945964189, False
-3.0117912346747837, 4.354389885647803, -0.6818615367444933, -0.1247713106057925, -0.2830878097586913, 0.6945173945964189, False
2.0170130798840393, -5.165665206012664, 0.7363510661834618, -0.1247713106057925, -0.2830878097586913, 0.6945173945964189, True
3.4146531307869026, 0.5946381473905671, -0.9906957812420703, -0.1247713106057925, -0.2830878097586913, 0.6945173945964189, True
6.269439032392636, 1.506274669393643, 0.9662064997703883, -0.1247713106057925, -0.2830878097586913, 0.6945173945964189, True
-3.1140924269826713, -2.912882526218484, -1.2032457568213153, -0.1247713106057925, -0.2830878097586913, 0.6945173945964189, True
1.386810752134573, 4.208033927445227, 2.960593308742233, -0.1247713106057925, -0.2830878097586913, 0.6945173945964189, True
-6.196797375232327, -1.3156528106687482, -2.2328839150530335, -0.1247713106057925, -0.2830878097586913, 0.6945173945964189, False
-4.667481782608262, -1.3314460200111649, 1.9547659455739872, -0.1247713106057925, -0.2830878097586913, 0.6945173945964189, False
-5.725300793508454, -0.060088976690851226, -2.1266061632666737, -0.1247713106057925, -0.2830878097586913, 0.6945173945964189, False
-6.1765009522149885, 4.40337733140486, 1.7560428765371316, -0.1247713106057925, -0.2830878097586913, 0.6945173945964189, False
0.010087689226772056, 0.10780652237410049, -0.4531861503937171, -0.1247713106057925, -0.2830878097586913, 0.6945173945964189, False
1.6881694568268815, 5.095980975499556, 2.1636943716552564, -0.1247713106057925, -0.2830878097586913, 0.6945173945964189, False
1.604630150865355, 1.679921691289211, 1.9797927069683627, -0.1247713106057925, -0.2830878097586913, 0.6945173945964189, True
1.530640377844593, -3.416965345547115, 2.3585561972088485, -0.1247713106057925, -0.2830878097586913, 0.6945173945964189, True
4.495535767861677, -5.932995165889799, -0.12363679917572723, -0.1247713106057925, -0.2830878097586913, 0.6945173945964189, True
0.504947835673117, -6.037668980772703, 2.909432295994006, -0.1247713106057925, -0.2830878097586913, 0.6945173945964189, True
-6.247880986627349, 1.8537320682100162, -0.3805597738520863, -0.1247713106057925, -0.2830878097586913, 0.6945173945964189, True
3.3942749935349674, -1.507269398027164, 2.461978470026855, -0.1247713106057925, -0.2830878097586913, 0.6945173945964189, False
-5.93974295957439, -2.315475809207825, 2.7458804510578165, -0.1247713106057925, -0.2830878097586913, 0.6945173945964189, False
-2.948819128804784, -2.3406939710100434, -2.6225242464983363, -0.1247713106057925, -0.2830878097586913, 0.6945173945964189, True
-3.901589575024257, 5.624976696734169, 3.108690311840779, -0.1247713106057925, -0.2830878097586913, 0.6945173945964189, True
5.819743528482743, 5.466903995858692, 2.3847664934182564, -0.1247713106057925, -0.2830878097586913, 0.6945173945964189, True
6.04563823421147, -3.8498943485420924, 1.0324899715154565, -0.1247713106057925, -0.2830878097586913, 0.6945173945964189, True
-1.672659654153815, -2.13780565058184, -0.5377111456159547, -0.1247713106057925, -0.2830878097586913, 0.6945173945964189, False
-2.8847918748595758, 2.1850245323619593, 1.2618598502509055, -0.1247713106057925, -0.2830878097586913, 0.6945173945964189, True
4.429955593349769, -6.04906997853393, -1.719844572761658, -0.1247713106057925, -0.2830878097586913, 0.6945173945964189, True
-2.8837011894109437, 5.046533319351163, 1.9442257111088663, -0.1247713106057925, -0.2830878097586913, 0.6945173945964189, False
-2.6146665843599575, -1.5522769035179795, 0.5408042231582177, -0.1247713106057925, -0.2830878097586913, 0.6945173945964189, False
2.4849955207823022, 5.270558713132978, -0.21002212960352384, -0.1247713106057925, -0.2830878097586913, 0.6945173945964189, False
-3.042203055680294, 1.6123224519384731, -0.9631983237827986, -0.1247713106057925, -0.2830878097586913, 0.6945173945964189, True
-6.140442546809255, 0.8231717301059502, 2.7828896194268724, -0.1247713106057925, -0.2830878097586913, 0.6945173945964189, True
2.006324933576721, 3.9049461770489486, 0.8844797844719174, -0.1247713106057925, -0.2830878097586913, 0.6945173945964189, False
5.4297986999262715, -3.8950319154014132, -0.8937428008620496, -0.1247713106057925, -0.2830878097586913, 0.6945173945964189, True
2.1215561688199003, 5.3942548568028865, 0.47155982621884984, -0.1247713106057925, -0.2830878097586913, 0.6945173945964189, False
-0.29786183611739325, -2.744331180657173, -2.8473082486180403, -0.1247713106057925, -0.2830878097586913, 0.6945173945964189, True
4.174348770584698, -3.451050401708763, -2.7255851584398716, -0.1247713106057925, -0.2830878097586913, 0.6945173945964189, True
-1.6654105225831506, 3.34604419938524, -1.428702602242553, -0.1247713106057925, -0.2830878097586913, 0.6945173945964189, True
5.00804054800504, 5.394031663011896, -2.5163602032521477, -0.1247713106057925, -0.2830878097586913, 0.6945173945964189, False
4.899862324787408, -6.053089339490499, -3.1237074072211053, -0.1247713106057925, -0.2830878097586913, 0.6945173945964189, True
3.6349340895470466, 1.046082694708387, 2.5323334637344894, -0.1247713106057925, -0.2830878097586913, 0.6945173945964189, True
-2.789398812683609, -0.5418394339636343, -2.4000172971951006, -0.1247713106057925, -0.2830878097586913, 0.6945173945964189, False
-4.434922452953629, -2.1084263404354777, 0.32877581950296, -0.1247713106057925, -0.2830878097586913, 0.6945173945964189, False
2.568014721620738, -5.218295968195152, -3.0759788417142797, -0.1247713106057925, -0.2830878097586913, 0.6945173945964189, True
-2.0412724899574286, 0.8525277553682837, 2.557279885392174, -0.1247713106057925, -0.2830878097586913, 0.6945173945964189, True
6.185596600659492, 6.005952664755053, -1.2265676531430643, -0.1247713106057925, -0.2830878097586913, 0.6945173945964189, False
1.0430805181207914, -1.4846512852641016, -0.7283961548379088, -0.1247713106057925, -0.2830878097586913, 0.6945173945964189, True
-2.5157060958014057, 3.437776680814437, 0.5723977845963275, -0.1247713106057925, -0.2830878097586913, 0.6945173945964189, False
2.207705240478088, 3.896869444444352, 1.5464450257687163, -0.1247713106057925, -0.2830878097586913, 0.6945173945964189, False
1.1156701703738996, 0.8622391012805384, 1.9943320617307085, -0.1247713106057925, -0.2830878097586913, 0.6945173945964189, True
5.593209340108745, -5.193436822130723, 1.321380888400931, -0.1247713106057925, -0.2830878097586913, 0.6945173945964189, True
-2.7487850429670093, -4.092168051875756, 1.7275890411305905, -0.1247713106057925, -0.2830878097586913, 0.6945173945964189, True
0.9787817895586928, 4.774297286679262, 2.401107781390282, -0.1247713106057925, -0.2830878097586913, 0.6945173945964189, False
4.697307232580792, -2.638103378907002, -1.2623856075808069, -0.1247713106057925, -0.2830878097586913, 0.6945173945964189, False
6.008047625643446, -1.872421599201533, 2.083810073190352, -0.1247713106057925, -0.2830878097586913, 0.6945173945964189, False
-2.828334195429323, -2.3346168808299588, 2.0608136433634536, -0.1247713106057925, -0.2830878097586913, 0.6945173945964189, False
-5.680456182496174, -4.665366088667236, -1.2022494152680323, -0.1247713106057925, -0.2830878097586913, 0.6945173945964189, True
-2.4703303199084736, 3.2349487659477862, -1.468074554492611, -0.1247713106057925, -0.2830878097586913, 0.6945173945964189, True
5.531627561118157, 1.1941892422008493, 2.7979479585376064, -0.1247713106057925, -0.2830878097586913, 0.6945173945964189, True
-3.012895346989429, 2.6921461644099427, 0.9811278021461174, -0.1247713106057925, -0.2830878097586913, 0.6945173945964189, True
-0.4819131079016845, -4.675538151659229, 1.9526685030435686, -0.1247713106057925, -0.2830878097586913, 0.6945173945964189, True
-1.2214614682963143, 5.281740303795331, -0.3819916915128432, -0.1247713106057925, -0.2830878097586913, 0.6945173945964189, False
-1.2155437921539196, -3.547454339140372, -1.1917916741974608, -0.1247713106057925, -0.2830878097586913, 0.6945173945964189, True
-5.644162390634233, 1.8207393969214642, -2.0358076706244788, -0.1247713106057925, -0.2830878097586913, 0.6945173945964189, True
0.6228305136983003, 0.6375854346400844, 0.8445808613524459, -0.1247713106057925, -0.2830878097586913, 0.6945173945964189, True
1.2410079070558977, 1.2761872975099697, -1.7151839494867782, -0.1247713106057925, -0.2830878097586913, 0.6945173945964189, True
-5.462249211438897, 2.2040891159172755, -2.3029296299699835, -0.1247713106057925, -0.2830878097586913, 0.6945173945964189, True
3.2333531532535797, -0.0075825133150573265, 0.5094072913813998, -0.1247713106057925, -0.2830878097586913, 0.6945173945964189, True
0.5288350020398829, 3.0757803185054495, -2.650707582129935, -0.1247713106057925, -0.2830878097586913, 0.6945173945964189, True
-0.35734843106999037, -3.2660181752593265, 0.8442355215114206, -0.1247713106057925, -0.2830878097586913, 0.6945173945964189, True
-5.088558759632576, -0.36348698970823, -2.4625409047156515, -0.1247713106057925, -0.2830878097586913, 0.6945173945964189, False
6.262620964777682, -3.511789435878781, -2.278195901210813, -0.1247713106057925, -0.2830878097586913, 0.6945173945964189, True
-5.651572073901567, 4.795838516397385, 1.6843538604721484, -0.1247713106057925, -0.2830878097586913, 0.6945173945964189, False
-1.0448500425230316, 3.341411012617872, -0.9153769650455357, -0.1247713106057925, -0.2830878097586913, 0.6945173945964189, True
-5.697931718018996, -5.787476305228517, 0.9124682321971633, -0.1247713106057925, -0.2830878097586913, 0.6945173945964189, True
-0.3775873985210598, -4.3452352608571925, 1.1937996373029174, -0.1247713106057925, -0.2830878097586913, 0.6945173945964189, True
1.7591439075833026, -3.787130493966614, -0.36606717852129567, -0.1247713106057925, -0.2830878097586913, 0.6945173945964189, True
2.90447171266913, -1.4178380329798905, 2.8510152403224787, -0.1247713106057925, -0.2830878097586913, 0.6945173945964189, False
-5.667904207548373, 2.360350365694252, 1.6055509441071907, -0.1247713106057925, -0.2830878097586913, 0.6945173945964189, True
-1.039783130288324, 2.898051364541649, -0.8580792345301784, -0.1247713106057925, -0.2830878097586913, 0.6945173945964189, True
-5.008975699320622, -4.484034854456077, -0.1363182116884203, -0.1247713106057925, -0.2830878097586913, 0.6945173945964189, True
5.4866688811287645, -5.347152206383377, -2.5040277406967255, -0.1247713106057925, -0.2830878097586913, 0.6945173945964189, True
-6.175037508893761, 0.8357559862167339, -3.108020508996714, -0.1247713106057925, -0.2830878097586913, 0.6945173945964189, True
-1.8746504896191727, 2.9133723860349043, 3.0627669677969376, -0.1247713106057925, -0.2830878097586913, 0.6945173945964189, True
-1.1849893972656815, -3.6796721705657447, 2.36095732666377, -0.1247713106057925, -0.2830878097586913, 0.6945173945964189, True
-3.295873501361134, -4.329030457750996, 0.9847020051945039, -0.1247713106057925, -0.2830878097586913, 0.6945173945964189, True
-0.7378897791217849, 3.8400508687015975, -2.2481613865443606, -0.1247713106057925, -0.2830878097586913, 0.6945173945964189, True
-1.2104659151886343, 0.4176235461087323, -3.119808710034502, -0.1247713106057925, -0.2830878097586913, 0.6945173945964189, True
-4.556814579202477, 4.489325933362004, 0.7437391421085069, -0.1247713106057925, -0.2830878097586913, 0.6945173945964189, False
3.3095585449032363, 2.34449727418607, -1.8735495752441278, -0.1247713106057925, -0.2830878097586913, 0.6945173945964189, True
