3.0627391049295536, -4.4596729803810895, 0.5738145824055745, 0.3225763181665511, 0.46668549842888074, 0.12712327883506802, False
0.23969560460727735, 0.37285755608378945, -0.4063510636409964, 0.3225763181665511, 0.46668549842888074, 0.12712327883506802, False
-1.6532927882195017, -0.4764869918984065, 0.967144059075606, 0.3225763181665511, 0.46668549842888074, 0.12712327883506802, False
5.03525533499772, -5.920262600671099, 1.084117220210734, 0.3225763181665511, 0.46668549842888074, 0.12712327883506802, False
-4.979161654937425, 1.6077964749072615, 1.9318200560018655, 0.3225763181665511, 0.46668549842888074, 0.12712327883506802, False
6.12101266350227, 0.23256476605963528, 1.808245465443755, 0.3225763181665511, 0.46668549842888074, 0.12712327883506802, False
0.058520319032900225, 4.369907255771633, -1.7261586722641329, 0.3225763181665511, 0.46668549842888074, 0.12712327883506802, False
1.4418755492030426, -4.539597979645325, 0.6809736871718366, 0.3225763181665511, 0.46668549842888074, 0.12712327883506802, False
-2.72640756879786, 2.9180432424266822, -1.535431906618843, 0.3225763181665511, 0.46668549842888074, 0.12712327883506802, False
1.8003798110924603, -5.311804456891147, 0.06506865868790168, 0.3225763181665511, 0.46668549842888074, 0.12712327883506802, False
3.983216876207413, -4.887703198241134, -1.6597806650545437, 0.3225763181665511, 0.46668549842888074, 0.12712327883506802, False
-3.9701396635066577, 5.357234595858472, -0.6877149208363078, 0.3225763181665511, 0.46668549842888074, 0.12712327883506802, False
-3.512617460821725, -3.365043664314867, 2.7418626720749053, 0.3225763181665511, 0.46668549842888074, 0.12712327883506802, False
-4.752024488847114, -2.8784940839947915, -0.9331778276564604, 0.3225763181665511, 0.46668549842888074, 0.12712327883506802, False
-1.9226460641396494, 3.9748579403408986, 0.2295474947687577, 0.3225763181665511, 0.46668549842888074, 0.12712327883506802, False
0.3557416137048879, -5.405200767376954, 0.36134009689910895, 0.3225763181665511, 0.46668549842888074, 0.12712327883506802, False
-2.8616957261506064, -1.0367513529295644, 1.4913737368730304, 0.3225763181665511, 0.46668549842888074, 0.12712327883506802, False
4.252989022405636, 6.177682853619267, -2.8736827621973484, 0.3225763181665511, 0.46668549842888074, 0.12712327883506802, False
6.153986281979877, 3.1455523663372507, -3.043105939978802, 0.3225763181665511, 0.46668549842888074, 0.12712327883506802, True
3.711804209595366, 1.7320889528306171, -2.5678440140776635, 0.3225763181665511, 0.46668549842888074, 0.12712327883506802, False
-5.256457192493224, 5.261584526496058, 0.6772867453320845, 0.3225763181665511, 0.46668549842888074, 0.12712327883506802, False
-1.5947290432051364, 0.20046270078833928, -2.4343894973539273, 0.3225763181665511, 0.46668549842888074, 0.12712327883506802, False
-4.437905052190352, 1.274761287765573, 0.10023815949412107, 0.3225763181665511, 0.46668549842888074, 0.12712327883506802, False
4.618154435050709, -3.45799218282055, -2.356830377852631, 0.3225763181665511, 0.46668549842888074, 0.12712327883506802, True
2.1664502134241523, 3.821481481422623, 2.4839696216243654, 0.3225763181665511, 0.46668549842888074, 0.12712327883506802, False
-5.5776244273909885, 3.6355308419242256, -1.9469886799512144, 0.3225763181665511, 0.46668549842888074, 0.12712327883506802, False
-0.6813843321289665, 5.874934626146553, -2.8693976303129083, 0.3225763181665511, 0.46668549842888074, 0.12712327883506802, False
-2.3216269940805394, -4.953585663005663, -1.6497618706481834, 0.3225763181665511, 0.46668549842888074, 0.12712327883506802, False
4.299709518616307, 1.0773988585599312, -0.06855706173838794, 0.3225763181665511, 0.46668549842888074, 0.12712327883506802, False
3.9097916288140873, 5.22391618163639, -1.9251060153046358, 0.3225763181665511, 0.46668549842888074, 0.12712327883506802, False
-5.88126049589544, -3.7103100357308927, -2.621107569307091, 0.3225763181665511, 0.46668549842888074, 0.12712327883506802, False
-4.712928170855298, 4.2707659115498195, 0.3661915634524098, 0.3225763181665511, 0.46668549842888074, 0.12712327883506802, False
0.3930450345896128, 4.323741552372514, 1.5863427267058405, 0.3225763181665511, 0.46668549842888074, 0.12712327883506802, False
5.791786870899021, -0.782366853975101, -2.6902090114920045, 0.3225763181665511, 0.46668549842888074, 0.12712327883506802, False
-4.368403692322875, 0.6758243137030044, 2.6632603270130053, 0.3225763181665511, 0.46668549842888074, 0.12712327883506802, False
2.2584235357618, -4.691421395891307, -1.767856508651937, 0.3225763181665511, 0.46668549842888074, 0.12712327883506802, False
5.5721515219728435, 0.7145508251699875, -0.6611851774824178, 0.3225763181665511, 0.46668549842888074, 0.12712327883506802, False
3.829749580690951, 5.964214023853442, -0.44122144595395874, 0.3225763181665511, 0.46668549842888074, 0.12712327883506802, False
-3.1822642910433454, 4.700699399957124, -0.5689665128940469, 0.3225763181665511, 0.46668549842888074, 0.12712327883506802, False
3.438590004721595, -5.383714436271665, 1.6137479985747047, 0.3225763181665511, 0.46668549842888074, 0.12712327883506802, False
2.4145482159602754, -5.7597901203114334, 1.2697832354304586, 0.3225763181665511, 0.46668549842888074, 0.12712327883506802, False
-0.12612174232416873, -3.7031768307790065, -0.591014295389535, 0.3225763181665511, 0.46668549842888074, 0.12712327883506802, False
-3.523282940395071, 5.438037879323225, 0.9694734463616648, 0.3225763181665511, 0.46668549842888074, 0.12712327883506802, False
-5.78508798188789, -5.242938177621095, -0.3745983088768585, 0.3225763181665511, 0.46668549842888074, 0.12712327883506802, False
-4.799961987548123, -5.432530065738392, -0.9644843976710242, 0.3225763181665511, 0.46668549842888074, 0.12712327883506802, False
-1.809876438237902, -5.088277295214645, -0.06495666358068286, 0.3225763181665511, 0.46668549842888074, 0.12712327883506802, False
3.167230465110835, 4.840283908189225, -2.5172095818218114, 0.3225763181665511, 0.46668549842888074, 0.12712327883506802, False
-0.06448684021737172, -2.105438610779408, -2.5352416930421784, 0.3225763181665511, 0.46668549842888074, 0.12712327883506802, False
-2.6247649919958285, -5.9274361781357765, -0.6855839331074809, 0.3225763181665511, 0.46668549842888074, 0.12712327883506802, False
-1.6161091135853747, -5.856114479018806, 0.29201416800547664, 0.3225763181665511, 0.46668549842888074, 0.12712327883506802, False
-2.007789634988641, 5.140178281829208, -0.3760136636929041, 0.3225763181665511, 0.46668549842888074, 0.12712327883506802, False
-5.272372258569664, -1.018807355455447, 0.247662405456738, 0.3225763181665511, 0.46668549842888074, 0.12712327883506802, False
-2.597246210324739, 5.909246827145241, -0.36221094048304225, 0.3225763181665511, 0.46668549842888074, 0.12712327883506802, False
-5.385061389886251, -2.2313111125184255, -2.5136765865463664, 0.3225763181665511, 0.46668549842888074, 0.12712327883506802, False
5.894618053846406, 4.660965750885744, -2.165607531716817, 0.3225763181665511, 0.46668549842888074, 0.12712327883506802, False
2.1975511999493325, -2.69588435035998, 1.0344156891940717, 0.3225763181665511, 0.46668549842888074, 0.12712327883506802, False
3.879459515082683, 0.5932912209760195, 1.3537760380788342, 0.3225763181665511, 0.46668549842888074, 0.12712327883506802, False
0.17388773948149527, 2.8604767494222685, 0.40313505929608917, 0.3225763181665511, 0.46668549842888074, 0.12712327883506802, False
-0.2313299321320219, -5.010783656633454, 2.207179559899342, 0.3225763181665511, 0.46668549842888074, 0.12712327883506802, False
5.753369833819141, 3.459038635238235, -0.9814377932719434, 0.3225763181665511, 0.46668549842888074, 0.12712327883506802, False
4.0484634299767706, 3.822066040094608, 3.0231807103355015, 0.3225763181665511, 0.46668549842888074, 0.12712327883506802, True
0.48009059618460537, 1.9268055811468656, 1.7582532852662665, 0.3225763181665511, 0.46668549842888074, 0.12712327883506802, False
4.309697484505163, 5.037716712267416, 0.18301900107803748, 0.3225763181665511, 0.46668549842888074, 0.12712327883506802, False
-4.540008301615669, -3.9686147635548252, 0.6152604087953182, 0.3225763181665511, 0.46668549842888074, 0.12712327883506802, False
-5.783207813600642, 4.037423424179472, -1.1508110120742112, 0.3225763181665511, 0.46668549842888074, 0.12712327883506802, False
1.617940454352909, 2.813086069273904, 1.122277966601363, 0.3225763181665511, 0.46668549842888074, 0.12712327883506802, False
-4.6350378839231405, 0.30561391828718776, -0.7489117780067178, 0.3225763181665511, 0.46668549842888074, 0.12712327883506802, False
1.3033010632846205, -1.5903052198834455, -1.445408933017152, 0.3225763181665511, 0.46668549842888074, 0.12712327883506802, False
5.209617979182266, -2.7917343892286883, -1.8459420674537128, 0.3225763181665511, 0.46668549842888074, 0.12712327883506802, False
1.5724238399969899, 4.45449179786195, 0.2010290559164365, 0.3225763181665511, 0.46668549842888074, 0.12712327883506802, False
-1.660524443155424, -4.536821216458532, -2.9061822346884476, 0.3225763181665511, 0.46668549842888074, 0.12712327883506802, True
4.394151415974136, -3.283023407911968, -1.509736600617682, 0.3225763181665511, 0.46668549842888074, 0.12712327883506802, True
-1.5308423470433148, -5.2336353566837435, 2.09098242714707, 0.3225763181665511, 0.46668549842888074, 0.12712327883506802, False
-6.035552313677072, -6.077346128028001, 1.0137857115680085, 0.3225763181665511, 0.46668549842888074, 0.12712327883506802, False
-4.851141015578603, 0.6038410772242662, -1.9950965840396224, 0.3225763181665511, 0.46668549842888074, 0.12712327883506802, False
-0.7310160021747087, -2.7985015405047897, -1.5061616532343487, 0.3225763181665511, 0.46668549842888074, 0.12712327883506802, False
-2.820232524698123, 0.2824866485575148, -3.046085365000964, 0.3225763181665511, 0.46668549842888074, 0.12712327883506802, True
0.5669427912904998, 0.853158221427373, 1.6678815821858377, 0.3225763181665511, 0.46668549842888074, 0.12712327883506802, False
-1.1832387799906154, -2.4034860846409893, 0.9514906467384847, 0.3225763181665511, 0.46668549842888074, 0.12712327883506802, False
-3.6702583673195863, 3.0770006926253703, 2.4035864596894205, 0.3225763181665511, 0.46668549842888074, 0.12712327883506802, False
-2.8160482424643196, 4.161541363386551, 2.38811091555087, 0.3225763181665511, 0.46668549842888074, 0.12712327883506802, False
2.8717818156544297, 3.9659186767148054, 3.0036559351046277, 0.3225763181665511, 0.46668549842888074, 0.12712327883506802, True
-1.1720282588292177, -2.9620909888207856, 0.29278961185273644, 0.3225763181665511, 0.46668549842888074, 0.12712327883506802, False
1.8670240218515506, -6.199819506546019, 1.8512761717845603, 0.3225763181665511, 0.46668549842888074, 0.12712327883506802, False
-3.6169173000075547, -5.101540589145596, 0.9694075551116113, 0.3225763181665511, 0.46668549842888074, 0.12712327883506802, False
-5.115813500869573, 1.843660287607193, 2.5623295404195767, 0.3225763181665511, 0.46668549842888074, 0.12712327883506802, False
-1.233290737610755, -0.5550555586322643, 0.10661264040748142, 0.3225763181665511, 0.46668549842888074, 0.12712327883506802, False
1.6378723253304388, -5.730351227470005, 2.4226163370408997, 0.3225763181665511, 0.46668549842888074, 0.12712327883506802, False
-5.446647786139006, 4.4783917698826095, 2.8743703286454503, 0.3225763181665511, 0.46668549842888074, 0.12712327883506802, True
1.3147408496309083, 3.908453316916649, -1.928747372843824, 0.3225763181665511, 0.46668549842888074, 0.12712327883506802, False
2.726590473034758, -5.129151814535112, 2.1449528914545795, 0.3225763181665511, 0.46668549842888074, 0.12712327883506802, False
-2.084139599299318, -0.721636820440879, -2.453307732203016, 0.3225763181665511, 0.46668549842888074, 0.12712327883506802, False
-0.6883200549474191, 2.754505222746495, 0.9662180203437085, 0.3225763181665511, 0.46668549842888074, 0.12712327883506802, False
5.2689717972731955, 2.8590923077247243, 0.06427233044493663, 0.3225763181665511, 0.46668549842888074, 0.12712327883506802, False
0.5400663495054676, 4.836757451853172, -2.1013300026323005, 0.3225763181665511, 0.46668549842888074, 0.12712327883506802, False
0.4960996285428587, -4.840532202256613, 1.725836463437715, 0.3225763181665511, 0.46668549842888074, 0.12712327883506802, False
-5.888495555802901, 3.865571504959421, 0.008303028980717109, 0.3225763181665511, 0.46668549842888074, 0.12712327883506802, False
4.186383913933653, -6.088727799589483, -1.3891070126368674, 0.3225763181665511, 0.46668549842888074, 0.12712327883506802, False
4.524321410456903, -4.69010033925262, 1.4086819846680356, 0.3225763181665511, 0.46668549842888074, 0.12712327883506802, False
5.296131945705932, -5.729422256818487, -0.41664882765434097, 0.3225763181665511, 0.46668549842888074, 0.12712327883506802, False
-5.670127398343435, 5.225573880452657, 1.792376625430621, 0.3225763181665511, 0.46668549842888074, 0.12712327883506802, False
4.207757445130396, 2.3054286538592947, 0.32683761691567836, 0.3225763181665511, 0.46668549842888074, 0.12712327883506802, False
-3.889505012283989, -3.340468223722666, 1.9408111818651452, 0.3225763181665511, 0.46668549842888074, 0.12712327883506802, False
-2.7036440647667974, -2.9187323437804, -2.9808858918389247, 0.3225763181665511, 0.46668549842888074, 0.12712327883506802, True
2.717948605844297, 4.783424932643863, 1.2699072460550074, 0.3225763181665511, 0.46668549842888074, 0.12712327883506802, False
3.5469253631384525, -3.3836699686725167, 1.7845099657222683, 0.3225763181665511, 0.46668549842888074, 0.12712327883506802, False
-1.731146736663029, -2.301207917905491, -2.5514866041675437, 0.3225763181665511, 0.46668549842888074, 0.12712327883506802, False
5.763563707825142, 2.8268162616830477, 2.430664362643782, 0.3225763181665511, 0.46668549842888074, 0.12712327883506802, False
-3.363439101222203, -1.0201765904991893, 2.3944066643510524, 0.3225763181665511, 0.46668549842888074, 0.12712327883506802, False
-3.8599085029019986, -1.6320431399732316, 1.4220506405481057, 0.3225763181665511, 0.46668549842888074, 0.12712327883506802, False
-0.017566342775008792, -0.7278751593803241, -3.0497223053405342, 0.3225763181665511, 0.46668549842888074, 0.12712327883506802, True
2.8100668064598366, 1.079995213536125, -0.6797264230547548, 0.3225763181665511, 0.46668549842888074, 0.12712327883506802, False
-5.780121612444172, 5.570663715646257, -0.06072307582146852, 0.3225763181665511, 0.46668549842888074, 0.12712327883506802, False
-4.97878536115622, 1.8620062546535756, 2.83079263070241, 0.3225763181665511, 0.46668549842888074, 0.12712327883506802, False
-1.833572933918778, -1.1740736372572984, 0.5826828949187841, 0.3225763181665511, 0.46668549842888074, 0.12712327883506802, False
-4.810615024025418, -4.256248562108758, -0.6939240700222622, 0.3225763181665511, 0.46668549842888074, 0.12712327883506802, False
-3.4987038128152594, 5.150794244993163, -1.5502064665333948, 0.3225763181665511, 0.46668549842888074, 0.12712327883506802, False
3.4493277590404716, -0.37864256211811664, -1.3133525608029513, 0.3225763181665511, 0.46668549842888074, 0.12712327883506802, False
4.485461062253311, 1.158879783466019, 0.8023279437551736, 0.3225763181665511, 0.46668549842888074, 0.12712327883506802, False
4.407174151462714, -2.7704323957126165, 2.96036535821363, 0.3225763181665511, 0.46668549842888074, 0.12712327883506802, True
-5.905592708276587, -2.169318585090612, 2.4934118662300078, 0.3225763181665511, 0.46668549842888074, 0.12712327883506802, False
-0.6745900302235155, 4.732778247350266, 0.5862169180970533, 0.3225763181665511, 0.46668549842888074, 0.12712327883506802, False
-0.2530054161000326, -5.690664204697727, -1.485405861145016, 0.3225763181665511, 0.46668549842888074, 0.12712327883506802, False
-4.215021294166896, 0.40536468588983166, -1.7047049894273585, 0.3225763181665511, 0.46668549842888074, 0.12712327883506802, False
3.3033953927456547, 5.752193714219041, -1.9667253811994667, 0.3225763181665511, 0.46668549842888074, 0.12712327883506802, False
-4.33764772809265, 2.3412476534621742, -2.4065629829276602, 0.3225763181665511, 0.46668549842888074, 0.12712327883506802, False
-3.946603645080027, -1.9802301296693443, -2.811143340162569, 0.3225763181665511, 0.46668549842888074, 0.12712327883506802, False
-3.5902453713868345, -0.22385052678499395, 1.8678593275376905, 0.3225763181665511, 0.46668549842888074, 0.12712327883506802, False
2.3920942169390607, 0.41902465848708914, 0.048853506075726916, 0.3225763181665511, 0.46668549842888074, 0.12712327883506802, False
2.4420028795589825, -5.699602798324746, -2.333432067539045, 0.3225763181665511, 0.46668549842888074, 0.12712327883506802, False
1.807251198445325, -3.007137079564476, 0.29379866938647536, 0.3225763181665511, 0.46668549842888074, 0.12712327883506802, False
2.932982613475863, 3.294082411650436, 0.22181519063026878, 0.3225763181665511, 0.46668549842888074, 0.12712327883506802, False
1.9288205642662142, 4.547763526384275, 0.06924795353843738, 0.3225763181665511, 0.46668549842888074, 0.12712327883506802, False
-1.5591328277212915, 1.8383113563269102, 2.089409871442082, 0.3225763181665511, 0.46668549842888074, 0.12712327883506802, False
1.1938420211994574, 5.7735183023886005, -2.825409828448314, 0.3225763181665511, 0.46668549842888074, 0.12712327883506802, False
3.9283019857324533, 0.12182875942442806, -1.7419551437620955, 0.3225763181665511, 0.46668549842888074, 0.12712327883506802, False
-1.6299596975281183, 1.7129312077682233, 0.7206401628226282, 0.3225763181665511, 0.46668549842888074, 0.12712327883506802, False
-1.7435079898813903, -3.626498654175278, 0.9759026741004009, 0.3225763181665511, 0.46668549842888074, 0.12712327883506802, False
-3.4037807886806437, 0.41947258985426306, 2.989217172609825, 0.3225763181665511, 0.46668549842888074, 0.12712327883506802, True
-4.487459094802408, 2.2050427457543904, 2.5891365507711495, 0.3225763181665511, 0.46668549842888074, 0.12712327883506802, False
-3.4156171229432126, -4.073931736917898, -0.5275619205571846, 0.3225763181665511, 0.46668549842888074, 0.12712327883506802, False
-1.1481802064806867, -4.3810430242865825, -1.406824414026871, 0.3225763181665511, 0.46668549842888074, 0.12712327883506802, False
4.930965655804767, -5.4385687644448275, -1.5532644342410016, 0.3225763181665511, 0.46668549842888074, 0.12712327883506802, False
3.387487806968906, 5.835673157801073, 3.009648386135175, 0.3225763181665511, 0.46668549842888074, 0.12712327883506802, True
-2.8655496228608834, 3.518819678002778, 1.4047760194374517, 0.3225763181665511, 0.46668549842888074, 0.12712327883506802, False
-2.1653068629536207, -3.3973150228130953, 2.724053056649704, 0.3225763181665511, 0.46668549842888074, 0.12712327883506802, False
5.8662950127089015, -6.0097979362930545, -1.704514087631673, 0.3225763181665511, 0.46668549842888074, 0.12712327883506802, False
4.576485435661969, 4.58907368147581, 2.503282448095759, 0.3225763181665511, 0.46668549842888074, 0.12712327883506802, False
5.375256632137793, 5.348482573628756, 1.48266210829473, 0.3225763181665511, 0.46668549842888074, 0.12712327883506802, False
-3.2376819356643067, 3.37930394690021, 0.7514861184485677, 0.3225763181665511, 0.46668549842888074, 0.12712327883506802, False
3.833002228215431, 4.032916426788779, -0.2899562229668464, 0.3225763181665511, 0.46668549842888074, 0.12712327883506802, False
-3.5077356274837195, -2.318032557808812, 1.5763628039008504, 0.3225763181665511, 0.46668549842888074, 0.12712327883506802, False
5.691394526628201, 2.4190494830750318, 2.7330275786983727, 0.3225763181665511, 0.46668549842888074, 0.12712327883506802, False
0.5733673973917917, 5.21611061073469, 2.2415092219307144, 0.3225763181665511, 0.46668549842888074, 0.12712327883506802, False
-2.9228470989769013, -2.6313640299906376, 1.4965905305994154, 0.3225763181665511, 0.46668549842888074, 0.12712327883506802, False
3.4007388199949133, -0.4739317086669512, -0.6470688133928082, 0.3225763181665511, 0.46668549842888074, 0.12712327883506802, False
-1.8093440081485879, 4.962283943140445, -2.3429107337098696, 0.3225763181665511, 0.46668549842888074, 0.12712327883506802, False
-3.5665240466995813, -2.3196141625863853, -2.727803125926306, 0.3225763181665511, 0.46668549842888074, 0.12712327883506802, False
0.6838327636872146, 2.8073411188864323, -0.6860531316490852, 0.3225763181665511, 0.46668549842888074, 0.12712327883506802, False
-3.8770976483194395, -1.584179248711326, -1.8962840532527643, 0.3225763181665511, 0.46668549842888074, 0.12712327883506802, False
5.910798075198686, -4.4084019622604345, 2.406657505322512, 0.3225763181665511, 0.46668549842888074, 0.12712327883506802, False
-2.2756117732606462, 5.331192165351638, 1.3032819050570117, 0.3225763181665511, 0.46668549842888074, 0.12712327883506802, False
3.041381092723258, -4.776935582258664, 1.9645839265727156, 0.3225763181665511, 0.46668549842888074, 0.12712327883506802, False
-0.7407152703990381, 0.012564457001877471, 0.18707250356163652, 0.3225763181665511, 0.46668549842888074, 0.12712327883506802, False
4.678986540624123, -2.2429643386613227, 0.9149519232798191, 0.3225763181665511, 0.46668549842888074, 0.12712327883506802, False
1.8951751234855845, -1.2088796679922682, 2.4807741935549457, 0.3225763181665511, 0.46668549842888074, 0.12712327883506802, False
-2.7884323248301577, -1.3530026182681052, -1.5229002816019959, 0.3225763181665511, 0.46668549842888074, 0.12712327883506802, False
1.7835645174191228, 2.8322611806110736, -1.697680622014608, 0.3225763181665511, 0.46668549842888074, 0.12712327883506802, False
0.5337590018097069, -5.626016754590861, 2.407751171624658, 0.3225763181665511, 0.46668549842888074, 0.12712327883506802, False
-2.6944636767315173, 5.726591018439169, 0.32137021774691377, 0.3225763181665511, 0.46668549842888074, 0.12712327883506802, False
-0.5138059969988138, 0.2682814065996073, -2.461503908089159, 0.3225763181665511, 0.46668549842888074, 0.12712327883506802, False
-3.566510331198067, -5.710454624703657, -2.5832287184958784, 0.3225763181665511, 0.46668549842888074, 0.12712327883506802, False
0.6581245391662351, -3.8523469869384974, -1.558602274509282, 0.3225763181665511, 0.46668549842888074, 0.12712327883506802, False
-4.561335315211787, -5.64217488931352, -0.03665862487354499, 0.3225763181665511, 0.46668549842888074, 0.12712327883506802, False
0.5275510460424977, 3.3619584745832256, -1.3764815508283355, 0.3225763181665511, 0.46668549842888074, 0.12712327883506802, False
0.7002632418375798, -6.01410129894445, 0.464008288136617, 0.3225763181665511, 0.46668549842888074, 0.12712327883506802, True
1.2908059780690975, 0.11205129962239724, 1.3567597047822835, 0.3225763181665511, 0.46668549842888074, 0.12712327883506802, False
2.284877763261898, -0.08359865067221772, -2.0259257064732616, 0.3225763181665511, 0.46668549842888074, 0.12712327883506802, False
-1.8217567392735363, -6.145840963982941, 1.1193041013348584, 0.3225763181665511, 0.46668549842888074, 0.12712327883506802, False
4.180490348116107, -2.0995544670601056, 1.453352498950422, 0.3225763181665511, 0.46668549842888074, 0.12712327883506802, False
0.8400641807981213, -3.8746864545673456, 0.095008068621802, 0.3225763181665511, 0.46668549842888074, 0.12712327883506802, False
0.7927206426578373, 1.1354665751312956, 1.6205173018214971, 0.3225763181665511, 0.46668549842888074, 0.12712327883506802, False
-1.605103227480587, -0.5904822669080438, -1.0344362360994568, 0.3225763181665511, 0.46668549842888074, 0.12712327883506802, False
0.07554943628202793, -5.7303570622038995, -0.8622404693939267, 0.3225763181665511, 0.46668549842888074, 0.12712327883506802, False
-3.487588780877875, -4.805127763746112, 2.094953500494732, 0.3225763181665511, 0.46668549842888074, 0.12712327883506802, False
-4.949230673704184, 5.048547994540751, -0.09935401074689665, 0.3225763181665511, 0.46668549842888074, 0.12712327883506802, False
-2.8147874779916675, 0.7726432639350707, 1.0410020217997573, 0.3225763181665511, 0.46668549842888074, 0.12712327883506802, False
4.482321641219315, -1.873370771215467, -3.05394499347907, 0.3225763181665511, 0.46668549842888074, 0.12712327883506802, True
3.3031063830732883, -3.8220814602683073, -2.6175666882149313, 0.3225763181665511, 0.46668549842888074, 0.12712327883506802, False
-5.470613350156628, -3.121120386507003, 2.13140060649883, 0.3225763181665511, 0.46668549842888074, 0.12712327883506802, False
-0.18970650612818396, 4.383817136162593, 1.7605291742866482, 0.3225763181665511, 0.46668549842888074, 0.12712327883506802, False
4.033972109711417, -6.09393776598081, 2.209179437960885, 0.3225763181665511, 0.46668549842888074, 0.12712327883506802, False
2.532406704901774, 2.24255545252273, -1.5656926303788326, 0.3225763181665511, 0.46668549842888074, 0.12712327883506802, False
5.92789069398953, -4.926403205071467, -1.4556374322404555, 0.3225763181665511, 0.46668549842888074, 0.12712327883506802, False
-3.7473989238513195, 1.8719104480408788, 2.317325144939324, 0.3225763181665511, 0.46668549842888074, 0.12712327883506802, False
5.566175468357606, 5.116729803907081, -2.1696154043409286, 0.3225763181665511, 0.46668549842888074, 0.12712327883506802, False
-2.545179347862226, -0.6375385255281296, -1.2482407431349591, 0.3225763181665511, 0.46668549842888074, 0.12712327883506802, False
-5.5700918538537305, 1.6183592820811317, -1.914012386878387, 0.3225763181665511, 0.46668549842888074, 0.12712327883506802, False
0.9936876043304359, 4.118203286005437, 3.1301726716516773, 0.3225763181665511, 0.46668549842888074, 0.12712327883506802, True
4.4377257388153915, 5.732034961083091, -3.062978845972872, 0.3225763181665511, 0.46668549842888074, 0.12712327883506802, True
