2.4272059300224047, -5.627843231292367, 1.0203495324527028, -0.2730105387958013, -0.48736775124967413, 0.2625022883310539, True
-4.2776667359246385, 5.677187929760429, 2.1351469073889158, -0.2730105387958013, -0.48736775124967413, 0.2625022883310539, True
3.894433337863262, 5.582395779548198, -0.1178928915783457, -0.2730105387958013, -0.48736775124967413, 0.2625022883310539, False
-2.1809867199181125, -2.5077114668933316, -2.1851167577655297, -0.2730105387958013, -0.48736775124967413, 0.2625022883310539, True
-5.688570583891954, -6.03379053619623, 1.3926835976174763, -0.2730105387958013, -0.48736775124967413, 0.2625022883310539, True
3.8329419572308083, 4.10845186136372, 1.4337029515655413, -0.2730105387958013, -0.48736775124967413, 0.2625022883310539, False
-3.945656834438527, 5.231471508754579, -2.3758089707250862, -0.2730105387958013, -0.48736775124967413, 0.2625022883310539, False
-0.8275696206877621, -1.3391941434907961, -1.107688425193472, -0.2730105387958013, -0.48736775124967413, 0.2625022883310539, False
2.9550457837494513, -1.0543689388222859, 0.9237592235835317, -0.2730105387958013, -0.48736775124967413, 0.2625022883310539, False
5.172748826540277, 2.5057696035017294, 1.8990537300542245, -0.2730105387958013, -0.48736775124967413, 0.2625022883310539, True
-0.8613457704891694, 5.864982623152288, 2.9693322524726353, -0.2730105387958013, -0.48736775124967413, 0.2625022883310539, True
-4.382729053420146, -3.3933237918945283, -2.636687939082374, -0.2730105387958013, -0.48736775124967413, 0.2625022883310539, True
-3.7170192654324286, 2.6292809158598427, -0.46730981281802464, -0.2730105387958013, -0.48736775124967413, 0.2625022883310539, True
-4.314664081578848, -5.990924498326438, -1.2338754981522089, -0.2730105387958013, -0.48736775124967413, 0.2625022883310539, True
6.171027016856112, 3.4625982393569803, 1.049639438580587, -0.2730105387958013, -0.48736775124967413, 0.2625022883310539, False
1.0319491474451281, -6.0275856141451944, -0.7458804960002934, -0.2730105387958013, -0.48736775124967413, 0.2625022883310539, True
4.43926072226566, 5.915455885919631, -0.6775978047046882, -0.2730105387958013, -0.48736775124967413, 0.2625022883310539, False
-5.283198918569401, 4.221052829228032, -1.7273634122700037, -0.2730105387958013, -0.48736775124967413, 0.2625022883310539, True
2.4340621054876053, 4.549600066325159, 0.19048589240112834, -0.2730105387958013, -0.48736775124967413, 0.2625022883310539, False
-1.949540355968777, -5.334339264814163, -1.216799736317771, -0.2730105387958013, -0.48736775124967413, 0.2625022883310539, True
2.8554989018778887, -3.733951533795468, -3.013914874010144, -0.2730105387958013, -0.48736775124967413, 0.2625022883310539, True
-5.003239789392521, 4.134450437811367, -1.14067231052484, -0.2730105387958013, -0.48736775124967413, 0.2625022883310539, False
1.8563702514815859, 5.018365126192622, -3.1044249779074127, -0.2730105387958013, -0.48736775124967413, 0.2625022883310539, True
1.959997859380529, -1.536809029965207, -0.0694768050354293, -0.2730105387958013, -0.48736775124967413, 0.2625022883310539, False
-4.407203762579418, -1.0603387303201144, -2.2696047642968558, -0.2730105387958013, -0.48736775124967413, 0.2625022883310539, False
0.9158228071500139, -5.224356001945123, -0.9899532385807586, -0.2730105387958013, -0.48736775124967413, 0.2625022883310539, True
2.0685535362565304, 0.8441287156856205, 0.7618663901793772, -0.2730105387958013, -0.48736775124967413, 0.2625022883310539, True
-2.697023626074421, 2.510888632650593, -0.45027355104759836, -0.2730105387958013, -0.48736775124967413, 0.2625022883310539, True
-1.6996765368452618, -5.035734506641775, 0.4993380335772768, -0.2730105387958013, -0.48736775124967413, 0.2625022883310539, True
-2.155398761652429, -0.35206404806948743, 1.776243243171061, -0.2730105387958013, -0.48736775124967413, 0.2625022883310539, True
6.247687276671506, 5.767814414856197, -0.2244933527217121, -0.2730105387958013, -0.48736775124967413, 0.2625022883310539, False
-5.394279266062457, 5.5953810115693265, -2.4428547738987842, -0.2730105387958013, -0.48736775124967413, 0.2625022883310539, False
6.249915075566479, -5.405656143755351, -1.0006623601152582, -0.2730105387958013, -0.48736775124967413, 0.2625022883310539, True
-5.24557882370876, 1.1388517058383174, 0.5688755636848604, -0.2730105387958013, -0.48736775124967413, 0.2625022883310539, True
2.706941814943761, 4.829133995835614, -1.106475663470885, -0.2730105387958013, -0.48736775124967413, 0.2625022883310539, False
0.5341849584186473, -2.6439126652688003, -0.553621485005483, -0.2730105387958013, -0.48736775124967413, 0.2625022883310539, False
-4.157557748834157, 4.675379502664107, 0.39484641757757055, -0.2730105387958013, -0.48736775124967413, 0.2625022883310539, False
-0.06407351368860326, -2.9166338190070724, -0.048942812696783466, -0.2730105387958013, -0.48736775124967413, 0.2625022883310539, False
-5.792666362800573, 3.6938105539068555, -3.0450413468131283, -0.2730105387958013, -0.48736775124967413, 0.2625022883310539, True
2.9218196121907365, -2.5023292528224883, 2.197943634596413, -0.2730105387958013, -0.48736775124967413, 0.2625022883310539, False
3.885326963335835, -4.112178336629316, -2.9749185021813007, -0.2730105387958013, -0.48736775124967413, 0.2625022883310539, True
0.8128388248254241, 0.3620349763895945, -1.8845297495153082, -0.2730105387958013, -0.48736775124967413, 0.2625022883310539, True
-5.0415675048982305, 5.622421754617346, 0.05527854328542281, -0.2730105387958013, -0.48736775124967413, 0.2625022883310539, False
-0.012893452226446556, 3.2590143708486785, 2.972163647935945, -0.2730105387958013, -0.48736775124967413, 0.2625022883310539, True
3.7859613984923133, -5.359309418058945, 1.3773846897537059, -0.2730105387958013, -0.48736775124967413, 0.2625022883310539, True
-1.5402591171073095, -1.5982795372722753, -2.1161719457960286, -0.2730105387958013, -0.48736775124967413, 0.2625022883310539, False
0.22490242695279683, -2.879945328187529, -3.0437724306307214, -0.2730105387958013, -0.48736775124967413, 0.2625022883310539, True
1.8901858016098565, -6.187984062445142, -1.4242389241602706, -0.2730105387958013, -0.48736775124967413, 0.2625022883310539, False
3.9049684238148252, -2.912661311596153, -1.9583904256763607, -0.2730105387958013, -0.48736775124967413, 0.2625022883310539, True
5.206787815096632, -4.550798667611993, -2.3115987137053375, -0.2730105387958013, -0.48736775124967413, 0.2625022883310539, True
-1.197834790638697, -5.294138998343521, -0.49156948729571104, -0.2730105387958013, -0.48736775124967413, 0.2625022883310539, True
-4.284191082861457, 5.2111408369450185, 1.453563375626569, -0.2730105387958013, -0.48736775124967413, 0.2625022883310539, False
-1.7764598180488864, -0.5121543171639207, 1.612125935381246, -0.2730105387958013, -0.48736775124967413, 0.2625022883310539, True
-0.4597758207742997, 0.6720910670624276, 1.5165896869798576, -0.2730105387958013, -0.48736775124967413, 0.2625022883310539, True
-0.5229872405512852, 3.611770071698073, 1.1021763613838695, -0.2730105387958013, -0.48736775124967413, 0.2625022883310539, False
4.575055733185298, 5.790685063457872, -2.639485448739411, -0.2730105387958013, -0.48736775124967413, 0.2625022883310539, False
-4.055471132505646, 4.748302986056476, 0.1466127979867613, -0.2730105387958013, -0.48736775124967413, 0.2625022883310539, False
3.259092154039104, -5.353627010343581, 0.3341431387444511, -0.2730105387958013, -0.48736775124967413, 0.2625022883310539, True
3.576976897316813, 4.0647870945363245, -0.10138168743170572, -0.2730105387958013, -0.48736775124967413, 0.2625022883310539, False
-6.079576188900024, -5.404944998401191, 2.4907127228882047, -0.2730105387958013, -0.48736775124967413, 0.2625022883310539, True
-1.7444677841778713, 3.772035070360273, -0.8822682307830632, -0.2730105387958013, -0.48736775124967413, 0.2625022883310539, False
2.7640238660388814, -3.8485493933231636, 2.8818337953808557, -0.2730105387958013, -0.48736775124967413, 0.2625022883310539, True
4.000727348718064, -3.5172424973619463, -2.53866529314009, -0.2730105387958013, -0.48736775124967413, 0.2625022883310539, True
4.273887933547243, 2.5321971669151377, 1.7640126010699646, -0.2730105387958013, -0.48736775124967413, 0.2625022883310539, True
1.3468329628358324, -1.711176921683295, -2.4039422242718422, -0.2730105387958013, -0.48736775124967413, 0.2625022883310539, False
4.292703855493931, 5.508989511337237, -2.0068563779994975, -0.2730105387958013, -0.48736775124967413, 0.2625022883310539, False
4.329530651437937, 6.180426720376886, -0.11368728845169462, -0.2730105387958013, -0.48736775124967413, 0.2625022883310539, True
2.398283572777718, 2.300584074142858, -0.716995799724041, -0.2730105387958013, -0.48736775124967413, 0.2625022883310539, True
5.679527707523556, -2.8497129511216155, 2.9807490528599274, -0.2730105387958013, -0.48736775124967413, 0.2625022883310539, True
5.169996133587411, -1.7006723513179391, 0.21011270709898922, -0.2730105387958013, -0.48736775124967413, 0.2625022883310539, False
0.05331726318245522, 2.7629240115270655, 1.9577578133797298, -0.2730105387958013, -0.48736775124967413, 0.2625022883310539, True
-3.077465171903612, 0.6934032731729411, 1.5412431554011965, -0.2730105387958013, -0.48736775124967413, 0.2625022883310539, True
-0.553914974684945, 0.3992854825850696, -1.805269078503084, -0.2730105387958013, -0.48736775124967413, 0.2625022883310539, True
-0.8947880362956742, 0.12411774697123068, 1.4179609548745198, -0.2730105387958013, -0.48736775124967413, 0.2625022883310539, True
3.0907038986706983, -5.036448336133786, -1.5125606279427104, -0.2730105387958013, -0.48736775124967413, 0.2625022883310539, True
-5.33787297565034, -3.8768444996679654, 2.2664020271192387, -0.2730105387958013, -0.48736775124967413, 0.2625022883310539, True
-4.166618047488207, -1.476439710682154, -0.8893120301781066, -0.2730105387958013, -0.48736775124967413, 0.2625022883310539, False
0.6588452728637124, 5.136977852097429, 0.7126901369943126, -0.2730105387958013, -0.48736775124967413, 0.2625022883310539, False
-3.8778120095648596, 4.8964526991368515, 0.139385930056668, -0.2730105387958013, -0.48736775124967413, 0.2625022883310539, False
-6.174079968735324, -3.4867416544641583, -2.9962025632740525, -0.2730105387958013, -0.48736775124967413, 0.2625022883310539, True
6.085103761648833, 2.8316421324593364, 0.1773405367180878, -0.2730105387958013, -0.48736775124967413, 0.2625022883310539, True
-1.6593247470981423, 1.4618768907123574, 0.09536236624689076, -0.2730105387958013, -0.48736775124967413, 0.2625022883310539, True
0.10378017110279547, -3.1945832205288296, 2.8330308586009387, -0.2730105387958013, -0.48736775124967413, 0.2625022883310539, False
-5.715635705350567, 1.1486755352122104, -0.9883104136056615, -0.2730105387958013, -0.48736775124967413, 0.2625022883310539, True
4.890824914723231, -2.906937519525386, -0.8018199800699999, -0.2730105387958013, -0.48736775124967413, 0.2625022883310539, True
3.0516756701589873, -2.4038826753894185, -2.419487470017651, -0.2730105387958013, -0.48736775124967413, 0.2625022883310539, True
6.1644463620715815, 1.8503858472929124, 2.191836178053685, -0.2730105387958013, -0.48736775124967413, 0.2625022883310539, True
1.3348416107701935, 4.0441309702130965, 2.046158029849411, -0.2730105387958013, -0.48736775124967413, 0.2625022883310539, False
-5.921089748357024, -2.9046825351970225, -1.3085354035622583, -0.2730105387958013, -0.48736775124967413, 0.2625022883310539, True
1.1644350335266909, 5.97624941880926, 2.233230994682816, -0.2730105387958013, -0.48736775124967413, 0.2625022883310539, True
0.7340471633463022, -3.203089893501116, 0.48870947211588156, -0.2730105387958013, -0.48736775124967413, 0.2625022883310539, False
1.9157211447341016, 1.381487232587589, -0.20977816452625975, -0.2730105387958013, -0.48736775124967413, 0.2625022883310539, True
4.39585368006156, -4.087376885280746, -0.44345175896816835, -0.2730105387958013, -0.48736775124967413, 0.2625022883310539, True
3.26680430520752, -4.846712433485228, 1.0496277137130434, -0.2730105387958013, -0.48736775124967413, 0.2625022883310539, True
-5.607283013104592, -5.936423010935416, 2.819772296264593, -0.2730105387958013, -0.48736775124967413, 0.2625022883310539, True
-1.3712105066256584, -3.094113120858789, -2.442134992683639, -0.2730105387958013, -0.48736775124967413, 0.2625022883310539, True
4.072422092737382, 1.7721927725665871, 1.3187242231694025, -0.2730105387958013, -0.48736775124967413, 0.2625022883310539, True
1.1635265798014736, -2.5766785050408942, 0.4456060414972782, -0.2730105387958013, -0.48736775124967413, 0.2625022883310539, True
3.5197330975434618, -3.1981454427627645, -0.031791811687568394, -0.2730105387958013, -0.48736775124967413, 0.2625022883310539, False
1.3444547615321083, 4.980904892991699, 2.6870002065612537, -0.2730105387958013, -0.48736775124967413, 0.2625022883310539, False
-1.9805627030665578, 6.050865832502556, -2.2293176494258944, -0.2730105387958013, -0.48736775124967413, 0.2625022883310539, True
4.769177892751042, 3.0083802757864575, -1.647766302109658, -0.2730105387958013, -0.48736775124967413, 0.2625022883310539, True
-5.808872075113796, 5.486170299000703, -0.07975465912174418, -0.2730105387958013, -0.48736775124967413, 0.2625022883310539, False
5.017765193755599, 6.218998218900586, 2.313816413241301, -0.2730105387958013, -0.48736775124967413, 0.2625022883310539, True
-4.602572614252311, -1.8873401459896852, -0.852272014139503, -0.2730105387958013, -0.48736775124967413, 0.2625022883310539, False
-1.836795793332385, 3.420319277967282, 2.5824874198815913, -0.2730105387958013, -0.48736775124967413, 0.2625022883310539, False
-5.89071669380405, 0.35261284793635284, 1.2288823676110416, -0.2730105387958013, -0.48736775124967413, 0.2625022883310539, True
5.158331137500374, -5.861808899054427, 2.199407180696123, -0.2730105387958013, -0.48736775124967413, 0.2625022883310539, True
1.4765286575082692, 2.642702560952488, 0.5863297802567833, -0.2730105387958013, -0.48736775124967413, 0.2625022883310539, True
-4.08417951192051, 5.384735445321786, -1.4313758241204222, -0.2730105387958013, -0.48736775124967413, 0.2625022883310539, False
2.9472252158796817, -2.094811022072972, 2.558216679745673, -0.2730105387958013, -0.48736775124967413, 0.2625022883310539, False
6.229526657878175, -4.255193278316025, -2.439374940564805, -0.2730105387958013, -0.48736775124967413, 0.2625022883310539, True
-0.41520653889692305, -0.0029390450650232935, 2.6267021102991377, -0.2730105387958013, -0.48736775124967413, 0.2625022883310539, True
0.8811740532695005, -3.03679916832982, -0.6427055311889198, -0.2730105387958013, -0.48736775124967413, 0.2625022883310539, True
-4.090539411351375, 5.098435728811943, 2.3229194009882734, -0.2730105387958013, -0.48736775124967413, 0.2625022883310539, False
3.319061335138736, 0.6766061862591579, -2.316050300428349, -0.2730105387958013, -0.48736775124967413, 0.2625022883310539, True
6.239983722346638, -0.9665527689658076, 0.47283422903100103, -0.2730105387958013, -0.48736775124967413, 0.2625022883310539, False
-1.2362565519226214, -0.16036269173660678, -1.0891140233293264, -0.2730105387958013, -0.48736775124967413, 0.2625022883310539, False
-3.367437967246222, 2.576235889606627, -1.6025586045414502, -0.2730105387958013, -0.48736775124967413, 0.2625022883310539, True
-2.203736592611815, 3.976187519550084, -1.5795217397386379, -0.2730105387958013, -0.48736775124967413, 0.2625022883310539, False
-5.593758180709241, 1.3629977012408752, -1.6892685229160647, -0.2730105387958013, -0.48736775124967413, 0.2625022883310539, True
-2.6180339501696697, 1.3686287150582706, -2.190219354923495, -0.2730105387958013, -0.48736775124967413, 0.2625022883310539, True
-4.1721746978760965, 4.521040658761571, 1.8485098935218707, -0.2730105387958013, -0.48736775124967413, 0.2625022883310539, False
-4.509729862040492, 0.6711425079608953, -2.343146412075662, -0.2730105387958013, -0.48736775124967413, 0.2625022883310539, True
-3.280212233286594, 0.9966608597207927, -1.062547105517567, -0.2730105387958013, -0.48736775124967413, 0.2625022883310539, True
2.8055412167638014, -2.8945322152876365, -1.6380996162689943, -0.2730105387958013, -0.48736775124967413, 0.2625022883310539, True
-5.392832588404486, -2.577656154505806, 0.2780920555331474, -0.2730105387958013, -0.48736775124967413, 0.2625022883310539, False
-0.6738212024788552, 3.8952708854408815, 1.0918094106186569, -0.2730105387958013, -0.48736775124967413, 0.2625022883310539, False
4.505045365547224, 6.282358693610059, 2.6400742960436157, -0.2730105387958013, -0.48736775124967413, 0.2625022883310539, True
-4.631519359987891, 4.808274483032008, -1.1637324568489655, -0.2730105387958013, -0.48736775124967413, 0.2625022883310539, False
-0.8553440194897508, 4.881744765516839, 1.8523133674928918, -0.2730105387958013, -0.48736775124967413, 0.2625022883310539, False
2.5273206363792475, 5.351230053186363, -2.238616240266448, -0.2730105387958013, -0.48736775124967413, 0.2625022883310539, False
4.674286891652455, 5.17043809278621, 2.3302525109254857, -0.2730105387958013, -0.48736775124967413, 0.2625022883310539, False
-5.5058505468310335, -2.06466983655078, -0.8326045524562375, -0.2730105387958013, -0.48736775124967413, 0.2625022883310539, False
2.2438934545851, -0.06914370273303572, 2.893159243836063, -0.2730105387958013, -0.48736775124967413, 0.2625022883310539, True
2.6103497703077725, -0.2044944239532427, -0.31621938955525186, -0.2730105387958013, -0.48736775124967413, 0.2625022883310539, False
-3.3714290621368255, 0.32022277583073766, -2.313668591979634, -0.2730105387958013, -0.48736775124967413, 0.2625022883310539, True
2.8206246595988365, 6.053631869116094, -1.2262419672908202, -0.2730105387958013, -0.48736775124967413, 0.2625022883310539, False
-5.59285585098133, 5.965095072389969, 3.0332650538282024, -0.2730105387958013, -0.48736775124967413, 0.2625022883310539, True
5.473600735491056, -5.924509933760356, -0.9865215899131203, -0.2730105387958013, -0.48736775124967413, 0.2625022883310539, True
-2.124959661507666, 1.6226639908146474, 2.3657774693363365, -0.2730105387958013, -0.48736775124967413, 0.2625022883310539, True
2.760142493968239, -3.409379696969793, 2.4187120347072755, -0.2730105387958013, -0.48736775124967413, 0.2625022883310539, True
2.2122366778165574, -5.4058834733259955, 2.9030334417956896, -0.2730105387958013, -0.48736775124967413, 0.2625022883310539, True
-6.099024919968468, -0.4529626796849424, 1.8118376398906086, -0.2730105387958013, -0.48736775124967413, 0.2625022883310539, True
4.19576458123837, -0.21813422955299977, 2.563944240334976, -0.2730105387958013, -0.48736775124967413, 0.2625022883310539, True
-5.383838631265252, 4.678156215974555, -1.5280342871923576, -0.2730105387958013, -0.48736775124967413, 0.2625022883310539, False
0.7610200460653864, -2.8423717942860667, 2.872551368049076, -0.2730105387958013, -0.48736775124967413, 0.2625022883310539, False
4.448871433727909, 4.857071087229016, -0.861655023234591, -0.2730105387958013, -0.48736775124967413, 0.2625022883310539, False
5.924451657577778, 4.687189817602041, -0.9414196344259009, -0.2730105387958013, -0.48736775124967413, 0.2625022883310539, False
0.5755024887055873, -2.3929024068081723, -0.7235428236630894, -0.2730105387958013, -0.48736775124967413, 0.2625022883310539, False
4.515352133543859, -5.216956904805388, 1.0988319394846933, -0.2730105387958013, -0.48736775124967413, 0.2625022883310539, True
-4.419304557107061, -5.160353919107189, 2.3361248319025982, -0.2730105387958013, -0.48736775124967413, 0.2625022883310539, True
-2.29375324130727, -2.133587599530408, 1.0071203350597084, -0.2730105387958013, -0.48736775124967413, 0.2625022883310539, False
1.9901573887342447, -3.3078303980250463, -0.6677532338450196, -0.2730105387958013, -0.48736775124967413, 0.2625022883310539, True
-0.5909196866973438, 1.8863073839946853, -1.1372546553228329, -0.2730105387958013, -0.48736775124967413, 0.2625022883310539, True
5.792441977429579, -0.7043025729531394, -2.887587797987154, -0.2730105387958013, -0.48736775124967413, 0.2625022883310539, True
-4.0130507821510095, -5.795332856273199, -1.321192189938216, -0.2730105387958013, -0.48736775124967413, 0.2625022883310539, True
1.0162275532978722, -1.2840138457178396, 1.9564585124844047, -0.2730105387958013, -0.48736775124967413, 0.2625022883310539, False
-5.405646846505083, -2.881501766685655, -0.3657031608899901, -0.2730105387958013, -0.48736775124967413, 0.2625022883310539, True
-5.129067440783492, 5.1231798374664095, -2.446133397278468, -0.2730105387958013, -0.48736775124967413, 0.2625022883310539, False
-2.434668316438689, -1.055849424790539, -1.6741549816675116, -0.2730105387958013, -0.48736775124967413, 0.2625022883310539, False
5.173124147606444, 1.423848911800377, -1.4822253070962095, -0.2730105387958013, -0.48736775124967413, 0.2625022883310539, True
-1.2033998519707056, -3.1273967539755154, 0.08422648744560002, -0.2730105387958013, -0.48736775124967413, 0.2625022883310539, False
-2.929841775833451, -4.565798862622992, 1.1931299685160957, -0.2730105387958013, -0.48736775124967413, 0.2625022883310539, True
-4.097434159672814, -0.9292432005145432, 2.612496761689764, -0.2730105387958013, -0.48736775124967413, 0.2625022883310539, False
5.657226663432649, -4.501504578529241, -2.4450487204070943, -0.2730105387958013, -0.48736775124967413, 0.2625022883310539, True
4.760243503711749, 2.865667307949211, 0.527719750933588, -0.2730105387958013, -0.48736775124967413, 0.2625022883310539, True
0.6717052346043655, 4.540764974673479, 1.4905359069174358, -0.2730105387958013, -0.48736775124967413, 0.2625022883310539, False
-3.0778821342521985, 2.2362110486896025, 0.13736638291393977, -0.2730105387958013, -0.48736775124967413, 0.2625022883310539, True
-5.4064555055619845, -1.851792283757085, 1.506139800949514, -0.2730105387958013, -0.48736775124967413, 0.2625022883310539, False
3.0019223075673924, 2.8735803008000023, 1.2585024716885922, -0.2730105387958013, -0.48736775124967413, 0.2625022883310539, True
6.21923445717051, 3.235159864976648, 2.0383613579702082, -0.2730105387958013, -0.48736775124967413, 0.2625022883310539, False
-3.9500246646785397, 5.192580775124821, -1.0659395256089637, -0.2730105387958013, -0.48736775124967413, 0.2625022883310539, False
-5.418516514637167, 4.664312789530786, -1.3194965836746553, -0.2730105387958013, -0.48736775124967413, 0.2625022883310539, False
-1.1239035686990313, -0.2153443136759421, -1.434745278891588, -0.2730105387958013, -0.48736775124967413, 0.2625022883310539, False
2.8720120175949972, -6.222586366771819, 0.2332209423712266, -0.2730105387958013, -0.48736775124967413, 0.2625022883310539, True
-4.580325565056594, 3.9559637918840735, -1.9492966531929712, -0.2730105387958013, -0.48736775124967413, 0.2625022883310539, False
-4.76624477992658, 4.4225741985570295, -2.229181460327306, -0.2730105387958013, -0.48736775124967413, 0.2625022883310539, False
5.44952551503957, 1.5679158587845512, -0.8874008560734463, -0.2730105387958013, -0.48736775124967413, 0.2625022883310539, True
3.668051961045867, 5.1024728868126115, 0.08837303096789029, -0.2730105387958013, -0.48736775124967413, 0.2625022883310539, False
3.0875418294980985, 1.8397651368096053, -1.2815701026668234, -0.2730105387958013, -0.48736775124967413, 0.2625022883310539, True
-4.590919761934365, 0.733527982712376, -1.1369849115935096, -0.2730105387958013, -0.48736775124967413, 0.2625022883310539, True
-2.6114080801281556, 5.284545531639111, 0.7206638122624036, -0.2730105387958013, -0.48736775124967413, 0.2625022883310539, False
-0.9050616808134286, -1.3427283144381965, -2.002086947130217, -0.2730105387958013, -0.48736775124967413, 0.2625022883310539, False
5.430069340488657, -3.3658985694862413, 2.357227766829494, -0.2730105387958013, -0.48736775124967413, 0.2625022883310539, True
-4.169644838238591, -1.0467390830789203, -1.5773734120661815, -0.2730105387958013, -0.48736775124967413, 0.2625022883310539, False
1.1325668284903045, -5.8066609995738245, -0.029301855191111947, -0.2730105387958013, -0.48736775124967413, 0.2625022883310539, True
-0.7622214874675439, 0.5684818195376673, -1.480670426793873, -0.2730105387958013, -0.48736775124967413, 0.2625022883310539, True
0.000674345065410975, 0.9490144571140773, -1.3435205044700516, -0.2730105387958013, -0.48736775124967413, 0.2625022883310539, True
-3.6298374522970027, -1.0327058543408043, 0.12962730923906296, -0.2730105387958013, -0.48736775124967413, 0.2625022883310539, False
-6.076311560371183, 2.4958835141158513, -3.081447613944529, -0.2730105387958013, -0.48736775124967413, 0.2625022883310539, True
4.9767298308755645, -1.0746902369054903, -0.28811096915486534, -0.2730105387958013, -0.48736775124967413, 0.2625022883310539, False
-4.20240990472387, 2.7469676102896905, -0.2661113385225007, -0.2730105387958013, -0.48736775124967413, 0.2625022883310539, True
3.3414114919464613, -1.998582482031928, 0.7013470226166603, -0.2730105387958013, -0.48736775124967413, 0.2625022883310539, False
-5.963133591863289, -3.741097377770433, -1.985401601678563, -0.2730105387958013, -0.48736775124967413, 0.2625022883310539, True
1.3994777842528796, -2.451673312698184, 2.695711028058499, -0.2730105387958013, -0.48736775124967413, 0.2625022883310539, False
5.078376302754604, 0.48041388501688154, 2.8175846920796035, -0.2730105387958013, -0.48736775124967413, 0.2625022883310539, True
5.087971900138781, 4.8786076335208755, -2.7136593661599266, -0.2730105387958013, -0.48736775124967413, 0.2625022883310539, False
-4.842526660760167, 1.651457037585227, 0.7552819448451733, -0.2730105387958013, -0.48736775124967413, 0.2625022883310539, True
-0.6347819221334463, 1.6760741114957716, -1.5119443814254352, -0.2730105387958013, -0.48736775124967413, 0.2625022883310539, True
