2.2019916547601763, -2.5207890129648223, -2.1358913096953165, -0.4633659860819429, -0.1562396555603729, -0.5817444417039659, False
-3.131930025334789, -4.5705156267018285, -2.8568269180456767, -0.4633659860819429, -0.1562396555603729, -0.5817444417039659, True
-5.399059219197344, 5.616815421053115, 1.3007477768368858, -0.4633659860819429, -0.1562396555603729, -0.5817444417039659, False
-0.4957475177267785, 5.519133438720642, -1.5104883790107129, -0.4633659860819429, -0.1562396555603729, -0.5817444417039659, False
-3.366000516462635, -0.2661754168834438, -1.2106108724089246, -0.4633659860819429, -0.1562396555603729, -0.5817444417039659, False
4.4760685573704535, 4.888744423197997, 1.4083739078509865, -0.4633659860819429, -0.1562396555603729, -0.5817444417039659, False
4.590944182006114, 4.3521068307694915, -1.5252279971944775, -0.4633659860819429, -0.1562396555603729, -0.5817444417039659, False
-1.4269414049606617, 1.5438019646431682, 2.040014484124578, -0.4633659860819429, -0.1562396555603729, -0.5817444417039659, False
-5.644473173344907, 2.394652963564262, -2.207612824891175, -0.4633659860819429, -0.1562396555603729, -0.5817444417039659, False
1.5577224844889992, 6.152949502042297, -0.1315093724409846, -0.4633659860819429, -0.1562396555603729, -0.5817444417039659, False
-0.14275657484216708, -5.059135649506244, -1.085995817218841, -0.4633659860819429, -0.1562396555603729, -0.5817444417039659, False
-0.38385707547367787, 1.7958577771244055, -0.45209387045973815, -0.4633659860819429, -0.1562396555603729, -0.5817444417039659, False
-4.342378534814256, -2.7336512824890895, 2.940970735433935, -0.4633659860819429, -0.1562396555603729, -0.5817444417039659, True
-4.45794231141101, -5.9507654409430435, -0.2261362974040897, -0.4633659860819429, -0.1562396555603729, -0.5817444417039659, False
-4.111955181215487, 5.384219656999241, -3.01846606011294, -0.4633659860819429, -0.1562396555603729, -0.5817444417039659, True
-2.6171151326274225, -0.158462975045766, -0.9527505746363669, -0.4633659860819429, -0.1562396555603729, -0.5817444417039659, False
0.4800596912917161, -0.26823844658321416, -0.12103032209024489, -0.4633659860819429, -0.1562396555603729, -0.5817444417039659, False
4.937523283055263, -2.0435759515169387, -3.008417239600109, -0.4633659860819429, -0.1562396555603729, -0.5817444417039659, True
-1.4961010942725164, 5.696759386240323, 0.08725310510417517, -0.4633659860819429, -0.1562396555603729, -0.5817444417039659, False
-4.0820639458282315, -1.8853536558029846, -0.12109135250782055, -0.4633659860819429, -0.1562396555603729, -0.5817444417039659, False
-3.516856269070062, 1.7439508429680668, 0.9400992001258679, -0.4633659860819429, -0.1562396555603729, -0.5817444417039659, False
2.1509237005117736, -0.007455538668973638, -2.4925913929047, -0.4633659860819429, -0.1562396555603729, -0.5817444417039659, False
-6.050592146114149, -2.2517825253477737, -2.4682176911237557, -0.4633659860819429, -0.1562396555603729, -0.5817444417039659, False
2.632447658091385, -0.43847362391059885, -0.2713769283506058, -0.4633659860819429, -0.1562396555603729, -0.5817444417039659, False
-1.6742595921036578, 2.170943923675818, 0.5087076021460009, -0.4633659860819429, -0.1562396555603729, -0.5817444417039659, False
2.6853660557471386, -5.134625699934191, 2.312376548403255, -0.4633659860819429, -0.1562396555603729, -0.5817444417039659, False
-4.279087068771443, 2.180447862958836, 2.9450234754742244, -0.4633659860819429, -0.1562396555603729, -0.5817444417039659, True
-1.1730048103823876, 3.5068839189726386, 0.8788024967779613, -0.4633659860819429, -0.1562396555603729, -0.5817444417039659, False
2.5877417649508114, 4.716479169183151, -1.4687344873859252, -0.4633659860819429, -0.1562396555603729, -0.5817444417039659, False
0.7324718867890851, -3.007639474680761, -1.7370574202109754, -0.4633659860819429, -0.1562396555603729, -0.5817444417039659, False
1.212935472823732, 5.25622219391585, 2.999448533151054, -0.4633659860819429, -0.1562396555603729, -0.5817444417039659, True
-0.5245858855387153, -1.5211742245077042, -0.9048855324605447, -0.4633659860819429, -0.1562396555603729, -0.5817444417039659, False
-3.978043139394549, 2.5452800990129507, 1.169393471379247, -0.4633659860819429, -0.1562396555603729, -0.5817444417039659, False
5.371677047133208, -1.940053807071818, 2.1609852004231875, -0.4633659860819429, -0.1562396555603729, -0.5817444417039659, False
-3.9195437682372347, 3.587266109572017, 1.582869075541005, -0.4633659860819429, -0.1562396555603729, -0.5817444417039659, False
0.7536796597991993, -5.5714516695134, -0.6794783734322336, -0.4633659860819429, -0.1562396555603729, -0.5817444417039659, False
-4.307330095083135, -1.7032604588262812, -3.1108755404286694, -0.4633659860819429, -0.1562396555603729, -0.5817444417039659, True
-0.09775181765121932, 2.0238044595926485, 0.22407121955771592, -0.4633659860819429, -0.1562396555603729, -0.5817444417039659, False
2.8547750793165623, -5.333753091743009, -2.302818860577261, -0.4633659860819429, -0.1562396555603729, -0.5817444417039659, False
-3.409160833158577, -5.382650842495896, 2.0291500991794544, -0.4633659860819429, -0.1562396555603729, -0.5817444417039659, False
-3.515644051601527, -4.413000991063486, -1.9593161436743853, -0.4633659860819429, -0.1562396555603729, -0.5817444417039659, False
-4.000500190596362, 5.948022839486599, -2.5966527639815205, -0.4633659860819429, -0.1562396555603729, -0.5817444417039659, False
-5.101275697387699, -2.003796769123343, 0.33815043018190494, -0.4633659860819429, -0.1562396555603729, -0.5817444417039659, False
-3.27750656103684, -3.1494470217093458, -2.78530725523432, -0.4633659860819429, -0.1562396555603729, -0.5817444417039659, False
2.1237012540035405, 6.222700297708288, 1.273951350035504, -0.4633659860819429, -0.1562396555603729, -0.5817444417039659, False
2.2364913543508678, 4.641896226867299, 1.8720311066479658, -0.4633659860819429, -0.1562396555603729, -0.5817444417039659, False
3.960761804399244, 3.5305470319325813, 0.6562092885946957, -0.4633659860819429, -0.1562396555603729, -0.5817444417039659, False
-3.142402405514275, 1.7272747992333919, -1.1820922473901647, -0.4633659860819429, -0.1562396555603729, -0.5817444417039659, False
4.702611596240748, -2.2140849313560915, 1.4762259376947489, -0.4633659860819429, -0.1562396555603729, -0.5817444417039659, False
5.352752194114995, 5.524124117571528, -1.4736764208030841, -0.4633659860819429, -0.1562396555603729, -0.5817444417039659, False
-2.3636474114459896, -3.851113748164843, -0.7876552159182015, -0.4633659860819429, -0.1562396555603729, -0.5817444417039659, False
-5.1695925204441, 0.6673404933413192, -0.46605392594091244, -0.4633659860819429, -0.1562396555603729, -0.5817444417039659, False
5.133507859859172, -4.093617331757722, -3.0688163345696298, -0.4633659860819429, -0.1562396555603729, -0.5817444417039659, True
-5.496997868990728, -2.194136696407285, -0.8657102990068974, -0.4633659860819429, -0.1562396555603729, -0.5817444417039659, False
0.3690031174198527, 5.6163423725190675, -0.7467104144312668, -0.4633659860819429, -0.1562396555603729, -0.5817444417039659, False
1.955116147874671, -2.7086040373644034, -0.5884688316750215, -0.4633659860819429, -0.1562396555603729, -0.5817444417039659, False
-5.119022611562818, 4.210826075937646, 3.0838828285224427, -0.4633659860819429, -0.1562396555603729, -0.5817444417039659, True
4.124761262881714, -1.3319969270110423, -2.6207433688261137, -0.4633659860819429, -0.1562396555603729, -0.5817444417039659, False
0.2437692774066056, -4.966737115432623, 2.7794209004728208, -0.4633659860819429, -0.1562396555603729, -0.5817444417039659, False
5.9664595260911035, -2.925854243785822, 0.7787679671294296, -0.4633659860819429, -0.1562396555603729, -0.5817444417039659, False
4.585393451201304, 0.261495564317598, 2.977359796036013, -0.4633659860819429, -0.1562396555603729, -0.5817444417039659, True
4.060378924937563, 3.966948155467387, -1.1033196921129167, -0.4633659860819429, -0.1562396555603729, -0.5817444417039659, False
-4.327884422018425, -4.611182812060184, -1.8006728903820357, -0.4633659860819429, -0.1562396555603729, -0.5817444417039659, False
0.2697130704981223, -4.1762922495186885, 1.6212651677362144, -0.4633659860819429, -0.1562396555603729, -0.5817444417039659, False
0.28460791357671766, -4.605437575510244, -1.650429409962003, -0.4633659860819429, -0.1562396555603729, -0.5817444417039659, False
0.518938114800001, 2.3708721176271084, 1.054635113683922, -0.4633659860819429, -0.1562396555603729, -0.5817444417039659, False
-0.8708751876710741, -3.4739908379156508, 1.7858157767247622, -0.4633659860819429, -0.1562396555603729, -0.5817444417039659, False
-5.745582739826562, 1.3158441679729727, 1.1192282045100148, -0.4633659860819429, -0.1562396555603729, -0.5817444417039659, False
-3.1701566364456952, -0.12867695504377252, 2.2637589612636706, -0.4633659860819429, -0.1562396555603729, -0.5817444417039659, False
-4.734476342055539, -4.7662526255111715, 2.9495157725885948, -0.4633659860819429, -0.1562396555603729, -0.5817444417039659, True
-0.6549666416846085, 4.0210319525008895, -0.5919115481129973, -0.4633659860819429, -0.1562396555603729, -0.5817444417039659, False
0.11371937020514089, 4.69558451973462, 1.2865816841807902, -0.4633659860819429, -0.1562396555603729, -0.5817444417039659, False
-1.4385475640474032, 4.831508582028862, -2.3504740461696727, -0.4633659860819429, -0.1562396555603729, -0.5817444417039659, False
3.674334900780739, 1.4066777153866958, 0.9771591467881935, -0.4633659860819429, -0.1562396555603729, -0.5817444417039659, False
-5.685427402564577, -0.9994054923407623, 1.7366285711141272, -0.4633659860819429, -0.1562396555603729, -0.5817444417039659, False
-4.138821426398247, 2.059471836880995, -2.313673018529913, -0.4633659860819429, -0.1562396555603729, -0.5817444417039659, False
6.148276212019232, -3.4968587207343944, 1.7483310467737514, -0.4633659860819429, -0.1562396555603729, -0.5817444417039659, False
2.1800255023984807, -3.068823444231683, 2.700649770604051, -0.4633659860819429, -0.1562396555603729, -0.5817444417039659, False
0.24558335251256924, 0.3824901498208382, 1.6563255643840282, -0.4633659860819429, -0.1562396555603729, -0.5817444417039659, False
-1.1596089362522761, 5.931996074390296, 0.29789179357001316, -0.4633659860819429, -0.1562396555603729, -0.5817444417039659, False
-3.905804903485601, 3.766085733673709, 0.3037615016085966, -0.4633659860819429, -0.1562396555603729, -0.5817444417039659, False
0.22001964308081234, -6.125608586694879, 1.2571262082556958, -0.4633659860819429, -0.1562396555603729, -0.5817444417039659, False
-1.010939380829952, 3.725626255128958, -1.744410766506975, -0.4633659860819429, -0.1562396555603729, -0.5817444417039659, False
1.724959030094677, -6.020851489555157, -2.5788334096341563, -0.4633659860819429, -0.1562396555603729, -0.5817444417039659, False
2.889786994727366, -4.650779093074087, 1.7082879737303465, -0.4633659860819429, -0.1562396555603729, -0.5817444417039659, False
-5.342989895207853, 2.1148395348038367, -1.2017019238020583, -0.4633659860819429, -0.1562396555603729, -0.5817444417039659, False
2.82580312077671, -0.9991185429014591, -2.2817160995638126, -0.4633659860819429, -0.1562396555603729, -0.5817444417039659, False
-3.932162131859008, 1.502688716125796, -2.1539939620437587, -0.4633659860819429, -0.1562396555603729, -0.5817444417039659, False
-5.58152525946999, -4.64243005514127, 0.2622237262905891, -0.4633659860819429, -0.1562396555603729, -0.5817444417039659, False
-1.711408783904215, 5.607887427840044, 1.8625686366605532, -0.4633659860819429, -0.1562396555603729, -0.5817444417039659, False
-4.9396099592025715, -5.01804606196015, 2.709381711953622, -0.4633659860819429, -0.1562396555603729, -0.5817444417039659, False
3.1868743912738555, 1.3440833759714756, -2.1165277650036294, -0.4633659860819429, -0.1562396555603729, -0.5817444417039659, False
0.44247733869651196, -1.902404005294021, 1.3146776328244067, -0.4633659860819429, -0.1562396555603729, -0.5817444417039659, False
5.895127420751354, -0.48267647138934056, -3.047198688252928, -0.4633659860819429, -0.1562396555603729, -0.5817444417039659, True
1.896300863353968, -1.7026914353963782, -2.3658105285271267, -0.4633659860819429, -0.1562396555603729, -0.5817444417039659, False
-3.252660742658717, -2.192269407935462, 1.8019775895665617, -0.4633659860819429, -0.1562396555603729, -0.5817444417039659, False
-0.8511006042525233, 0.5371982340990344, -2.7145262177102287, -0.4633659860819429, -0.1562396555603729, -0.5817444417039659, False
-2.233080644705736, -1.8656727675961502, -0.8037595633025636, -0.4633659860819429, -0.1562396555603729, -0.5817444417039659, False
-0.628164525087934, -1.8918183866046734, 0.6702408803645481, -0.4633659860819429, -0.1562396555603729, -0.5817444417039659, False
2.5616905622356843, 2.24058655407525, -0.8676705574372736, -0.4633659860819429, -0.1562396555603729, -0.5817444417039659, False
