-3.936381609927813, -0.11953494105462958, -0.32858144553626545, -0.023840841048129002, -0.4771748541068416, 0.12384339076339976, False
0.5307689860207292, 2.846296547320712, -1.6464007371826601, -0.023840841048129002, -0.4771748541068416, 0.12384339076339976, True
-0.8863826619320943, -2.810446321755671, 2.0443819708942934, -0.023840841048129002, -0.4771748541068416, 0.12384339076339976, False
1.1633204033260274, -1.3861209542724575, -0.03361001486716697, -0.023840841048129002, -0.4771748541068416, 0.12384339076339976, False
-0.37940367179941603, 1.2509706756179817, -2.2138425383279703, -0.023840841048129002, -0.4771748541068416, 0.12384339076339976, True
-1.4643337827797476, -4.4103800041484735, -1.4484884272564063, -0.023840841048129002, -0.4771748541068416, 0.12384339076339976, True
3.337832130003399, 4.838922745155635, -1.8767858801402366, -0.023840841048129002, -0.4771748541068416, 0.12384339076339976, False
-0.19073779260326607, -6.252165768150118, -1.2337127255637597, -0.023840841048129002, -0.4771748541068416, 0.12384339076339976, False
-2.9750780227034226, -3.049758763163591, 0.6501928019572625, -0.023840841048129002, -0.4771748541068416, 0.12384339076339976, False
0.9942523656445426, -2.2546761461537743, 1.669659791905377, -0.023840841048129002, -0.4771748541068416, 0.12384339076339976, False
3.169817337500641, -4.457768198570429, -2.2824199556959632, -0.023840841048129002, -0.4771748541068416, 0.12384339076339976, True
-2.590904052389198, 5.819742077477672, -2.941638799563986, -0.023840841048129002, -0.4771748541068416, 0.12384339076339976, True
2.965448429416293, -1.350866301689151, 0.2695311484647993, -0.023840841048129002, -0.4771748541068416, 0.12384339076339976, False
1.2635977175513098, 1.4783510225181775, 2.3373864369148043, -0.023840841048129002, -0.4771748541068416, 0.12384339076339976, True
3.5498797731007112, 2.127775166074562, 1.2749544815151923, -0.023840841048129002, -0.4771748541068416, 0.12384339076339976, True
4.9853845848240645, -5.941627522806771, 0.30473480689903143, -0.023840841048129002, -0.4771748541068416, 0.12384339076339976, True
-3.2542166386460782, 3.110501417818327, 1.7589450597437253, -0.023840841048129002, -0.4771748541068416, 0.12384339076339976, False
-0.2495721130102826, 0.6625863649186172, -2.685659805276297, -0.023840841048129002, -0.4771748541068416, 0.12384339076339976, True
1.4185557028530518, 2.5789831563271726, 2.457630139772653, -0.023840841048129002, -0.4771748541068416, 0.12384339076339976, True
2.68483319634508, -0.4066704104051224, 0.6306438182724725, -0.023840841048129002, -0.4771748541068416, 0.12384339076339976, False
-3.3769924677463354, -4.6140424582056685, -1.7166607070000008, -0.023840841048129002, -0.4771748541068416, 0.12384339076339976, True
-1.692911269988663, 5.857185606944645, -0.8500959021344507, -0.023840841048129002, -0.4771748541068416, 0.12384339076339976, True
-0.8696047785619916, 0.9252348955776979, -2.338349205524166, -0.023840841048129002, -0.4771748541068416, 0.12384339076339976, True
5.354185092285192, -6.103961027984695, -0.6970934126369457, -0.023840841048129002, -0.4771748541068416, 0.12384339076339976, True
1.19624374278862, 1.3524474156331827, 1.44508526676072, -0.023840841048129002, -0.4771748541068416, 0.12384339076339976, True
1.1078204273754402, 5.590682231399008, 0.3771962316007107, -0.023840841048129002, -0.4771748541068416, 0.12384339076339976, False
1.9137982761248793, 1.9377425823857433, 2.2225825769107903, -0.023840841048129002, -0.4771748541068416, 0.12384339076339976, True
-0.27953678356346945, 1.2131137528162599, -0.5122087789048582, -0.023840841048129002, -0.4771748541068416, 0.12384339076339976, True
6.274009723000136, 2.57665435453462, 0.605706637121413, -0.023840841048129002, -0.4771748541068416, 0.12384339076339976, True
-1.413350038468458, -2.154619551320166, -0.43345636249001673, -0.023840841048129002, -0.4771748541068416, 0.12384339076339976, False
-1.5873329916257433, -1.2126928071847152, 0.6307690737951126, -0.023840841048129002, -0.4771748541068416, 0.12384339076339976, False
4.715648311746348, -2.046272295556868, 1.9575824324384836, -0.023840841048129002, -0.4771748541068416, 0.12384339076339976, False
0.28236752436183377, 1.4690008291409828, -0.36057448849279217, -0.023840841048129002, -0.4771748541068416, 0.12384339076339976, True
-2.377756753409245, 1.3659201406378356, -2.073705500046306, -0.023840841048129002, -0.4771748541068416, 0.12384339076339976, True
-4.9740317239258625, 5.128747060832945, 2.0753836469383584, -0.023840841048129002, -0.4771748541068416, 0.12384339076339976, False
-0.6297597217024329, 3.402694395490647, -1.4881993009601218, -0.023840841048129002, -0.4771748541068416, 0.12384339076339976, True
-0.628933530948582, 1.9008967187618726, 1.6497868723064926, -0.023840841048129002, -0.4771748541068416, 0.12384339076339976, True
-0.43660363643270905, 4.517616925123397, -2.938855330487291, -0.023840841048129002, -0.4771748541068416, 0.12384339076339976, True
1.0985721122334091, -2.469675765429482, -0.6541212042706408, -0.023840841048129002, -0.4771748541068416, 0.12384339076339976, False
5.426617591017219, 2.157089180159991, -1.5390956456478373, -0.023840841048129002, -0.4771748541068416, 0.12384339076339976, True
-4.796740907933214, 4.195611093874916, 1.1950625456201047, -0.023840841048129002, -0.4771748541068416, 0.12384339076339976, False
4.5424549440114355, -3.3391813143683304, -0.27058879274615233, -0.023840841048129002, -0.4771748541068416, 0.12384339076339976, True
2.3537454491356513, -4.561470080890655, 0.20877384646684494, -0.023840841048129002, -0.4771748541068416, 0.12384339076339976, True
6.136174615395721, 3.5794197390600004, -2.504003521906451, -0.023840841048129002, -0.4771748541068416, 0.12384339076339976, True
0.5016748145165559, 5.460805934295655, 2.717399903490109, -0.023840841048129002, -0.4771748541068416, 0.12384339076339976, False
-0.4187037296048244, 0.5792219124551616, -2.6807870947411194, -0.023840841048129002, -0.4771748541068416, 0.12384339076339976, True
1.6063149149620193, 3.3761383258456856, 3.1351224458978333, -0.023840841048129002, -0.4771748541068416, 0.12384339076339976, True
-0.4843884541775214, 3.7900783867479184, 1.5504944443538085, -0.023840841048129002, -0.4771748541068416, 0.12384339076339976, False
-1.4645479515384734, 4.271185412227524, -1.6947033871589752, -0.023840841048129002, -0.4771748541068416, 0.12384339076339976, False
5.489603230238517, 1.5713535935658989, -1.9160836968557864, -0.023840841048129002, -0.4771748541068416, 0.12384339076339976, True
1.110924127655137, 3.5076740219175218, -1.349459662678352, -0.023840841048129002, -0.4771748541068416, 0.12384339076339976, True
5.407895379104946, -4.442984294611672, -2.0787037948308953, -0.023840841048129002, -0.4771748541068416, 0.12384339076339976, True
4.571598891961633, 5.525308975463776, -2.9325747746668553, -0.023840841048129002, -0.4771748541068416, 0.12384339076339976, True
0.506478463985383, -2.4253971957335807, -2.7659669958902953, -0.023840841048129002, -0.4771748541068416, 0.12384339076339976, True
2.1352123198891917, 4.111754756974211, -0.4804097634773723, -0.023840841048129002, -0.4771748541068416, 0.12384339076339976, False
0.34028509957302067, -6.031117509564261, 2.901909067105265, -0.023840841048129002, -0.4771748541068416, 0.12384339076339976, True
5.328919190580438, 1.293256843276109, -0.827011319007537, -0.023840841048129002, -0.4771748541068416, 0.12384339076339976, True
-4.980981795480968, 0.049313765929306363, 1.7192979086832878, -0.023840841048129002, -0.4771748541068416, 0.12384339076339976, True
4.819070518230715, 1.0075205151091007, 1.706869463666309, -0.023840841048129002, -0.4771748541068416, 0.12384339076339976, True
1.9800524265466724, -6.03666654082336, -0.38391560971620375, -0.023840841048129002, -0.4771748541068416, 0.12384339076339976, True
0.8569355076841951, 1.8703648079854158, -2.80273369896623, -0.023840841048129002, -0.4771748541068416, 0.12384339076339976, True
-3.252543992404621, 4.817150643185048, 1.211806411771768, -0.023840841048129002, -0.4771748541068416, 0.12384339076339976, False
5.656914253317334, 1.6018427432718907, 2.330629358998201, -0.023840841048129002, -0.4771748541068416, 0.12384339076339976, True
-0.8811068777275644, 3.352336900363511, 0.5041083849214982, -0.023840841048129002, -0.4771748541068416, 0.12384339076339976, False
5.1988053403543315, 3.989246307141297, 2.1486737696869262, -0.023840841048129002, -0.4771748541068416, 0.12384339076339976, False
-5.000060712002005, 1.4289134601130726, -1.4850566960051095, -0.023840841048129002, -0.4771748541068416, 0.12384339076339976, True
-0.630993304111886, -4.7580139895107045, 0.7222704880105524, -0.023840841048129002, -0.4771748541068416, 0.12384339076339976, True
-5.2456528478941875, 4.399171689012917, -2.207919575210677, -0.023840841048129002, -0.4771748541068416, 0.12384339076339976, False
1.1286243864119854, 4.796947127783865, 1.3052143161633305, -0.023840841048129002, -0.4771748541068416, 0.12384339076339976, False
0.7982812223381419, -1.1113891870253205, -1.9360054601215766, -0.023840841048129002, -0.4771748541068416, 0.12384339076339976, False
2.746764896618405, -3.030295735965087, 1.4080545124393824, -0.023840841048129002, -0.4771748541068416, 0.12384339076339976, False
-3.014415093724656, 1.0973825686818701, 0.6118817625594373, -0.023840841048129002, -0.4771748541068416, 0.12384339076339976, True
-5.895560566234124, 5.058158711510551, -2.683029810108599, -0.023840841048129002, -0.4771748541068416, 0.12384339076339976, False
4.765293119232055, 0.3764481963014408, -3.0361376732216185, -0.023840841048129002, -0.4771748541068416, 0.12384339076339976, True
5.790923944261431, 3.9770091626329727, -2.179763038139411, -0.023840841048129002, -0.4771748541068416, 0.12384339076339976, False
-3.749665736899634, -3.111023050327638, 0.3843349204623028, -0.023840841048129002, -0.4771748541068416, 0.12384339076339976, False
5.15971273156355, 3.8418989001269797, -0.31626922633740495, -0.023840841048129002, -0.4771748541068416, 0.12384339076339976, False
2.9432623552641317, 1.7893940274499975, 0.9207047069832974, -0.023840841048129002, -0.4771748541068416, 0.12384339076339976, True
-1.7850537387628718, -1.9221934477626403, -3.022797393569035, -0.023840841048129002, -0.4771748541068416, 0.12384339076339976, True
-1.5935601056306608, -2.6102249638065222, -1.081954068719854, -0.023840841048129002, -0.4771748541068416, 0.12384339076339976, False
-2.050144770587899, 3.125441322518956, 2.207169612890741, -0.023840841048129002, -0.4771748541068416, 0.12384339076339976, False
4.798054164760302, -5.473043871247429, 1.8304153133852292, -0.023840841048129002, -0.4771748541068416, 0.12384339076339976, True
6.027869988533624, -2.4684860119280665, -2.6894610499328544, -0.023840841048129002, -0.4771748541068416, 0.12384339076339976, True
1.4922584513014518, 4.56140517329305, 1.9849978831149322, -0.023840841048129002, -0.4771748541068416, 0.12384339076339976, False
3.9671329400394484, 3.4059332602616514, 0.29738437671453655, -0.023840841048129002, -0.4771748541068416, 0.12384339076339976, False
-2.1606046231231817, 1.2461128069776102, -1.7140800441572044, -0.023840841048129002, -0.4771748541068416, 0.12384339076339976, True
0.7662114471385628, 2.398722267765663, 2.8529584702332027, -0.023840841048129002, -0.4771748541068416, 0.12384339076339976, True
-2.3276405261383153, 1.2078970547660495, -1.041925504226958, -0.023840841048129002, -0.4771748541068416, 0.12384339076339976, True
1.963003026287815, 4.665494037949701, 2.910495969393759, -0.023840841048129002, -0.4771748541068416, 0.12384339076339976, True
-5.037054902998996, 5.330959643795586, -1.3497579514490745, -0.023840841048129002, -0.4771748541068416, 0.12384339076339976, False
3.6905901600539828, -0.7043136414947231, 2.2105651114755265, -0.023840841048129002, -0.4771748541068416, 0.12384339076339976, True
0.3407924311575323, -5.517776712609415, 2.7767729315153087, -0.023840841048129002, -0.4771748541068416, 0.12384339076339976, True
-6.151538961662669, 2.012071109226447, 0.8681663352358431, -0.023840841048129002, -0.4771748541068416, 0.12384339076339976, True
-0.17056674396320126, -1.8103670728334187, 2.028421181507335, -0.023840841048129002, -0.4771748541068416, 0.12384339076339976, False
3.3091320476436685, 6.06143429915347, -3.1296383368190632, -0.023840841048129002, -0.4771748541068416, 0.12384339076339976, True
-0.8554658570790368, -1.81726544382244, -1.2257321296223496, -0.023840841048129002, -0.4771748541068416, 0.12384339076339976, False
2.851240633972676, 2.4140705187019798, -0.2192304819326596, -0.023840841048129002, -0.4771748541068416, 0.12384339076339976, True
-1.8441554923461547, -2.0416165165004356, -2.3023463266343986, -0.023840841048129002, -0.4771748541068416, 0.12384339076339976, False
0.9465877245513425, -5.516096934270841, -1.8033244969350377, -0.023840841048129002, -0.4771748541068416, 0.12384339076339976, True
-0.05399044277846432, -4.501377909972535, 1.8995473414158068, -0.023840841048129002, -0.4771748541068416, 0.12384339076339976, True
3.627645992542144, -5.994284207486459, -0.7188955313137564, -0.023840841048129002, -0.4771748541068416, 0.12384339076339976, True
0.9209209791942499, 5.1311486863600155, -0.19679621317521345, -0.023840841048129002, -0.4771748541068416, 0.12384339076339976, False
-2.7353960057367344, -1.1738248260939699, 1.6658965164816832, -0.023840841048129002, -0.4771748541068416, 0.12384339076339976, False
-2.1487858490492933, -1.751310859568222, 1.689141213482582, -0.023840841048129002, -0.4771748541068416, 0.12384339076339976, False
-2.670186543866224, 1.2232436257064858, -0.44148211297587414, -0.023840841048129002, -0.4771748541068416, 0.12384339076339976, True
1.6023348280399894, -0.029646472996684103, -0.042027619578201225, -0.023840841048129002, -0.4771748541068416, 0.12384339076339976, False
-1.6862800492248748, -2.4576200297970088, 2.494235147831585, -0.023840841048129002, -0.4771748541068416, 0.12384339076339976, False
1.521824578276303, 0.08796313032887948, -3.102285407068394, -0.023840841048129002, -0.4771748541068416, 0.12384339076339976, True
0.18524509557853808, -4.085831197272775, -2.0368397869612083, -0.023840841048129002, -0.4771748541068416, 0.12384339076339976, True
-4.317256505983939, -5.37575425699234, 1.6348370933952907, -0.023840841048129002, -0.4771748541068416, 0.12384339076339976, True
2.7558931254061356, -0.08459075006468009, -2.6119421952093314, -0.023840841048129002, -0.4771748541068416, 0.12384339076339976, False
-0.39455245264972216, 0.681175241916681, 2.186042324047806, -0.023840841048129002, -0.4771748541068416, 0.12384339076339976, True
-2.5105027624762433, -2.7583215254152815, -0.26319976684310564, -0.023840841048129002, -0.4771748541068416, 0.12384339076339976, False
-5.42866043595693, 5.173523190374345, 1.8643499848599427, -0.023840841048129002, -0.4771748541068416, 0.12384339076339976, False
-0.91877415781887, -5.9141420097775725, -0.4566072028672119, -0.023840841048129002, -0.4771748541068416, 0.12384339076339976, True
3.6893287422704955, -2.437934314313746, 1.5180577285075652, -0.023840841048129002, -0.4771748541068416, 0.12384339076339976, False
5.68228695604026, -5.177038974569016, 1.6700289920832452, -0.023840841048129002, -0.4771748541068416, 0.12384339076339976, True
-1.9454240926262711, 2.431879503500035, 0.3168554949440532, -0.023840841048129002, -0.4771748541068416, 0.12384339076339976, True
1.8228700347599975, 2.9595775864919993, -2.461155628679287, -0.023840841048129002, -0.4771748541068416, 0.12384339076339976, True
2.4495489443251977, 5.683395793022013, 1.488643769163355, -0.023840841048129002, -0.4771748541068416, 0.12384339076339976, False
2.79396000948479, -0.7814419944751956, 2.7614453669509142, -0.023840841048129002, -0.4771748541068416, 0.12384339076339976, False
-3.8824027375752626, -3.358990669914322, 0.0720592855680966, -0.023840841048129002, -0.4771748541068416, 0.12384339076339976, True
2.184540904615506, -2.1194505455295705, 0.519417939719923, -0.023840841048129002, -0.4771748541068416, 0.12384339076339976, False
2.7600417041156025, -1.0837665281153752, 2.292772658060776, -0.023840841048129002, -0.4771748541068416, 0.12384339076339976, False
-0.764540227123871, -3.5434634075028173, -0.8637668063336061, -0.023840841048129002, -0.4771748541068416, 0.12384339076339976, True
-4.599859308066423, -3.4632951012706354, 1.500532170288798, -0.023840841048129002, -0.4771748541068416, 0.12384339076339976, True
5.360629374839204, -2.9456388413834533, 0.9721445192925824, -0.023840841048129002, -0.4771748541068416, 0.12384339076339976, False
-1.791190205028105, -0.9057632508142444, 1.5460291448680836, -0.023840841048129002, -0.4771748541068416, 0.12384339076339976, True
-4.11811555333018, -3.8887537688478004, 3.073474908249737, -0.023840841048129002, -0.4771748541068416, 0.12384339076339976, True
1.1700971790905044, 3.366031572779436, -2.550984123746146, -0.023840841048129002, -0.4771748541068416, 0.12384339076339976, True
1.0106051466959576, -5.683331607628902, -0.024397528489994436, -0.023840841048129002, -0.4771748541068416, 0.12384339076339976, True
1.0970635073656378, 1.1186866545550807, 0.47977796566628017, -0.023840841048129002, -0.4771748541068416, 0.12384339076339976, True
-0.5891561081717764, 3.384624080041121, 2.0686977065343592, -0.023840841048129002, -0.4771748541068416, 0.12384339076339976, False
-0.1953540108776517, -6.167842164363223, 0.2851326099158369, -0.023840841048129002, -0.4771748541068416, 0.12384339076339976, True
0.7677468436088812, -0.3523247965307963, 0.5629630696205128, -0.023840841048129002, -0.4771748541068416, 0.12384339076339976, False
0.9675674892143382, 3.9520980118221463, -0.3147493847388465, -0.023840841048129002, -0.4771748541068416, 0.12384339076339976, False
6.191711432866484, 1.759660305064676, -2.6338712834274123, -0.023840841048129002, -0.4771748541068416, 0.12384339076339976, True
-5.279126689444611, -1.4341483016327885, -2.036079226695219, -0.023840841048129002, -0.4771748541068416, 0.12384339076339976, False
6.194346559807679, 5.549336168217437, -1.367999736212589, -0.023840841048129002, -0.4771748541068416, 0.12384339076339976, False
4.443433462877895, 5.539654123781959, -0.6699703194705817, -0.023840841048129002, -0.4771748541068416, 0.12384339076339976, False
-5.897107425602215, 2.3103095606383004, -1.3477900605138593, -0.023840841048129002, -0.4771748541068416, 0.12384339076339976, True
2.0358841375245103, -4.084485881907128, 1.6975373645018514, -0.023840841048129002, -0.4771748541068416, 0.12384339076339976, True
-4.9264736674981275, -3.114643443512842, 1.3130123974041998, -0.023840841048129002, -0.4771748541068416, 0.12384339076339976, True
-1.9695635485366383, -5.800225843837839, -0.22893363614263196, -0.023840841048129002, -0.4771748541068416, 0.12384339076339976, True
5.005436100202823, -4.724834000751679, 2.849300833242438, -0.023840841048129002, -0.4771748541068416, 0.12384339076339976, True
-1.0175493925565444, 0.41887763961135427, 2.966550618342713, -0.023840841048129002, -0.4771748541068416, 0.12384339076339976, True
-4.962411244508713, 1.0861814690545017, -0.034584148043042884, -0.023840841048129002, -0.4771748541068416, 0.12384339076339976, True
0.3619055427277198, -1.0755435092390693, -1.1392506402780689, -0.023840841048129002, -0.4771748541068416, 0.12384339076339976, False
-1.8694057523934458, -5.970149903437163, -1.9892622497936212, -0.023840841048129002, -0.4771748541068416, 0.12384339076339976, True
1.6021988506603355, 4.786568311654225, 2.653335790114416, -0.023840841048129002, -0.4771748541068416, 0.12384339076339976, False
2.7781042598843833, -5.173402279507762, 2.3707029444177055, -0.023840841048129002, -0.4771748541068416, 0.12384339076339976, True
4.561220780894914, 4.394178258938789, -2.6163609969562867, -0.023840841048129002, -0.4771748541068416, 0.12384339076339976, False
-4.005868209344948, -5.052751388592721, 1.3184414934782938, -0.023840841048129002, -0.4771748541068416, 0.12384339076339976, True
4.885975347101079, -0.6827666833816544, -1.8594169536867653, -0.023840841048129002, -0.4771748541068416, 0.12384339076339976, False
-0.4164480010110081, -2.2723529832575515, 1.7528859060866147, -0.023840841048129002, -0.4771748541068416, 0.12384339076339976, False
2.4706768508236276, -2.3807087732259227, -0.7200341342761072, -0.023840841048129002, -0.4771748541068416, 0.12384339076339976, False
-3.9451315899377075, 4.600674445650164, 1.9586771100108118, -0.023840841048129002, -0.4771748541068416, 0.12384339076339976, False
-3.2535293708061044, -2.510110693066354, 3.001489188232865, -0.023840841048129002, -0.4771748541068416, 0.12384339076339976, True
2.545363616721996, 4.58786468243364, -1.7568709749391904, -0.023840841048129002, -0.4771748541068416, 0.12384339076339976, False
-0.8949261432590108, -3.473033391712347, 2.2339696581917883, -0.023840841048129002, -0.4771748541068416, 0.12384339076339976, True
0.9587816301373628, 0.22690924994628947, 2.6298137394868544, -0.023840841048129002, -0.4771748541068416, 0.12384339076339976, True
-5.2824226031652834, 1.1289261377748572, -0.5265031685369888, -0.023840841048129002, -0.4771748541068416, 0.12384339076339976, True
0.9252115459292689, 3.603485433959845, 0.4176571136536116, -0.023840841048129002, -0.4771748541068416, 0.12384339076339976, False
0.9579339877699349, -1.6137695331367432, 0.45781524346380786, -0.023840841048129002, -0.4771748541068416, 0.12384339076339976, False
-4.541680199806969, 4.280637247948041, 0.30159315360856853, -0.023840841048129002, -0.4771748541068416, 0.12384339076339976, False
2.037000330989123, 1.1659543579120983, 2.839743732647934, -0.023840841048129002, -0.4771748541068416, 0.12384339076339976, True
5.126662848405658, -4.022469020100081, 1.5368821497958862, -0.023840841048129002, -0.4771748541068416, 0.12384339076339976, True
4.413299463328121, -1.7379391579735008, -1.723397688328523, -0.023840841048129002, -0.4771748541068416, 0.12384339076339976, False
0.013755636516360248, 3.982171067108519, -2.4975182589147638, -0.023840841048129002, -0.4771748541068416, 0.12384339076339976, True
1.5537739275792202, 5.760603903143368, -1.115196999896329, -0.023840841048129002, -0.4771748541068416, 0.12384339076339976, False
3.7148697181190435, 5.711720803042844, 0.7288582546952624, -0.023840841048129002, -0.4771748541068416, 0.12384339076339976, False
0.2794983113827696, -1.3613071683590405, -2.604737886578285, -0.023840841048129002, -0.4771748541068416, 0.12384339076339976, False
4.417372564989861, 1.2018731826110658, 1.9021475663915988, -0.023840841048129002, -0.4771748541068416, 0.12384339076339976, True
-5.52662043820972, 2.6344992965230194, -0.479983099178948, -0.023840841048129002, -0.4771748541068416, 0.12384339076339976, True
3.6390506433770344, 2.2119044165131694, -1.81382862065993, -0.023840841048129002, -0.4771748541068416, 0.12384339076339976, True
-1.9751308602290036, -3.5828792840574732, 1.5456872797139454, -0.023840841048129002, -0.4771748541068416, 0.12384339076339976, True
1.4310367874613608, 5.393017229516339, 1.0155572729232043, -0.023840841048129002, -0.4771748541068416, 0.12384339076339976, False
4.489700970675321, 0.9564682574504246, 0.2977434838547399, -0.023840841048129002, -0.4771748541068416, 0.12384339076339976, True
-1.4127011534780394, 2.2150835231400183, -2.532657212952313, -0.023840841048129002, -0.4771748541068416, 0.12384339076339976, True
0.06023341083105116, 5.328724429467483, -3.122294981941385, -0.023840841048129002, -0.4771748541068416, 0.12384339076339976, True
5.945582678597567, 2.0360909275671553, -1.2517470346111883, -0.023840841048129002, -0.4771748541068416, 0.12384339076339976, True
2.5767499128802065, 4.2319512914164115, -0.7993757130323762, -0.023840841048129002, -0.4771748541068416, 0.12384339076339976, False
6.100103262962035, 5.89227961873485, -1.8685871530807887, -0.023840841048129002, -0.4771748541068416, 0.12384339076339976, False
4.928372569580922, -0.12694710401240084, -1.5243882850506887, -0.023840841048129002, -0.4771748541068416, 0.12384339076339976, True
-1.9454406140800904, -2.1622789037055883, 1.6158134503974448, -0.023840841048129002, -0.4771748541068416, 0.12384339076339976, False
0.023586258451289588, 1.4310373839827868, 0.05968766011473159, -0.023840841048129002, -0.4771748541068416, 0.12384339076339976, True
-0.8955677347980959, 3.197241277780396, 2.8327741340592354, -0.023840841048129002, -0.4771748541068416, 0.12384339076339976, False
3.826187275213284, 1.8398206780334299, -0.8340268926297316, -0.023840841048129002, -0.4771748541068416, 0.12384339076339976, True
-3.9480659438662125, -5.6680046836689515, 2.2401019914517173, -0.023840841048129002, -0.4771748541068416, 0.12384339076339976, True
6.198869139505604, -2.3956685941293325, -0.3073809984417961, -0.023840841048129002, -0.4771748541068416, 0.12384339076339976, False
-1.5251829853103365, 0.8705885219239669, -1.574618373422073, -0.023840841048129002, -0.4771748541068416, 0.12384339076339976, True
3.1319676814512185, -2.584753021677058, -1.554674807417459, -0.023840841048129002, -0.4771748541068416, 0.12384339076339976, True
-4.221309856764211, 0.05329285503880943, 2.799765048626149, -0.023840841048129002, -0.4771748541068416, 0.12384339076339976, True
3.351031486449944, 1.5201317050221785, 1.6414664625489968, -0.023840841048129002, -0.4771748541068416, 0.12384339076339976, True
2.02970344150922, 2.387458827471381, 0.4131297268143439, -0.023840841048129002, -0.4771748541068416, 0.12384339076339976, True
-0.06914571108806555, -3.0651379381382635, 1.5152117393270643, -0.023840841048129002, -0.4771748541068416, 0.12384339076339976, False
1.0259639559957625, 4.916833121735101, -0.8082019146742851, -0.023840841048129002, -0.4771748541068416, 0.12384339076339976, False
5.079071226183041, 5.098239869714645, -1.2114348080355666, -0.023840841048129002, -0.4771748541068416, 0.12384339076339976, False
-6.053490024044335, 4.446597076597378, 2.79739957045389, -0.023840841048129002, -0.4771748541068416, 0.12384339076339976, False
-4.186670293286463, -5.331511476005617, 2.339035879028744, -0.023840841048129002, -0.4771748541068416, 0.12384339076339976, True
