6.221694842598771, -5.742919021812669, -2.86524660329078, -0.3813104617447203, -0.15483666366835347, 0.6091614552627924, False
5.58820130944239, -1.7815997240282089, 2.32212116246688, -0.3813104617447203, -0.15483666366835347, 0.6091614552627924, False
-6.24696111327389, -2.4465850024514673, -2.1045446885599484, -0.3813104617447203, -0.15483666366835347, 0.6091614552627924, False
-2.844253540066127, -5.3868063470453125, -2.3808764693913136, -0.3813104617447203, -0.15483666366835347, 0.6091614552627924, False
1.6354925255031025, -3.7765923880948984, 1.4270216105530666, -0.3813104617447203, -0.15483666366835347, 0.6091614552627924, False
-2.0146701483080456, 2.863364382410454, -0.7451391870302246, -0.3813104617447203, -0.15483666366835347, 0.6091614552627924, False
-4.3156842834930735, -6.193216801635127, 0.9297029997850652, -0.3813104617447203, -0.15483666366835347, 0.6091614552627924, False
-4.793768497872287, 2.8996573177888294, -2.1563985525811216, -0.3813104617447203, -0.15483666366835347, 0.6091614552627924, False
-0.1720984937642971, -1.59728466489313, -0.5460050796536207, -0.3813104617447203, -0.15483666366835347, 0.6091614552627924, False
-3.869388916084514, -4.745663580710693, 2.595395663128321, -0.3813104617447203, -0.15483666366835347, 0.6091614552627924, False
-0.6224642511276803, -4.823853326974984, -1.2411026780522, -0.3813104617447203, -0.15483666366835347, 0.6091614552627924, False
-2.4537069013683306, -0.9981269442732383, -1.2756691289027273, -0.3813104617447203, -0.15483666366835347, 0.6091614552627924, False
0.08083727493863613, 2.8356886877795944, 1.1243125869881307, -0.3813104617447203, -0.15483666366835347, 0.6091614552627924, False
3.3784164914625556, 0.7642476404479153, -3.0014376720234237, -0.3813104617447203, -0.15483666366835347, 0.6091614552627924, True
-5.986689565940942, -6.23824984160279, -2.6284387748769378, -0.3813104617447203, -0.15483666366835347, 0.6091614552627924, False
4.748252190497212, 3.6347076509035094, 1.2456744679791703, -0.3813104617447203, -0.15483666366835347, 0.6091614552627924, False
-5.834126566465279, -2.6785499527408154, 0.2620469231375582, -0.3813104617447203, -0.15483666366835347, 0.6091614552627924, False
-0.4908698303311203, 2.875373795987093, 2.2568543069078313, -0.3813104617447203, -0.15483666366835347, 0.6091614552627924, False
5.484376530937448, 2.4960136450226145, 0.2814984722440408, -0.3813104617447203, -0.15483666366835347, 0.6091614552627924, False
-3.766675055387192, 3.8587172413732915, 2.0343772412784986, -0.3813104617447203, -0.15483666366835347, 0.6091614552627924, False
-4.484176167703712, 1.8830445746612323, -0.41263587267597757, -0.3813104617447203, -0.15483666366835347, 0.6091614552627924, False
0.1461606787100962, -3.3989658751365437, -1.8215412673674278, -0.3813104617447203, -0.15483666366835347, 0.6091614552627924, False
4.160147676517671, 4.167985606733545, 0.830601582962899, -0.3813104617447203, -0.15483666366835347, 0.6091614552627924, False
3.198299690420958, -1.372173590155219, -1.50233638563667, -0.3813104617447203, -0.15483666366835347, 0.6091614552627924, False
1.539034296056859, -3.082999205550626, 3.1369147072647907, -0.3813104617447203, -0.15483666366835347, 0.6091614552627924, True
-1.716791788139198, -3.772507839389802, -0.9160165603748229, -0.3813104617447203, -0.15483666366835347, 0.6091614552627924, False
-5.712099621630709, 2.039198984980576, 0.10382370775470573, -0.3813104617447203, -0.15483666366835347, 0.6091614552627924, False
3.4250466176101337, 1.567403661569612, -1.978529325011338, -0.3813104617447203, -0.15483666366835347, 0.6091614552627924, False
-0.10604613177592714, -2.163420495643958, -0.5660186652895223, -0.3813104617447203, -0.15483666366835347, 0.6091614552627924, False
3.9595237240206647, 5.650475208778802, -1.6693601951061408, -0.3813104617447203, -0.15483666366835347, 0.6091614552627924, False
-5.863573835307033, 5.046165493034328, 2.0125793303788067, -0.3813104617447203, -0.15483666366835347, 0.6091614552627924, False
-3.0022484635166085, -1.9905850333621453, -1.6234489578161122, -0.3813104617447203, -0.15483666366835347, 0.6091614552627924, False
-3.029182949809808, 1.3939338143385518, -2.8643276960850335, -0.3813104617447203, -0.15483666366835347, 0.6091614552627924, False
5.500308996652864, -1.8842857162613234, 1.5586376662739108, -0.3813104617447203, -0.15483666366835347, 0.6091614552627924, False
1.0157196673238786, -2.405052244738865, -1.2143298908015767, -0.3813104617447203, -0.15483666366835347, 0.6091614552627924, False
5.323119423224874, 1.322287147773947, -1.5291990182551027, -0.3813104617447203, -0.15483666366835347, 0.6091614552627924, False
2.3072187570004843, 6.280506509271113, -2.459729438325666, -0.3813104617447203, -0.15483666366835347, 0.6091614552627924, False
-1.7336144608942918, -0.678355374095295, -0.27418404676099195, -0.3813104617447203, -0.15483666366835347, 0.6091614552627924, False
5.320241891629921, 3.4513299703765234, -0.4983532197793106, -0.3813104617447203, -0.15483666366835347, 0.6091614552627924, False
-3.9261013340270448, -2.85059535517653, 1.8685081059021087, -0.3813104617447203, -0.15483666366835347, 0.6091614552627924, False
-2.247581578265984, -2.8941477376208686, 0.2772637241733231, -0.3813104617447203, -0.15483666366835347, 0.6091614552627924, False
-2.5757482811695556, -2.509713594406611, -0.27785445170564715, -0.3813104617447203, -0.15483666366835347, 0.6091614552627924, False
-4.433231123701612, -2.141181772080728, 2.224443400627262, -0.3813104617447203, -0.15483666366835347, 0.6091614552627924, False
-4.948480414262537, -2.672246237622332, -2.461641679481683, -0.3813104617447203, -0.15483666366835347, 0.6091614552627924, False
-0.9634459695980082, -5.629272812740883, -2.308866300977532, -0.3813104617447203, -0.15483666366835347, 0.6091614552627924, False
-4.051998096113376, 5.7597781697351, -0.6085883139938995, -0.3813104617447203, -0.15483666366835347, 0.6091614552627924, False
-0.14425384871772007, 4.91317280683012, 1.526209443563653, -0.3813104617447203, -0.15483666366835347, 0.6091614552627924, False
5.762836577443434, 1.103833617315785, 0.7910569951656825, -0.3813104617447203, -0.15483666366835347, 0.6091614552627924, False
1.7608591065910577, -5.89224732624925, 0.42168160036974367, -0.3813104617447203, -0.15483666366835347, 0.6091614552627924, False
5.818004895129819, 0.12968152979958703, -0.402573150248958, -0.3813104617447203, -0.15483666366835347, 0.6091614552627924, False
3.816798522117166, 4.476338547545849, -2.6119248140985665, -0.3813104617447203, -0.15483666366835347, 0.6091614552627924, False
5.106825876120535, -1.8121079065729617, 2.2449397890646843, -0.3813104617447203, -0.15483666366835347, 0.6091614552627924, False
-4.500060042682779, -0.6074013624230261, -2.735234198529644, -0.3813104617447203, -0.15483666366835347, 0.6091614552627924, False
2.636526424239129, -3.900340836554911, 1.8895810535607813, -0.3813104617447203, -0.15483666366835347, 0.6091614552627924, False
-2.5487838144597275, 6.044528731299341, 2.21722343411514, -0.3813104617447203, -0.15483666366835347, 0.6091614552627924, False
3.407699517943154, -1.4278138563718974, -1.9444979482551001, -0.3813104617447203, -0.15483666366835347, 0.6091614552627924, False
4.527475613807827, -2.9202873331271197, -1.2037628134679548, -0.3813104617447203, -0.15483666366835347, 0.6091614552627924, False
2.574093082925552, 5.078799569228334, -0.1938101665767502, -0.3813104617447203, -0.15483666366835347, 0.6091614552627924, False
-3.11725186513543, 1.8279911781581664, 0.1611625899750968, -0.3813104617447203, -0.15483666366835347, 0.6091614552627924, False
-3.122651663705947, 4.079326137977768, 1.6108533271243841, -0.3813104617447203, -0.15483666366835347, 0.6091614552627924, False
2.4038828046357867, -1.8940302666440116, 2.3351370168918812, -0.3813104617447203, -0.15483666366835347, 0.6091614552627924, False
2.7027963620676694, 2.6868278116347923, -0.3041246710413952, -0.3813104617447203, -0.15483666366835347, 0.6091614552627924, False
6.169821113535052, 3.61950376115683, -0.3824315040697521, -0.3813104617447203, -0.15483666366835347, 0.6091614552627924, False
-1.56754262268643, -5.878258730069321, -2.255291805733303, -0.3813104617447203, -0.15483666366835347, 0.6091614552627924, False
4.472474239444434, 0.5738584831429465, -2.1916283303779696, -0.3813104617447203, -0.15483666366835347, 0.6091614552627924, False
4.152395160692814, 5.982091691452087, 0.11985519879020012, -0.3813104617447203, -0.15483666366835347, 0.6091614552627924, False
3.2617936045459395, 2.1817536432066866, -0.12174840266844633, -0.3813104617447203, -0.15483666366835347, 0.6091614552627924, False
3.917582133161705, -3.2728197329746935, 0.8576273725841275, -0.3813104617447203, -0.15483666366835347, 0.6091614552627924, False
2.1030506157918634, 5.0997975526446275, 3.017486340375087, -0.3813104617447203, -0.15483666366835347, 0.6091614552627924, True
4.7055428044713, -2.791893363090279, 1.1364790533520752, -0.3813104617447203, -0.15483666366835347, 0.6091614552627924, False
-5.900116822312277, 6.247996800179312, -1.7037619089116431, -0.3813104617447203, -0.15483666366835347, 0.6091614552627924, False
-1.8676099585160992, -2.90510997760183, 0.18958548585163504, -0.3813104617447203, -0.15483666366835347, 0.6091614552627924, False
-4.689956175607398, -3.059476822803848, 0.024232683190130277, -0.3813104617447203, -0.15483666366835347, 0.6091614552627924, False
1.3443485958932078, -3.8492440035203264, 1.0253498837021802, -0.3813104617447203, -0.15483666366835347, 0.6091614552627924, False
0.8834222005975993, 2.504858251725217, -3.108485995112762, -0.3813104617447203, -0.15483666366835347, 0.6091614552627924, True
5.326403231089634, 2.893905410309767, -0.04496908914192055, -0.3813104617447203, -0.15483666366835347, 0.6091614552627924, False
-4.29458709796611, -0.05602043412303637, 2.0322404141645727, -0.3813104617447203, -0.15483666366835347, 0.6091614552627924, False
-5.490653983951674, -3.247422114827324, -2.1323442929414824, -0.3813104617447203, -0.15483666366835347, 0.6091614552627924, False
3.5132228756924064, -5.010800857852106, -0.07715912866056884, -0.3813104617447203, -0.15483666366835347, 0.6091614552627924, False
1.4468680264969693, 2.0667536745581963, -0.3355606093954733, -0.3813104617447203, -0.15483666366835347, 0.6091614552627924, False
1.5808560970560688, -4.459010512294428, -2.551436785638959, -0.3813104617447203, -0.15483666366835347, 0.6091614552627924, False
0.517266717546911, 4.035363758020285, 0.5174737710385715, -0.3813104617447203, -0.15483666366835347, 0.6091614552627924, True
-6.042481923671784, -4.270097144934157, 1.1634618768628728, -0.3813104617447203, -0.15483666366835347, 0.6091614552627924, False
4.9224756556180065, -0.39180293488672824, 1.860799467514961, -0.3813104617447203, -0.15483666366835347, 0.6091614552627924, False
2.8473500147523367, 0.25627134468673063, 1.6096764621700643, -0.3813104617447203, -0.15483666366835347, 0.6091614552627924, False
-4.1645367041092225, -2.802012791220121, -2.348337803407194, -0.3813104617447203, -0.15483666366835347, 0.6091614552627924, False
-3.8054451299903835, -4.5681244198273125, -0.6448789183596797, -0.3813104617447203, -0.15483666366835347, 0.6091614552627924, False
-0.36205332428568315, -5.325539753792545, 0.7170088248882998, -0.3813104617447203, -0.15483666366835347, 0.6091614552627924, False
4.561425611944987, -3.1680796781124556, 2.429767473301496, -0.3813104617447203, -0.15483666366835347, 0.6091614552627924, False
-5.682449909890888, 3.849612765160847, -1.9082764344034409, -0.3813104617447203, -0.15483666366835347, 0.6091614552627924, False
-4.81827292013449, 2.339963514065392, 1.4131755892605034, -0.3813104617447203, -0.15483666366835347, 0.6091614552627924, False
-4.567395723928887, 3.3421420662112205, 2.083867999394874, -0.3813104617447203, -0.15483666366835347, 0.6091614552627924, False
2.226772345764628, -2.5631219145500603, -1.47949807576279, -0.3813104617447203, -0.15483666366835347, 0.6091614552627924, False
4.309453602333507, -4.202035323734762, 0.36364175854698866, -0.3813104617447203, -0.15483666366835347, 0.6091614552627924, False
-0.3330682051235101, -0.46220998760051835, 0.44412499211788825, -0.3813104617447203, -0.15483666366835347, 0.6091614552627924, False
-2.685431358928774, 1.0566076110705493, -2.195776214079669, -0.3813104617447203, -0.15483666366835347, 0.6091614552627924, False
2.2448260244842704, -1.436093382837373, 1.0643624757274122, -0.3813104617447203, -0.15483666366835347, 0.6091614552627924, False
1.8868118385703454, -6.000004222641816, -2.45899471836602, -0.3813104617447203, -0.15483666366835347, 0.6091614552627924, False
2.2809526110159037, 1.6679192130225413, -0.3120042379055432, -0.3813104617447203, -0.15483666366835347, 0.6091614552627924, False
5.164993430042442, -2.5207954826826144, -1.8979397936616087, -0.3813104617447203, -0.15483666366835347, 0.6091614552627924, False
3.33204563745762, -2.5230459157305165, 2.5629230678685078, -0.3813104617447203, -0.15483666366835347, 0.6091614552627924, False
6.2332479855393, -2.7300663635021785, -1.8224712533910914, -0.3813104617447203, -0.15483666366835347, 0.6091614552627924, False
0.021529918851452834, -1.3312484026781712, -2.291236649298285, -0.3813104617447203, -0.15483666366835347, 0.6091614552627924, False
4.7608483887926205, -2.650063865607843, -1.5874303116114075, -0.3813104617447203, -0.15483666366835347, 0.6091614552627924, False
4.856192390786955, -3.5354675177819868, -0.15813695108287895, -0.3813104617447203, -0.15483666366835347, 0.6091614552627924, False
2.9315781633648843, 0.690527827457613, 0.23591093553764475, -0.3813104617447203, -0.15483666366835347, 0.6091614552627924, False
-3.088411474526411, 0.8933699747149175, -0.6169227256030703, -0.3813104617447203, -0.15483666366835347, 0.6091614552627924, False
-5.9012480152188544, -1.539305891133064, -2.4016969777834882, -0.3813104617447203, -0.15483666366835347, 0.6091614552627924, False
-4.202305144562932, -5.871631959941926, -0.2549577977751505, -0.3813104617447203, -0.15483666366835347, 0.6091614552627924, False
-6.01573852110482, -2.831313528911117, -2.411972763351269, -0.3813104617447203, -0.15483666366835347, 0.6091614552627924, False
2.546502583482809, -6.043680455397664, 0.9072318380919304, -0.3813104617447203, -0.15483666366835347, 0.6091614552627924, False
5.037740958791275, -5.9631001590471095, -0.9353849437480943, -0.3813104617447203, -0.15483666366835347, 0.6091614552627924, False
-5.070380287582813, -5.533379585659773, -0.6036181944640115, -0.3813104617447203, -0.15483666366835347, 0.6091614552627924, False
-4.847739746700917, -3.137406650528896, -2.633468530061729, -0.3813104617447203, -0.15483666366835347, 0.6091614552627924, False
-5.774499170364093, -0.5323949163668527, -3.0886726844383414, -0.3813104617447203, -0.15483666366835347, 0.6091614552627924, True
2.690766466624689, 5.81964770329234, -2.4621392222019876, -0.3813104617447203, -0.15483666366835347, 0.6091614552627924, False
2.2653642451802014, -0.9326739001394353, 1.204066352438522, -0.3813104617447203, -0.15483666366835347, 0.6091614552627924, False
-5.047920751878157, -3.229722897177207, 1.5411202247639562, -0.3813104617447203, -0.15483666366835347, 0.6091614552627924, False
2.1521699657497813, 2.155327383277399, -0.3714215516583912, -0.3813104617447203, -0.15483666366835347, 0.6091614552627924, False
-5.8645179879625795, 0.5591886824379841, -2.6688529490379347, -0.3813104617447203, -0.15483666366835347, 0.6091614552627924, False
-2.6400672932324354, 1.405857678037738, 2.096442641774976, -0.3813104617447203, -0.15483666366835347, 0.6091614552627924, False
-3.464760227358729, 0.3737839217694834, 1.993999640546953, -0.3813104617447203, -0.15483666366835347, 0.6091614552627924, False
1.5439634817490981, -2.0542627920802348, 0.672338368249084, -0.3813104617447203, -0.15483666366835347, 0.6091614552627924, False
0.010983667615789727, -3.2149118799571723, 1.7066713496217591, -0.3813104617447203, -0.15483666366835347, 0.6091614552627924, False
-3.3538828374144978, 1.3132940051919517, -2.001372641628609, -0.3813104617447203, -0.15483666366835347, 0.6091614552627924, False
-4.533655011111854, 0.7109574602000004, 2.1410621507445144, -0.3813104617447203, -0.15483666366835347, 0.6091614552627924, False
-2.3688591784026, -5.418203147618699, -1.9179052977825306, -0.3813104617447203, -0.15483666366835347, 0.6091614552627924, False
-0.6293485210908063, -2.938562976863136, 1.2470693502229677, -0.3813104617447203, -0.15483666366835347, 0.6091614552627924, False
2.0073898248821127, -4.933337239001772, -0.22804051274458503, -0.3813104617447203, -0.15483666366835347, 0.6091614552627924, False
-4.476464110585205, -5.790525025624098, -2.852759742706438, -0.3813104617447203, -0.15483666366835347, 0.6091614552627924, False
0.1689563031032293, 1.7698803078291938, -2.632027123609257, -0.3813104617447203, -0.15483666366835347, 0.6091614552627924, False
4.6204811751554224, -3.179849189599371, 1.0206790777901045, -0.3813104617447203, -0.15483666366835347, 0.6091614552627924, False
-1.9634577760717535, 0.71957169681178, -2.1789037796275945, -0.3813104617447203, -0.15483666366835347, 0.6091614552627924, False
2.4043154215247284, -0.2370434308825109, -2.7460888742692444, -0.3813104617447203, -0.15483666366835347, 0.6091614552627924, False
-2.0052870774841143, -2.1346105635976373, -0.3762363183038375, -0.3813104617447203, -0.15483666366835347, 0.6091614552627924, False
2.408027394787707, 5.11577157126146, -0.06744571328020355, -0.3813104617447203, -0.15483666366835347, 0.6091614552627924, False
-1.790873067606218, -0.1390859562518072, -2.2359339541275207, -0.3813104617447203, -0.15483666366835347, 0.6091614552627924, False
-3.0185284105590338, -5.78189670187157, 2.310678024377718, -0.3813104617447203, -0.15483666366835347, 0.6091614552627924, False
3.2176925705593433, -2.7114249428991215, 2.9418466339026432, -0.3813104617447203, -0.15483666366835347, 0.6091614552627924, True
-3.089627378163188, 4.059909236800447, -2.4418239532959505, -0.3813104617447203, -0.15483666366835347, 0.6091614552627924, False
3.4900934402487156, -4.469272892952557, 1.9291984837598877, -0.3813104617447203, -0.15483666366835347, 0.6091614552627924, False
-3.985500743216157, -1.5331385892745475, 2.8745439682631675, -0.3813104617447203, -0.15483666366835347, 0.6091614552627924, False
5.4626103068614995, -0.3027011743269199, 1.7710303317359877, -0.3813104617447203, -0.15483666366835347, 0.6091614552627924, False
3.359507133132615, 1.3564284176036505, 0.4253127149760929, -0.3813104617447203, -0.15483666366835347, 0.6091614552627924, False
2.7407783212447967, 1.249614662656442, -2.411906877076571, -0.3813104617447203, -0.15483666366835347, 0.6091614552627924, False
-0.09629667287751165, -1.8471143286152936, 1.283081147565908, -0.3813104617447203, -0.15483666366835347, 0.6091614552627924, False
4.019210001715674, -3.6674000064534518, -1.5434998428680688, -0.3813104617447203, -0.15483666366835347, 0.6091614552627924, False
6.175488087542563, -5.234646855376552, -0.2516372223457095, -0.3813104617447203, -0.15483666366835347, 0.6091614552627924, False
-1.8643481787204692, -4.12001201603088, 0.4823731643797302, -0.3813104617447203, -0.15483666366835347, 0.6091614552627924, False
2.3225441189042204, -3.5215905714872906, -0.10673905374036519, -0.3813104617447203, -0.15483666366835347, 0.6091614552627924, False
3.4617346870711305, 3.217937220238017, -1.874960814378334, -0.3813104617447203, -0.15483666366835347, 0.6091614552627924, False
0.23557583031689777, -4.262230967610355, -2.664699570381724, -0.3813104617447203, -0.15483666366835347, 0.6091614552627924, False
-1.6085086528707748, 5.576800183468256, -1.8029771814101807, -0.3813104617447203, -0.15483666366835347, 0.6091614552627924, False
5.154093786899001, 4.869415739995002, -0.3368570227292311, -0.3813104617447203, -0.15483666366835347, 0.6091614552627924, False
4.864011456191141, 1.6002959403996435, -2.5994777833711025, -0.3813104617447203, -0.15483666366835347, 0.6091614552627924, False
-1.6626104456727324, 3.185274535805899, -2.030049995563135, -0.3813104617447203, -0.15483666366835347, 0.6091614552627924, False
-1.8472723769646695, -0.42461096575224655, 2.652178907779457, -0.3813104617447203, -0.15483666366835347, 0.6091614552627924, False
-5.478604266522871, -5.86271624913923, -1.509205570015577, -0.3813104617447203, -0.15483666366835347, 0.6091614552627924, False
1.7945084817008432, -2.402494514827672, -0.7271253739238408, -0.3813104617447203, -0.15483666366835347, 0.6091614552627924, False
2.5178958133976757, 6.158598873669149, 3.1245320742442466, -0.3813104617447203, -0.15483666366835347, 0.6091614552627924, True
2.344292341357498, -5.3506324951971855, -2.166683434793878, -0.3813104617447203, -0.15483666366835347, 0.6091614552627924, False
3.61189594783926, -0.031076035765900123, -0.8294838061041778, -0.3813104617447203, -0.15483666366835347, 0.6091614552627924, False
1.4415031093497124, 0.08562200658563146, -1.2355706963596953, -0.3813104617447203, -0.15483666366835347, 0.6091614552627924, False
-6.134589550657513, 4.1351652720779555, 2.9862150111390875, -0.3813104617447203, -0.15483666366835347, 0.6091614552627924, True
1.6169789466719546, 0.7907303584605776, 2.83756651953414, -0.3813104617447203, -0.15483666366835347, 0.6091614552627924, False
0.9993716664220118, 2.8037854329843643, 2.4880004375156446, -0.3813104617447203, -0.15483666366835347, 0.6091614552627924, False
0.25878355207390147, 1.4477090821660106, -0.3221034550693007, -0.3813104617447203, -0.15483666366835347, 0.6091614552627924, False
-1.9757855337644346, 1.2332886604788662, 0.5381173174374241, -0.3813104617447203, -0.15483666366835347, 0.6091614552627924, False
-2.5667806481362345, -4.815165861499159, 0.889937315065561, -0.3813104617447203, -0.15483666366835347, 0.6091614552627924, False
1.7903543770063894, 5.067340191354958, -2.685752915815452, -0.3813104617447203, -0.15483666366835347, 0.6091614552627924, False
-3.8920437113626853, 2.352008623536939, 1.984519131793185, -0.3813104617447203, -0.15483666366835347, 0.6091614552627924, False
4.557819426578632, 4.67206482144171, 1.1092725101874326, -0.3813104617447203, -0.15483666366835347, 0.6091614552627924, False
-0.6325581672027374, -1.242434956837724, 1.0641920379945473, -0.3813104617447203, -0.15483666366835347, 0.6091614552627924, False
-2.5553795700781485, -3.2355972039068654, -0.18228841377480665, -0.3813104617447203, -0.15483666366835347, 0.6091614552627924, False
-5.012397668535227, -0.8446660199198774, 2.6988919434935363, -0.3813104617447203, -0.15483666366835347, 0.6091614552627924, False
-3.7690503549699863, -4.573670251361534, 2.2435466796494197, -0.3813104617447203, -0.15483666366835347, 0.6091614552627924, False
-0.28100392093826887, 1.6651473048079994, -1.8252817275785413, -0.3813104617447203, -0.15483666366835347, 0.6091614552627924, False
5.401500073409672, -4.947321966590823, -2.9945519120048476, -0.3813104617447203, -0.15483666366835347, 0.6091614552627924, True
-2.6911645714047374, 2.3052171258436758, 2.063320634558486, -0.3813104617447203, -0.15483666366835347, 0.6091614552627924, False
5.247371551247731, 5.061748958060868, 0.558287461627355, -0.3813104617447203, -0.15483666366835347, 0.6091614552627924, False
3.4082054044460843, -2.6070021266664902, -1.0591698900363884, -0.3813104617447203, -0.15483666366835347, 0.6091614552627924, False
-2.542719429424353, -3.8861881192293284, 0.2455236834431389, -0.3813104617447203, -0.15483666366835347, 0.6091614552627924, False
0.9380717373239627, 1.713932822523887, -2.627246928015371, -0.3813104617447203, -0.15483666366835347, 0.6091614552627924, False
-0.7177562199408074, -3.6020792325534705, 1.519453600849344, -0.3813104617447203, -0.15483666366835347, 0.6091614552627924, False
-5.8308306750108025, -1.392611487525797, -2.6938719255159818, -0.3813104617447203, -0.15483666366835347, 0.6091614552627924, False
-3.4533338717461173, 2.3912075086445324, -1.5684414289818618, -0.3813104617447203, -0.15483666366835347, 0.6091614552627924, False
-2.6488361240826785, 4.863519248895109, 1.5888893044999577, -0.3813104617447203, -0.15483666366835347, 0.6091614552627924, True
0.33178127844664296, 2.053831651062916, -1.1413337109245512, -0.3813104617447203, -0.15483666366835347, 0.6091614552627924, False
0.41659164878984356, 3.6523405682213124, 2.765153139391413, -0.3813104617447203, -0.15483666366835347, 0.6091614552627924, False
1.7870312941781492, -6.141673997135393, 2.2540795240259355, -0.3813104617447203, -0.15483666366835347, 0.6091614552627924, False
-0.07122594113729974, 0.5863694949038187, 0.5765616032038325, -0.3813104617447203, -0.15483666366835347, 0.6091614552627924, False
2.814570007169122, -6.023113383424766, -2.8761209387153692, -0.3813104617447203, -0.15483666366835347, 0.6091614552627924, True
1.2046110467013573, 3.6465524347971154, -2.3134887032921068, -0.3813104617447203, -0.15483666366835347, 0.6091614552627924, False
-0.6608216535171936, 4.478307953471713, -0.16919076817248202, -0.3813104617447203, -0.15483666366835347, 0.6091614552627924, False
-5.953161803858055, -3.18575967766938, 0.21234315905576517, -0.3813104617447203, -0.15483666366835347, 0.6091614552627924, False
1.2305618657179584, -6.203025735868618, -2.4634613887208268, -0.3813104617447203, -0.15483666366835347, 0.6091614552627924, False
1.608174587587464, 3.2658335831460157, -2.9674558287071235, -0.3813104617447203, -0.15483666366835347, 0.6091614552627924, True
-1.1026352969571978, 4.174729389487849, -2.656055993122744, -0.3813104617447203, -0.15483666366835347, 0.6091614552627924, False
-0.33322372324941085, 1.9123170427525835, 2.903177495392396, -0.3813104617447203, -0.15483666366835347, 0.6091614552627924, False
5.000675208362663, 0.5224986593688392, -1.8467359353707071, -0.3813104617447203, -0.15483666366835347, 0.6091614552627924, False
