4.450746263416585, 2.4351046882434026, -1.4533762652841857, 0.1184893294925018, 0.029759141891023355, -0.7108935944993454, False
5.501822642833824, -0.16905938620045813, 2.5612133008949316, 0.1184893294925018, 0.029759141891023355, -0.7108935944993454, False
0.27346192586643436, -2.6160529712044274, -2.4584883387803336, 0.1184893294925018, 0.029759141891023355, -0.7108935944993454, False
-5.630347395132793, -2.5471533828205337, 2.994118354152107, 0.1184893294925018, 0.029759141891023355, -0.7108935944993454, True
-4.123244475503769, 2.607358225848788, -0.23329325039584292, 0.1184893294925018, 0.029759141891023355, -0.7108935944993454, False
1.2709905130939623, 2.5421375200980165, -0.7310996855884251, 0.1184893294925018, 0.029759141891023355, -0.7108935944993454, False
-1.003878933602989, 3.4707398415279993, -2.5655622460925995, 0.1184893294925018, 0.029759141891023355, -0.7108935944993454, False
-4.598722088106831, 0.5932151776734536, 0.5703046244902636, 0.1184893294925018, 0.029759141891023355, -0.7108935944993454, False
-5.47734650509692, -4.193426398633724, 1.375950696082615, 0.1184893294925018, 0.029759141891023355, -0.7108935944993454, False
-4.779523485801733, 5.712387871039887, -2.879637948998175, 0.1184893294925018, 0.029759141891023355, -0.7108935944993454, False
5.790000914225143, -2.9367993677022044, 2.3342816039403784, 0.1184893294925018, 0.029759141891023355, -0.7108935944993454, False
-4.575176399675025, 3.995549574526292, -0.05992545342214983, 0.1184893294925018, 0.029759141891023355, -0.7108935944993454, False
4.129104792705354, -3.4332442819260014, -2.16398190672074, 0.1184893294925018, 0.029759141891023355, -0.7108935944993454, False
-2.654519023750011, 5.537181868518681, 2.772140765553944, 0.1184893294925018, 0.029759141891023355, -0.7108935944993454, False
-0.9880129247272418, -1.5979602547606007, -2.7759063619843483, 0.1184893294925018, 0.029759141891023355, -0.7108935944993454, False
5.344744214764994, 4.373698914964997, -0.21089430415237898, 0.1184893294925018, 0.029759141891023355, -0.7108935944993454, False
-0.9145852447767746, -4.42484951544558, -1.268251891594365, 0.1184893294925018, 0.029759141891023355, -0.7108935944993454, False
-5.686489956321976, -3.138614294066568, 2.1662460278124005, 0.1184893294925018, 0.029759141891023355, -0.7108935944993454, False
3.1322790849549307, -4.750183456570515, -1.8939582346817836, 0.1184893294925018, 0.029759141891023355, -0.7108935944993454, False
6.026879620051872, 5.606102359952798, -0.9303947062546829, 0.1184893294925018, 0.029759141891023355, -0.7108935944993454, False
0.5038423597031221, 3.5269626259999463, 1.98079018890438, 0.1184893294925018, 0.029759141891023355, -0.7108935944993454, False
-1.6430956484857173, 4.638497005897804, 0.47023386626301056, 0.1184893294925018, 0.029759141891023355, -0.7108935944993454, False
-4.815605783535777, 4.2251701547422815, -0.6637479193659828, 0.1184893294925018, 0.029759141891023355, -0.7108935944993454, False
2.1811670095952085, 2.902725494870687, -1.5968681423387845, 0.1184893294925018, 0.029759141891023355, -0.7108935944993454, False
5.571798336885365, -0.08857712255509309, 2.1170203547634916, 0.1184893294925018, 0.029759141891023355, -0.7108935944993454, False
5.975687791525209, 5.527775647549683, -2.755939059837748, 0.1184893294925018, 0.029759141891023355, -0.7108935944993454, False
-3.9955603305340195, 3.5553906470425485, -2.147443916150468, 0.1184893294925018, 0.029759141891023355, -0.7108935944993454, False
-4.944456428759623, -1.7190440000994958, 0.9038740529890319, 0.1184893294925018, 0.029759141891023355, -0.7108935944993454, False
-4.027868740357497, 5.821390445484926, -0.3733771839854261, 0.1184893294925018, 0.029759141891023355, -0.7108935944993454, False
2.762126155423818, -2.4460313159857536, -1.996374724379184, 0.1184893294925018, 0.029759141891023355, -0.7108935944993454, False
5.600887175416643, -5.381629924763753, 0.8461939814715445, 0.1184893294925018, 0.029759141891023355, -0.7108935944993454, True
-5.882080181725477, -3.99759648981211, 1.5956852420842011, 0.1184893294925018, 0.029759141891023355, -0.7108935944993454, False
-3.416366675702493, 4.329367891143626, -1.8317970034665199, 0.1184893294925018, 0.029759141891023355, -0.7108935944993454, False
2.3909784503885625, 4.166037905403876, -2.4510216753569978, 0.1184893294925018, 0.029759141891023355, -0.7108935944993454, False
4.929190038708871, 5.910854633310615, 0.9550983576013099, 0.1184893294925018, 0.029759141891023355, -0.7108935944993454, False
3.022066741895447, 1.0705624691339661, 0.23120649653074343, 0.1184893294925018, 0.029759141891023355, -0.7108935944993454, False
1.4555654305219754, -4.218466902506041, 1.6541934973517565, 0.1184893294925018, 0.029759141891023355, -0.7108935944993454, False
3.2421752349348587, 2.481700453173506, 3.115132461985171, 0.1184893294925018, 0.029759141891023355, -0.7108935944993454, True
-0.8129743186032306, -3.0484645733312186, -3.003740707381915, 0.1184893294925018, 0.029759141891023355, -0.7108935944993454, True
5.515246727564817, 1.2170010725770402, 1.4192280678647178, 0.1184893294925018, 0.029759141891023355, -0.7108935944993454, False
-4.83094156647022, 1.9609962291225767, -1.8982700750443067, 0.1184893294925018, 0.029759141891023355, -0.7108935944993454, False
1.3764282198853524, 0.8689747608704899, -0.38297388880177063, 0.1184893294925018, 0.029759141891023355, -0.7108935944993454, False
-4.998591493749194, 1.7557516142680925, 1.338000057819972, 0.1184893294925018, 0.029759141891023355, -0.7108935944993454, False
-3.2628636934029553, 1.4894671465486988, -1.0293924779686963, 0.1184893294925018, 0.029759141891023355, -0.7108935944993454, False
-4.524307958269314, 6.134741882266843, -2.4920565596321396, 0.1184893294925018, 0.029759141891023355, -0.7108935944993454, False
5.025258982262736, -2.718796835355333, -3.030183038659972, 0.1184893294925018, 0.029759141891023355, -0.7108935944993454, True
-0.5311476895076783, -5.628805367232196, -2.0001051189191, 0.1184893294925018, 0.029759141891023355, -0.7108935944993454, False
4.248745656739366, -4.247826965614735, 1.639475992389853, 0.1184893294925018, 0.029759141891023355, -0.7108935944993454, False
3.2349979243932516, 2.2860423125344784, -0.6559010267134919, 0.1184893294925018, 0.029759141891023355, -0.7108935944993454, False
3.4525628159453134, -5.86270253255633, 0.3468053927535446, 0.1184893294925018, 0.029759141891023355, -0.7108935944993454, False
-0.02892475517255999, 4.242448215015278, -0.2598226529751666, 0.1184893294925018, 0.029759141891023355, -0.7108935944993454, False
2.931970419429387, -3.810938356326564, 1.5791308237905826, 0.1184893294925018, 0.029759141891023355, -0.7108935944993454, False
-2.894722331577166, 1.5182066705990636, 0.29904516789395297, 0.1184893294925018, 0.029759141891023355, -0.7108935944993454, True
3.415515256812828, 0.22853792408538354, 0.7143868558505955, 0.1184893294925018, 0.029759141891023355, -0.7108935944993454, False
-1.92058267759964, 5.167537297364381, -1.1446120997056002, 0.1184893294925018, 0.029759141891023355, -0.7108935944993454, False
-1.4515730364348611, -0.9367224348381704, 0.18828048203477543, 0.1184893294925018, 0.029759141891023355, -0.7108935944993454, False
0.7458353357761034, 2.316539586580525, 2.687984854521414, 0.1184893294925018, 0.029759141891023355, -0.7108935944993454, False
4.952514125783182, 4.439375874072876, 0.26072834775351206, 0.1184893294925018, 0.029759141891023355, -0.7108935944993454, False
-2.2340980081803545, 2.490844510068957, 1.9424541013227428, 0.1184893294925018, 0.029759141891023355, -0.7108935944993454, False
-0.6651995045210759, -1.1861234146104183, -1.3607180081829278, 0.1184893294925018, 0.029759141891023355, -0.7108935944993454, False
-0.08380219683995538, 3.38440156705561, 0.1596244905040911, 0.1184893294925018, 0.029759141891023355, -0.7108935944993454, False
2.943999686659346, -3.4687546026064133, -2.4780409470569666, 0.1184893294925018, 0.029759141891023355, -0.7108935944993454, False
2.7529807207046666, -1.5352607303306618, 0.8042469085780253, 0.1184893294925018, 0.029759141891023355, -0.7108935944993454, False
-5.351536931902434, -0.46391417211665686, -2.4082252765905445, 0.1184893294925018, 0.029759141891023355, -0.7108935944993454, False
-4.709729212632622, -3.223044192122048, -1.1405041580032913, 0.1184893294925018, 0.029759141891023355, -0.7108935944993454, False
2.6375449466846206, 1.368503157792298, -1.1014556397896076, 0.1184893294925018, 0.029759141891023355, -0.7108935944993454, False
-5.19489763477999, 1.5577994020603585, -1.9142373480562025, 0.1184893294925018, 0.029759141891023355, -0.7108935944993454, False
-5.752480644535234, -5.980962384401861, -1.9147103042748308, 0.1184893294925018, 0.029759141891023355, -0.7108935944993454, False
3.4211141494773223, 4.886335230510815, 0.06552959770921607, 0.1184893294925018, 0.029759141891023355, -0.7108935944993454, False
4.782210573466944, 6.07828337060926, -1.406869667275041, 0.1184893294925018, 0.029759141891023355, -0.7108935944993454, False
4.451203585969775, 2.311514009549624, -1.3918066921303403, 0.1184893294925018, 0.029759141891023355, -0.7108935944993454, False
2.542784547177499, 0.680897904486029, -1.7652553071281059, 0.1184893294925018, 0.029759141891023355, -0.7108935944993454, False
1.5030883152389363, 4.508890344236454, 0.5171806300987996, 0.1184893294925018, 0.029759141891023355, -0.7108935944993454, False
-2.95552197297484, -5.954802954939046, 0.24581006026246222, 0.1184893294925018, 0.029759141891023355, -0.7108935944993454, False
3.586500984118258, -3.3623259188241903, -2.5300874667634425, 0.1184893294925018, 0.029759141891023355, -0.7108935944993454, False
-1.1924926301592835, -5.514164527313934, 0.7137686819290447, 0.1184893294925018, 0.029759141891023355, -0.7108935944993454, False
-2.409726422339518, 1.7824621456490348, 1.9946147451687954, 0.1184893294925018, 0.029759141891023355, -0.7108935944993454, False
-1.0787948147464084, -2.377738967817055, 0.11825041702968075, 0.1184893294925018, 0.029759141891023355, -0.7108935944993454, False
3.052791967531739, 0.08156371838889243, -2.079046873633816, 0.1184893294925018, 0.029759141891023355, -0.7108935944993454, False
0.46313945317247285, 1.278267251912026, 2.5050583251255683, 0.1184893294925018, 0.029759141891023355, -0.7108935944993454, False
4.942463443849782, 5.565173306935867, -0.4768618728841436, 0.1184893294925018, 0.029759141891023355, -0.7108935944993454, False
2.2370989079337313, -5.626446354660838, 2.7774603836818788, 0.1184893294925018, 0.029759141891023355, -0.7108935944993454, False
2.913316757890817, -1.1158301665629695, -2.983055564258664, 0.1184893294925018, 0.029759141891023355, -0.7108935944993454, True
-4.623187058992334, 4.13579370710856, 1.037271235789592, 0.1184893294925018, 0.029759141891023355, -0.7108935944993454, False
-5.136058545263361, -1.4739661680132743, 1.2461977987699848, 0.1184893294925018, 0.029759141891023355, -0.7108935944993454, False
-2.161405200447521, -5.656525283150572, -2.14345137760613, 0.1184893294925018, 0.029759141891023355, -0.7108935944993454, False
5.0741020848265705, -4.973093003587379, 2.9252360761779412, 0.1184893294925018, 0.029759141891023355, -0.7108935944993454, True
-5.712248422792872, -5.43854987163623, 1.8490619227729947, 0.1184893294925018, 0.029759141891023355, -0.7108935944993454, False
1.2069681108773924, -2.092243861828475, -1.6369951610501179, 0.1184893294925018, 0.029759141891023355, -0.7108935944993454, False
1.6222646013333843, 3.2132835343662283, 0.26450086156894637, 0.1184893294925018, 0.029759141891023355, -0.7108935944993454, False
-4.508410855856711, -0.7011037167874044, 0.24796684544182002, 0.1184893294925018, 0.029759141891023355, -0.7108935944993454, False
3.4415365023589217, 4.872782014894311, 0.9272927279925769, 0.1184893294925018, 0.029759141891023355, -0.7108935944993454, False
-4.396242733318552, 5.06459828130453, -3.049195292575935, 0.1184893294925018, 0.029759141891023355, -0.7108935944993454, True
-5.5649879934033155, -1.6825352151545738, -1.9093202618074918, 0.1184893294925018, 0.029759141891023355, -0.7108935944993454, False
-0.4424082996827501, 4.625979998646502, -0.543333197177311, 0.1184893294925018, 0.029759141891023355, -0.7108935944993454, False
0.5629661206596381, -0.3061325135127193, 0.9707560733500724, 0.1184893294925018, 0.029759141891023355, -0.7108935944993454, False
-2.078208658397384, 4.158218021343464, -1.3918985595625712, 0.1184893294925018, 0.029759141891023355, -0.7108935944993454, False
4.377583742796659, 6.265594435530531, -2.381807984814311, 0.1184893294925018, 0.029759141891023355, -0.7108935944993454, False
1.0897332446871415, -3.4931901625175743, -2.1405730048326417, 0.1184893294925018, 0.029759141891023355, -0.7108935944993454, False
-3.9577387853247417, 5.462192408917577, -2.0487912734687037, 0.1184893294925018, 0.029759141891023355, -0.7108935944993454, False
3.269581421117291, -4.475438236209417, 0.14208537866963322, 0.1184893294925018, 0.029759141891023355, -0.7108935944993454, True
6.111787984164355, -0.3695328183283255, 1.4246020568577764, 0.1184893294925018, 0.029759141891023355, -0.7108935944993454, False
4.494327426249862, -0.005812115946335794, -1.9654144590854177, 0.1184893294925018, 0.029759141891023355, -0.7108935944993454, False
2.516635153412958, -4.49587754337832, 0.20765989817936203, 0.1184893294925018, 0.029759141891023355, -0.7108935944993454, False
-3.3941189261599267, 0.19308762131855683, 2.3853323802776325, 0.1184893294925018, 0.029759141891023355, -0.7108935944993454, False
3.391638599167587, 2.6594813110499995, -1.3588497939876356, 0.1184893294925018, 0.029759141891023355, -0.7108935944993454, False
-0.9670038801486847, -3.6431765319367244, -0.15500616004870427, 0.1184893294925018, 0.029759141891023355, -0.7108935944993454, False
4.062042369617695, -3.014460270810834, 1.8503689641290206, 0.1184893294925018, 0.029759141891023355, -0.7108935944993454, False
-3.3185565170907187, -5.1713732938846295, 1.0757217299751414, 0.1184893294925018, 0.029759141891023355, -0.7108935944993454, True
6.026846909942018, -0.5062585173287877, 0.4877170816159344, 0.1184893294925018, 0.029759141891023355, -0.7108935944993454, False
-4.8320018837911825, 1.5384959263926383, -1.3992274511780276, 0.1184893294925018, 0.029759141891023355, -0.7108935944993454, False
-0.8314787074310299, -1.202428561773936, -0.20025126811544824, 0.1184893294925018, 0.029759141891023355, -0.7108935944993454, False
-4.033387934626912, 3.4490229866752493, -1.294356675106024, 0.1184893294925018, 0.029759141891023355, -0.7108935944993454, False
-4.715213010164774, 2.4703577664757113, -0.43092839516811665, 0.1184893294925018, 0.029759141891023355, -0.7108935944993454, False
-2.5777012613339667, -1.1602150724414741, -0.01765749797073557, 0.1184893294925018, 0.029759141891023355, -0.7108935944993454, False
-1.4372412163148294, 5.617812454887641, -1.2105302329613594, 0.1184893294925018, 0.029759141891023355, -0.7108935944993454, False
0.524188946610189, 3.148664803005058, 1.6644767335295905, 0.1184893294925018, 0.029759141891023355, -0.7108935944993454, False
-4.543826008798153, -3.7469141081446913, 2.010189722179865, 0.1184893294925018, 0.029759141891023355, -0.7108935944993454, False
2.351020358558193, -2.205091264003915, 0.5331586661694092, 0.1184893294925018, 0.029759141891023355, -0.7108935944993454, False
-1.1069760401594158, 3.746637050483983, 2.283786031347473, 0.1184893294925018, 0.029759141891023355, -0.7108935944993454, False
1.8844417114513536, 0.11199244116391238, 2.617896620702277, 0.1184893294925018, 0.029759141891023355, -0.7108935944993454, False
-2.536751025409424, 0.09487693532429642, -0.5891193340758085, 0.1184893294925018, 0.029759141891023355, -0.7108935944993454, False
0.31769053510408085, -0.625789149994243, -0.6384175242339944, 0.1184893294925018, 0.029759141891023355, -0.7108935944993454, False
1.7413611066849732, -4.438101959508671, 1.282484519403341, 0.1184893294925018, 0.029759141891023355, -0.7108935944993454, False
4.4825514357885385, -2.307057839049728, -1.0400743167788353, 0.1184893294925018, 0.029759141891023355, -0.7108935944993454, False
-2.683763304313392, -5.5638379333233265, 2.1251388722584172, 0.1184893294925018, 0.029759141891023355, -0.7108935944993454, False
0.27047958106569947, -0.6564672242833574, -2.610800384126464, 0.1184893294925018, 0.029759141891023355, -0.7108935944993454, False
4.278483218978506, -0.6416682395966227, -0.429022955308648, 0.1184893294925018, 0.029759141891023355, -0.7108935944993454, False
-2.3844223199266152, -0.5778361417982696, -0.7648526797297936, 0.1184893294925018, 0.029759141891023355, -0.7108935944993454, False
-0.24475456382732208, -6.13653849343789, -2.8844602667044663, 0.1184893294925018, 0.029759141891023355, -0.7108935944993454, True
-2.9812582155839142, 2.387373989353671, -1.9112739925248985, 0.1184893294925018, 0.029759141891023355, -0.7108935944993454, False
5.634429832341922, 5.680125170170017, 1.934538216298309, 0.1184893294925018, 0.029759141891023355, -0.7108935944993454, False
-6.247711935764635, 2.1016393612063187, 2.459321441705521, 0.1184893294925018, 0.029759141891023355, -0.7108935944993454, False
1.2124195323871554, -2.8696788569809115, -1.4770645104379134, 0.1184893294925018, 0.029759141891023355, -0.7108935944993454, False
3.8149463616515806, -4.182805598823131, -0.1882656033572072, 0.1184893294925018, 0.029759141891023355, -0.7108935944993454, False
-5.822020588729951, -4.875057582055682, 2.070400054630153, 0.1184893294925018, 0.029759141891023355, -0.7108935944993454, False
-0.0035956542698745153, 4.951647029763279, -0.06342317894884841, 0.1184893294925018, 0.029759141891023355, -0.7108935944993454, False
2.1598323243683293, 5.607508779863851, -0.9024373358332443, 0.1184893294925018, 0.029759141891023355, -0.7108935944993454, False
5.386110715221983, -5.510694649337618, -2.203155213146557, 0.1184893294925018, 0.029759141891023355, -0.7108935944993454, False
0.09896256908588885, -3.296716772726639, -0.8125859763526582, 0.1184893294925018, 0.029759141891023355, -0.7108935944993454, False
5.4292099978059785, -0.35538334127898263, 2.923828854801429, 0.1184893294925018, 0.029759141891023355, -0.7108935944993454, True
3.902688205704459, 4.54548208756923, -2.4536989170189307, 0.1184893294925018, 0.029759141891023355, -0.7108935944993454, False
-4.634520288527936, 4.729404401652655, 2.6389800948352296, 0.1184893294925018, 0.029759141891023355, -0.7108935944993454, False
-5.117143070414455, -0.9345841125686389, -2.6382333920961347, 0.1184893294925018, 0.029759141891023355, -0.7108935944993454, False
-5.695644314644144, -2.5468011532468955, -1.5345288581066288, 0.1184893294925018, 0.029759141891023355, -0.7108935944993454, False
2.234990448971626, 4.900001040572725, 0.13407907239270367, 0.1184893294925018, 0.029759141891023355, -0.7108935944993454, False
-5.68189871103748, 0.41735042365262576, -0.7628985074432815, 0.1184893294925018, 0.029759141891023355, -0.7108935944993454, False
0.1605033401820215, 1.4161286970269842, -0.7397185705943472, 0.1184893294925018, 0.029759141891023355, -0.7108935944993454, False
3.529185574243792, -6.165091755117414, -2.592869069514732, 0.1184893294925018, 0.029759141891023355, -0.7108935944993454, False
1.3831602916954404, 3.8041004062361896, 2.5664808642793266, 0.1184893294925018, 0.029759141891023355, -0.7108935944993454, False
-1.720924241986891, 4.414312182253504, 1.0765035839798651, 0.1184893294925018, 0.029759141891023355, -0.7108935944993454, False
-0.011699062820479611, -0.06360330596203845, -0.7161619379712278, 0.1184893294925018, 0.029759141891023355, -0.7108935944993454, False
4.385287697996127, 5.291091663691679, 1.2005242626527481, 0.1184893294925018, 0.029759141891023355, -0.7108935944993454, False
-5.317585535933091, 3.9913938698125495, 3.002199770584202, 0.1184893294925018, 0.029759141891023355, -0.7108935944993454, True
3.689107414634943, 2.796018171964416, -3.0305826367427113, 0.1184893294925018, 0.029759141891023355, -0.7108935944993454, True
-4.852382041568392, -2.5475424319500175, -2.541264034047774, 0.1184893294925018, 0.029759141891023355, -0.7108935944993454, False
-0.10557949707918368, -3.7158919360352827, -1.0960356185515865, 0.1184893294925018, 0.029759141891023355, -0.7108935944993454, False
5.824546888819718, 3.241296698091391, -2.206035405527121, 0.1184893294925018, 0.029759141891023355, -0.7108935944993454, False
-5.332856051818199, 2.023356177685937, -1.9238366066718142, 0.1184893294925018, 0.029759141891023355, -0.7108935944993454, False
5.891947856560586, 1.7378083218632536, -1.1656897560711617, 0.1184893294925018, 0.029759141891023355, -0.7108935944993454, False
-3.9229199747177192, 2.129557032975409, 1.767533167983343, 0.1184893294925018, 0.029759141891023355, -0.7108935944993454, False
-2.3647883156641165, -4.857826648209189, 1.4163583268461108, 0.1184893294925018, 0.029759141891023355, -0.7108935944993454, False
-0.21373501461002764, -0.3586314672030877, 0.14232577187868145, 0.1184893294925018, 0.029759141891023355, -0.7108935944993454, False
-0.11269416729730786, -4.052682214326282, 1.5760655438727253, 0.1184893294925018, 0.029759141891023355, -0.7108935944993454, False
2.221343996422709, -0.02958980091831087, -1.658385372538584, 0.1184893294925018, 0.029759141891023355, -0.7108935944993454, False
2.8257207532313178, -5.50023326305753, -1.5690774272103376, 0.1184893294925018, 0.029759141891023355, -0.7108935944993454, False
-6.051247037963434, -0.6009638888705231, -0.0061400717002335625, 0.1184893294925018, 0.029759141891023355, -0.7108935944993454, False
-0.2990466225931536, -4.633903076985748, 0.3975209954155585, 0.1184893294925018, 0.029759141891023355, -0.7108935944993454, False
1.328860515363842, 1.5087061807976792, -2.269160597787849, 0.1184893294925018, 0.029759141891023355, -0.7108935944993454, False
-5.810740837543234, -5.0641291930073935, 0.7465364352892854, 0.1184893294925018, 0.029759141891023355, -0.7108935944993454, True
1.0287724084439684, -1.1605273827834672, -3.0521875435427903, 0.1184893294925018, 0.029759141891023355, -0.7108935944993454, True
-0.061540333557000615, 5.047097305748693, -2.2691478863878203, 0.1184893294925018, 0.029759141891023355, -0.7108935944993454, False
1.4037941445349507, 5.8336310764581825, 2.0179699882727373, 0.1184893294925018, 0.029759141891023355, -0.7108935944993454, False
0.8285671445021228, 4.360071614162539, -1.3861177745818378, 0.1184893294925018, 0.029759141891023355, -0.7108935944993454, False
-4.206200162964823, 1.1092318460860717, -1.7523166199285225, 0.1184893294925018, 0.029759141891023355, -0.7108935944993454, False
3.287190556365182, 5.774768301675065, 0.4643575387526253, 0.1184893294925018, 0.029759141891023355, -0.7108935944993454, False
3.0511514308194254, 6.02130208052103, -1.3498745528333767, 0.1184893294925018, 0.029759141891023355, -0.7108935944993454, False
-4.566722377921274, -4.604427482671457, -0.1773719870823265, 0.1184893294925018, 0.029759141891023355, -0.7108935944993454, True
2.5491695720126426, 6.168972510074253, 1.591944212065978, 0.1184893294925018, 0.029759141891023355, -0.7108935944993454, False
1.0670549941873633, 3.9620533586555524, -2.319858392531563, 0.1184893294925018, 0.029759141891023355, -0.7108935944993454, False
-2.3684659859737143, -0.19844561761051693, 0.13552135365802354, 0.1184893294925018, 0.029759141891023355, -0.7108935944993454, False
3.286085797049715, -5.587982762539584, -3.0818246950454395, 0.1184893294925018, 0.029759141891023355, -0.7108935944993454, True
-4.64108609813266, 6.209549727608348, -0.5999002532816031, 0.1184893294925018, 0.029759141891023355, -0.7108935944993454, False
-5.193878138968153, 5.721750783820168, -1.9706017585031301, 0.1184893294925018, 0.029759141891023355, -0.7108935944993454, False
5.592218369795734, 5.105058831057427, 1.185963135765637, 0.1184893294925018, 0.029759141891023355, -0.7108935944993454, False
-2.017432140451577, -2.0509248504615423, -0.8526864226931852, 0.1184893294925018, 0.029759141891023355, -0.7108935944993454, False
1.281005490476593, 3.55375324506962, 1.8358666590638082, 0.1184893294925018, 0.029759141891023355, -0.7108935944993454, False
3.3843492042215093, 4.65897290632013, 2.955398487075221, 0.1184893294925018, 0.029759141891023355, -0.7108935944993454, True
-2.375792166091122, 2.942070196541062, 1.8255336354656437, 0.1184893294925018, 0.029759141891023355, -0.7108935944993454, False
3.6176312920666476, -3.3242176936701733, 3.0442938179611057, 0.1184893294925018, 0.029759141891023355, -0.7108935944993454, True
0.96467353663704, -2.701882208991358, -1.474250634759542, 0.1184893294925018, 0.029759141891023355, -0.7108935944993454, False
3.7899821103885234, -0.1830139720464441, -2.7201393636924407, 0.1184893294925018, 0.029759141891023355, -0.7108935944993454, False
-3.4159841242767826, -4.243305284807425, -2.211357935328452, 0.1184893294925018, 0.029759141891023355, -0.7108935944993454, False
2.3843578080081844, -5.543449873139448, 3.047550452305294, 0.1184893294925018, 0.029759141891023355, -0.7108935944993454, True
0.16776682974016222, -3.9543597886483726, 2.9884127622118815, 0.1184893294925018, 0.029759141891023355, -0.7108935944993454, True
-3.823001165396261, 4.1011851966655595, -1.2267000382844477, 0.1184893294925018, 0.029759141891023355, -0.7108935944993454, False
-2.789518730133659, -5.373647533837667, 2.057603368267838, 0.1184893294925018, 0.029759141891023355, -0.7108935944993454, False
-5.512942544971175, 1.0907347266187752, -2.9020729620106094, 0.1184893294925018, 0.029759141891023355, -0.7108935944993454, False
-2.432804504871031, -0.974631628231581, 1.9221623833246761, 0.1184893294925018, 0.029759141891023355, -0.7108935944993454, False
-4.146717798179129, -0.3133989018079868, 2.488131221758044, 0.1184893294925018, 0.029759141891023355, -0.7108935944993454, False
