-1.7380066000740868, 2.9338232336824603, 3.0472559764852356, 0.40416666257259715, 0.26431335522479316, -0.4255814109339345, True
-5.775614391188136, -3.751561917852949, -0.942624988741303, 0.40416666257259715, 0.26431335522479316, -0.4255814109339345, False
-1.0054019608640319, 2.288233668261279, -2.96922973688999, 0.40416666257259715, 0.26431335522479316, -0.4255814109339345, True
1.5680752497667667, -3.4673687488702267, -0.22294899485179975, 0.40416666257259715, 0.26431335522479316, -0.4255814109339345, False
-2.525256495048432, 4.320327661998203, -2.253534468750248, 0.40416666257259715, 0.26431335522479316, -0.4255814109339345, False
1.4096928820211625, -5.766288646275607, -0.6662671167191734, 0.40416666257259715, 0.26431335522479316, -0.4255814109339345, False
-2.5350867755364788, -3.5930905988985042, -1.7135205196526426, 0.40416666257259715, 0.26431335522479316, -0.4255814109339345, False
5.275005774226827, 3.8806927405294225, -2.8223790328167038, 0.40416666257259715, 0.26431335522479316, -0.4255814109339345, False
4.4487095687009255, 5.117170676454666, 0.5524075508914836, 0.40416666257259715, 0.26431335522479316, -0.4255814109339345, False
-1.209435881076094, -1.0735708377707827, -0.7741576454263384, 0.40416666257259715, 0.26431335522479316, -0.4255814109339345, False
2.1918356557900225, -2.155828403157825, -0.2882961988833861, 0.40416666257259715, 0.26431335522479316, -0.4255814109339345, False
-3.701735350092171, 5.129717561624849, -1.0848645231826302, 0.40416666257259715, 0.26431335522479316, -0.4255814109339345, False
2.2830503163262943, 4.394734872173155, -2.7310767886723566, 0.40416666257259715, 0.26431335522479316, -0.4255814109339345, False
-3.749002104186521, 2.518419987121174, -2.1591149687759095, 0.40416666257259715, 0.26431335522479316, -0.4255814109339345, False
3.428767074250839, -3.3258699125061155, 2.672376716843794, 0.40416666257259715, 0.26431335522479316, -0.4255814109339345, False
-1.054027880922642, 4.330185146018563, 0.45713428363507, 0.40416666257259715, 0.26431335522479316, -0.4255814109339345, False
-5.127812086855107, 0.43430624333593215, -2.322359812618175, 0.40416666257259715, 0.26431335522479316, -0.4255814109339345, False
2.8648804947130166, -2.243825954093067, -2.2318740984220033, 0.40416666257259715, 0.26431335522479316, -0.4255814109339345, False
5.309264930559724, -3.627462561707991, 2.565682677670508, 0.40416666257259715, 0.26431335522479316, -0.4255814109339345, False
5.132899886664882, -1.0220823332207258, 1.41721808897986, 0.40416666257259715, 0.26431335522479316, -0.4255814109339345, False
4.777753158530157, -1.2244726356897644, -0.8828063422687542, 0.40416666257259715, 0.26431335522479316, -0.4255814109339345, False
4.571291465427938, -1.1884026280996745, 1.8287811393814204, 0.40416666257259715, 0.26431335522479316, -0.4255814109339345, False
2.3686730619683143, -2.5100614112962956, 2.9223918564564144, 0.40416666257259715, 0.26431335522479316, -0.4255814109339345, True
-3.5195566001587406, -0.9377181927175924, -0.3628079890210265, 0.40416666257259715, 0.26431335522479316, -0.4255814109339345, False
-4.95293063520449, -2.928527729037646, 2.718332342645412, 0.40416666257259715, 0.26431335522479316, -0.4255814109339345, False
2.898139756078441, 5.721667665357035, -2.856098956318727, 0.40416666257259715, 0.26431335522479316, -0.4255814109339345, False
-3.081193211898999, -5.504238277345212, 1.457519969630141, 0.40416666257259715, 0.26431335522479316, -0.4255814109339345, False
0.775377583512669, -3.6591547160207156, 1.6655081358746333, 0.40416666257259715, 0.26431335522479316, -0.4255814109339345, False
-5.580925338569097, -3.377756886241258, -1.6061402584932098, 0.40416666257259715, 0.26431335522479316, -0.4255814109339345, False
-1.6404258459841463, 3.216885911361418, -1.670352781053702, 0.40416666257259715, 0.26431335522479316, -0.4255814109339345, False
1.9320543483274477, -1.8911171837975749, -2.4899622005213553, 0.40416666257259715, 0.26431335522479316, -0.4255814109339345, False
-3.8520341829472913, -2.3164310560029406, 2.402159261824446, 0.40416666257259715, 0.26431335522479316, -0.4255814109339345, False
2.851078053454378, -3.23898356616459, 2.9651400973314823, 0.40416666257259715, 0.26431335522479316, -0.4255814109339345, True
-3.4776212504400212, 1.725780176584923, 1.01553527598577, 0.40416666257259715, 0.26431335522479316, -0.4255814109339345, False
1.6679633901969053, 4.10446635743093, 1.511882698501097, 0.40416666257259715, 0.26431335522479316, -0.4255814109339345, False
-3.0045426249049, 0.5521558936324373, 2.544217319021733, 0.40416666257259715, 0.26431335522479316, -0.4255814109339345, False
3.566436893135803, 4.697017978910617, 2.2856153661215934, 0.40416666257259715, 0.26431335522479316, -0.4255814109339345, False
1.8226949193645527, -5.263648243960297, 0.08339711086018209, 0.40416666257259715, 0.26431335522479316, -0.4255814109339345, False
-2.55054125265805, -4.677870651321693, 0.7670545544523248, 0.40416666257259715, 0.26431335522479316, -0.4255814109339345, False
-4.052190950874401, 3.087663161339629, 0.5269474731691788, 0.40416666257259715, 0.26431335522479316, -0.4255814109339345, False
-0.13685626999974243, -3.476080833376402, -0.9859677816283234, 0.40416666257259715, 0.26431335522479316, -0.4255814109339345, False
-3.06055927259434, -5.58572511977064, 0.03022714593730802, 0.40416666257259715, 0.26431335522479316, -0.4255814109339345, False
4.175569229610245, -6.28155514018458, -2.9336006433933925, 0.40416666257259715, 0.26431335522479316, -0.4255814109339345, True
3.307333553947407, -4.471954085535092, -1.4092008396463762, 0.40416666257259715, 0.26431335522479316, -0.4255814109339345, False
4.192927819624828, -3.1635155655989777, -0.05043409906314844, 0.40416666257259715, 0.26431335522479316, -0.4255814109339345, False
2.944532648984193, 3.6021907832428006, 0.8268877855850603, 0.40416666257259715, 0.26431335522479316, -0.4255814109339345, False
4.067227917218613, -1.6083657662612625, 1.8119602048762165, 0.40416666257259715, 0.26431335522479316, -0.4255814109339345, False
3.108796706211395, -4.379152001705602, -0.680117205192202, 0.40416666257259715, 0.26431335522479316, -0.4255814109339345, False
2.970253260506176, 3.046125073969254, -3.090959628815568, 0.40416666257259715, 0.26431335522479316, -0.4255814109339345, True
4.921246558596231, -5.0651927472960105, 1.112420821986574, 0.40416666257259715, 0.26431335522479316, -0.4255814109339345, False
5.517877751608738, 5.0622104789200755, -3.0400770074866306, 0.40416666257259715, 0.26431335522479316, -0.4255814109339345, True
4.210313027532544, -0.5007749474191847, 2.3773828942232935, 0.40416666257259715, 0.26431335522479316, -0.4255814109339345, False
3.801141526468127, -2.918153491787662, 2.2539636075315688, 0.40416666257259715, 0.26431335522479316, -0.4255814109339345, False
-5.440833700536169, -2.7876107514146495, 2.1255863292006607, 0.40416666257259715, 0.26431335522479316, -0.4255814109339345, False
-0.12419790461775015, -4.466389307567128, -2.4859689077863596, 0.40416666257259715, 0.26431335522479316, -0.4255814109339345, False
-2.6093000633917582, -1.4871637171628453, -3.116899430322662, 0.40416666257259715, 0.26431335522479316, -0.4255814109339345, True
-6.243947636126229, -3.045204183757533, 1.4885571622816682, 0.40416666257259715, 0.26431335522479316, -0.4255814109339345, False
5.419646800767445, 3.802863967310154, -2.327580044228545, 0.40416666257259715, 0.26431335522479316, -0.4255814109339345, False
-4.9003775401176775, -0.2054616872381434, 0.8218200156409949, 0.40416666257259715, 0.26431335522479316, -0.4255814109339345, False
5.0594878162057135, 3.8495124892390056, -0.15140148819391053, 0.40416666257259715, 0.26431335522479316, -0.4255814109339345, False
-2.4350395111642125, 1.9481845715863262, -2.1264627955716433, 0.40416666257259715, 0.26431335522479316, -0.4255814109339345, False
5.022355880507064, 2.2060874665103647, 0.7225203847452026, 0.40416666257259715, 0.26431335522479316, -0.4255814109339345, False
-5.360127417225597, -6.192693765842148, -2.612473631174601, 0.40416666257259715, 0.26431335522479316, -0.4255814109339345, False
-5.9339718567490385, 4.261087801565605, -1.6822574691918901, 0.40416666257259715, 0.26431335522479316, -0.4255814109339345, False
-4.512378769573452, -3.231071598540921, 0.28900971461077063, 0.40416666257259715, 0.26431335522479316, -0.4255814109339345, False
5.527188841260434, 0.10163959649421805, 0.6185584273242135, 0.40416666257259715, 0.26431335522479316, -0.4255814109339345, False
-4.467614075359416, 4.854234936066275, 3.0646239344177086, 0.40416666257259715, 0.26431335522479316, -0.4255814109339345, True
2.957260165843067, 0.08537496835913672, -2.983127054591938, 0.40416666257259715, 0.26431335522479316, -0.4255814109339345, True
3.9336547660253434, 3.2370639665122773, 1.7563032364956905, 0.40416666257259715, 0.26431335522479316, -0.4255814109339345, False
-6.147514282884577, -0.9352617027775691, 1.8906243822395528, 0.40416666257259715, 0.26431335522479316, -0.4255814109339345, False
1.1539598877583357, -2.5340170043410484, -0.822879691398529, 0.40416666257259715, 0.26431335522479316, -0.4255814109339345, False
-5.617589561159406, 4.5359382738843586, 1.1427250690988906, 0.40416666257259715, 0.26431335522479316, -0.4255814109339345, False
6.281716557719694, 0.5731655609068484, -1.5066628732693284, 0.40416666257259715, 0.26431335522479316, -0.4255814109339345, False
0.9744625216236908, 3.646414147389004, -2.3719562207535714, 0.40416666257259715, 0.26431335522479316, -0.4255814109339345, False
1.229077409994094, -4.301828323022697, 0.9995952345244818, 0.40416666257259715, 0.26431335522479316, -0.4255814109339345, False
6.1612532063518675, -1.317047738784784, -2.8976801587792376, 0.40416666257259715, 0.26431335522479316, -0.4255814109339345, True
-1.1498808925985182, 1.31954598665975, -1.0267794417441185, 0.40416666257259715, 0.26431335522479316, -0.4255814109339345, False
-2.3694770649991557, 4.718747410155043, -2.8522943441869457, 0.40416666257259715, 0.26431335522479316, -0.4255814109339345, False
5.983774967301597, 4.515955733085862, -1.4763801445595628, 0.40416666257259715, 0.26431335522479316, -0.4255814109339345, False
5.077944199290625, -1.0102758827083553, -2.9006221900681224, 0.40416666257259715, 0.26431335522479316, -0.4255814109339345, True
2.1864372117262665, -2.6456355260766307, -0.7992770093490491, 0.40416666257259715, 0.26431335522479316, -0.4255814109339345, False
-2.730280007094422, -5.95242297406547, -3.0410031161746414, 0.40416666257259715, 0.26431335522479316, -0.4255814109339345, True
-3.0099116328239104, -2.2506086548639512, -1.1583766026190672, 0.40416666257259715, 0.26431335522479316, -0.4255814109339345, False
5.149173575611474, -4.1976808702662485, -0.29712143707276306, 0.40416666257259715, 0.26431335522479316, -0.4255814109339345, False
2.823862618776209, 3.407913836999038, -1.9134541982769668, 0.40416666257259715, 0.26431335522479316, -0.4255814109339345, False
5.555152829679184, -5.508203597688827, -0.004730517444311744, 0.40416666257259715, 0.26431335522479316, -0.4255814109339345, False
4.439977487964292, 0.2477173723433408, 2.1929577253017793, 0.40416666257259715, 0.26431335522479316, -0.4255814109339345, False
-1.4722438701119476, 5.990097627879539, 0.07112345608830584, 0.40416666257259715, 0.26431335522479316, -0.4255814109339345, False
1.7031299547355392, -3.79498899796421, -1.516227915825033, 0.40416666257259715, 0.26431335522479316, -0.4255814109339345, False
-3.5154494093016786, 3.4097424386364317, 2.5518662627708117, 0.40416666257259715, 0.26431335522479316, -0.4255814109339345, False
-3.363701723928386, -5.4269812857939, -1.2448726238253456, 0.40416666257259715, 0.26431335522479316, -0.4255814109339345, False
6.100918549073674, 2.374935130591682, -1.5960927766272597, 0.40416666257259715, 0.26431335522479316, -0.4255814109339345, False
3.364584645720411, 4.252731519689103, 1.4693247581712034, 0.40416666257259715, 0.26431335522479316, -0.4255814109339345, False
-4.435735373243986, -0.802067521246336, -2.4126694841744056, 0.40416666257259715, 0.26431335522479316, -0.4255814109339345, False
-3.537918925024265, -1.8849111856630447, 1.7654679237911735, 0.40416666257259715, 0.26431335522479316, -0.4255814109339345, False
2.902894726199719, 1.5427033778328871, -2.395574736542387, 0.40416666257259715, 0.26431335522479316, -0.4255814109339345, False
-4.846424878095183, 2.291103506874393, -2.1777285232119823, 0.40416666257259715, 0.26431335522479316, -0.4255814109339345, False
-2.6032550253420594, -0.48986184480404127, -0.5257808114662788, 0.40416666257259715, 0.26431335522479316, -0.4255814109339345, False
-0.49664549187857787, 3.8032541259211357, -0.0757343262749548, 0.40416666257259715, 0.26431335522479316, -0.4255814109339345, False
-5.036644041074421, -3.6971500081971933, -1.31426915183973, 0.40416666257259715, 0.26431335522479316, -0.4255814109339345, False
