-1.3048448848055099, -4.38845587431187, 3.06943807910855, 0.47821825082886094, -0.17253739111294686, -0.06285502678484478, True
0.6364111761410092, 1.8932822441763228, -2.5741477529398002, 0.47821825082886094, -0.17253739111294686, -0.06285502678484478, False
4.995424338461717, -2.0213062625826597, 0.3764117469984063, 0.47821825082886094, -0.17253739111294686, -0.06285502678484478, False
-1.5594494757306947, -2.370900490029785, 1.9305841081105966, 0.47821825082886094, -0.17253739111294686, -0.06285502678484478, False
-3.044496465149634, 4.317707497763276, -2.3738469205735093, 0.47821825082886094, -0.17253739111294686, -0.06285502678484478, False
1.8259962174937474, -1.4525062166623544, -1.6404920344760214, 0.47821825082886094, -0.17253739111294686, -0.06285502678484478, False
-5.197591788685002, 4.213723558324132, -2.2843266787452094, 0.47821825082886094, -0.17253739111294686, -0.06285502678484478, False
-4.995016189036326, -0.38137270014627056, 3.0780973911912293, 0.47821825082886094, -0.17253739111294686, -0.06285502678484478, True
-4.526442362524309, -0.7656198194308077, 0.29404410966178895, 0.47821825082886094, -0.17253739111294686, -0.06285502678484478, False
-5.951488496177495, 4.700944322066505, 0.6418366933744264, 0.47821825082886094, -0.17253739111294686, -0.06285502678484478, False
-4.623621361379213, -5.138875689838567, 1.2634641879679505, 0.47821825082886094, -0.17253739111294686, -0.06285502678484478, False
-1.3627264272835502, 0.5672631025822348, 1.1458944008722964, 0.47821825082886094, -0.17253739111294686, -0.06285502678484478, False
1.0819566542911447, 0.4957321396715768, -2.304541959667176, 0.47821825082886094, -0.17253739111294686, -0.06285502678484478, False
-2.6477575912740132, -6.209074085012135, 2.8814825473910535, 0.47821825082886094, -0.17253739111294686, -0.06285502678484478, True
5.967739691982306, -2.5511679319627087, -2.874415493027817, 0.47821825082886094, -0.17253739111294686, -0.06285502678484478, True
4.337052752984459, -5.902910005477148, 0.15307968364662772, 0.47821825082886094, -0.17253739111294686, -0.06285502678484478, False
6.094068668387903, -2.689275667424804, -1.8756153728417595, 0.47821825082886094, -0.17253739111294686, -0.06285502678484478, False
-2.644361007223039, -4.290103913945689, -2.7384663451507736, 0.47821825082886094, -0.17253739111294686, -0.06285502678484478, False
5.838009981965991, -4.765404663475598, 0.21115370587213356, 0.47821825082886094, -0.17253739111294686, -0.06285502678484478, False
1.378734036690858, -0.5592373989584312, 3.138584482538037, 0.47821825082886094, -0.17253739111294686, -0.06285502678484478, True
2.036162230290154, 2.5200436521189093, -3.0869053147442016, 0.47821825082886094, -0.17253739111294686, -0.06285502678484478, True
-4.600671305186198, 0.8699034566085322, 2.0320384393005773, 0.47821825082886094, -0.17253739111294686, -0.06285502678484478, False
-0.2693459069127, 1.2615424955168049, -1.1803867082795854, 0.47821825082886094, -0.17253739111294686, -0.06285502678484478, False
0.4955640842777891, 3.4434968659503227, -2.0618260851257526, 0.47821825082886094, -0.17253739111294686, -0.06285502678484478, False
5.463195284966892, 4.042413302644404, 0.3797230036799917, 0.47821825082886094, -0.17253739111294686, -0.06285502678484478, False
-5.85023003560561, 1.1729030192991727, 0.20603542640980388, 0.47821825082886094, -0.17253739111294686, -0.06285502678484478, False
6.135990522611323, -1.746213668701837, -2.3706984956477104, 0.47821825082886094, -0.17253739111294686, -0.06285502678484478, False
0.2126649784016248, 1.5888719090489278, 1.1358242908479674, 0.47821825082886094, -0.17253739111294686, -0.06285502678484478, False
-1.3769799431024579, -1.5023188693536556, 2.0842363008823392, 0.47821825082886094, -0.17253739111294686, -0.06285502678484478, False
-5.556044378541584, -2.0889643517994747, -0.9443933443788488, 0.47821825082886094, -0.17253739111294686, -0.06285502678484478, False
2.309927910469746, 5.217906395742826, 1.5675518636969858, 0.47821825082886094, -0.17253739111294686, -0.06285502678484478, False
4.841246073858958, -2.543700715538077, -0.26220713148029207, 0.47821825082886094, -0.17253739111294686, -0.06285502678484478, False
-3.72684529907439, 4.702841829368779, 1.5810985578649719, 0.47821825082886094, -0.17253739111294686, -0.06285502678484478, False
0.020228727601460328, 3.0713810370107115, -1.6780515267233216, 0.47821825082886094, -0.17253739111294686, -0.06285502678484478, False
6.194287433302392, 2.8092546923741253, -0.4050094871339103, 0.47821825082886094, -0.17253739111294686, -0.06285502678484478, False
0.943261585794211, -5.375598039333624, -1.294599265684194, 0.47821825082886094, -0.17253739111294686, -0.06285502678484478, False
1.1299977955713594, 6.163032881804506, 1.6264924847318598, 0.47821825082886094, -0.17253739111294686, -0.06285502678484478, False
-2.420093630980774, -2.284026217038108, 2.170988367734365, 0.47821825082886094, -0.17253739111294686, -0.06285502678484478, False
0.4358370580782962, 0.25297121097724773, 2.148219167868116, 0.47821825082886094, -0.17253739111294686, -0.06285502678484478, False
-2.6639277614934103, -2.866379402374345, 1.910523724050024, 0.47821825082886094, -0.17253739111294686, -0.06285502678484478, False
5.010984598078618, -1.265394706563006, 0.5196347593059509, 0.47821825082886094, -0.17253739111294686, -0.06285502678484478, False
0.559245950853021, -2.3746535735500904, -0.7283721831120382, 0.47821825082886094, -0.17253739111294686, -0.06285502678484478, False
-4.731754743357895, -1.9878422003840663, 1.1097002510011968, 0.47821825082886094, -0.17253739111294686, -0.06285502678484478, False
-4.349669668927125, 3.353098658108266, 2.0804425538719427, 0.47821825082886094, -0.17253739111294686, -0.06285502678484478, False
-4.347868823561337, 5.689054975100321, -1.730600060657534, 0.47821825082886094, -0.17253739111294686, -0.06285502678484478, False
0.46384636817558533, -0.06688089721317159, -0.24257434364073038, 0.47821825082886094, -0.17253739111294686, -0.06285502678484478, False
4.122473536677038, 4.015751339456854, 1.7307417358120798, 0.47821825082886094, -0.17253739111294686, -0.06285502678484478, False
4.713129182828515, 6.066110789497136, 0.6615278862887597, 0.47821825082886094, -0.17253739111294686, -0.06285502678484478, False
-0.5644274106235319, 4.515212015272981, -1.8560573768697533, 0.47821825082886094, -0.17253739111294686, -0.06285502678484478, False
2.2139760156638246, -5.145881170732986, -2.0243962133727114, 0.47821825082886094, -0.17253739111294686, -0.06285502678484478, False
-4.95979822489421, 5.3276776131979595, 2.6086428639444907, 0.47821825082886094, -0.17253739111294686, -0.06285502678484478, False
5.318738477613966, 4.334929574718197, 2.3414857816409302, 0.47821825082886094, -0.17253739111294686, -0.06285502678484478, False
4.212230938634246, 5.952823653691766, 1.1067464818043566, 0.47821825082886094, -0.17253739111294686, -0.06285502678484478, False
5.085743381311763, 1.3496666302748066, -2.4456613227368518, 0.47821825082886094, -0.17253739111294686, -0.06285502678484478, False
2.313916864055825, 4.851901426304032, -1.3267416036071549, 0.47821825082886094, -0.17253739111294686, -0.06285502678484478, False
-2.3401639705009325, 3.7335780628738195, -1.0807466865275854, 0.47821825082886094, -0.17253739111294686, -0.06285502678484478, False
-1.6128299921310703, -4.2479234176226, 2.4234221490153436, 0.47821825082886094, -0.17253739111294686, -0.06285502678484478, False
1.7800967619981947, 0.6760684667131427, 2.864599643934647, 0.47821825082886094, -0.17253739111294686, -0.06285502678484478, False
-6.251731820993883, 0.00672502796954344, 0.8946415677202939, 0.47821825082886094, -0.17253739111294686, -0.06285502678484478, False
-1.9076918892088601, 3.686177806519707, 2.3151335315172004, 0.47821825082886094, -0.17253739111294686, -0.06285502678484478, False
3.657698965330244, -1.8931279558579144, 0.7865083346085981, 0.47821825082886094, -0.17253739111294686, -0.06285502678484478, False
0.41180065406473254, -0.9274485189528274, -1.3587686039224003, 0.47821825082886094, -0.17253739111294686, -0.06285502678484478, False
-4.780795137130459, -2.2565975610786957, 0.4754201157146931, 0.47821825082886094, -0.17253739111294686, -0.06285502678484478, False
-3.7091276546967262, -0.5512978444162293, -0.6904505287362168, 0.47821825082886094, -0.17253739111294686, -0.06285502678484478, False
5.800619469221546, 0.9621203212590359, -1.3757060206171794, 0.47821825082886094, -0.17253739111294686, -0.06285502678484478, True
2.3374929342512356, 1.8111780717787536, -2.3158912761286596, 0.47821825082886094, -0.17253739111294686, -0.06285502678484478, False
-3.7640211319950274, -0.36221785840309284, 0.5184079864992586, 0.47821825082886094, -0.17253739111294686, -0.06285502678484478, False
3.7734808940286193, 5.444159609249912, 1.953149377537927, 0.47821825082886094, -0.17253739111294686, -0.06285502678484478, False
4.131426649559037, -5.60921480370372, 0.6160259764786802, 0.47821825082886094, -0.17253739111294686, -0.06285502678484478, False
-0.20885360444673662, 5.239898697343326, -2.469869479477339, 0.47821825082886094, -0.17253739111294686, -0.06285502678484478, False
-2.7378560443616147, 4.413035162119465, 0.3432836734002902, 0.47821825082886094, -0.17253739111294686, -0.06285502678484478, False
-2.369976334848677, 2.5269791704809084, 0.519997746372824, 0.47821825082886094, -0.17253739111294686, -0.06285502678484478, False
-2.959935363267036, 3.4654171380820493, 2.7301151704725317, 0.47821825082886094, -0.17253739111294686, -0.06285502678484478, False
1.2136151801442097, -5.98766633065589, -2.3290148072805517, 0.47821825082886094, -0.17253739111294686, -0.06285502678484478, False
-1.3541629231068404, -1.5491832760163895, 2.9358395414685408, 0.47821825082886094, -0.17253739111294686, -0.06285502678484478, True
-4.7989120094347655, -4.8120072837149985, 1.3986697223643114, 0.47821825082886094, -0.17253739111294686, -0.06285502678484478, False
-5.64352479017073, -1.3201613479953753, 2.6856136482885864, 0.47821825082886094, -0.17253739111294686, -0.06285502678484478, False
0.8869022730742389, -5.741391255084372, 0.4135027372985056, 0.47821825082886094, -0.17253739111294686, -0.06285502678484478, False
-5.235159235688899, 5.168299063363678, -2.199079426192052, 0.47821825082886094, -0.17253739111294686, -0.06285502678484478, False
-3.596746133161754, -5.822712737578991, -2.3849956992477868, 0.47821825082886094, -0.17253739111294686, -0.06285502678484478, False
1.1530146966521624, -1.045027507872149, 1.1350872936384908, 0.47821825082886094, -0.17253739111294686, -0.06285502678484478, False
3.248306171331782, -4.527773660725977, 3.027111272502842, 0.47821825082886094, -0.17253739111294686, -0.06285502678484478, True
-0.6335516889305399, 2.944359234984077, -1.0714359115271477, 0.47821825082886094, -0.17253739111294686, -0.06285502678484478, False
-5.5986889634501, -4.7750730884831825, -2.1026907158831194, 0.47821825082886094, -0.17253739111294686, -0.06285502678484478, False
-4.203050694249033, -3.883135304475725, 2.4424145058745896, 0.47821825082886094, -0.17253739111294686, -0.06285502678484478, False
4.919804562168231, -4.289321914783855, 2.0985714639993898, 0.47821825082886094, -0.17253739111294686, -0.06285502678484478, False
5.08914592092388, -0.08699792647550275, -1.8221728388147282, 0.47821825082886094, -0.17253739111294686, -0.06285502678484478, False
1.3664892640402098, -1.0157263325839594, -1.4513834661144804, 0.47821825082886094, -0.17253739111294686, -0.06285502678484478, False
1.7692903089576273, 0.13611781608576212, -2.999075121692906, 0.47821825082886094, -0.17253739111294686, -0.06285502678484478, True
-0.8785491985591092, -3.6825551478115166, 1.0352011074828376, 0.47821825082886094, -0.17253739111294686, -0.06285502678484478, False
3.243607354941677, -4.112555375004234, 2.3317670687271495, 0.47821825082886094, -0.17253739111294686, -0.06285502678484478, False
5.608690316556395, -3.977559692524581, 0.18054168865766673, 0.47821825082886094, -0.17253739111294686, -0.06285502678484478, False
4.77535125272426, -3.6695600945263713, 3.000453609570327, 0.47821825082886094, -0.17253739111294686, -0.06285502678484478, True
-2.4090086896615643, 4.617436303168972, -1.0770459549210658, 0.47821825082886094, -0.17253739111294686, -0.06285502678484478, False
-5.828511250629236, -3.3041190259195368, -3.0716471819085047, 0.47821825082886094, -0.17253739111294686, -0.06285502678484478, True
-4.623280152490771, -2.6223601323231422, -0.9969452645372971, 0.47821825082886094, -0.17253739111294686, -0.06285502678484478, False
-1.1602719502618193, -3.855265356757152, -0.3008420810851238, 0.47821825082886094, -0.17253739111294686, -0.06285502678484478, False
4.563176257728509, -2.9277198893718213, 0.14729047895622127, 0.47821825082886094, -0.17253739111294686, -0.06285502678484478, False
2.914850790434331, -3.543656271485633, 1.0492865764299042, 0.47821825082886094, -0.17253739111294686, -0.06285502678484478, True
-1.9691479474667162, -1.633743647793179, 3.0036408228739564, 0.47821825082886094, -0.17253739111294686, -0.06285502678484478, True
