-1.7927249540889019, -5.508099656762449, -0.5720304404308845, 0.37441421925551366, 0.09472924167907582, -0.7226773047799124, False
-3.325619968559298, -0.28734288102200445, 0.36508835140143603, 0.37441421925551366, 0.09472924167907582, -0.7226773047799124, False
4.487445046570503, -0.9384349508882979, -0.2406490011864939, 0.37441421925551366, 0.09472924167907582, -0.7226773047799124, False
4.270386307383321, 1.9289782390832144, 1.2304096219784526, 0.37441421925551366, 0.09472924167907582, -0.7226773047799124, False
-3.249191422595027, -2.844046705116623, 0.7430000895899722, 0.37441421925551366, 0.09472924167907582, -0.7226773047799124, False
-2.9565390250704113, 5.744975071595816, 1.696091387755894, 0.37441421925551366, 0.09472924167907582, -0.7226773047799124, False
-6.115844612909441, 5.77850434420011, -2.702327331376883, 0.37441421925551366, 0.09472924167907582, -0.7226773047799124, False
-1.36845118681663, -1.0198800962696533, 0.37944819546833397, 0.37441421925551366, 0.09472924167907582, -0.7226773047799124, False
-0.19629437697929664, 0.7256923736631036, -0.5125574545459943, 0.37441421925551366, 0.09472924167907582, -0.7226773047799124, False
-3.4540400684058192, 2.510592545193987, -1.4808882283196922, 0.37441421925551366, 0.09472924167907582, -0.7226773047799124, False
1.2066521841656659, 2.016641976858091, 1.108345710479452, 0.37441421925551366, 0.09472924167907582, -0.7226773047799124, False
5.361175915114298, -3.7302047822852193, 2.1466484920267517, 0.37441421925551366, 0.09472924167907582, -0.7226773047799124, False
-5.606005070372968, -2.6218227548518085, 0.8204717771678864, 0.37441421925551366, 0.09472924167907582, -0.7226773047799124, False
4.18792720400884, -5.010458430645396, 0.26313882999565363, 0.37441421925551366, 0.09472924167907582, -0.7226773047799124, False
-0.2360592140994413, 0.028660212383645245, 0.6198847026712495, 0.37441421925551366, 0.09472924167907582, -0.7226773047799124, False
-0.5179879467574136, -1.7774799940634418, 2.32576272797406, 0.37441421925551366, 0.09472924167907582, -0.7226773047799124, False
-5.133283590144052, 4.259415876707042, 2.731408637659052, 0.37441421925551366, 0.09472924167907582, -0.7226773047799124, False
-6.132343692109297, -5.956585071025196, -0.029547799373977224, 0.37441421925551366, 0.09472924167907582, -0.7226773047799124, False
-2.471400722661741, -2.0060095423375213, 1.2556014828165214, 0.37441421925551366, 0.09472924167907582, -0.7226773047799124, False
-0.6161371458724281, -0.5935648744544464, 1.0992690414759068, 0.37441421925551366, 0.09472924167907582, -0.7226773047799124, False
2.6398302378542056, 0.6731258937722995, -0.562675388151181, 0.37441421925551366, 0.09472924167907582, -0.7226773047799124, False
4.983055915484467, 3.5258439871021086, -0.20941025059115148, 0.37441421925551366, 0.09472924167907582, -0.7226773047799124, False
-4.771177336327647, 1.0543825604427637, 1.0940023739636473, 0.37441421925551366, 0.09472924167907582, -0.7226773047799124, False
5.08213095459142, -2.3395693872491967, -0.6573428463823525, 0.37441421925551366, 0.09472924167907582, -0.7226773047799124, False
-1.366107914446773, 3.6747664031899863, -1.0485580920916755, 0.37441421925551366, 0.09472924167907582, -0.7226773047799124, False
2.977989984298299, 3.4796302626327975, -0.9813773167130684, 0.37441421925551366, 0.09472924167907582, -0.7226773047799124, False
-0.8058213552955422, -4.70903485300362, -1.9685664901635211, 0.37441421925551366, 0.09472924167907582, -0.7226773047799124, False
0.12961053190405725, -5.476321201333041, 1.3246709744564047, 0.37441421925551366, 0.09472924167907582, -0.7226773047799124, False
1.0911174376804773, -0.8222042458673, 0.25009373424996584, 0.37441421925551366, 0.09472924167907582, -0.7226773047799124, False
-1.1284748549484371, 4.079689053331613, -2.904832873240934, 0.37441421925551366, 0.09472924167907582, -0.7226773047799124, False
0.46580963317844937, -3.599951428508473, 2.504224660159047, 0.37441421925551366, 0.09472924167907582, -0.7226773047799124, False
3.547333287780429, 0.21087105292097963, 1.4128312480052463, 0.37441421925551366, 0.09472924167907582, -0.7226773047799124, False
1.2449057144492741, 5.442882571338455, 0.20414612387640974, 0.37441421925551366, 0.09472924167907582, -0.7226773047799124, False
-1.9628912212797651, -3.1326547205831425, -2.4687169705023497, 0.37441421925551366, 0.09472924167907582, -0.7226773047799124, False
-1.4372235098039168, 5.494967609063361, 2.7655463521985304, 0.37441421925551366, 0.09472924167907582, -0.7226773047799124, False
-1.685080078027525, 2.503128215347102, 0.4553942413744565, 0.37441421925551366, 0.09472924167907582, -0.7226773047799124, False
1.3538140731267276, 4.086110146518616, -1.117104928070797, 0.37441421925551366, 0.09472924167907582, -0.7226773047799124, False
0.950401658141093, 5.412593521349725, -2.304057897131271, 0.37441421925551366, 0.09472924167907582, -0.7226773047799124, False
2.0622479245005536, -2.367731305973097, 0.3300816730317093, 0.37441421925551366, 0.09472924167907582, -0.7226773047799124, False
2.259659904096525, -5.927680954278256, -1.5040818543080408, 0.37441421925551366, 0.09472924167907582, -0.7226773047799124, False
-0.3841137375216146, -5.117774817940634, 1.678321859331052, 0.37441421925551366, 0.09472924167907582, -0.7226773047799124, False
2.511565068372768, -4.05488699760812, -2.605010597601281, 0.37441421925551366, 0.09472924167907582, -0.7226773047799124, False
1.0845061672377208, -5.581263058853724, 2.340915161081794, 0.37441421925551366, 0.09472924167907582, -0.7226773047799124, False
6.066989200926189, 4.706051369974595, -2.596150328926475, 0.37441421925551366, 0.09472924167907582, -0.7226773047799124, False
5.535735658617407, 2.307689742107046, 0.8198484339799412, 0.37441421925551366, 0.09472924167907582, -0.7226773047799124, False
4.941498485787326, -0.6678245684535637, -2.100799391371874, 0.37441421925551366, 0.09472924167907582, -0.7226773047799124, False
6.245384754056293, -4.912270669760415, -1.5049706481107519, 0.37441421925551366, 0.09472924167907582, -0.7226773047799124, False
1.218919033081928, -1.7045034341323637, -1.7852062220010794, 0.37441421925551366, 0.09472924167907582, -0.7226773047799124, False
-1.6386193369534805, -4.96877861398994, -2.4825537881620003, 0.37441421925551366, 0.09472924167907582, -0.7226773047799124, False
1.7528294827778161, -1.3643840663104436, -0.31878380566378484, 0.37441421925551366, 0.09472924167907582, -0.7226773047799124, False
0.1646558608518509, -0.12170048342256745, 2.607740609694254, 0.37441421925551366, 0.09472924167907582, -0.7226773047799124, False
-0.6732940531365648, 6.260467976626503, -0.20373300432959285, 0.37441421925551366, 0.09472924167907582, -0.7226773047799124, False
-1.3484497877936645, -2.906640764426652, 3.122125531764273, 0.37441421925551366, 0.09472924167907582, -0.7226773047799124, True
-0.9134028647736665, -2.659180600560058, 1.57733687173297, 0.37441421925551366, 0.09472924167907582, -0.7226773047799124, False
-3.3641358345585566, 1.7847666827580397, -2.424660167079833, 0.37441421925551366, 0.09472924167907582, -0.7226773047799124, False
1.969183453404808, -3.2028619137434253, 2.795686110631313, 0.37441421925551366, 0.09472924167907582, -0.7226773047799124, False
-3.193848873887748, -2.036911816169564, -1.2978974807235455, 0.37441421925551366, 0.09472924167907582, -0.7226773047799124, False
5.415983699252832, -0.5090027427916048, 0.9661412312363584, 0.37441421925551366, 0.09472924167907582, -0.7226773047799124, False
-0.8236658671080317, 1.982651935852786, -0.2373532503722915, 0.37441421925551366, 0.09472924167907582, -0.7226773047799124, False
-3.419665219165925, 3.957200617501636, 1.0679836247161818, 0.37441421925551366, 0.09472924167907582, -0.7226773047799124, False
-1.6609596457437243, 0.17289898196888398, -2.6702211692823195, 0.37441421925551366, 0.09472924167907582, -0.7226773047799124, False
6.011593861039467, -2.6195615048730403, 0.0915155272082897, 0.37441421925551366, 0.09472924167907582, -0.7226773047799124, False
-1.166848464805418, -6.0730466892379384, 0.7534007996775118, 0.37441421925551366, 0.09472924167907582, -0.7226773047799124, False
0.6790171847523885, -1.3979118723356958, -2.8640358784394744, 0.37441421925551366, 0.09472924167907582, -0.7226773047799124, False
-4.644070053430289, 3.202748524039592, 0.8739589096835401, 0.37441421925551366, 0.09472924167907582, -0.7226773047799124, False
2.0091864723454513, 2.531138706932012, 1.4115320682122423, 0.37441421925551366, 0.09472924167907582, -0.7226773047799124, False
4.206323643236509, -0.7105928413184923, -1.6118526381288956, 0.37441421925551366, 0.09472924167907582, -0.7226773047799124, False
3.3624907851692996, -2.5735565632895336, 1.4206542918681127, 0.37441421925551366, 0.09472924167907582, -0.7226773047799124, False
-4.432065699506885, -2.9881472666828897, 0.6842519040197166, 0.37441421925551366, 0.09472924167907582, -0.7226773047799124, False
5.13562771744947, 3.433509074068155, -1.9189922930096734, 0.37441421925551366, 0.09472924167907582, -0.7226773047799124, False
-3.604241672164635, -1.8103014488187803, -2.5458918377990054, 0.37441421925551366, 0.09472924167907582, -0.7226773047799124, False
-2.4570265373024567, 1.9561410943674566, -0.19185414270113021, 0.37441421925551366, 0.09472924167907582, -0.7226773047799124, False
-1.9586733676562726, -1.4028355125993777, 3.0202117573821514, 0.37441421925551366, 0.09472924167907582, -0.7226773047799124, True
-2.9979724432021397, 2.920155946287748, -2.453066752048022, 0.37441421925551366, 0.09472924167907582, -0.7226773047799124, False
-3.1581027359578377, -2.468622416992745, -1.1216627452427579, 0.37441421925551366, 0.09472924167907582, -0.7226773047799124, False
3.105369764747005, -1.124241794491911, -0.5647925143389863, 0.37441421925551366, 0.09472924167907582, -0.7226773047799124, False
-4.366572430256501, -0.42703756847817687, -1.3134696670539499, 0.37441421925551366, 0.09472924167907582, -0.7226773047799124, False
-6.064391738052666, 1.0665827580540599, 1.1975686594666461, 0.37441421925551366, 0.09472924167907582, -0.7226773047799124, False
3.986208250954956, -0.5092805146188066, 2.0364332817529878, 0.37441421925551366, 0.09472924167907582, -0.7226773047799124, False
5.070101790995414, 5.997865837519617, 1.2241900023923336, 0.37441421925551366, 0.09472924167907582, -0.7226773047799124, False
-2.021269000617716, -4.211032683910144, 2.3321289894197488, 0.37441421925551366, 0.09472924167907582, -0.7226773047799124, False
-3.0477677741219633, -6.002696591470913, -1.3114338490894448, 0.37441421925551366, 0.09472924167907582, -0.7226773047799124, False
5.353009020632134, -5.639300766224656, 2.669482961830778, 0.37441421925551366, 0.09472924167907582, -0.7226773047799124, False
1.6837393701455134, -2.214689853520567, -0.4049279835453845, 0.37441421925551366, 0.09472924167907582, -0.7226773047799124, False
5.061446059625515, 4.08807456066878, -1.258157931491975, 0.37441421925551366, 0.09472924167907582, -0.7226773047799124, False
0.1976970293732201, 1.640472156394214, -3.0266377710151673, 0.37441421925551366, 0.09472924167907582, -0.7226773047799124, True
-3.3697863675477264, -0.8500455544481094, -1.7274795032335148, 0.37441421925551366, 0.09472924167907582, -0.7226773047799124, False
-4.764775986749721, 1.387568222593635, 1.8829185615068162, 0.37441421925551366, 0.09472924167907582, -0.7226773047799124, False
-3.7761229453761, -2.442512580887521, -0.9804654796192853, 0.37441421925551366, 0.09472924167907582, -0.7226773047799124, False
5.85672315127214, -1.9684458972616738, 1.7231262292384057, 0.37441421925551366, 0.09472924167907582, -0.7226773047799124, False
4.305083801754959, 2.6930133348164986, 2.854810015799335, 0.37441421925551366, 0.09472924167907582, -0.7226773047799124, False
1.350487707848628, -4.781824195611812, 2.1086346609271107, 0.37441421925551366, 0.09472924167907582, -0.7226773047799124, False
-2.7437981082448357, 4.000380218604763, -1.6075647520502765, 0.37441421925551366, 0.09472924167907582, -0.7226773047799124, False
0.45651316245087603, 0.06475739385467438, -1.0661682072687517, 0.37441421925551366, 0.09472924167907582, -0.7226773047799124, False
-2.0744874149263746, 1.5467982672511447, 1.6116248467920329, 0.37441421925551366, 0.09472924167907582, -0.7226773047799124, False
6.050243880221405, -2.40393308230194, -0.9065085223093607, 0.37441421925551366, 0.09472924167907582, -0.7226773047799124, False
6.229474138207539, -1.4111381011053217, 0.028694419323692433, 0.37441421925551366, 0.09472924167907582, -0.7226773047799124, False
-0.009984102521062077, 6.005812288958117, 0.9101188694770501, 0.37441421925551366, 0.09472924167907582, -0.7226773047799124, False
3.030908018723819, -2.764462662032391, 0.2357266728960128, 0.37441421925551366, 0.09472924167907582, -0.7226773047799124, False
-1.2026158810080796, 0.17881720061449258, 2.1618428374533787, 0.37441421925551366, 0.09472924167907582, -0.7226773047799124, False
