-0.3564410811318002, -5.129057302039028, 0.8778312588658119, 0.47230322118354484, -0.44806399689259, -0.5517734158181156, False
1.525039075655462, 2.9499858525924143, -1.07651621488034, 0.47230322118354484, -0.44806399689259, -0.5517734158181156, False
2.7678107060947106, 5.538995462770989, 2.683044204566248, 0.47230322118354484, -0.44806399689259, -0.5517734158181156, False
1.6300338283110438, -5.131446339382822, -2.404900765930407, 0.47230322118354484, -0.44806399689259, -0.5517734158181156, False
-0.1293112727746859, -4.106748857275317, -1.9322176056795097, 0.47230322118354484, -0.44806399689259, -0.5517734158181156, False
4.232759963587025, 0.12261663085551255, 2.570460553787874, 0.47230322118354484, -0.44806399689259, -0.5517734158181156, False
-3.196849391469216, 4.228761813849172, -2.1896011456230102, 0.47230322118354484, -0.44806399689259, -0.5517734158181156, False
-2.4971953655184618, -3.723852673611647, 1.5469670062774021, 0.47230322118354484, -0.44806399689259, -0.5517734158181156, False
1.4883346369641117, -4.2535315451561235, 3.137879212213842, 0.47230322118354484, -0.44806399689259, -0.5517734158181156, True
6.041979599505195, -2.8738639619780364, 0.8079748342847832, 0.47230322118354484, -0.44806399689259, -0.5517734158181156, False
5.710779271154468, 4.759978968248097, -0.9060594367140715, 0.47230322118354484, -0.44806399689259, -0.5517734158181156, False
1.7966177885380397, -0.7851251836176223, 2.8566847179706487, 0.47230322118354484, -0.44806399689259, -0.5517734158181156, False
-4.776931732362052, -1.223031388119817, 1.5786491160151925, 0.47230322118354484, -0.44806399689259, -0.5517734158181156, False
6.202054825283211, 5.337554440010431, 2.779747645113142, 0.47230322118354484, -0.44806399689259, -0.5517734158181156, False
4.829996380891529, 0.6866640553186496, -2.6634394289147014, 0.47230322118354484, -0.44806399689259, -0.5517734158181156, False
3.231309097143802, -3.467335876027842, 1.5432911408416912, 0.47230322118354484, -0.44806399689259, -0.5517734158181156, False
1.7328058472439505, 3.6056657621792993, -0.9867009406448042, 0.47230322118354484, -0.44806399689259, -0.5517734158181156, False
4.180043033592325, -3.3171133430580504, 1.3486100970582662, 0.47230322118354484, -0.44806399689259, -0.5517734158181156, False
3.0340860632796467, -1.5811675462596178, -1.6596842923847432, 0.47230322118354484, -0.44806399689259, -0.5517734158181156, False
2.30931608577251, 1.953560896826298, 2.7802782855522015, 0.47230322118354484, -0.44806399689259, -0.5517734158181156, False
-1.7128531065955368, -4.718366985494457, 1.6519083424264442, 0.47230322118354484, -0.44806399689259, -0.5517734158181156, False
5.223878885783659, -4.45782270816525, 0.23606717345616834, 0.47230322118354484, -0.44806399689259, -0.5517734158181156, False
-1.4940122541222243, -3.7824259816704493, -0.5202891691375777, 0.47230322118354484, -0.44806399689259, -0.5517734158181156, False
-1.6356047309370156, 5.2236514273841586, -0.30648413445935807, 0.47230322118354484, -0.44806399689259, -0.5517734158181156, False
5.408708078929282, -1.1864028427163813, -1.9572065751750878, 0.47230322118354484, -0.44806399689259, -0.5517734158181156, False
-0.9595080748750471, 1.3271808474382523, -1.5296086361253398, 0.47230322118354484, -0.44806399689259, -0.5517734158181156, False
1.5601122786851676, -5.91450156410436, 0.6095809190373642, 0.47230322118354484, -0.44806399689259, -0.5517734158181156, False
0.5414249710480137, 4.1662717298528005, 0.24900349806489475, 0.47230322118354484, -0.44806399689259, -0.5517734158181156, False
-1.864649804610326, 2.7276162947456086, 1.0929475674953668, 0.47230322118354484, -0.44806399689259, -0.5517734158181156, False
4.610046334905412, -5.042058312114153, -0.6409483650819929, 0.47230322118354484, -0.44806399689259, -0.5517734158181156, False
-5.31452018253718, 5.832972492345631, -1.612183707249824, 0.47230322118354484, -0.44806399689259, -0.5517734158181156, False
0.8177453636371848, 0.8655328131313365, -1.502086334868623, 0.47230322118354484, -0.44806399689259, -0.5517734158181156, False
-1.5907353551259567, 0.8693129172781218, 0.7811058010196312, 0.47230322118354484, -0.44806399689259, -0.5517734158181156, False
6.053296458073021, -2.7478541324019945, -1.8295924380812747, 0.47230322118354484, -0.44806399689259, -0.5517734158181156, False
3.7073629944941775, 0.5788677138131924, -0.15246576039053927, 0.47230322118354484, -0.44806399689259, -0.5517734158181156, False
1.1508065056148569, 2.4954215876583046, 0.5313308783920365, 0.47230322118354484, -0.44806399689259, -0.5517734158181156, False
5.729061798415893, -4.249767266605549, -0.5707160572805279, 0.47230322118354484, -0.44806399689259, -0.5517734158181156, False
-2.6974329988366503, 5.391088326584619, 0.9607096173677894, 0.47230322118354484, -0.44806399689259, -0.5517734158181156, False
-4.790596343987636, 6.108552803379272, -0.7139520682139637, 0.47230322118354484, -0.44806399689259, -0.5517734158181156, False
-4.502379217964084, 3.8056030579536646, 0.6333690128981071, 0.47230322118354484, -0.44806399689259, -0.5517734158181156, False
-6.205945677144582, 5.919681415282062, 1.594535095590481, 0.47230322118354484, -0.44806399689259, -0.5517734158181156, False
0.9049029499748942, -3.8933553502761664, -1.9112839259559538, 0.47230322118354484, -0.44806399689259, -0.5517734158181156, False
-5.8367467133947475, -4.306104510201759, 2.9880080566453264, 0.47230322118354484, -0.44806399689259, -0.5517734158181156, True
3.064363097898168, 2.765432778361401, -2.404848516123452, 0.47230322118354484, -0.44806399689259, -0.5517734158181156, False
-1.774761263107428, -5.026772600874985, 2.5242826358261548, 0.47230322118354484, -0.44806399689259, -0.5517734158181156, False
0.47345838309309674, 0.007383866155429963, -0.4810101618494498, 0.47230322118354484, -0.44806399689259, -0.5517734158181156, False
4.82258691387967, -5.3274089718943936, 2.9439602575615735, 0.47230322118354484, -0.44806399689259, -0.5517734158181156, True
-0.7709572826247033, -1.0907685146090333, 2.90753965404919, 0.47230322118354484, -0.44806399689259, -0.5517734158181156, False
5.903223141201046, -5.361974167403804, 0.7419588782713182, 0.47230322118354484, -0.44806399689259, -0.5517734158181156, False
6.144985148034909, 2.492859030982048, 0.5620684548829038, 0.47230322118354484, -0.44806399689259, -0.5517734158181156, False
4.166689522435274, 0.3185393191243815, -0.687822392516527, 0.47230322118354484, -0.44806399689259, -0.5517734158181156, False
4.637959872517156, 5.15413332647339, -1.4372303513375424, 0.47230322118354484, -0.44806399689259, -0.5517734158181156, False
4.723736561452132, -5.972632819190348, -0.33597662474715406, 0.47230322118354484, -0.44806399689259, -0.5517734158181156, False
4.989241621984027, 0.7530578555669987, -1.278212004873913, 0.47230322118354484, -0.44806399689259, -0.5517734158181156, False
2.825139779872339, -1.635804690840561, 1.23952984123373, 0.47230322118354484, -0.44806399689259, -0.5517734158181156, False
5.09925941071071, 4.7516292839223535, -2.884393129311846, 0.47230322118354484, -0.44806399689259, -0.5517734158181156, True
-4.289117877863117, 4.7692012448408345, 1.202729094151671, 0.47230322118354484, -0.44806399689259, -0.5517734158181156, False
1.599043357760154, -0.5054828980168127, -1.3911835777371495, 0.47230322118354484, -0.44806399689259, -0.5517734158181156, False
-1.6045822740862778, -3.4379898414419854, -1.8658849084609326, 0.47230322118354484, -0.44806399689259, -0.5517734158181156, False
-4.67114193434135, 4.2947604580083585, -1.4068292958164956, 0.47230322118354484, -0.44806399689259, -0.5517734158181156, False
-2.909850836352133, 2.3965125857322906, 0.8088386380712085, 0.47230322118354484, -0.44806399689259, -0.5517734158181156, False
-3.3969767611671675, 0.2804547145310945, 0.41929408888753184, 0.47230322118354484, -0.44806399689259, -0.5517734158181156, False
1.3439762902677028, -5.167666564674173, 0.22223338195917774, 0.47230322118354484, -0.44806399689259, -0.5517734158181156, False
-5.444939303111836, 0.514868067062662, -0.7224565148334543, 0.47230322118354484, -0.44806399689259, -0.5517734158181156, False
3.5542100923664357, 5.059058528719797, -2.222664953909045, 0.47230322118354484, -0.44806399689259, -0.5517734158181156, False
-4.811259577589118, 6.22324824055522, 0.9762448731330924, 0.47230322118354484, -0.44806399689259, -0.5517734158181156, False
-0.39913119973722644, 4.490870969280957, -1.266637201753381, 0.47230322118354484, -0.44806399689259, -0.5517734158181156, False
-2.68806271962028, 3.5891932954450994, 1.292312395233834, 0.47230322118354484, -0.44806399689259, -0.5517734158181156, False
-6.229431463428613, -2.8773818191999125, -1.9517362281947133, 0.47230322118354484, -0.44806399689259, -0.5517734158181156, False
-6.125805545585776, -1.8164854227207998, 1.9661727691641717, 0.47230322118354484, -0.44806399689259, -0.5517734158181156, False
-3.1015413869270825, 0.6595274080209386, -1.032854552523927, 0.47230322118354484, -0.44806399689259, -0.5517734158181156, False
6.076854155413537, 4.327826753753811, 0.061629083292595865, 0.47230322118354484, -0.44806399689259, -0.5517734158181156, False
1.385907919169746, 1.990816833242059, -1.1465150150637018, 0.47230322118354484, -0.44806399689259, -0.5517734158181156, False
0.8287667234273703, -5.721420761224686, 2.181031617789232, 0.47230322118354484, -0.44806399689259, -0.5517734158181156, False
1.5505222971190493, -2.057776289188504, -1.866152738084606, 0.47230322118354484, -0.44806399689259, -0.5517734158181156, False
-0.35839611784824665, -3.54831137158817, 1.555495337548563, 0.47230322118354484, -0.44806399689259, -0.5517734158181156, False
4.676265282738273, -3.484413823229324, -2.3676417956640683, 0.47230322118354484, -0.44806399689259, -0.5517734158181156, False
4.647187212398617, 2.373578950136226, -1.9195182589097928, 0.47230322118354484, -0.44806399689259, -0.5517734158181156, False
-3.369416690174378, 3.6564731918905533, -1.314745985696629, 0.47230322118354484, -0.44806399689259, -0.5517734158181156, False
-4.8984516073140565, -2.7617786855284385, 1.4755298932744676, 0.47230322118354484, -0.44806399689259, -0.5517734158181156, False
-3.3836590633633907, 3.598456461846382, -2.88102368833557, 0.47230322118354484, -0.44806399689259, -0.5517734158181156, True
-0.9793655649282176, 3.172558137456031, -1.5390593904589012, 0.47230322118354484, -0.44806399689259, -0.5517734158181156, False
-4.59085345314162, -0.40465095055403655, -1.3057798515805303, 0.47230322118354484, -0.44806399689259, -0.5517734158181156, False
0.8413724837973646, -5.370678837592093, 2.7964492547436652, 0.47230322118354484, -0.44806399689259, -0.5517734158181156, False
2.9171564710702604, -4.383853720567149, -1.7534271324433144, 0.47230322118354484, -0.44806399689259, -0.5517734158181156, False
2.225463492486787, 6.217793136162598, -1.3647688562358062, 0.47230322118354484, -0.44806399689259, -0.5517734158181156, False
4.872676375453214, 3.5606627686389487, 1.4012449978740857, 0.47230322118354484, -0.44806399689259, -0.5517734158181156, False
1.9754778261472694, 4.210893295842318, -0.6420085003039415, 0.47230322118354484, -0.44806399689259, -0.5517734158181156, False
-2.7835562949641357, -2.576918680242848, -1.8768898113963306, 0.47230322118354484, -0.44806399689259, -0.5517734158181156, False
-1.6860773571449599, 2.94231925220668, -2.116853713382268, 0.47230322118354484, -0.44806399689259, -0.5517734158181156, False
4.820685776936958, -0.8660394176747017, 1.1651683770809411, 0.47230322118354484, -0.44806399689259, -0.5517734158181156, False
-1.9085153872328364, 1.9885606695725269, 2.1178196914695837, 0.47230322118354484, -0.44806399689259, -0.5517734158181156, False
5.71468866606765, -3.4437448117538985, -2.911856442741729, 0.47230322118354484, -0.44806399689259, -0.5517734158181156, True
5.638048952131584, -5.935659244040824, -0.6649583863900252, 0.47230322118354484, -0.44806399689259, -0.5517734158181156, False
-1.9314744107533635, 0.5550509274768736, -0.1129781076077383, 0.47230322118354484, -0.44806399689259, -0.5517734158181156, False
0.5288752116927258, 5.543507156689003, -1.1204664227362358, 0.47230322118354484, -0.44806399689259, -0.5517734158181156, False
2.2493515363306287, -4.697052652682153, 2.7531713346537083, 0.47230322118354484, -0.44806399689259, -0.5517734158181156, False
-5.151382323267875, 3.106340199032825, -1.3357661055161079, 0.47230322118354484, -0.44806399689259, -0.5517734158181156, False
-2.9210303591411573, -1.8201725650099467, -0.21744107540366908, 0.47230322118354484, -0.44806399689259, -0.5517734158181156, False
-1.107829790896603, 1.0644471059814418, 0.09594143386022358, 0.47230322118354484, -0.44806399689259, -0.5517734158181156, False
