0.8685475337623565, -0.19100230005209973, 1.5531758541744018, 0.31543520846184214, 0.493066774204422, 0.005653783887755254, True
2.666386957328344, 1.4387155158169422, 1.1080976686126913, 0.31543520846184214, 0.493066774204422, 0.005653783887755254, True
-3.0930279644539325, -2.8258384935779466, -0.06416196773510263, 0.31543520846184214, 0.493066774204422, 0.005653783887755254, False
1.5832947908790436, -1.1011768708846992, 3.0778353794118862, 0.31543520846184214, 0.493066774204422, 0.005653783887755254, True
0.42289494127531935, -4.7919337702501945, 2.984844153230079, 0.31543520846184214, 0.493066774204422, 0.005653783887755254, True
-5.673831032231971, 0.43081951111764916, -2.5958456834189927, 0.31543520846184214, 0.493066774204422, 0.005653783887755254, True
1.4140409741906028, -1.5369217453907602, -2.6997659663352502, 0.31543520846184214, 0.493066774204422, 0.005653783887755254, False
-5.910808648862649, -3.5096201812032657, 1.8096126879222876, 0.31543520846184214, 0.493066774204422, 0.005653783887755254, True
-3.923981785720236, 3.5506460199928878, -1.0786318524162963, 0.31543520846184214, 0.493066774204422, 0.005653783887755254, True
-4.078477590898064, -3.112208617345535, 1.4004521523999953, 0.31543520846184214, 0.493066774204422, 0.005653783887755254, False
6.162780020282074, -4.533071161405186, 0.43226306462652975, 0.31543520846184214, 0.493066774204422, 0.005653783887755254, True
1.6840154688961473, 3.361103323264331, -0.10041028714091027, 0.31543520846184214, 0.493066774204422, 0.005653783887755254, False
-0.7205261749896907, -4.02634220588873, 0.6585163537380976, 0.31543520846184214, 0.493066774204422, 0.005653783887755254, True
3.920171192501172, -5.053282934148507, -0.3001458074431258, 0.31543520846184214, 0.493066774204422, 0.005653783887755254, True
-4.265274698005017, -0.46079230423993334, 1.706817740385536, 0.31543520846184214, 0.493066774204422, 0.005653783887755254, True
2.5686269539579154, 4.734592793143845, -2.0220258014728683, 0.31543520846184214, 0.493066774204422, 0.005653783887755254, False
4.026924502337385, -6.058231544835384, -1.180093888630437, 0.31543520846184214, 0.493066774204422, 0.005653783887755254, True
1.167327971534709, -1.2476550217744968, -2.8963026688831643, 0.31543520846184214, 0.493066774204422, 0.005653783887755254, True
5.138018690350085, 0.7352299828876196, -2.6794609807050263, 0.31543520846184214, 0.493066774204422, 0.005653783887755254, True
-3.5496212366607716, 1.51579328766175, -2.715675105539621, 0.31543520846184214, 0.493066774204422, 0.005653783887755254, True
-5.88309972174146, -0.6335288029734114, 2.8767544132759557, 0.31543520846184214, 0.493066774204422, 0.005653783887755254, True
-4.090883766691004, 3.1468559632167974, -1.1737024033941452, 0.31543520846184214, 0.493066774204422, 0.005653783887755254, True
-1.0990036218358936, 5.535398968166948, 2.6308470120791254, 0.31543520846184214, 0.493066774204422, 0.005653783887755254, True
-2.457054501977525, -4.455564425344862, -2.6662190440514584, 0.31543520846184214, 0.493066774204422, 0.005653783887755254, True
1.6831106626226022, -0.017818858132639726, -3.0418785000868334, 0.31543520846184214, 0.493066774204422, 0.005653783887755254, True
-4.313204654673601, 3.196099356550116, -1.7503720265429368, 0.31543520846184214, 0.493066774204422, 0.005653783887755254, True
-2.0499380269655214, 0.3946131608208381, 0.6266163432425769, 0.31543520846184214, 0.493066774204422, 0.005653783887755254, True
-1.2727222286867166, -2.1188782218944455, 1.3671693379132641, 0.31543520846184214, 0.493066774204422, 0.005653783887755254, False
-0.29913924458348884, 1.211695015591256, 1.7688082300501158, 0.31543520846184214, 0.493066774204422, 0.005653783887755254, True
5.523425474214029, 5.72441152453241, 1.3748631467057058, 0.31543520846184214, 0.493066774204422, 0.005653783887755254, False
6.103613998828292, -6.130787370838727, -1.7863744839875557, 0.31543520846184214, 0.493066774204422, 0.005653783887755254, True
-3.32972312277541, 3.594568164386599, -1.712519850435085, 0.31543520846184214, 0.493066774204422, 0.005653783887755254, True
4.181391997127122, 5.404485552156254, -2.6594893354793916, 0.31543520846184214, 0.493066774204422, 0.005653783887755254, False
1.9859941795154832, 5.584870205767986, -0.41321049566417534, 0.31543520846184214, 0.493066774204422, 0.005653783887755254, False
3.2052341009137297, -5.747615371027727, 1.069255255580516, 0.31543520846184214, 0.493066774204422, 0.005653783887755254, True
-3.7992597632822758, -2.646231146454977, 0.1758835313590943, 0.31543520846184214, 0.493066774204422, 0.005653783887755254, False
1.4076768620985805, 1.9027271653256737, -2.015064050135287, 0.31543520846184214, 0.493066774204422, 0.005653783887755254, True
5.003008658644115, 2.8153631118035314, -1.55092948827749, 0.31543520846184214, 0.493066774204422, 0.005653783887755254, True
2.40632512100016, -3.4867026452418552, 1.7096258271998117, 0.31543520846184214, 0.493066774204422, 0.005653783887755254, True
-1.2256492323236001, -0.7395930231256811, -2.091864761164021, 0.31543520846184214, 0.493066774204422, 0.005653783887755254, False
5.777991326754464, -1.7214174681473535, -1.9817529564429432, 0.31543520846184214, 0.493066774204422, 0.005653783887755254, False
-4.286654419979871, -3.0056395570864405, 2.85842458446926, 0.31543520846184214, 0.493066774204422, 0.005653783887755254, False
-5.552414573895825, 1.2734943993981256, 2.187178748480516, 0.31543520846184214, 0.493066774204422, 0.005653783887755254, True
0.5407292279101643, -0.7571100952432692, -1.2788878175071055, 0.31543520846184214, 0.493066774204422, 0.005653783887755254, False
1.6830062535505537, -4.976307149993022, 1.9831044872763393, 0.31543520846184214, 0.493066774204422, 0.005653783887755254, True
3.301368672003937, 0.9509090697290556, -2.6438822674268785, 0.31543520846184214, 0.493066774204422, 0.005653783887755254, True
-0.7258045995253726, -5.617870092754449, -0.14710422434429482, 0.31543520846184214, 0.493066774204422, 0.005653783887755254, True
-5.41076577481777, -1.6796055043220317, 3.1264197475741806, 0.31543520846184214, 0.493066774204422, 0.005653783887755254, True
1.7922524902530625, -4.223316503934546, 1.4527329450613449, 0.31543520846184214, 0.493066774204422, 0.005653783887755254, True
4.160037386796418, -4.264563608246665, -3.1243528619312655, 0.31543520846184214, 0.493066774204422, 0.005653783887755254, True
1.2874765212398662, -2.774899082031412, 0.4905223189921166, 0.31543520846184214, 0.493066774204422, 0.005653783887755254, False
-1.26202815377468, -5.529104978650851, 1.3413710081277683, 0.31543520846184214, 0.493066774204422, 0.005653783887755254, True
-3.6054020173826276, -4.582887490321167, 3.048879992723699, 0.31543520846184214, 0.493066774204422, 0.005653783887755254, True
-2.8326679204083067, 4.863860182546231, -1.3449245805359011, 0.31543520846184214, 0.493066774204422, 0.005653783887755254, False
-3.818213304894739, -5.03998211573192, -0.7584325990001957, 0.31543520846184214, 0.493066774204422, 0.005653783887755254, True
-1.2139214967478784, -3.2750945002969516, 2.963270906489214, 0.31543520846184214, 0.493066774204422, 0.005653783887755254, True
0.21958108847206947, 6.245341472612017, 0.7942813836404818, 0.31543520846184214, 0.493066774204422, 0.005653783887755254, True
1.5930905436160057, -2.6844793155499085, -1.145525294260426, 0.31543520846184214, 0.493066774204422, 0.005653783887755254, False
-1.464244945417379, 0.17028333999160683, 2.877679849139314, 0.31543520846184214, 0.493066774204422, 0.005653783887755254, True
2.403971039657728, 0.6629658144724493, -2.5445132196605544, 0.31543520846184214, 0.493066774204422, 0.005653783887755254, True
3.530045799645139, 5.107838575363299, 2.992167590281933, 0.31543520846184214, 0.493066774204422, 0.005653783887755254, True
-1.6473825555261286, 6.109579133389007, 0.8359680796772726, 0.31543520846184214, 0.493066774204422, 0.005653783887755254, True
2.6683406502983598, 3.057697323563721, -2.750685756910431, 0.31543520846184214, 0.493066774204422, 0.005653783887755254, True
-3.0163730626361724, 1.6157113396956495, 2.5973793674400367, 0.31543520846184214, 0.493066774204422, 0.005653783887755254, True
5.892439567477586, 1.1841513354309887, 1.794630911891395, 0.31543520846184214, 0.493066774204422, 0.005653783887755254, True
-4.784134217063596, -1.5277244753967674, 0.0063105479029439415, 0.31543520846184214, 0.493066774204422, 0.005653783887755254, False
-3.0412601349006274, 5.876125243833933, -1.9716393374140344, 0.31543520846184214, 0.493066774204422, 0.005653783887755254, False
-0.510865988238816, -4.011251429778794, 1.7929222810331673, 0.31543520846184214, 0.493066774204422, 0.005653783887755254, True
4.080680218543733, 4.508620759113221, 1.426634420244663, 0.31543520846184214, 0.493066774204422, 0.005653783887755254, False
-1.347051257314173, -2.309286854264459, 2.5082299008437827, 0.31543520846184214, 0.493066774204422, 0.005653783887755254, False
3.5794815166331464, 5.54326460792163, -1.8348609631329922, 0.31543520846184214, 0.493066774204422, 0.005653783887755254, False
4.733998339846897, -2.881211506627084, 0.6895516115278095, 0.31543520846184214, 0.493066774204422, 0.005653783887755254, False
0.668267307059212, -5.878264248367703, 3.056977625377832, 0.31543520846184214, 0.493066774204422, 0.005653783887755254, True
1.5412532938144476, 6.038067265711314, 0.025377245124172276, 0.31543520846184214, 0.493066774204422, 0.005653783887755254, False
5.743594135410596, -2.049188493990745, 0.38455145218245734, 0.31543520846184214, 0.493066774204422, 0.005653783887755254, False
4.749197820304941, -1.6924109741265827, 2.365438315112054, 0.31543520846184214, 0.493066774204422, 0.005653783887755254, False
-1.1305110757014507, 5.3056034738174205, -2.9963166873331106, 0.31543520846184214, 0.493066774204422, 0.005653783887755254, True
-3.6799730759911644, 5.034511381998458, 2.5582721272687685, 0.31543520846184214, 0.493066774204422, 0.005653783887755254, False
-2.8244803707849244, -1.2927289713164045, 2.446167067033386, 0.31543520846184214, 0.493066774204422, 0.005653783887755254, False
3.0717193354845858, -3.5876241738253722, 2.0949850991660046, 0.31543520846184214, 0.493066774204422, 0.005653783887755254, True
-2.409697721587648, 1.7468187112726028, -2.307537836684905, 0.31543520846184214, 0.493066774204422, 0.005653783887755254, True
-1.3126589255389796, -3.1016130963905204, 3.0203670572291426, 0.31543520846184214, 0.493066774204422, 0.005653783887755254, True
-1.0867287021779077, -1.6661171028802526, 2.0700226855257364, 0.31543520846184214, 0.493066774204422, 0.005653783887755254, False
1.8711018750371071, 6.22152408605111, 1.3442179001679708, 0.31543520846184214, 0.493066774204422, 0.005653783887755254, True
-2.1785090066346307, -4.996887869136992, 2.2548086905847233, 0.31543520846184214, 0.493066774204422, 0.005653783887755254, True
-5.098518568601797, 1.8595865728008008, 2.153292462129203, 0.31543520846184214, 0.493066774204422, 0.005653783887755254, True
4.368605984582967, 5.207490903230546, -2.3196479468769575, 0.31543520846184214, 0.493066774204422, 0.005653783887755254, False
3.664893236489217, -2.4251825016875244, 0.26072381999694105, 0.31543520846184214, 0.493066774204422, 0.005653783887755254, False
-0.15543092392994406, 5.970802318432476, -0.089295417720757, 0.31543520846184214, 0.493066774204422, 0.005653783887755254, False
3.2233020463918756, -1.5040499122115953, 0.2468292542139201, 0.31543520846184214, 0.493066774204422, 0.005653783887755254, False
2.0119661911885274, 4.0158737279716945, 0.9619976108423831, 0.31543520846184214, 0.493066774204422, 0.005653783887755254, False
-1.7791824488428496, -5.569305068810298, -2.3557242048101745, 0.31543520846184214, 0.493066774204422, 0.005653783887755254, True
-0.07752165234211716, 1.8530412180444724, -2.9245232743996583, 0.31543520846184214, 0.493066774204422, 0.005653783887755254, True
-0.8181924551914035, 2.0656523828680164, -1.034224660023078, 0.31543520846184214, 0.493066774204422, 0.005653783887755254, True
4.26349864824747, -1.4209780716786042, 0.22464612444457854, 0.31543520846184214, 0.493066774204422, 0.005653783887755254, False
3.6526486529698357, -0.8938486857942376, -0.8777490514558988, 0.31543520846184214, 0.493066774204422, 0.005653783887755254, False
-2.9524877221523416, 4.534442848526092, -1.7944375997232214, 0.31543520846184214, 0.493066774204422, 0.005653783887755254, False
3.1973745511002623, -3.9058010331681796, 2.3833892914888724, 0.31543520846184214, 0.493066774204422, 0.005653783887755254, True
2.9941970131282876, 5.875760817712294, 2.6133705771739537, 0.31543520846184214, 0.493066774204422, 0.005653783887755254, True
-3.7854297854172327, 2.9526957985160998, 1.421672111501194, 0.31543520846184214, 0.493066774204422, 0.005653783887755254, True
-4.924913381528879, 6.1421844637428435, -0.2259892205185925, 0.31543520846184214, 0.493066774204422, 0.005653783887755254, False
1.590918696443958, 3.7381175986858253, -2.97723942250216, 0.31543520846184214, 0.493066774204422, 0.005653783887755254, True
-0.22009036432405438, -2.1243225542560635, 0.18694224432922635, 0.31543520846184214, 0.493066774204422, 0.005653783887755254, False
-2.7096003288345725, -5.957419967788045, -2.009973474945966, 0.31543520846184214, 0.493066774204422, 0.005653783887755254, True
1.019910852868101, 1.0374584476438367, -2.7330125649712174, 0.31543520846184214, 0.493066774204422, 0.005653783887755254, True
3.145024745954034, 2.240441387125749, 0.5256561077748225, 0.31543520846184214, 0.493066774204422, 0.005653783887755254, True
-2.3934671267790506, 3.974014886770867, 2.239443670538874, 0.31543520846184214, 0.493066774204422, 0.005653783887755254, False
-6.2492846661698165, 0.8567074682722104, -3.028835709785399, 0.31543520846184214, 0.493066774204422, 0.005653783887755254, True
-3.5717044955674826, 0.8467973459687856, -2.2392548600463225, 0.31543520846184214, 0.493066774204422, 0.005653783887755254, True
-4.164102595515447, 3.5054105649119744, -0.2084081843429515, 0.31543520846184214, 0.493066774204422, 0.005653783887755254, False
-5.775441577893341, 4.023425924429258, -3.0228914039004975, 0.31543520846184214, 0.493066774204422, 0.005653783887755254, True
1.8479819718924961, 0.1646240668751311, -2.0757413701173384, 0.31543520846184214, 0.493066774204422, 0.005653783887755254, True
-3.026548381417451, 1.150266237757485, -3.0972799471020878, 0.31543520846184214, 0.493066774204422, 0.005653783887755254, True
-3.411033165526707, 5.564609653577872, -1.589017169937758, 0.31543520846184214, 0.493066774204422, 0.005653783887755254, False
5.746902131230328, -4.126635654793326, 1.217320371601625, 0.31543520846184214, 0.493066774204422, 0.005653783887755254, True
-4.03595343369343, -0.3141707587131979, -2.4803631400968347, 0.31543520846184214, 0.493066774204422, 0.005653783887755254, False
-4.030211155408459, -5.354402166852676, 0.502650670729226, 0.31543520846184214, 0.493066774204422, 0.005653783887755254, True
5.411795901737108, -6.074923563172518, -1.019474483293207, 0.31543520846184214, 0.493066774204422, 0.005653783887755254, True
-5.032663574327506, -0.28286792922314774, 2.338302365406596, 0.31543520846184214, 0.493066774204422, 0.005653783887755254, True
-2.662628169758496, -2.389209383935768, -2.0077235124122867, 0.31543520846184214, 0.493066774204422, 0.005653783887755254, True
0.12940040896720184, -2.082270451714085, -1.6560610139604044, 0.31543520846184214, 0.493066774204422, 0.005653783887755254, False
-3.911143944852437, 0.270172269846797, -1.566528820915493, 0.31543520846184214, 0.493066774204422, 0.005653783887755254, True
-2.1324006316946322, 0.2910241020451476, 0.19511640636609195, 0.31543520846184214, 0.493066774204422, 0.005653783887755254, True
-0.823757074524325, -3.096404118760017, -2.9622930284921196, 0.31543520846184214, 0.493066774204422, 0.005653783887755254, True
-3.846579538696621, 1.2193573012429884, 1.29197423492145, 0.31543520846184214, 0.493066774204422, 0.005653783887755254, True
0.5322945077194614, -3.0898141717885186, -2.070404139316585, 0.31543520846184214, 0.493066774204422, 0.005653783887755254, True
-4.397764405840668, -2.908575953167135, 0.9522928734108582, 0.31543520846184214, 0.493066774204422, 0.005653783887755254, False
5.663237449960759, -0.8447651729986925, 0.1842559926520826, 0.31543520846184214, 0.493066774204422, 0.005653783887755254, False
-4.7353378413375635, 2.4078103325142752, 2.2822336428777312, 0.31543520846184214, 0.493066774204422, 0.005653783887755254, True
-3.5447786743895096, 1.6193906982725474, 2.4714932657904, 0.31543520846184214, 0.493066774204422, 0.005653783887755254, True
-0.6056232363035265, 3.370015549419959, 0.5537999626675374, 0.31543520846184214, 0.493066774204422, 0.005653783887755254, False
2.8460733008364194, -0.5778417811291927, -2.623154862940473, 0.31543520846184214, 0.493066774204422, 0.005653783887755254, False
-6.022258779118998, 4.5613360242233885, -2.8046305918715557, 0.31543520846184214, 0.493066774204422, 0.005653783887755254, False
3.497212582669203, -5.762314696314779, 1.6439194813075417, 0.31543520846184214, 0.493066774204422, 0.005653783887755254, True
-4.333034449253422, 0.10384606688757358, -2.891752744577291, 0.31543520846184214, 0.493066774204422, 0.005653783887755254, True
-3.257003123816646, -5.824616327722273, -0.4789648737606593, 0.31543520846184214, 0.493066774204422, 0.005653783887755254, True
4.46046286600917, -1.9736897336957133, -1.8632031198905596, 0.31543520846184214, 0.493066774204422, 0.005653783887755254, False
-4.113147860264851, -2.8410419917443175, 0.9474911219022024, 0.31543520846184214, 0.493066774204422, 0.005653783887755254, False
-2.446331791853618, -6.264091081466486, -0.5946948502724618, 0.31543520846184214, 0.493066774204422, 0.005653783887755254, False
-4.059597103603943, 2.383399307582568, 0.957595901857502, 0.31543520846184214, 0.493066774204422, 0.005653783887755254, True
1.2975617841350848, 4.300735440343198, -0.9381118129535015, 0.31543520846184214, 0.493066774204422, 0.005653783887755254, False
-3.706978135672115, 0.7132275076603012, 1.7017094855332484, 0.31543520846184214, 0.493066774204422, 0.005653783887755254, True
4.818176484698544, -3.5497944777960506, 0.23258328496525538, 0.31543520846184214, 0.493066774204422, 0.005653783887755254, True
4.339264154874332, 2.0772532158412105, 1.433724093926279, 0.31543520846184214, 0.493066774204422, 0.005653783887755254, True
0.19961334896995098, 5.694046335109251, -2.4318463302239843, 0.31543520846184214, 0.493066774204422, 0.005653783887755254, False
5.40581569750502, 0.9042717751488718, -1.526866586810995, 0.31543520846184214, 0.493066774204422, 0.005653783887755254, True
-3.626519637511605, 4.991047764735644, -2.774047047883744, 0.31543520846184214, 0.493066774204422, 0.005653783887755254, False
-0.6795970863366225, -4.009651678052766, 1.0235596528898574, 0.31543520846184214, 0.493066774204422, 0.005653783887755254, True
4.126089010297179, -5.510284329147395, -0.15395029824308404, 0.31543520846184214, 0.493066774204422, 0.005653783887755254, True
-0.6929489208845698, -5.5645429173569765, -0.22501697915064378, 0.31543520846184214, 0.493066774204422, 0.005653783887755254, True
1.1742247123861063, 5.060332583553398, 1.7612100305958682, 0.31543520846184214, 0.493066774204422, 0.005653783887755254, False
4.166208290334648, -1.7514890961412908, 3.0971548598664063, 0.31543520846184214, 0.493066774204422, 0.005653783887755254, True
0.8495464214153916, 1.5430717802817373, 2.6908428660613044, 0.31543520846184214, 0.493066774204422, 0.005653783887755254, True
-5.297830402509502, -2.4666609690107517, 3.1361268171108945, 0.31543520846184214, 0.493066774204422, 0.005653783887755254, True
-0.8052504102127331, 6.199746930576735, -1.6910150467863392, 0.31543520846184214, 0.493066774204422, 0.005653783887755254, False
2.660723438071628, -0.12728536878619945, -2.671783397514943, 0.31543520846184214, 0.493066774204422, 0.005653783887755254, False
4.668943443794955, -4.523531082971404, -2.5716623474568228, 0.31543520846184214, 0.493066774204422, 0.005653783887755254, True
-3.7301762429766674, -4.636070141997102, -1.716021705954134, 0.31543520846184214, 0.493066774204422, 0.005653783887755254, True
1.4793242466637304, 5.623407104460814, -1.6172275884717242, 0.31543520846184214, 0.493066774204422, 0.005653783887755254, False
-0.15495559909265122, -0.9466766565811948, -2.143612427024107, 0.31543520846184214, 0.493066774204422, 0.005653783887755254, False
4.331749576493992, -0.8794670247918495, 2.7685782655260995, 0.31543520846184214, 0.493066774204422, 0.005653783887755254, False
5.675751708106674, 1.195342231370259, 2.5803601385169577, 0.31543520846184214, 0.493066774204422, 0.005653783887755254, True
3.0037808831072574, -1.8585826691255933, -0.33398123698705007, 0.31543520846184214, 0.493066774204422, 0.005653783887755254, False
-2.4717188606884237, -3.652845228025465, -3.107323629251615, 0.31543520846184214, 0.493066774204422, 0.005653783887755254, True
0.3231784840051066, 4.39197031911041, 1.8549197390213177, 0.31543520846184214, 0.493066774204422, 0.005653783887755254, False
1.311831794624835, -4.557487816431669, -0.3486692221490193, 0.31543520846184214, 0.493066774204422, 0.005653783887755254, True
2.251416723738213, -0.7328313003599902, 1.7534851441913428, 0.31543520846184214, 0.493066774204422, 0.005653783887755254, False
6.180433374296275, -5.814204716994778, -2.8073624730454316, 0.31543520846184214, 0.493066774204422, 0.005653783887755254, True
-1.6723911491880612, -5.829681077748651, -2.712104994558519, 0.31543520846184214, 0.493066774204422, 0.005653783887755254, True
5.6811022445747295, -5.053194432127471, 0.11558869085313006, 0.31543520846184214, 0.493066774204422, 0.005653783887755254, True
-2.619708327231525, 4.003981192418639, -0.8735454048267806, 0.31543520846184214, 0.493066774204422, 0.005653783887755254, False
-2.7848791011506426, 2.5961743344513373, 1.3331934202204048, 0.31543520846184214, 0.493066774204422, 0.005653783887755254, True
-4.22452909791298, -2.166192692660756, -2.8917996805973667, 0.31543520846184214, 0.493066774204422, 0.005653783887755254, False
-4.594289405348153, -1.6340084648483604, -2.220162788212293, 0.31543520846184214, 0.493066774204422, 0.005653783887755254, False
5.8461982693077506, 4.256637041460607, -0.37526698417375437, 0.31543520846184214, 0.493066774204422, 0.005653783887755254, False
-5.319429059032962, -1.9118792296943257, 0.138429707094061, 0.31543520846184214, 0.493066774204422, 0.005653783887755254, False
2.2980257668987374, 0.517439784562213, -0.3331386331087067, 0.31543520846184214, 0.493066774204422, 0.005653783887755254, True
-0.10925810681535975, 6.116183530517956, -0.24545233253677612, 0.31543520846184214, 0.493066774204422, 0.005653783887755254, False
-5.922318751297832, 1.2964113093502174, 2.4573586597040533, 0.31543520846184214, 0.493066774204422, 0.005653783887755254, True
6.267110513466363, 1.772735209954586, -2.5308159294277743, 0.31543520846184214, 0.493066774204422, 0.005653783887755254, True
3.9652829290885574, -3.570995432302107, 0.48373820399748135, 0.31543520846184214, 0.493066774204422, 0.005653783887755254, True
-3.72715793774042, 4.9760120699046375, 1.9968963886402404, 0.31543520846184214, 0.493066774204422, 0.005653783887755254, False
0.15660132764925905, 1.8717930044773876, -0.5004356562980945, 0.31543520846184214, 0.493066774204422, 0.005653783887755254, True
4.953023724178596, -2.7652800956201546, 1.693865369357309, 0.31543520846184214, 0.493066774204422, 0.005653783887755254, False
1.681530687980879, -1.743634267027451, 3.0860110243928585, 0.31543520846184214, 0.493066774204422, 0.005653783887755254, True
-0.01727009772536814, 3.8627070573021776, 2.351662867103089, 0.31543520846184214, 0.493066774204422, 0.005653783887755254, False
-0.9950178927874376, 5.082147144978178, 0.029292284436648774, 0.31543520846184214, 0.493066774204422, 0.005653783887755254, False
-0.013871345833906368, 4.74501113834499, -2.369082111564829, 0.31543520846184214, 0.493066774204422, 0.005653783887755254, False
-2.2189201972464456, -2.256524436422003, -1.5832273461834285, 0.31543520846184214, 0.493066774204422, 0.005653783887755254, False
-5.801136658458461, 4.023370775111347, 2.4391590298767634, 0.31543520846184214, 0.493066774204422, 0.005653783887755254, False
3.593138593037361, 3.1706393585293835, 1.7289728457850266, 0.31543520846184214, 0.493066774204422, 0.005653783887755254, False
-3.3645538387973755, 5.231875878464514, -0.4509632110721955, 0.31543520846184214, 0.493066774204422, 0.005653783887755254, False
1.9730986991791415, -5.751938136315007, -2.5823348379046145, 0.31543520846184214, 0.493066774204422, 0.005653783887755254, True
-4.328361338529322, -1.5674840276251976, -1.5815736613528155, 0.31543520846184214, 0.493066774204422, 0.005653783887755254, False
4.638657703541149, -4.925978421854201, -1.5706102034750806, 0.31543520846184214, 0.493066774204422, 0.005653783887755254, True
-4.725489990683352, -0.24500240579662336, -2.643745551233909, 0.31543520846184214, 0.493066774204422, 0.005653783887755254, False
5.270174657031308, 1.8224946493289416, -2.612563385924563, 0.31543520846184214, 0.493066774204422, 0.005653783887755254, True
-3.343413051876201, 5.10393746803955, -1.511994582246535, 0.31543520846184214, 0.493066774204422, 0.005653783887755254, False
-1.5121175569874161, 2.986735832787609, -1.5583553481271917, 0.31543520846184214, 0.493066774204422, 0.005653783887755254, True
-3.882067263060155, -2.580388774728282, 2.4843015077410238, 0.31543520846184214, 0.493066774204422, 0.005653783887755254, False
