3.5496374224491856, -2.4350378379114623, -0.8243748692276989, -0.3509071817049185, 0.10902295486486269, 0.3282693783818107, False
2.176911206880419, 2.7360871763575556, -1.3013449770882926, -0.3509071817049185, 0.10902295486486269, 0.3282693783818107, False
-5.288909307262043, 4.828519343913111, -0.40605085125612295, -0.3509071817049185, 0.10902295486486269, 0.3282693783818107, False
-3.1255155594470985, 5.156350070833765, 0.7040649451748058, -0.3509071817049185, 0.10902295486486269, 0.3282693783818107, False
3.9716712144594286, 0.6849585384956853, 0.5500656675580418, -0.3509071817049185, 0.10902295486486269, 0.3282693783818107, False
4.9767552119400165, -0.38989579831817434, -1.9093252205644764, -0.3509071817049185, 0.10902295486486269, 0.3282693783818107, False
4.831256524397746, -1.3259959584551764, 1.0465056899894076, -0.3509071817049185, 0.10902295486486269, 0.3282693783818107, False
-3.298367618803206, -0.8028520646050854, 0.3793817313605632, -0.3509071817049185, 0.10902295486486269, 0.3282693783818107, True
3.249495245184127, -2.81975588544862, 3.0101674831230643, -0.3509071817049185, 0.10902295486486269, 0.3282693783818107, True
0.503148231619134, -0.12392939337126219, 2.589329980721052, -0.3509071817049185, 0.10902295486486269, 0.3282693783818107, False
-0.8080537780012964, 6.220226656405682, 0.16204963838119912, -0.3509071817049185, 0.10902295486486269, 0.3282693783818107, False
-4.483088725252269, 4.034976387772593, 0.43256452935631273, -0.3509071817049185, 0.10902295486486269, 0.3282693783818107, False
-0.19155626234990297, 4.9232349633122805, 1.0026248093096592, -0.3509071817049185, 0.10902295486486269, 0.3282693783818107, False
-4.1805085351125895, -1.2949026465475795, 2.2654754141354685, -0.3509071817049185, 0.10902295486486269, 0.3282693783818107, False
-5.102633579464459, 5.380483592191791, -2.5152489599201466, -0.3509071817049185, 0.10902295486486269, 0.3282693783818107, False
-2.201736383073756, -2.7948958956908694, -2.789388980617536, -0.3509071817049185, 0.10902295486486269, 0.3282693783818107, False
-6.156006029646511, 4.10291117786473, -1.097809925306826, -0.3509071817049185, 0.10902295486486269, 0.3282693783818107, True
0.8900611174322375, 5.74872824632739, 1.3108550852437242, -0.3509071817049185, 0.10902295486486269, 0.3282693783818107, False
-0.07997414159857108, 0.0466957663454739, 3.0074247943065453, -0.3509071817049185, 0.10902295486486269, 0.3282693783818107, True
-3.375812407363392, -0.4293607213227997, -2.527980642595087, -0.3509071817049185, 0.10902295486486269, 0.3282693783818107, True
0.40995265340128384, -0.046175240188036426, -2.8660748291914464, -0.3509071817049185, 0.10902295486486269, 0.3282693783818107, False
-0.45603083296752445, -2.5724633416845126, -0.3543280856852622, -0.3509071817049185, 0.10902295486486269, 0.3282693783818107, True
-5.877659152252081, 3.8334265793937288, 1.6381638639712142, -0.3509071817049185, 0.10902295486486269, 0.3282693783818107, True
4.700539194252956, 3.732441173122856, 0.18246920815274326, -0.3509071817049185, 0.10902295486486269, 0.3282693783818107, False
1.5475404291718649, 5.888615287575298, 2.1922704709626943, -0.3509071817049185, 0.10902295486486269, 0.3282693783818107, False
0.6759189704265207, -4.284987822008973, -2.4907564969428613, -0.3509071817049185, 0.10902295486486269, 0.3282693783818107, False
3.26490151616823, 1.6390149266212095, 1.2000525272499196, -0.3509071817049185, 0.10902295486486269, 0.3282693783818107, False
-4.569219850227925, -5.717780838714396, 1.1977376982366792, -0.3509071817049185, 0.10902295486486269, 0.3282693783818107, False
1.0080773526573346, -3.081543119471193, -2.096072097758995, -0.3509071817049185, 0.10902295486486269, 0.3282693783818107, False
-2.087375370448525, -0.8550625417341537, 0.7203662192042524, -0.3509071817049185, 0.10902295486486269, 0.3282693783818107, False
-2.868352842897691, 0.004537621856420593, -0.3335509514601367, -0.3509071817049185, 0.10902295486486269, 0.3282693783818107, False
4.51818451270052, 2.9100598197909857, 1.5298388512838699, -0.3509071817049185, 0.10902295486486269, 0.3282693783818107, False
5.499559206681832, -5.325331218237967, -1.1503966221653112, -0.3509071817049185, 0.10902295486486269, 0.3282693783818107, False
1.084459380580749, 4.4277064390863945, -1.5629020716190791, -0.3509071817049185, 0.10902295486486269, 0.3282693783818107, False
-3.294163904799189, 3.0068155086424664, -2.000223740900071, -0.3509071817049185, 0.10902295486486269, 0.3282693783818107, False
-5.5720596900293415, 1.7432863882646323, -0.10298808559951489, -0.3509071817049185, 0.10902295486486269, 0.3282693783818107, False
5.746990044397801, -5.0520712112097765, -2.731603256652334, -0.3509071817049185, 0.10902295486486269, 0.3282693783818107, False
5.0999140719834966, -4.939871830112535, 0.8520635800829526, -0.3509071817049185, 0.10902295486486269, 0.3282693783818107, False
-3.5665445949002623, -4.071239921716883, 0.9296040539304942, -0.3509071817049185, 0.10902295486486269, 0.3282693783818107, False
-3.005641833920147, -3.724717210577794, -0.16332648413454276, -0.3509071817049185, 0.10902295486486269, 0.3282693783818107, False
4.266130770303523, 6.223361115458069, 0.2546956293244289, -0.3509071817049185, 0.10902295486486269, 0.3282693783818107, False
0.8609496285479405, -2.9563773899473946, -3.001195450924488, -0.3509071817049185, 0.10902295486486269, 0.3282693783818107, True
4.316010124208043, -2.8704697816096236, -1.3022990324792028, -0.3509071817049185, 0.10902295486486269, 0.3282693783818107, False
4.83463081355108, 3.177074622656866, 2.806500195376957, -0.3509071817049185, 0.10902295486486269, 0.3282693783818107, False
-3.5356680161623717, 0.997913502236635, 2.2684821635121075, -0.3509071817049185, 0.10902295486486269, 0.3282693783818107, False
-5.522910605989855, 3.002065806736214, -1.2765079540021211, -0.3509071817049185, 0.10902295486486269, 0.3282693783818107, False
1.8336224026880767, 0.7807526136008534, -2.0859748029150897, -0.3509071817049185, 0.10902295486486269, 0.3282693783818107, False
5.79384440099121, -3.6042016656961122, -2.7496144734466372, -0.3509071817049185, 0.10902295486486269, 0.3282693783818107, False
-2.1493452162794364, -4.676113933230905, 1.9068608463388141, -0.3509071817049185, 0.10902295486486269, 0.3282693783818107, False
4.442696976339846, -3.767785353136119, -0.8710092780527243, -0.3509071817049185, 0.10902295486486269, 0.3282693783818107, False
-5.737651597276366, 6.174578584831011, 1.6744930182512592, -0.3509071817049185, 0.10902295486486269, 0.3282693783818107, False
-0.39658038163311726, 5.83892610193565, 2.8851341824817016, -0.3509071817049185, 0.10902295486486269, 0.3282693783818107, True
3.5200198972371215, 4.349953574143825, -0.9835486564560116, -0.3509071817049185, 0.10902295486486269, 0.3282693783818107, False
1.1662982910711888, 0.5158140484105687, 0.6036997876604615, -0.3509071817049185, 0.10902295486486269, 0.3282693783818107, False
6.212121471398953, 5.007278189393494, 1.1506931867334727, -0.3509071817049185, 0.10902295486486269, 0.3282693783818107, False
3.4049115807710777, -6.093431900240852, -2.0650353337661733, -0.3509071817049185, 0.10902295486486269, 0.3282693783818107, False
-1.6052209409855926, -5.962648330132254, 0.8302486535519602, -0.3509071817049185, 0.10902295486486269, 0.3282693783818107, False
4.495590718263173, -0.6761915335779589, 0.8577489344670819, -0.3509071817049185, 0.10902295486486269, 0.3282693783818107, False
-0.7391796572345326, 4.934776126537553, -1.0705572434172157, -0.3509071817049185, 0.10902295486486269, 0.3282693783818107, False
-3.5532139479004297, 0.39739433507870725, -2.881358774198888, -0.3509071817049185, 0.10902295486486269, 0.3282693783818107, True
0.3786712058560635, -2.629538040891557, -0.5508110787231772, -0.3509071817049185, 0.10902295486486269, 0.3282693783818107, True
1.7710639818049803, 3.6806066462390774, -1.419568936137663, -0.3509071817049185, 0.10902295486486269, 0.3282693783818107, False
4.07287181630665, -2.875328673681006, -2.9646044969369147, -0.3509071817049185, 0.10902295486486269, 0.3282693783818107, True
-3.4200213407269073, -4.490163889289177, 1.1844381868817644, -0.3509071817049185, 0.10902295486486269, 0.3282693783818107, False
-2.7401314257583365, 1.2762104061719874, -2.327106334718433, -0.3509071817049185, 0.10902295486486269, 0.3282693783818107, False
-6.213702337156816, -0.5552848540069268, -0.5422929387250157, -0.3509071817049185, 0.10902295486486269, 0.3282693783818107, False
-5.750661485054371, 4.172640729996914, -2.3084346751707785, -0.3509071817049185, 0.10902295486486269, 0.3282693783818107, True
-2.131313145468324, -3.2355770785473315, -0.823256904732308, -0.3509071817049185, 0.10902295486486269, 0.3282693783818107, False
-5.0319558974452905, -2.973713584366733, 1.2613858386979109, -0.3509071817049185, 0.10902295486486269, 0.3282693783818107, False
-3.315735816528208, -5.950746452248369, 1.551418374674765, -0.3509071817049185, 0.10902295486486269, 0.3282693783818107, False
0.15628949682406468, 0.6890268452273123, -2.0466989564940192, -0.3509071817049185, 0.10902295486486269, 0.3282693783818107, False
-1.0730378575894886, 0.4926447556612974, 1.0300958705879593, -0.3509071817049185, 0.10902295486486269, 0.3282693783818107, False
3.797401220267311, 2.678064651497106, -0.3545000148248625, -0.3509071817049185, 0.10902295486486269, 0.3282693783818107, False
3.6281985240103705, -5.603758736808721, 2.9960837313919395, -0.3509071817049185, 0.10902295486486269, 0.3282693783818107, True
-1.1786919075894584, -4.134010873729271, -0.44201672682833637, -0.3509071817049185, 0.10902295486486269, 0.3282693783818107, False
-4.225900283967833, 4.324036920694132, -2.7509187668781876, -0.3509071817049185, 0.10902295486486269, 0.3282693783818107, False
-5.552739930040415, -3.8940871954153478, -2.636138074060516, -0.3509071817049185, 0.10902295486486269, 0.3282693783818107, False
-2.816425693214207, -5.06069177816715, 0.36960434161583144, -0.3509071817049185, 0.10902295486486269, 0.3282693783818107, False
-3.6395792076993696, -1.7892185876430897, -0.09063833005499555, -0.3509071817049185, 0.10902295486486269, 0.3282693783818107, False
-5.376729051935541, -3.1532973423891137, 1.5362165474548348, -0.3509071817049185, 0.10902295486486269, 0.3282693783818107, False
-2.65172713403371, -6.23277146873941, 2.3220070681963696, -0.3509071817049185, 0.10902295486486269, 0.3282693783818107, False
6.065242953501427, -2.854532328133671, -2.36306007708954, -0.3509071817049185, 0.10902295486486269, 0.3282693783818107, True
3.679206158954143, 5.704898953968341, 1.0508818754253335, -0.3509071817049185, 0.10902295486486269, 0.3282693783818107, False
-2.990624532542132, -2.3757336872010115, 1.8052910403835627, -0.3509071817049185, 0.10902295486486269, 0.3282693783818107, False
-3.337212483006626, 2.4662557716421656, 2.497668916300867, -0.3509071817049185, 0.10902295486486269, 0.3282693783818107, False
-3.4737992277114818, -4.625244728329474, 1.4944132403470034, -0.3509071817049185, 0.10902295486486269, 0.3282693783818107, False
-3.8408383750970083, 2.04893715928681, -2.0656875295032586, -0.3509071817049185, 0.10902295486486269, 0.3282693783818107, False
-0.2527685767173944, -3.2147442596726314, 1.7821122469982678, -0.3509071817049185, 0.10902295486486269, 0.3282693783818107, True
-2.6082342305056856, 6.1693169129557734, -1.5152179975512048, -0.3509071817049185, 0.10902295486486269, 0.3282693783818107, False
1.3039267259601548, -1.1902248995806568, 2.984518471665228, -0.3509071817049185, 0.10902295486486269, 0.3282693783818107, True
-3.764336029950975, -1.2133375065553116, -1.8922295490795509, -0.3509071817049185, 0.10902295486486269, 0.3282693783818107, False
1.4232472429244938, 1.4970779441045208, -3.022651684789808, -0.3509071817049185, 0.10902295486486269, 0.3282693783818107, True
-5.323762948636232, 0.7975095988506684, 0.07758554532307604, -0.3509071817049185, 0.10902295486486269, 0.3282693783818107, False
-5.405570372957352, -0.6184760222290162, -3.0492700016969705, -0.3509071817049185, 0.10902295486486269, 0.3282693783818107, True
4.397585790232512, 4.756805260973737, -0.25792873241885195, -0.3509071817049185, 0.10902295486486269, 0.3282693783818107, False
2.445253001684428, -4.218003437065591, -0.691604973664349, -0.3509071817049185, 0.10902295486486269, 0.3282693783818107, False
1.392169882391948, 5.198756280604934, -2.8267940472343684, -0.3509071817049185, 0.10902295486486269, 0.3282693783818107, False
5.499676611882016, -0.11661765539484126, -2.0388781700025493, -0.3509071817049185, 0.10902295486486269, 0.3282693783818107, False
1.3120229233397769, 5.665094165443579, 0.772994009527765, -0.3509071817049185, 0.10902295486486269, 0.3282693783818107, False
5.14775441848451, 3.011988793515947, -0.5726104917750634, -0.3509071817049185, 0.10902295486486269, 0.3282693783818107, False
