0.6830014918859133, -2.8698110460825337, -1.7113388298647265, -0.22251379212147693, -0.17371705702244877, -0.13297164547535534, True
-4.75679065208642, 2.288130049607531, 1.0806317802029417, -0.22251379212147693, -0.17371705702244877, -0.13297164547535534, True
1.3479467874487847, -5.798439867034111, -0.4084613067120806, -0.22251379212147693, -0.17371705702244877, -0.13297164547535534, False
1.0683222245109123, -1.1044162209105934, 0.515651722350472, -0.22251379212147693, -0.17371705702244877, -0.13297164547535534, False
4.807418894655337, 1.662466807328327, 2.3939940166196294, -0.22251379212147693, -0.17371705702244877, -0.13297164547535534, False
-6.155934870422718, 1.584695239257445, -0.7857159603502, -0.22251379212147693, -0.17371705702244877, -0.13297164547535534, False
-4.6414959667557865, 5.7287438760985765, 1.999031051577309, -0.22251379212147693, -0.17371705702244877, -0.13297164547535534, False
5.136346826986372, -5.648190787851027, 2.075348119291175, -0.22251379212147693, -0.17371705702244877, -0.13297164547535534, False
5.444386559801844, -0.2444519064124675, -0.9679713969399026, -0.22251379212147693, -0.17371705702244877, -0.13297164547535534, False
-5.8809242873676295, -2.455809926765774, -2.5478348251165213, -0.22251379212147693, -0.17371705702244877, -0.13297164547535534, True
-5.301597444119679, -1.9183960921901901, -2.0456281858256316, -0.22251379212147693, -0.17371705702244877, -0.13297164547535534, False
-1.823323918037885, -0.9428968606504657, -1.2739607289919819, -0.22251379212147693, -0.17371705702244877, -0.13297164547535534, False
-5.679785095887952, -3.732481872614425, -1.031893070940329, -0.22251379212147693, -0.17371705702244877, -0.13297164547535534, True
-3.234253160747868, 0.153053342814216, -2.0796470553927504, -0.22251379212147693, -0.17371705702244877, -0.13297164547535534, False
-2.198420456838586, 5.493155427118168, 0.1595431288015452, -0.22251379212147693, -0.17371705702244877, -0.13297164547535534, False
0.4371643323910419, 1.6836469779190448, -2.675878492834212, -0.22251379212147693, -0.17371705702244877, -0.13297164547535534, False
-6.15473781596325, -5.800691488561567, 0.5642999350381572, -0.22251379212147693, -0.17371705702244877, -0.13297164547535534, False
-1.8793700750249123, 1.9957459610134922, -1.1747621108243134, -0.22251379212147693, -0.17371705702244877, -0.13297164547535534, False
5.431242717914417, 3.3835891546021557, -2.072015723835873, -0.22251379212147693, -0.17371705702244877, -0.13297164547535534, False
4.092674826882222, 2.2406735618344307, 1.5315540356067787, -0.22251379212147693, -0.17371705702244877, -0.13297164547535534, False
-3.418246378296352, 4.803619961024204, 1.7114003506247046, -0.22251379212147693, -0.17371705702244877, -0.13297164547535534, False
2.1436191796821404, -1.7317924645210434, 1.705751864686322, -0.22251379212147693, -0.17371705702244877, -0.13297164547535534, False
-4.658969045430413, 2.813950615185295, -1.8791084818430248, -0.22251379212147693, -0.17371705702244877, -0.13297164547535534, True
-5.236252810774096, 6.269279871327532, -1.333644886291333, -0.22251379212147693, -0.17371705702244877, -0.13297164547535534, False
-3.9054770957671554, 5.364792110826823, -1.47946330941803, -0.22251379212147693, -0.17371705702244877, -0.13297164547535534, False
-1.2465149666010564, -2.7874955351101827, -1.2347880586504765, -0.22251379212147693, -0.17371705702244877, -0.13297164547535534, False
-6.143150489145352, 1.251973341316794, 0.5732844702575535, -0.22251379212147693, -0.17371705702244877, -0.13297164547535534, False
-1.2608917325495739, 3.6184045538842025, -1.6258924313032175, -0.22251379212147693, -0.17371705702244877, -0.13297164547535534, False
-4.971542274781337, -3.648601310434265, 0.373746168106706, -0.22251379212147693, -0.17371705702244877, -0.13297164547535534, True
1.1297597216157031, -5.719786392348978, 2.0679550371088666, -0.22251379212147693, -0.17371705702244877, -0.13297164547535534, False
5.454030868798519, 3.0222468083373126, 2.6449116419260204, -0.22251379212147693, -0.17371705702244877, -0.13297164547535534, False
-0.3897800843911927, 5.102280532533287, -2.587742707619804, -0.22251379212147693, -0.17371705702244877, -0.13297164547535534, False
-0.9777118725064078, 4.062415209660454, -2.6061157111510216, -0.22251379212147693, -0.17371705702244877, -0.13297164547535534, False
-3.0993310989346194, -3.258849201893054, 0.8782510002668316, -0.22251379212147693, -0.17371705702244877, -0.13297164547535534, False
2.1332909282016903, -4.957937073290244, -0.5128480775949469, -0.22251379212147693, -0.17371705702244877, -0.13297164547535534, True
4.641097988805074, 3.186391723746011, 1.9018852794138317, -0.22251379212147693, -0.17371705702244877, -0.13297164547535534, False
4.187200647671482, -0.2531501953252997, 0.9267468989652095, -0.22251379212147693, -0.17371705702244877, -0.13297164547535534, False
-6.265942236119726, -1.687103937586281, -2.0464334030693365, -0.22251379212147693, -0.17371705702244877, -0.13297164547535534, False
4.14986578245607, -5.6958689824548046, 2.171212506047083, -0.22251379212147693, -0.17371705702244877, -0.13297164547535534, True
0.37057655289995317, 2.099741057696976, -1.4187122666825207, -0.22251379212147693, -0.17371705702244877, -0.13297164547535534, True
-3.9875143860265223, -0.44771585202960296, -2.9113873317038377, -0.22251379212147693, -0.17371705702244877, -0.13297164547535534, True
3.6238459870109825, -0.5519540557406843, -2.32358951509745, -0.22251379212147693, -0.17371705702244877, -0.13297164547535534, False
1.1680784302892588, -1.891847680409855, -1.575169312270492, -0.22251379212147693, -0.17371705702244877, -0.13297164547535534, False
5.539150113572564, -1.7012480329591915, 2.550163026217141, -0.22251379212147693, -0.17371705702244877, -0.13297164547535534, False
1.2958561273252576, -3.4322080351423088, 0.25603606280931457, -0.22251379212147693, -0.17371705702244877, -0.13297164547535534, True
6.266453094341305, 4.930560307432842, 2.654534055633686, -0.22251379212147693, -0.17371705702244877, -0.13297164547535534, False
-5.319105759074963, 1.2325719523511456, 2.6704739019547503, -0.22251379212147693, -0.17371705702244877, -0.13297164547535534, True
-5.364919226141317, -1.822185447771857, -1.4950640487311473, -0.22251379212147693, -0.17371705702244877, -0.13297164547535534, False
3.634472912343563, -6.092091903776143, -0.3084069637967657, -0.22251379212147693, -0.17371705702244877, -0.13297164547535534, False
-3.3584813763159223, 4.405155110866797, 3.000812426553657, -0.22251379212147693, -0.17371705702244877, -0.13297164547535534, True
-0.7735443843850325, -5.343430982682432, -2.2234033537313453, -0.22251379212147693, -0.17371705702244877, -0.13297164547535534, False
-3.3123787718193536, 0.35822731322953505, 0.8118615106827551, -0.22251379212147693, -0.17371705702244877, -0.13297164547535534, True
-0.9032338024557784, -2.2854995940203153, -0.1793598966406802, -0.22251379212147693, -0.17371705702244877, -0.13297164547535534, False
-6.177591487639812, -0.44165992608831495, -0.2045916037932085, -0.22251379212147693, -0.17371705702244877, -0.13297164547535534, False
0.1951914736664948, 4.792657683215628, 0.012452257272603351, -0.22251379212147693, -0.17371705702244877, -0.13297164547535534, False
-6.219544891300478, -1.9793275103314052, 0.09931678675919597, -0.22251379212147693, -0.17371705702244877, -0.13297164547535534, False
0.19927838016007993, -0.5414951265509007, -2.0491514633452077, -0.22251379212147693, -0.17371705702244877, -0.13297164547535534, False
-3.6615019704986573, -5.818458088146899, 0.8991015474406021, -0.22251379212147693, -0.17371705702244877, -0.13297164547535534, True
-3.7297936857329743, -3.251337570303926, 0.8836395387063369, -0.22251379212147693, -0.17371705702244877, -0.13297164547535534, False
-0.5627669104837967, -2.9572421071454107, -1.527900655618988, -0.22251379212147693, -0.17371705702244877, -0.13297164547535534, False
0.8537627477358223, -2.127964062331843, -1.1083269339605648, -0.22251379212147693, -0.17371705702244877, -0.13297164547535534, False
-3.1174585045842447, 1.9496202953793578, 1.6016111583764374, -0.22251379212147693, -0.17371705702244877, -0.13297164547535534, False
4.7169839060151055, -6.226562262565862, 3.031464503267233, -0.22251379212147693, -0.17371705702244877, -0.13297164547535534, True
0.8012184694601929, -4.865681688741301, -1.2498688353334093, -0.22251379212147693, -0.17371705702244877, -0.13297164547535534, False
-4.194971911845103, -4.1434149267951375, -1.5667230337954685, -0.22251379212147693, -0.17371705702244877, -0.13297164547535534, True
4.630162101804366, -1.9981591035878008, 0.37847790607953957, -0.22251379212147693, -0.17371705702244877, -0.13297164547535534, False
-5.302769495746045, -3.4392375706564766, 0.2611811308560976, -0.22251379212147693, -0.17371705702244877, -0.13297164547535534, True
-2.009721960142171, 0.15341620347034723, 2.359175253512875, -0.22251379212147693, -0.17371705702244877, -0.13297164547535534, True
4.194989144394116, 2.90988881710925, -0.5115327967867396, -0.22251379212147693, -0.17371705702244877, -0.13297164547535534, False
-5.523040254259338, -4.977035590981145, 2.646819117080782, -0.22251379212147693, -0.17371705702244877, -0.13297164547535534, True
5.314934108364717, -1.5756134545914486, 0.5712155134773638, -0.22251379212147693, -0.17371705702244877, -0.13297164547535534, False
-2.20524950052915, 3.966215625879922, -2.9445549159418376, -0.22251379212147693, -0.17371705702244877, -0.13297164547535534, True
1.4081733629804551, -3.06191239002477, 1.4985896312962232, -0.22251379212147693, -0.17371705702244877, -0.13297164547535534, False
-2.024371514900393, 2.0294040926935804, -3.0138464289536904, -0.22251379212147693, -0.17371705702244877, -0.13297164547535534, True
0.5611740334549591, -5.062554937946286, 3.0618880956665215, -0.22251379212147693, -0.17371705702244877, -0.13297164547535534, True
-3.602932545699655, -4.927693656390053, -2.458460541798418, -0.22251379212147693, -0.17371705702244877, -0.13297164547535534, True
1.98540162238762, 3.995693553019212, 0.012838984143374255, -0.22251379212147693, -0.17371705702244877, -0.13297164547535534, False
3.238789388559976, -1.317485758628802, 2.861756753827658, -0.22251379212147693, -0.17371705702244877, -0.13297164547535534, False
-2.8037134486537703, -0.5275593132950602, 1.7917616616224867, -0.22251379212147693, -0.17371705702244877, -0.13297164547535534, False
-6.178793211290746, -0.5427766481271972, 2.6800165332731254, -0.22251379212147693, -0.17371705702244877, -0.13297164547535534, False
0.19947884534797833, -3.495016293861001, 0.4028219190844422, -0.22251379212147693, -0.17371705702244877, -0.13297164547535534, False
3.6254816279078472, -1.7062425781463055, -3.059993400524138, -0.22251379212147693, -0.17371705702244877, -0.13297164547535534, True
0.14858431062653477, -2.2700867410549703, 1.9845095312973822, -0.22251379212147693, -0.17371705702244877, -0.13297164547535534, False
-6.159079295444406, 1.953817540422131, 2.0919383121616537, -0.22251379212147693, -0.17371705702244877, -0.13297164547535534, True
-0.9651823416263934, 2.838595731080993, 0.22979548857147858, -0.22251379212147693, -0.17371705702244877, -0.13297164547535534, False
3.9515314185497346, -4.508289001834694, 0.54631186211846, -0.22251379212147693, -0.17371705702244877, -0.13297164547535534, False
-6.22043842469216, -5.884379192797753, -0.606009207612082, -0.22251379212147693, -0.17371705702244877, -0.13297164547535534, False
-6.165383559463217, 4.119062669108233, 0.44083833027445074, -0.22251379212147693, -0.17371705702244877, -0.13297164547535534, False
1.318795555373626, -3.9557012143921635, 2.3332022488980595, -0.22251379212147693, -0.17371705702244877, -0.13297164547535534, True
-1.7936057314172018, -1.7645745085838858, -1.749858762369306, -0.22251379212147693, -0.17371705702244877, -0.13297164547535534, False
-2.0608506252073227, -4.900089126995363, 1.7118092968916097, -0.22251379212147693, -0.17371705702244877, -0.13297164547535534, False
-5.943628405292188, -6.197907381579975, -0.7711106609449603, -0.22251379212147693, -0.17371705702244877, -0.13297164547535534, False
-1.7913159442559463, -4.2141276977862745, -2.934576116920666, -0.22251379212147693, -0.17371705702244877, -0.13297164547535534, True
-1.1775271067145203, 3.945303803597376, -1.440655579358546, -0.22251379212147693, -0.17371705702244877, -0.13297164547535534, False
-3.374890154257154, 5.243075016609856, -0.9210460390678081, -0.22251379212147693, -0.17371705702244877, -0.13297164547535534, False
1.768619076857794, 1.1084219267376456, 1.87933098715708, -0.22251379212147693, -0.17371705702244877, -0.13297164547535534, False
0.6748208541292149, -5.754285430666841, 0.04791916221946302, -0.22251379212147693, -0.17371705702244877, -0.13297164547535534, False
-3.8564453354257715, -4.72586273895714, -2.450831411817851, -0.22251379212147693, -0.17371705702244877, -0.13297164547535534, True
-5.220131192865969, -3.000883671568302, 0.6099956271126712, -0.22251379212147693, -0.17371705702244877, -0.13297164547535534, False
5.024676086355793, -4.920924344927411, 2.7766362378970504, -0.22251379212147693, -0.17371705702244877, -0.13297164547535534, False
