-6.047125537493988, -0.20886994410393456, 2.2098105410846545, 0.4403599333935835, 0.11061879728048885, 0.35897541269155964, False
-5.972023376398393, 2.5155535440870693, 1.7158955537750185, 0.4403599333935835, 0.11061879728048885, 0.35897541269155964, False
-2.778174473005582, 1.6047960396586864, -1.1498115075926931, 0.4403599333935835, 0.11061879728048885, 0.35897541269155964, False
2.0780216455603426, -3.8808764149227764, 2.220785043665556, 0.4403599333935835, 0.11061879728048885, 0.35897541269155964, False
-4.8491688534577335, -2.691196972650621, 2.9163630548038277, 0.4403599333935835, 0.11061879728048885, 0.35897541269155964, True
-5.982803449052623, 5.830704989683596, -1.1279566076120777, 0.4403599333935835, 0.11061879728048885, 0.35897541269155964, True
-3.544537748288665, 3.921052685352768, 2.130635039296867, 0.4403599333935835, 0.11061879728048885, 0.35897541269155964, False
1.3078305206961476, -5.861842881334032, 1.9582226746434959, 0.4403599333935835, 0.11061879728048885, 0.35897541269155964, False
1.7909818958547579, 2.8020833021239486, -0.2816863973081367, 0.4403599333935835, 0.11061879728048885, 0.35897541269155964, False
4.761542431657597, 2.9655291768903442, -0.4051081362486362, 0.4403599333935835, 0.11061879728048885, 0.35897541269155964, False
-0.09164698267395277, 3.687352465450685, 0.8460146149634222, 0.4403599333935835, 0.11061879728048885, 0.35897541269155964, False
-2.792570393282889, 2.663547821453223, 2.8732917477760944, 0.4403599333935835, 0.11061879728048885, 0.35897541269155964, True
-4.614569394468392, -4.12237039355918, -1.8204890518702719, 0.4403599333935835, 0.11061879728048885, 0.35897541269155964, False
-0.9241325298256919, -2.2672612294658077, -2.068335064973083, 0.4403599333935835, 0.11061879728048885, 0.35897541269155964, False
1.0083963340947077, 3.481566596600606, 1.895928504176191, 0.4403599333935835, 0.11061879728048885, 0.35897541269155964, False
2.9795344463388567, 4.59505500560123, -1.2736789927343513, 0.4403599333935835, 0.11061879728048885, 0.35897541269155964, False
2.8801911089590035, 5.944852508496874, -0.18575531361503028, 0.4403599333935835, 0.11061879728048885, 0.35897541269155964, False
0.7341806887198672, 5.108376420921301, 0.632862183593117, 0.4403599333935835, 0.11061879728048885, 0.35897541269155964, False
4.173009450668051, -2.029518357671938, 1.5037072042671733, 0.4403599333935835, 0.11061879728048885, 0.35897541269155964, False
-1.2709798990519516, -2.0101944071466997, -2.8460227717988427, 0.4403599333935835, 0.11061879728048885, 0.35897541269155964, False
0.4169701701838058, 5.403497795401465, -2.465243361302595, 0.4403599333935835, 0.11061879728048885, 0.35897541269155964, False
-5.521406599506191, -3.9601257464789446, -2.214863809755435, 0.4403599333935835, 0.11061879728048885, 0.35897541269155964, False
0.8920932958514207, -0.4915981272362604, 1.9521007115090505, 0.4403599333935835, 0.11061879728048885, 0.35897541269155964, False
2.3944897935032294, -2.231864481884064, -1.020954077935591, 0.4403599333935835, 0.11061879728048885, 0.35897541269155964, False
1.9902909037051728, 4.200086269747487, -1.7167526633289636, 0.4403599333935835, 0.11061879728048885, 0.35897541269155964, False
-5.722610471957456, 4.739627445012424, 1.121776687008647, 0.4403599333935835, 0.11061879728048885, 0.35897541269155964, False
0.36620126434213063, -0.7281407360710244, 2.6504861017884025, 0.4403599333935835, 0.11061879728048885, 0.35897541269155964, False
-5.066254378317858, -5.603959901525667, 2.346568695669596, 0.4403599333935835, 0.11061879728048885, 0.35897541269155964, False
4.634018028195902, 0.35501188531770733, -0.6209603472354273, 0.4403599333935835, 0.11061879728048885, 0.35897541269155964, False
2.7795110162240846, 1.0338753516499928, 2.9987079523778677, 0.4403599333935835, 0.11061879728048885, 0.35897541269155964, True
5.77492759178609, -3.272989543038393, -2.89538885324648, 0.4403599333935835, 0.11061879728048885, 0.35897541269155964, True
2.682660462045286, 2.6028791526728945, -0.8663884965186681, 0.4403599333935835, 0.11061879728048885, 0.35897541269155964, False
-5.1146842131301415, -5.904530915507092, -1.3720199711735808, 0.4403599333935835, 0.11061879728048885, 0.35897541269155964, False
0.09965957704136219, -5.613324305756929, 2.311133358856422, 0.4403599333935835, 0.11061879728048885, 0.35897541269155964, False
-4.080913166479645, -0.9292014121630521, 0.10283813349200743, 0.4403599333935835, 0.11061879728048885, 0.35897541269155964, False
3.4182581458598484, 3.3238443978314276, -0.5283931301992024, 0.4403599333935835, 0.11061879728048885, 0.35897541269155964, False
-3.4023621736497254, 0.3406896957557688, -0.5201873849338838, 0.4403599333935835, 0.11061879728048885, 0.35897541269155964, False
-4.977034700855746, 3.9220626231168705, 2.6025964717092167, 0.4403599333935835, 0.11061879728048885, 0.35897541269155964, False
-4.433762825762134, 5.701802019098382, -1.3654365408030793, 0.4403599333935835, 0.11061879728048885, 0.35897541269155964, False
-1.290753679144733, -3.704978920891661, 0.7929143993549399, 0.4403599333935835, 0.11061879728048885, 0.35897541269155964, False
0.7716674830992254, 4.4933399605718165, -2.2622026141889564, 0.4403599333935835, 0.11061879728048885, 0.35897541269155964, False
3.5480536115537227, -4.965128069346627, 0.8371094564976307, 0.4403599333935835, 0.11061879728048885, 0.35897541269155964, False
3.9356367829847994, 1.5332899393478634, -2.6938845591392333, 0.4403599333935835, 0.11061879728048885, 0.35897541269155964, False
3.077601362947375, 6.073923085689069, -2.8734379922299667, 0.4403599333935835, 0.11061879728048885, 0.35897541269155964, False
3.351647621331013, -4.374433487939733, -2.7008491178898164, 0.4403599333935835, 0.11061879728048885, 0.35897541269155964, False
5.537041369081168, 2.0061267653387915, -1.1315798372493187, 0.4403599333935835, 0.11061879728048885, 0.35897541269155964, False
1.6166459467701193, -5.347234770000766, 0.6130271647467156, 0.4403599333935835, 0.11061879728048885, 0.35897541269155964, False
3.104701785468393, 3.510703073559778, -0.7838819282324807, 0.4403599333935835, 0.11061879728048885, 0.35897541269155964, False
-5.657844622493538, -0.7653453856018446, -2.865077566031264, 0.4403599333935835, 0.11061879728048885, 0.35897541269155964, False
2.108794001979339, -5.243189875611049, 0.9094792600228008, 0.4403599333935835, 0.11061879728048885, 0.35897541269155964, False
-3.217187141149967, 4.5024657486814395, -2.9587842829661506, 0.4403599333935835, 0.11061879728048885, 0.35897541269155964, True
-1.487195496521247, 1.6863016467334058, -0.353651342963897, 0.4403599333935835, 0.11061879728048885, 0.35897541269155964, False
-2.164797616374366, 1.0127130042170007, 2.053437465634107, 0.4403599333935835, 0.11061879728048885, 0.35897541269155964, False
3.0830577435010387, -4.865473276688384, 1.324006852024863, 0.4403599333935835, 0.11061879728048885, 0.35897541269155964, False
1.765574013355776, 0.7290609246562401, 2.593997441830724, 0.4403599333935835, 0.11061879728048885, 0.35897541269155964, False
-5.981497142084352, 2.25048796124074, 0.9252097793345193, 0.4403599333935835, 0.11061879728048885, 0.35897541269155964, False
-2.6984109425726244, 5.498089103772031, 2.9812191596295827, 0.4403599333935835, 0.11061879728048885, 0.35897541269155964, True
3.501074271996078, -3.5717425972906254, 1.22246450418801, 0.4403599333935835, 0.11061879728048885, 0.35897541269155964, False
5.916127884774747, 0.38407660715259784, -2.8980806472853593, 0.4403599333935835, 0.11061879728048885, 0.35897541269155964, True
-1.8478545027484143, -0.8202538705207658, 2.2361168330216064, 0.4403599333935835, 0.11061879728048885, 0.35897541269155964, False
0.1763054894930285, -4.354300696923927, 0.32046556849622654, 0.4403599333935835, 0.11061879728048885, 0.35897541269155964, False
-6.096959679549426, -0.26797858881955605, -2.7610814775343684, 0.4403599333935835, 0.11061879728048885, 0.35897541269155964, True
-3.9406133663629594, -0.602359172349332, 2.2293168160422514, 0.4403599333935835, 0.11061879728048885, 0.35897541269155964, False
2.210218704714096, -2.581995987205362, -2.949328320426155, 0.4403599333935835, 0.11061879728048885, 0.35897541269155964, True
5.296241493793971, 3.7775497194035736, -2.507839768681099, 0.4403599333935835, 0.11061879728048885, 0.35897541269155964, False
-5.322277340857347, -2.1976067442174827, -0.17398114420281985, 0.4403599333935835, 0.11061879728048885, 0.35897541269155964, False
-2.9616100988071663, -1.8801502172099473, 1.180487066356375, 0.4403599333935835, 0.11061879728048885, 0.35897541269155964, False
-1.5310630312339244, -4.201303669534134, 1.365648526157588, 0.4403599333935835, 0.11061879728048885, 0.35897541269155964, False
-0.6308405132941575, -4.128498726802498, -2.2255545063012683, 0.4403599333935835, 0.11061879728048885, 0.35897541269155964, False
-4.720734533272672, 3.921368206160226, 1.5388042593484705, 0.4403599333935835, 0.11061879728048885, 0.35897541269155964, False
-2.058568059112438, -0.22346724537149054, -2.213176953438947, 0.4403599333935835, 0.11061879728048885, 0.35897541269155964, False
-5.553796093453028, -0.15105080747614075, -0.7753763477576898, 0.4403599333935835, 0.11061879728048885, 0.35897541269155964, False
1.6867696472170177, 0.4792169779251685, -1.7317155030920992, 0.4403599333935835, 0.11061879728048885, 0.35897541269155964, False
4.4072958482633044, 3.145125355532139, -0.3008929757585057, 0.4403599333935835, 0.11061879728048885, 0.35897541269155964, False
3.439873547727478, 4.0135957429768485, -0.7872004857923947, 0.4403599333935835, 0.11061879728048885, 0.35897541269155964, True
-3.1027303639157333, -3.323269702806915, 0.09787179072868968, 0.4403599333935835, 0.11061879728048885, 0.35897541269155964, False
-3.172408931890486, 4.116663605430137, -0.7116681075188223, 0.4403599333935835, 0.11061879728048885, 0.35897541269155964, False
2.302920339562837, -3.0205246810850137, -1.3597806769355452, 0.4403599333935835, 0.11061879728048885, 0.35897541269155964, False
5.401783351241255, -3.1358793946189354, -0.1728961305112544, 0.4403599333935835, 0.11061879728048885, 0.35897541269155964, False
-1.8479762004027638, 3.5912950729821294, 0.7556103539200163, 0.4403599333935835, 0.11061879728048885, 0.35897541269155964, False
2.6450982644945444, 5.9414345535175155, 1.0887206742805438, 0.4403599333935835, 0.11061879728048885, 0.35897541269155964, False
-1.4072117874297891, -0.8251527491181276, 2.3756901169717475, 0.4403599333935835, 0.11061879728048885, 0.35897541269155964, False
1.2629965837710175, 5.252140157636331, -3.02746361726467, 0.4403599333935835, 0.11061879728048885, 0.35897541269155964, True
2.7462040223276265, 3.0537152782698094, 1.6802396339006451, 0.4403599333935835, 0.11061879728048885, 0.35897541269155964, False
5.265793428120013, -0.5386024352398531, -2.5119304323321394, 0.4403599333935835, 0.11061879728048885, 0.35897541269155964, False
-1.0700115528897518, -5.5909193959352645, -1.0579090929300157, 0.4403599333935835, 0.11061879728048885, 0.35897541269155964, False
-4.900147090012225, -4.218457265302223, -1.1916094194991664, 0.4403599333935835, 0.11061879728048885, 0.35897541269155964, False
0.94026549308931, 3.6710469733194984, -0.6576351776432738, 0.4403599333935835, 0.11061879728048885, 0.35897541269155964, False
2.1592030887574563, -5.6572602532040035, -1.1391028275263633, 0.4403599333935835, 0.11061879728048885, 0.35897541269155964, False
5.006324753517667, 1.008413263179528, -0.29373311572567484, 0.4403599333935835, 0.11061879728048885, 0.35897541269155964, False
3.215396574653532, -1.6272035024791416, -1.8891587490771802, 0.4403599333935835, 0.11061879728048885, 0.35897541269155964, True
2.9078911627870365, 4.647666897555933, 1.502088863721073, 0.4403599333935835, 0.11061879728048885, 0.35897541269155964, False
1.2764919162801203, -3.489971874743515, 1.5236959742846947, 0.4403599333935835, 0.11061879728048885, 0.35897541269155964, False
-3.9815400357304265, -4.103881046287985, -2.439545203534287, 0.4403599333935835, 0.11061879728048885, 0.35897541269155964, False
4.336956046704843, 1.6921184861408678, 1.5006082562031855, 0.4403599333935835, 0.11061879728048885, 0.35897541269155964, False
-6.265315426870426, 2.8236504620022984, -2.5618527284216492, 0.4403599333935835, 0.11061879728048885, 0.35897541269155964, False
-0.7567078437224559, -2.1492231834926674, -0.4956509886361591, 0.4403599333935835, 0.11061879728048885, 0.35897541269155964, False
-1.234919053062801, -5.55368816135526, 2.8087979039436988, 0.4403599333935835, 0.11061879728048885, 0.35897541269155964, False
-3.156353142551854, -3.6226605914826697, -2.020810942082056, 0.4403599333935835, 0.11061879728048885, 0.35897541269155964, False
5.196705647071431, -2.8440781057571036, 0.15741079571612415, 0.4403599333935835, 0.11061879728048885, 0.35897541269155964, False
