-1.2741315138637734, 5.372813664716114, -1.6728452737394819, 0.35208817874972675, -0.1646858576561866, -0.5234065393340734, False
5.252224372154851, 1.3061786444026247, 0.322979981143956, 0.35208817874972675, -0.1646858576561866, -0.5234065393340734, False
-2.0151408214537403, -1.0758160437333988, -1.6208736364821097, 0.35208817874972675, -0.1646858576561866, -0.5234065393340734, False
-4.093484250086148, -3.3224237154272354, 0.5457747806511364, 0.35208817874972675, -0.1646858576561866, -0.5234065393340734, False
-0.6897981250251091, 2.2593545868775973, -0.39413305985592073, 0.35208817874972675, -0.1646858576561866, -0.5234065393340734, False
-6.113196480406004, -0.96604288221857, 0.7305659152155881, 0.35208817874972675, -0.1646858576561866, -0.5234065393340734, False
-2.162234914369054, -0.644436120156282, 1.4745455818832651, 0.35208817874972675, -0.1646858576561866, -0.5234065393340734, False
-1.5453597002881097, -0.9015361637594941, 1.9035570450242947, 0.35208817874972675, -0.1646858576561866, -0.5234065393340734, False
-5.648591065866029, -1.952429577120796, -2.513192542393783, 0.35208817874972675, -0.1646858576561866, -0.5234065393340734, False
-0.592602556692376, 2.0201007339781167, -2.4045689153134364, 0.35208817874972675, -0.1646858576561866, -0.5234065393340734, False
4.120788432896957, 4.6209967293272065, -1.3814705114258337, 0.35208817874972675, -0.1646858576561866, -0.5234065393340734, False
5.035829207970732, -6.137641467480145, -2.063261228627567, 0.35208817874972675, -0.1646858576561866, -0.5234065393340734, False
-6.182276297254815, 3.4232486465674796, 3.1277724900405603, 0.35208817874972675, -0.1646858576561866, -0.5234065393340734, True
-3.8139884497805743, 5.688621496445787, -1.705683342302537, 0.35208817874972675, -0.1646858576561866, -0.5234065393340734, False
-4.273679025504894, 5.146775907397268, 1.547561145550616, 0.35208817874972675, -0.1646858576561866, -0.5234065393340734, False
6.122631592227542, -0.9587863922073705, 1.804824280843409, 0.35208817874972675, -0.1646858576561866, -0.5234065393340734, False
0.8541600406492469, 5.097301320521497, -0.2810527112136052, 0.35208817874972675, -0.1646858576561866, -0.5234065393340734, False
-3.7664502776663875, 5.420859647309683, -2.384165057879412, 0.35208817874972675, -0.1646858576561866, -0.5234065393340734, False
-6.076973923911934, 4.344062466685154, 2.979774542818591, 0.35208817874972675, -0.1646858576561866, -0.5234065393340734, True
4.6736986439489545, 5.140339992264513, -1.7068788667266854, 0.35208817874972675, -0.1646858576561866, -0.5234065393340734, False
-2.057822262051763, -4.4212820556605115, 0.7355099351390404, 0.35208817874972675, -0.1646858576561866, -0.5234065393340734, False
0.7293278984946516, -1.7270903527370107, 2.8775050053614573, 0.35208817874972675, -0.1646858576561866, -0.5234065393340734, True
4.897422487556867, -1.3862706615941356, 0.011940021960277214, 0.35208817874972675, -0.1646858576561866, -0.5234065393340734, False
1.689520921724851, -2.972537091126785, -2.4197975122146533, 0.35208817874972675, -0.1646858576561866, -0.5234065393340734, False
-0.6268331391789479, 6.109373712137472, -1.0465926503586456, 0.35208817874972675, -0.1646858576561866, -0.5234065393340734, False
-1.4338532696877175, -4.912497052455574, -2.21081237124037, 0.35208817874972675, -0.1646858576561866, -0.5234065393340734, False
4.472530130618402, -4.311993220392148, -0.8450000081156501, 0.35208817874972675, -0.1646858576561866, -0.5234065393340734, False
2.9466274227468183, -0.19902049244665143, -2.401507958113264, 0.35208817874972675, -0.1646858576561866, -0.5234065393340734, False
0.3763252101281722, -1.3940024763854488, -3.083295827065649, 0.35208817874972675, -0.1646858576561866, -0.5234065393340734, True
-5.306690500027747, -5.617692300030225, -0.5568363843991215, 0.35208817874972675, -0.1646858576561866, -0.5234065393340734, False
4.397723782533641, -4.95588467953765, -2.139476852498774, 0.35208817874972675, -0.1646858576561866, -0.5234065393340734, False
3.598749332392188, -6.065745079515135, 1.1912354772673828, 0.35208817874972675, -0.1646858576561866, -0.5234065393340734, False
1.6107883430653382, -2.227925485801097, -0.6115185453583178, 0.35208817874972675, -0.1646858576561866, -0.5234065393340734, False
4.7941723171683766, 3.0151552950561804, 0.7956497835171636, 0.35208817874972675, -0.1646858576561866, -0.5234065393340734, False
2.3525283093708733, -6.111530950276611, -1.6352938695680717, 0.35208817874972675, -0.1646858576561866, -0.5234065393340734, False
-5.362287901713598, -5.064982884076449, -1.6808230299018003, 0.35208817874972675, -0.1646858576561866, -0.5234065393340734, False
1.2545187714593045, 5.584869082540147, 1.6485986524365206, 0.35208817874972675, -0.1646858576561866, -0.5234065393340734, False
5.889699167857465, -1.3763798090668171, -1.5904374319353942, 0.35208817874972675, -0.1646858576561866, -0.5234065393340734, False
-0.5450663679151475, 4.709289356442781, -2.441818889177875, 0.35208817874972675, -0.1646858576561866, -0.5234065393340734, False
4.457120094649564, -0.12089558271123213, 0.7926767940751329, 0.35208817874972675, -0.1646858576561866, -0.5234065393340734, False
0.9290161589577659, -5.145488430225295, -2.619544366672957, 0.35208817874972675, -0.1646858576561866, -0.5234065393340734, False
-2.955234910508409, -5.4686722949219035, -2.3923843172864796, 0.35208817874972675, -0.1646858576561866, -0.5234065393340734, False
4.739773584019973, 2.693415651281386, 2.8662383621250536, 0.35208817874972675, -0.1646858576561866, -0.5234065393340734, True
6.280642411857441, 3.836563456236325, 2.4387865647578426, 0.35208817874972675, -0.1646858576561866, -0.5234065393340734, False
2.4962225789057175, 1.924463140805866, -1.4458062622428278, 0.35208817874972675, -0.1646858576561866, -0.5234065393340734, False
5.008374116430051, -5.678201319357486, -0.899472559670258, 0.35208817874972675, -0.1646858576561866, -0.5234065393340734, False
-4.83705912710524, -1.3368473130852285, -2.6131029376083648, 0.35208817874972675, -0.1646858576561866, -0.5234065393340734, False
2.886200892993534, -0.7246849001855225, 2.2974427953586485, 0.35208817874972675, -0.1646858576561866, -0.5234065393340734, False
-1.9878539788105876, -2.0481253731500493, 0.2999499548941058, 0.35208817874972675, -0.1646858576561866, -0.5234065393340734, False
-0.9848663748236977, -6.16626531192529, 0.15806071648310915, 0.35208817874972675, -0.1646858576561866, -0.5234065393340734, False
-5.504779645264019, -3.9131753542535725, -0.91672985367516, 0.35208817874972675, -0.1646858576561866, -0.5234065393340734, False
1.0025221243076121, 5.604149394356902, 0.8364374403760841, 0.35208817874972675, -0.1646858576561866, -0.5234065393340734, False
6.225618738034203, 1.2986340469706903, -1.7002720410944565, 0.35208817874972675, -0.1646858576561866, -0.5234065393340734, False
0.4021039945422116, -1.9055267761105226, -2.509943557307332, 0.35208817874972675, -0.1646858576561866, -0.5234065393340734, False
5.428240194851311, 2.6026688141820475, -2.63830854014596, 0.35208817874972675, -0.1646858576561866, -0.5234065393340734, False
4.869652050956233, 1.6387124637556463, 0.36018339793651455, 0.35208817874972675, -0.1646858576561866, -0.5234065393340734, False
2.279527366780602, 2.8802803151599043, -1.8689234689356404, 0.35208817874972675, -0.1646858576561866, -0.5234065393340734, False
2.0287460221709566, -4.698154884818866, -2.6973750600618978, 0.35208817874972675, -0.1646858576561866, -0.5234065393340734, False
-4.816241508021558, -4.654772114516235, 1.7776690149823473, 0.35208817874972675, -0.1646858576561866, -0.5234065393340734, False
4.540026805776822, -2.1679425056927686, -0.4459978905922406, 0.35208817874972675, -0.1646858576561866, -0.5234065393340734, False
2.073886824280084, -0.2059420791714226, 2.258985448240127, 0.35208817874972675, -0.1646858576561866, -0.5234065393340734, False
-3.0359463584326933, 1.6602947975784819, -1.608813694100119, 0.35208817874972675, -0.1646858576561866, -0.5234065393340734, False
-0.6086924868467118, -1.5716317672127351, 1.614974003727947, 0.35208817874972675, -0.1646858576561866, -0.5234065393340734, False
2.8154714056559076, -2.5081864201635766, 3.09400674437867, 0.35208817874972675, -0.1646858576561866, -0.5234065393340734, True
-5.48032568707655, 3.4274422277165346, 0.2587893679111293, 0.35208817874972675, -0.1646858576561866, -0.5234065393340734, False
4.472500326225999, 5.266619682809731, 1.4216223599011624, 0.35208817874972675, -0.1646858576561866, -0.5234065393340734, False
1.028243933886496, -1.3030005850237396, -1.8465988474638837, 0.35208817874972675, -0.1646858576561866, -0.5234065393340734, False
-1.281685438659781, -5.151122692621193, -2.146232374691821, 0.35208817874972675, -0.1646858576561866, -0.5234065393340734, False
-2.7021378051303584, 2.205102547509533, 1.4554398619037032, 0.35208817874972675, -0.1646858576561866, -0.5234065393340734, False
6.256603555053696, -5.415801786634056, -0.5952415297070335, 0.35208817874972675, -0.1646858576561866, -0.5234065393340734, False
3.1782745327194366, 5.260106512029623, 0.828500334643238, 0.35208817874972675, -0.1646858576561866, -0.5234065393340734, False
-4.568735681017711, -5.6782400000079205, -1.8714071837489, 0.35208817874972675, -0.1646858576561866, -0.5234065393340734, False
6.003695834386498, 0.3475927057600714, 2.2286211693760363, 0.35208817874972675, -0.1646858576561866, -0.5234065393340734, False
3.534785049566958, -2.9246532617017005, -1.3922260231876418, 0.35208817874972675, -0.1646858576561866, -0.5234065393340734, False
1.1404602020994856, -5.661209491442655, 1.3082540528601792, 0.35208817874972675, -0.1646858576561866, -0.5234065393340734, False
-2.3061626798271515, 0.3429860552210071, 0.19474466035027538, 0.35208817874972675, -0.1646858576561866, -0.5234065393340734, False
-3.356473062364819, 3.7350935475420037, -0.46230184102978233, 0.35208817874972675, -0.1646858576561866, -0.5234065393340734, False
5.865361698862712, 0.6126991591890292, -0.8196460557905452, 0.35208817874972675, -0.1646858576561866, -0.5234065393340734, False
-5.75013878279857, -3.798227214289684, 2.6531793434955206, 0.35208817874972675, -0.1646858576561866, -0.5234065393340734, False
-0.3297233142640641, 4.206004467965853, -2.615243530333157, 0.35208817874972675, -0.1646858576561866, -0.5234065393340734, False
0.8208229500405473, 5.868201805525009, -2.8757380141360978, 0.35208817874972675, -0.1646858576561866, -0.5234065393340734, False
-4.41404644600764, -1.81510218058322, 1.110030273756692, 0.35208817874972675, -0.1646858576561866, -0.5234065393340734, False
3.1960805840655784, 4.546000072641656, 2.901795093549233, 0.35208817874972675, -0.1646858576561866, -0.5234065393340734, True
0.1037761195848832, -2.355700308839566, -2.902855475529167, 0.35208817874972675, -0.1646858576561866, -0.5234065393340734, True
-5.672496874293454, -1.295152925015266, 1.9182068500041156, 0.35208817874972675, -0.1646858576561866, -0.5234065393340734, False
0.2152623803176743, -4.72626643893122, 2.1019264361447476, 0.35208817874972675, -0.1646858576561866, -0.5234065393340734, False
5.245238614755262, -1.8572547406233193, 0.9199577078275256, 0.35208817874972675, -0.1646858576561866, -0.5234065393340734, False
-5.089608996826524, 5.879498672603578, 0.2611871806589021, 0.35208817874972675, -0.1646858576561866, -0.5234065393340734, False
0.5774448697002761, 1.5400470479116626, -0.6170094401959112, 0.35208817874972675, -0.1646858576561866, -0.5234065393340734, False
2.5895834587731006, 4.928060378262408, -1.207318583828517, 0.35208817874972675, -0.1646858576561866, -0.5234065393340734, False
-2.755718014930542, 5.7466521512933895, -1.4707933437773972, 0.35208817874972675, -0.1646858576561866, -0.5234065393340734, False
4.162202364530364, 3.965537757232285, -1.5672952871632964, 0.35208817874972675, -0.1646858576561866, -0.5234065393340734, False
-4.807408122672126, 4.364577894300076, -1.4632133237774207, 0.35208817874972675, -0.1646858576561866, -0.5234065393340734, False
1.8620913785288504, -0.6997218074071512, -2.688710020434764, 0.35208817874972675, -0.1646858576561866, -0.5234065393340734, False
1.9061889474286193, 2.1211297824409456, -2.6749794077233986, 0.35208817874972675, -0.1646858576561866, -0.5234065393340734, False
3.6758012837955416, 1.5093041357849595, 1.2708421100822562, 0.35208817874972675, -0.1646858576561866, -0.5234065393340734, False
-4.396554030561685, 3.092000412632858, 0.19515875907729585, 0.35208817874972675, -0.1646858576561866, -0.5234065393340734, False
-5.920904556837404, -1.6476047876852986, -1.2408481599624008, 0.35208817874972675, -0.1646858576561866, -0.5234065393340734, False
-0.4067763579367014, 1.362775711332687, -0.5988936996733352, 0.35208817874972675, -0.1646858576561866, -0.5234065393340734, True
4.077787613915785, 1.441466519316739, 1.6314024430518694, 0.35208817874972675, -0.1646858576561866, -0.5234065393340734, False
