4.977394632923591, -0.41155015250772564, 0.4928316959346555, -0.12672885150077606, 0.4162624793628713, -0.12581090645856818, False
-3.318954123636965, 4.355253056828902, 3.018195539560465, -0.12672885150077606, 0.4162624793628713, -0.12581090645856818, True
-5.920297326241614, 4.7988514683882535, -1.7027487449888519, -0.12672885150077606, 0.4162624793628713, -0.12581090645856818, False
1.4168773583162881, 4.0701642818325645, 0.9126330517653995, -0.12672885150077606, 0.4162624793628713, -0.12581090645856818, False
-2.3134392913661137, 1.4350939715289712, 1.999125268045213, -0.12672885150077606, 0.4162624793628713, -0.12581090645856818, False
6.109552403228728, 2.802405285064724, 1.185331330540941, -0.12672885150077606, 0.4162624793628713, -0.12581090645856818, False
-5.3602728170665035, -2.906539106096921, -1.0805718017207813, -0.12672885150077606, 0.4162624793628713, -0.12581090645856818, False
4.958072943795019, -2.5679391719689, -1.2727052638634209, -0.12672885150077606, 0.4162624793628713, -0.12581090645856818, False
3.105106157221707, -0.05714909285863001, -2.463530360282156, -0.12672885150077606, 0.4162624793628713, -0.12581090645856818, False
3.6795972876834604, -0.3147107030520564, -1.7178754536168077, -0.12672885150077606, 0.4162624793628713, -0.12581090645856818, False
5.479045003894067, 3.070596443412592, 1.8707300866693624, -0.12672885150077606, 0.4162624793628713, -0.12581090645856818, False
-3.0320711038051424, -1.9412312301823214, 0.9513937556893488, -0.12672885150077606, 0.4162624793628713, -0.12581090645856818, False
-1.0564631660328514, 4.443649655751278, -2.0668081676301644, -0.12672885150077606, 0.4162624793628713, -0.12581090645856818, False
6.246166482930596, -4.15337918026318, 0.07177148392694388, -0.12672885150077606, 0.4162624793628713, -0.12581090645856818, False
-0.1920043205580031, -4.737856413988284, -0.8608997199158299, -0.12672885150077606, 0.4162624793628713, -0.12581090645856818, False
-4.802828493654987, -0.8021595962999379, -2.3246378010693487, -0.12672885150077606, 0.4162624793628713, -0.12581090645856818, False
4.561663300211929, -1.7030839836059473, 0.8975300810693696, -0.12672885150077606, 0.4162624793628713, -0.12581090645856818, False
-0.5108580844139627, 6.258927227189725, 1.9274598778381424, -0.12672885150077606, 0.4162624793628713, -0.12581090645856818, False
1.4644173001200977, -5.166755194680212, -2.5938157502901134, -0.12672885150077606, 0.4162624793628713, -0.12581090645856818, False
-0.9271935108301559, 1.0764025928314407, -1.0051929208908477, -0.12672885150077606, 0.4162624793628713, -0.12581090645856818, False
5.584126704222745, 0.3964592836907359, -2.488729310881239, -0.12672885150077606, 0.4162624793628713, -0.12581090645856818, False
-3.049707429889913, 1.4985526572121586, 0.18028335992915512, -0.12672885150077606, 0.4162624793628713, -0.12581090645856818, False
5.774337181358373, 0.08938783599493583, 2.3103327512334833, -0.12672885150077606, 0.4162624793628713, -0.12581090645856818, False
3.7157719553707604, -0.3315369551252685, 0.0581138864468147, -0.12672885150077606, 0.4162624793628713, -0.12581090645856818, False
-4.950165778373751, -5.073310034934492, -0.22964682819766002, -0.12672885150077606, 0.4162624793628713, -0.12581090645856818, False
1.8980621224398142, -0.4134149101393252, -0.2514208910498863, -0.12672885150077606, 0.4162624793628713, -0.12581090645856818, False
-4.320546825486291, 5.477568333783799, -1.451974318882043, -0.12672885150077606, 0.4162624793628713, -0.12581090645856818, False
0.5844350194165182, -0.3629897233563213, -2.6466976590474336, -0.12672885150077606, 0.4162624793628713, -0.12581090645856818, False
0.10565230193746089, 5.277104554952375, 2.933721487046352, -0.12672885150077606, 0.4162624793628713, -0.12581090645856818, True
-3.2749002383953547, 4.011313799047066, -0.9436818043834307, -0.12672885150077606, 0.4162624793628713, -0.12581090645856818, False
3.2952261168377035, 1.6677559563744602, -1.964009136730123, -0.12672885150077606, 0.4162624793628713, -0.12581090645856818, False
2.676958335099318, 3.734458048288218, -2.108724653735728, -0.12672885150077606, 0.4162624793628713, -0.12581090645856818, False
-0.8513365080914896, -1.2912492548434402, -1.4861974262983029, -0.12672885150077606, 0.4162624793628713, -0.12581090645856818, False
-3.327497885435097, 5.682939877803058, 0.36521493476157696, -0.12672885150077606, 0.4162624793628713, -0.12581090645856818, False
2.0053571027129635, -6.221360359725377, -2.3700820020993176, -0.12672885150077606, 0.4162624793628713, -0.12581090645856818, False
4.5725705229296985, 1.7540240259234956, -1.6064401749658532, -0.12672885150077606, 0.4162624793628713, -0.12581090645856818, False
5.627027385731212, 1.228349328290924, -2.1550385824963474, -0.12672885150077606, 0.4162624793628713, -0.12581090645856818, False
0.6937904982020688, -2.317660588785801, 0.4636427069827955, -0.12672885150077606, 0.4162624793628713, -0.12581090645856818, False
2.851281590606069, -4.614602276174259, 0.21233555806764892, -0.12672885150077606, 0.4162624793628713, -0.12581090645856818, False
3.6316627649279596, -3.5206458954366977, -2.9815691175325445, -0.12672885150077606, 0.4162624793628713, -0.12581090645856818, True
0.7690480889149613, 4.126891961125468, -0.3980319726295072, -0.12672885150077606, 0.4162624793628713, -0.12581090645856818, False
-1.2337743504504752, -1.602857610446784, -2.357712473788064, -0.12672885150077606, 0.4162624793628713, -0.12581090645856818, False
-1.6095550882133924, 0.5314900323675946, 0.6025800423418026, -0.12672885150077606, 0.4162624793628713, -0.12581090645856818, False
0.2495490483624021, 1.3403131863795288, 0.3189824919566915, -0.12672885150077606, 0.4162624793628713, -0.12581090645856818, False
4.183745250674573, 2.7421283874744695, 0.1946306966158149, -0.12672885150077606, 0.4162624793628713, -0.12581090645856818, False
-1.5136995096006833, 2.6363442764903606, -1.4513954024698492, -0.12672885150077606, 0.4162624793628713, -0.12581090645856818, True
-5.390358474835508, 2.0930825844931924, -2.139709000737278, -0.12672885150077606, 0.4162624793628713, -0.12581090645856818, False
1.306388670724524, -4.738792501319706, -1.7844580976797677, -0.12672885150077606, 0.4162624793628713, -0.12581090645856818, False
5.32254740483539, 2.9840853709437987, -2.2752341524272484, -0.12672885150077606, 0.4162624793628713, -0.12581090645856818, True
-6.0027937524806, 5.262966484401938, -1.9474752466748433, -0.12672885150077606, 0.4162624793628713, -0.12581090645856818, False
-4.34060502879543, 4.078284817686264, 0.4618654320326847, -0.12672885150077606, 0.4162624793628713, -0.12581090645856818, False
-5.616390177659082, -4.352178545872551, -2.2230229335065848, -0.12672885150077606, 0.4162624793628713, -0.12581090645856818, False
2.5699499038775997, 2.7213854533093293, -0.7705664688310732, -0.12672885150077606, 0.4162624793628713, -0.12581090645856818, False
4.599116518828634, 5.670360260216796, -1.2579353344067894, -0.12672885150077606, 0.4162624793628713, -0.12581090645856818, False
3.175587918274317, 1.818515966302428, 2.1195435584488687, -0.12672885150077606, 0.4162624793628713, -0.12581090645856818, False
4.638970386954817, 0.17518796082596122, 1.487909787205914, -0.12672885150077606, 0.4162624793628713, -0.12581090645856818, False
-2.797749712686545, -0.5453872743912234, -0.006964360633680222, -0.12672885150077606, 0.4162624793628713, -0.12581090645856818, False
4.4667020070439065, -6.080330006806654, 0.546745733880281, -0.12672885150077606, 0.4162624793628713, -0.12581090645856818, False
-4.412824436851666, -5.58748502021274, -0.20002876022525795, -0.12672885150077606, 0.4162624793628713, -0.12581090645856818, True
-1.2090704690437777, 5.91637093894769, 1.5391068817318025, -0.12672885150077606, 0.4162624793628713, -0.12581090645856818, False
3.658765906608007, -2.7558567685176745, 2.2004468989247554, -0.12672885150077606, 0.4162624793628713, -0.12581090645856818, False
-0.3183833570598029, 5.832380320370854, 0.07903718745097743, -0.12672885150077606, 0.4162624793628713, -0.12581090645856818, False
3.0534386276035868, 5.347586590908525, 0.36800474154481266, -0.12672885150077606, 0.4162624793628713, -0.12581090645856818, False
-1.2391755088432674, -3.494843956874325, 2.0390489701075616, -0.12672885150077606, 0.4162624793628713, -0.12581090645856818, True
-0.18128535292687964, -6.092565390844089, -3.096554502628724, -0.12672885150077606, 0.4162624793628713, -0.12581090645856818, True
-1.986807654963159, -4.611478001202029, 1.5876953255565285, -0.12672885150077606, 0.4162624793628713, -0.12581090645856818, False
1.1109431827704297, -1.3655877472620688, 2.029640199705934, -0.12672885150077606, 0.4162624793628713, -0.12581090645856818, False
3.3971167757370253, 2.24064368573268, -1.7717447659662844, -0.12672885150077606, 0.4162624793628713, -0.12581090645856818, False
-4.403098143480651, 1.8315776652179068, 2.195754824339441, -0.12672885150077606, 0.4162624793628713, -0.12581090645856818, False
-5.4473194251648245, 1.6828622376452058, -2.318398111553052, -0.12672885150077606, 0.4162624793628713, -0.12581090645856818, False
-1.0895620664000747, -0.826650778996485, -2.440485233481748, -0.12672885150077606, 0.4162624793628713, -0.12581090645856818, False
1.5148358426681066, 4.554839163798169, -1.5370314618503786, -0.12672885150077606, 0.4162624793628713, -0.12581090645856818, False
2.953377854254864, -2.705514130250345, -1.89240345164738, -0.12672885150077606, 0.4162624793628713, -0.12581090645856818, False
-4.125716398923881, -2.19746015192882, -0.8700406170864543, -0.12672885150077606, 0.4162624793628713, -0.12581090645856818, False
-5.43956530810001, 2.7209689853377856, 0.952235235366313, -0.12672885150077606, 0.4162624793628713, -0.12581090645856818, False
5.548170870977202, 1.446223422373179, -2.866810040608508, -0.12672885150077606, 0.4162624793628713, -0.12581090645856818, False
1.7785233294513887, -0.6943292951777593, -1.5504334770032102, -0.12672885150077606, 0.4162624793628713, -0.12581090645856818, False
0.3631192747466381, -5.03084117367309, -2.327532844511759, -0.12672885150077606, 0.4162624793628713, -0.12581090645856818, False
-3.436321357035484, -5.769674006716348, -2.0791836092124867, -0.12672885150077606, 0.4162624793628713, -0.12581090645856818, False
4.437265609013192, 5.623647303732746, 2.9511066001650788, -0.12672885150077606, 0.4162624793628713, -0.12581090645856818, True
-4.845874849974074, 4.674117308475688, -0.19219632702581269, -0.12672885150077606, 0.4162624793628713, -0.12581090645856818, False
5.956821006250713, 1.9286263854805004, 1.3427832586500488, -0.12672885150077606, 0.4162624793628713, -0.12581090645856818, False
-4.410532597827631, -3.6142327290230405, 1.0370981264428263, -0.12672885150077606, 0.4162624793628713, -0.12581090645856818, False
2.1385084612881737, 6.079609451407828, 1.366537447006177, -0.12672885150077606, 0.4162624793628713, -0.12581090645856818, False
1.8860089910567552, -2.1724568086822513, -0.0823538691232999, -0.12672885150077606, 0.4162624793628713, -0.12581090645856818, False
2.5010391640245295, -0.23604952650604183, 1.4686388811864965, -0.12672885150077606, 0.4162624793628713, -0.12581090645856818, False
-3.387081475662803, 4.312599711837699, 2.9714434360522493, -0.12672885150077606, 0.4162624793628713, -0.12581090645856818, True
0.8448070924875539, -4.740706736419594, -0.9438621267234417, -0.12672885150077606, 0.4162624793628713, -0.12581090645856818, False
0.9841762869823585, -0.9087858953299772, -2.630175872829772, -0.12672885150077606, 0.4162624793628713, -0.12581090645856818, False
-5.542511884876971, 0.6950908657232961, 1.5864539631545673, -0.12672885150077606, 0.4162624793628713, -0.12581090645856818, False
2.340754688383532, -5.20260421031443, 1.9287616701186927, -0.12672885150077606, 0.4162624793628713, -0.12581090645856818, False
3.4867639353214397, 6.254883874473599, -2.439570734701034, -0.12672885150077606, 0.4162624793628713, -0.12581090645856818, False
3.5202353039947383, -4.355933145601243, -0.5365297463449998, -0.12672885150077606, 0.4162624793628713, -0.12581090645856818, False
4.962137423830667, 3.778033596829335, -3.0916408044162513, -0.12672885150077606, 0.4162624793628713, -0.12581090645856818, True
0.0916861923817116, -1.5001838812121644, -2.971841398617022, -0.12672885150077606, 0.4162624793628713, -0.12581090645856818, True
-6.161085447443481, 0.7211455809302674, -2.154272383135856, -0.12672885150077606, 0.4162624793628713, -0.12581090645856818, False
5.8575919247482275, -6.269242944927652, 2.724681722108059, -0.12672885150077606, 0.4162624793628713, -0.12581090645856818, False
-0.010535714125449402, 0.5795494682201996, -2.027343337757138, -0.12672885150077606, 0.4162624793628713, -0.12581090645856818, False
4.9760943796373756, -0.8675898570033542, -0.5631151441784916, -0.12672885150077606, 0.4162624793628713, -0.12581090645856818, False
4.904734513901074, -2.564677076227408, 1.870904859279518, -0.12672885150077606, 0.4162624793628713, -0.12581090645856818, False
