-0.009398617198541181, -3.650669269465565, -1.4657388960517805, 0.27223920330660223, 0.15261328359633697, 0.20340275190389456, False
5.1812482201744, -3.9139764486045787, -2.514326300843683, 0.27223920330660223, 0.15261328359633697, 0.20340275190389456, True
1.1194613054237834, 6.190215570053347, 1.4603746282252885, 0.27223920330660223, 0.15261328359633697, 0.20340275190389456, False
5.955103257783501, -1.0533460386829354, 2.3152958602159828, 0.27223920330660223, 0.15261328359633697, 0.20340275190389456, True
-2.071719926551962, 4.650259503788581, 1.0329422518027336, 0.27223920330660223, 0.15261328359633697, 0.20340275190389456, False
5.451826965225573, 5.709605938908732, -2.5069805896642854, 0.27223920330660223, 0.15261328359633697, 0.20340275190389456, True
-2.6667575839110453, -3.8444512383741967, -2.8186500222034656, 0.27223920330660223, 0.15261328359633697, 0.20340275190389456, False
0.7248789938198952, 1.9150256312285734, 2.9516331230721278, 0.27223920330660223, 0.15261328359633697, 0.20340275190389456, True
-0.38769218942960126, -0.6577154352697816, -2.540160148665557, 0.27223920330660223, 0.15261328359633697, 0.20340275190389456, True
-6.001763757910311, 0.5337797369533961, -0.6292454115182475, 0.27223920330660223, 0.15261328359633697, 0.20340275190389456, False
0.0745177642043311, 5.829719010585775, 0.0932166178520819, 0.27223920330660223, 0.15261328359633697, 0.20340275190389456, True
2.1816065041603903, -2.369684813350567, -0.682394204254579, 0.27223920330660223, 0.15261328359633697, 0.20340275190389456, False
5.509611474895037, 0.5869558533515713, -3.0376757284914095, 0.27223920330660223, 0.15261328359633697, 0.20340275190389456, True
2.0571181461363235, -0.5699282348355261, -2.3497290410008262, 0.27223920330660223, 0.15261328359633697, 0.20340275190389456, False
-4.060568025614085, 1.4634167507511986, 2.1185308015875854, 0.27223920330660223, 0.15261328359633697, 0.20340275190389456, False
-1.8865284007827317, 4.291469522460936, -0.5751595715883231, 0.27223920330660223, 0.15261328359633697, 0.20340275190389456, True
0.251185188511581, -3.981388873378905, -0.14451596811578726, 0.27223920330660223, 0.15261328359633697, 0.20340275190389456, False
-3.7795227111018903, -4.739747497493843, 2.3046656037982807, 0.27223920330660223, 0.15261328359633697, 0.20340275190389456, False
-1.155678950513149, -4.739840909662257, 0.3405771127438846, 0.27223920330660223, 0.15261328359633697, 0.20340275190389456, True
2.44574089400494, -6.2235636230484905, -1.7923615564529545, 0.27223920330660223, 0.15261328359633697, 0.20340275190389456, False
4.4876627093775046, -6.1973612671681995, -2.0108265633543083, 0.27223920330660223, 0.15261328359633697, 0.20340275190389456, False
5.435724373224499, 5.6027864841334125, 1.0116778205690409, 0.27223920330660223, 0.15261328359633697, 0.20340275190389456, True
1.6095879342639243, 2.928372284576616, -2.957320152509053, 0.27223920330660223, 0.15261328359633697, 0.20340275190389456, True
4.7532628542783595, -5.995325975289192, -1.1208096577058169, 0.27223920330660223, 0.15261328359633697, 0.20340275190389456, True
6.019889730076017, -2.268771034225365, -0.9423815232599346, 0.27223920330660223, 0.15261328359633697, 0.20340275190389456, False
-0.6661744404681542, -2.095283034284, 0.25366982922454273, 0.27223920330660223, 0.15261328359633697, 0.20340275190389456, False
3.0897760092261866, 5.129027234897368, -0.281352508565647, 0.27223920330660223, 0.15261328359633697, 0.20340275190389456, False
-0.49279980534814616, -3.9972893427547707, -1.7663272464876156, 0.27223920330660223, 0.15261328359633697, 0.20340275190389456, False
-3.022787054228285, -2.267032118553235, 2.508079458714339, 0.27223920330660223, 0.15261328359633697, 0.20340275190389456, False
0.28988077699288617, -1.381130920249027, -0.8066918789689588, 0.27223920330660223, 0.15261328359633697, 0.20340275190389456, False
-2.1141282917667166, -3.3353713921309622, -1.1855514742632465, 0.27223920330660223, 0.15261328359633697, 0.20340275190389456, True
-4.544584217225967, 0.04476720003038892, -2.7803170565201527, 0.27223920330660223, 0.15261328359633697, 0.20340275190389456, False
1.1410108767057956, 2.428567135073969, -1.5009259737244092, 0.27223920330660223, 0.15261328359633697, 0.20340275190389456, False
3.367561900215522, 4.721917125936477, -0.7583267579622541, 0.27223920330660223, 0.15261328359633697, 0.20340275190389456, False
4.299051633376692, 4.1834400978168915, 0.27842772300332763, 0.27223920330660223, 0.15261328359633697, 0.20340275190389456, True
-0.616696555183478, 3.0238427213344394, 3.056464972278536, 0.27223920330660223, 0.15261328359633697, 0.20340275190389456, True
0.21547502141229113, -1.684535008412949, -1.7740031721711884, 0.27223920330660223, 0.15261328359633697, 0.20340275190389456, False
3.0151754069133077, -4.915037727800164, 0.4254987986231944, 0.27223920330660223, 0.15261328359633697, 0.20340275190389456, False
0.5717618326147402, 5.682093927465864, -0.22024035115677254, 0.27223920330660223, 0.15261328359633697, 0.20340275190389456, True
-4.807674131456754, 5.733651293539852, 2.138499181686953, 0.27223920330660223, 0.15261328359633697, 0.20340275190389456, False
-3.574852651445231, -4.04045794264416, -0.1715665231529453, 0.27223920330660223, 0.15261328359633697, 0.20340275190389456, False
1.9464555930097323, -5.066231123055456, -2.9061673642794927, 0.27223920330660223, 0.15261328359633697, 0.20340275190389456, False
-0.4263010330113195, -4.245630221010973, 2.085352381932972, 0.27223920330660223, 0.15261328359633697, 0.20340275190389456, False
5.716464015591992, -0.7686626036720732, -0.2042067923781894, 0.27223920330660223, 0.15261328359633697, 0.20340275190389456, True
-0.12326312700446795, 4.573421625809807, -0.12449061640330505, 0.27223920330660223, 0.15261328359633697, 0.20340275190389456, False
3.458990628395455, -4.203558434447691, 0.8152228524842249, 0.27223920330660223, 0.15261328359633697, 0.20340275190389456, False
-1.1014555591322228, -2.831307257991815, 0.44585829191651216, 0.27223920330660223, 0.15261328359633697, 0.20340275190389456, True
2.6848800633437797, -5.465800913757818, -0.4410196739639374, 0.27223920330660223, 0.15261328359633697, 0.20340275190389456, False
-3.0572802096782534, 0.40264694154801806, 2.8224579051584673, 0.27223920330660223, 0.15261328359633697, 0.20340275190389456, False
-2.15201651164646, -0.9369068571322838, -1.565010730595245, 0.27223920330660223, 0.15261328359633697, 0.20340275190389456, False
-5.119900307315902, 3.952319727745355, -2.0356276605823895, 0.27223920330660223, 0.15261328359633697, 0.20340275190389456, False
0.8384796531687257, -4.733999345344873, -2.8923828600100974, 0.27223920330660223, 0.15261328359633697, 0.20340275190389456, True
-1.654832276167486, -6.133909004004712, 1.3250639012020562, 0.27223920330660223, 0.15261328359633697, 0.20340275190389456, False
2.8861435238702775, -2.1518955033832787, -1.8722734533113088, 0.27223920330660223, 0.15261328359633697, 0.20340275190389456, False
5.139932437673483, -4.45420853489176, 1.140527793679742, 0.27223920330660223, 0.15261328359633697, 0.20340275190389456, True
-5.020155694634538, 6.002158841687551, 2.2172992645043426, 0.27223920330660223, 0.15261328359633697, 0.20340275190389456, False
3.6202406599082924, 6.034255070929625, -2.2504133406780764, 0.27223920330660223, 0.15261328359633697, 0.20340275190389456, False
-1.5594763311575015, -0.9764200876068623, 2.090612228316542, 0.27223920330660223, 0.15261328359633697, 0.20340275190389456, True
-0.6729690497391552, 3.7492798454817766, -2.9008788252239204, 0.27223920330660223, 0.15261328359633697, 0.20340275190389456, True
4.877967299827105, 5.4019929433988985, 3.0095937734806553, 0.27223920330660223, 0.15261328359633697, 0.20340275190389456, True
-5.675604838101283, 5.086782087383371, -0.8126143825314514, 0.27223920330660223, 0.15261328359633697, 0.20340275190389456, False
-0.16645818228182208, 6.219069761775797, 1.7834221575575357, 0.27223920330660223, 0.15261328359633697, 0.20340275190389456, True
-0.07778928223854642, 0.8545502241747638, 1.1437579885900906, 0.27223920330660223, 0.15261328359633697, 0.20340275190389456, False
5.239157511318984, -1.5492793509025358, -2.691442379152535, 0.27223920330660223, 0.15261328359633697, 0.20340275190389456, True
5.4824266054125665, 5.712823232098, 2.6957499019000437, 0.27223920330660223, 0.15261328359633697, 0.20340275190389456, True
4.170012473670226, 3.156276087437506, 1.2689512033995092, 0.27223920330660223, 0.15261328359633697, 0.20340275190389456, True
4.474443083687177, 4.470170288618672, -1.8639782683102364, 0.27223920330660223, 0.15261328359633697, 0.20340275190389456, True
1.2023289981912875, 4.553042111844698, 2.990272344440042, 0.27223920330660223, 0.15261328359633697, 0.20340275190389456, True
-0.8442662993593677, -5.81046605132288, -2.372926229935472, 0.27223920330660223, 0.15261328359633697, 0.20340275190389456, True
1.6169749174709223, 1.8406486611773936, 1.140611197543536, 0.27223920330660223, 0.15261328359633697, 0.20340275190389456, False
-5.255134161745998, 3.3381869354294, -0.7895761845586002, 0.27223920330660223, 0.15261328359633697, 0.20340275190389456, False
-1.4470166415598946, -3.719896703343699, 2.5078024599031163, 0.27223920330660223, 0.15261328359633697, 0.20340275190389456, True
5.642151122509107, -2.0865483229403434, 1.5073213210916396, 0.27223920330660223, 0.15261328359633697, 0.20340275190389456, False
3.2249496183170887, 5.951738955817385, -0.4327825556590983, 0.27223920330660223, 0.15261328359633697, 0.20340275190389456, False
-2.4729410405255976, -4.8373785141024825, 1.8307836736643566, 0.27223920330660223, 0.15261328359633697, 0.20340275190389456, False
5.7586853711943125, 5.516215935573676, -2.912516678038265, 0.27223920330660223, 0.15261328359633697, 0.20340275190389456, True
-0.2100226952427544, 0.8628216468497296, 1.5720492002233781, 0.27223920330660223, 0.15261328359633697, 0.20340275190389456, False
2.5646666830796097, -5.271630706447747, 1.2136196508866695, 0.27223920330660223, 0.15261328359633697, 0.20340275190389456, False
-0.36940814385732423, 4.249870039989114, 3.0437601580719704, 0.27223920330660223, 0.15261328359633697, 0.20340275190389456, True
-1.4200397049682003, -1.3671497767709067, 2.9311873068701653, 0.27223920330660223, 0.15261328359633697, 0.20340275190389456, True
1.7466312318986414, 6.138015172460985, 0.7141197286280936, 0.27223920330660223, 0.15261328359633697, 0.20340275190389456, False
3.792437110867949, -0.38100948122634826, -1.8300819163539128, 0.27223920330660223, 0.15261328359633697, 0.20340275190389456, False
5.186693713116494, 3.2336626595134685, -2.270884705518303, 0.27223920330660223, 0.15261328359633697, 0.20340275190389456, True
-1.1418422851113785, -2.3833748394667276, 2.602385528901797, 0.27223920330660223, 0.15261328359633697, 0.20340275190389456, True
3.8706969097946757, -0.5994159890054735, 2.277518522302766, 0.27223920330660223, 0.15261328359633697, 0.20340275190389456, False
-3.2270239660907656, 4.6941706384637065, -1.8712287639073295, 0.27223920330660223, 0.15261328359633697, 0.20340275190389456, False
1.1727118780168349, 1.7772416452934294, -0.252673910605667, 0.27223920330660223, 0.15261328359633697, 0.20340275190389456, False
0.9758931522791858, -4.32623672733251, 1.5600903296373483, 0.27223920330660223, 0.15261328359633697, 0.20340275190389456, False
4.133124930579706, -0.26885207113495646, 1.1309904930974133, 0.27223920330660223, 0.15261328359633697, 0.20340275190389456, False
1.1435216335311944, 2.961288230939056, -2.826493007173945, 0.27223920330660223, 0.15261328359633697, 0.20340275190389456, False
2.8905256066084988, -5.117351224303568, 1.7699898373270067, 0.27223920330660223, 0.15261328359633697, 0.20340275190389456, False
-0.07450581395569156, -2.6990813189362743, -1.465632288781219, 0.27223920330660223, 0.15261328359633697, 0.20340275190389456, False
0.0832083695049759, 4.905874372990626, 0.11060508276692094, 0.27223920330660223, 0.15261328359633697, 0.20340275190389456, False
2.9187974429442267, -5.526774748357897, 1.0022385122190727, 0.27223920330660223, 0.15261328359633697, 0.20340275190389456, False
-2.8033548805645085, -0.3397147638774438, 1.0899230421549886, 0.27223920330660223, 0.15261328359633697, 0.20340275190389456, False
1.5682416630183287, -4.305625841957491, 1.733432969999118, 0.27223920330660223, 0.15261328359633697, 0.20340275190389456, False
-3.1416236445110157, 0.5511941397059257, -1.9675323027387297, 0.27223920330660223, 0.15261328359633697, 0.20340275190389456, False
3.37924542775049, -0.8142835770931596, -3.0455736381962755, 0.27223920330660223, 0.15261328359633697, 0.20340275190389456, True
-1.9369049644642713, 4.325538151752177, -2.9108553775397046, 0.27223920330660223, 0.15261328359633697, 0.20340275190389456, True
-4.743271751104828, 5.136720413713126, -1.5797039981332914, 0.27223920330660223, 0.15261328359633697, 0.20340275190389456, False
