6.022723056870143, -5.646237951668627, -0.7881662099164704, -0.2932902875593445, -0.14161400153073156, -0.42661266327814074, False
-4.948172508489403, 0.4208564875820686, -1.8126144316910695, -0.2932902875593445, -0.14161400153073156, -0.42661266327814074, False
-3.026422703074949, -5.897122801492823, 2.325013960136493, -0.2932902875593445, -0.14161400153073156, -0.42661266327814074, False
4.060700905720417, -3.9721943618829667, 2.9223066558283177, -0.2932902875593445, -0.14161400153073156, -0.42661266327814074, True
0.9936442566331847, -3.25801300767424, -2.84027827361805, -0.2932902875593445, -0.14161400153073156, -0.42661266327814074, False
3.9023459618180247, -1.1609952685884641, -2.98517966397203, -0.2932902875593445, -0.14161400153073156, -0.42661266327814074, True
3.2761666939978085, -1.1951027506720582, 0.3546717671347701, -0.2932902875593445, -0.14161400153073156, -0.42661266327814074, False
1.1785526454578878, 5.310075108292262, 0.3593618715977427, -0.2932902875593445, -0.14161400153073156, -0.42661266327814074, False
1.8810852628517747, 5.398291640223913, 1.0317623006544725, -0.2932902875593445, -0.14161400153073156, -0.42661266327814074, False
-5.45701911023764, 3.412087574087863, -0.8299279648183191, -0.2932902875593445, -0.14161400153073156, -0.42661266327814074, False
3.0941617433661026, 0.49488057978944244, -2.417910263475621, -0.2932902875593445, -0.14161400153073156, -0.42661266327814074, False
-3.226487808332569, 3.155347564607908, 1.7364201081225215, -0.2932902875593445, -0.14161400153073156, -0.42661266327814074, False
3.5999817133151097, -3.1871740606639083, 1.2235255927244664, -0.2932902875593445, -0.14161400153073156, -0.42661266327814074, False
-1.3116639087554098, -1.2216443409304265, 1.9548131727931723, -0.2932902875593445, -0.14161400153073156, -0.42661266327814074, False
3.7022281253128106, -5.204514441689154, -0.914928647877137, -0.2932902875593445, -0.14161400153073156, -0.42661266327814074, True
-4.601290508170564, 4.686581287748398, 0.7574292390727879, -0.2932902875593445, -0.14161400153073156, -0.42661266327814074, False
-0.3954007619966733, -5.48329660771933, 2.309410176986308, -0.2932902875593445, -0.14161400153073156, -0.42661266327814074, False
1.9787547011253697, -4.40390213986076, -1.7000683212759509, -0.2932902875593445, -0.14161400153073156, -0.42661266327814074, False
5.261151315911219, 1.8672307537103752, 0.3921002969731213, -0.2932902875593445, -0.14161400153073156, -0.42661266327814074, False
-5.717381070727357, 3.0118459769241053, 2.885053725231984, -0.2932902875593445, -0.14161400153073156, -0.42661266327814074, True
5.615208642057151, 5.750416924834388, 0.2272207524891372, -0.2932902875593445, -0.14161400153073156, -0.42661266327814074, False
-4.240786346575826, 5.408963008640777, -1.6667458630760414, -0.2932902875593445, -0.14161400153073156, -0.42661266327814074, False
-2.998462915260194, 4.609707192840533, -0.9267022797177562, -0.2932902875593445, -0.14161400153073156, -0.42661266327814074, False
-5.048323917352563, -2.3149381386608514, -2.5509748301216524, -0.2932902875593445, -0.14161400153073156, -0.42661266327814074, False
1.3124364526066286, 0.6497967621661171, 1.065339735421741, -0.2932902875593445, -0.14161400153073156, -0.42661266327814074, False
-1.4633028412636362, 4.707068055072325, 0.10734983091877037, -0.2932902875593445, -0.14161400153073156, -0.42661266327814074, False
3.9025305439914817, 1.9833293851687195, -1.6102010559860742, -0.2932902875593445, -0.14161400153073156, -0.42661266327814074, False
6.196958194976807, -1.3166344694141685, -0.9071929264187624, -0.2932902875593445, -0.14161400153073156, -0.42661266327814074, False
-6.241803109909902, 4.861801902127034, 0.8639766007518856, -0.2932902875593445, -0.14161400153073156, -0.42661266327814074, False
-2.01111083529217, 0.8386632289920097, 2.267027561378943, -0.2932902875593445, -0.14161400153073156, -0.42661266327814074, False
-4.667182233223536, -1.460568373583266, -1.6521296964377057, -0.2932902875593445, -0.14161400153073156, -0.42661266327814074, False
-3.353165989809086, -3.455751636935813, 0.456522740046978, -0.2932902875593445, -0.14161400153073156, -0.42661266327814074, False
5.398200235463506, -4.257127594068062, -0.06676520320413237, -0.2932902875593445, -0.14161400153073156, -0.42661266327814074, False
-4.090439020986916, -5.5636364942747605, -0.9556255355478807, -0.2932902875593445, -0.14161400153073156, -0.42661266327814074, False
1.005719933157561, 2.613677794353583, 0.8241953449638992, -0.2932902875593445, -0.14161400153073156, -0.42661266327814074, False
-3.5284131794845592, -4.511249609850192, -0.11910603625207816, -0.2932902875593445, -0.14161400153073156, -0.42661266327814074, False
3.5240757482350187, -6.127811211946025, -2.874342682696991, -0.2932902875593445, -0.14161400153073156, -0.42661266327814074, True
1.6174241007693961, 6.160420864916981, -2.3880970574670957, -0.2932902875593445, -0.14161400153073156, -0.42661266327814074, False
-5.337803911716058, 3.789003363808666, 1.3726107416362598, -0.2932902875593445, -0.14161400153073156, -0.42661266327814074, False
-0.6596199111031522, 0.9164616518491346, 1.7078023599686922, -0.2932902875593445, -0.14161400153073156, -0.42661266327814074, False
4.449782501479582, -4.396298291676764, 0.6850768110723848, -0.2932902875593445, -0.14161400153073156, -0.42661266327814074, False
5.110060006931208, 1.4789076361487172, 3.0372577865419004, -0.2932902875593445, -0.14161400153073156, -0.42661266327814074, True
-1.0535618125692467, 2.461581318659162, -1.1238062769640216, -0.2932902875593445, -0.14161400153073156, -0.42661266327814074, False
2.9257604112581728, -0.6646951742170009, -0.11801268153911693, -0.2932902875593445, -0.14161400153073156, -0.42661266327814074, False
-1.0456514342209244, -4.589208177308565, 2.7735973597144357, -0.2932902875593445, -0.14161400153073156, -0.42661266327814074, False
3.4880282093422394, 0.32147745009068807, -1.9913570362859074, -0.2932902875593445, -0.14161400153073156, -0.42661266327814074, False
4.824836092977067, 5.8101129041269175, 1.4762047497043804, -0.2932902875593445, -0.14161400153073156, -0.42661266327814074, False
-1.6715177972831459, 1.0032711768806717, 2.011309527604955, -0.2932902875593445, -0.14161400153073156, -0.42661266327814074, False
1.4224186564647967, -4.535878148188245, -2.82282819389775, -0.2932902875593445, -0.14161400153073156, -0.42661266327814074, True
1.6964090146441526, 5.564503690575583, -1.1572935433173452, -0.2932902875593445, -0.14161400153073156, -0.42661266327814074, False
3.9645887229690935, -1.6666115298074455, -0.9529643840310444, -0.2932902875593445, -0.14161400153073156, -0.42661266327814074, False
-5.847573291330036, 3.1870919557684143, 1.2707126697212292, -0.2932902875593445, -0.14161400153073156, -0.42661266327814074, False
2.997454090452825, 3.2504687952366442, -0.9780300347217428, -0.2932902875593445, -0.14161400153073156, -0.42661266327814074, False
4.145115514252598, 1.616936901414837, -0.04107748836239988, -0.2932902875593445, -0.14161400153073156, -0.42661266327814074, False
-0.13470034565855737, 5.653220479451779, 0.39136256676574277, -0.2932902875593445, -0.14161400153073156, -0.42661266327814074, False
-1.7733129069051428, 2.803616562254959, -1.0687799247748315, -0.2932902875593445, -0.14161400153073156, -0.42661266327814074, False
0.2538143120970302, 4.15538689842535, -2.159359664806586, -0.2932902875593445, -0.14161400153073156, -0.42661266327814074, False
-4.6181114367031855, 5.346977119803151, -2.767570583019329, -0.2932902875593445, -0.14161400153073156, -0.42661266327814074, False
-1.1721001795539383, 1.1705313140201534, 1.1793988025829192, -0.2932902875593445, -0.14161400153073156, -0.42661266327814074, False
-3.647638674843074, -4.26543941257685, 2.9081038411633067, -0.2932902875593445, -0.14161400153073156, -0.42661266327814074, False
4.841912005420097, -1.22663339984358, 0.05289796267842739, -0.2932902875593445, -0.14161400153073156, -0.42661266327814074, False
4.753468618655228, 4.8415014527765585, -2.9505725090013715, -0.2932902875593445, -0.14161400153073156, -0.42661266327814074, True
-4.877147336930589, 0.7078482721862187, -1.8349045619846565, -0.2932902875593445, -0.14161400153073156, -0.42661266327814074, False
-5.550975983425956, 0.18267446079689886, -2.9296831915476034, -0.2932902875593445, -0.14161400153073156, -0.42661266327814074, True
-5.933408563175009, -1.2772185064283494, 2.227370780276803, -0.2932902875593445, -0.14161400153073156, -0.42661266327814074, False
5.006494306782667, 5.120189313533393, -0.7030472558257403, -0.2932902875593445, -0.14161400153073156, -0.42661266327814074, False
1.133882709511063, 5.196644313660812, 0.01411408841156403, -0.2932902875593445, -0.14161400153073156, -0.42661266327814074, False
6.034664650084665, -0.16621999839466994, 2.6815100266472314, -0.2932902875593445, -0.14161400153073156, -0.42661266327814074, False
5.8202160446866955, -5.875043774574973, -1.2477799270943353, -0.2932902875593445, -0.14161400153073156, -0.42661266327814074, False
4.0895429150000115, -5.888825341703188, 1.4022325881068651, -0.2932902875593445, -0.14161400153073156, -0.42661266327814074, True
2.253385970538572, -5.575979219530185, -2.3453978357205827, -0.2932902875593445, -0.14161400153073156, -0.42661266327814074, False
0.9770807009242644, 0.58772066912183, 1.2261723501129147, -0.2932902875593445, -0.14161400153073156, -0.42661266327814074, False
-5.296488012059333, 1.7327439872537802, 0.30558277350527563, -0.2932902875593445, -0.14161400153073156, -0.42661266327814074, False
4.709462986819375, -3.111983590911197, -2.775199713624442, -0.2932902875593445, -0.14161400153073156, -0.42661266327814074, False
5.689634122359241, -5.377552463411744, 0.17830384960484702, -0.2932902875593445, -0.14161400153073156, -0.42661266327814074, False
-1.0074275142482927, -2.567013168905942, -2.8435307196837076, -0.2932902875593445, -0.14161400153073156, -0.42661266327814074, False
-3.0129440350657806, 5.609751225717185, -2.241918351847911, -0.2932902875593445, -0.14161400153073156, -0.42661266327814074, False
1.1190271781031118, 5.013356598625993, 1.2239954381397995, -0.2932902875593445, -0.14161400153073156, -0.42661266327814074, False
1.202687407281669, -0.4427999750985343, 0.3675138365668782, -0.2932902875593445, -0.14161400153073156, -0.42661266327814074, False
-3.4353872216170718, 4.941080816323993, -2.1136937688961663, -0.2932902875593445, -0.14161400153073156, -0.42661266327814074, False
-0.8583510488714072, -5.5140540899818, -0.14607861922554566, -0.2932902875593445, -0.14161400153073156, -0.42661266327814074, False
3.266981689165725, -4.746655991705403, -0.036738972821965366, -0.2932902875593445, -0.14161400153073156, -0.42661266327814074, False
-6.162008477630513, 0.9645546283949917, -1.5380933105318564, -0.2932902875593445, -0.14161400153073156, -0.42661266327814074, False
-4.677969206498985, -4.075730431190521, -1.066426199582399, -0.2932902875593445, -0.14161400153073156, -0.42661266327814074, False
-5.943397744836675, 5.513985015542412, 0.8667009816087639, -0.2932902875593445, -0.14161400153073156, -0.42661266327814074, False
-5.391256622575138, -1.664217241375785, -2.6417373888721682, -0.2932902875593445, -0.14161400153073156, -0.42661266327814074, False
4.522639309685424, 4.089685458309932, -2.2619820958215895, -0.2932902875593445, -0.14161400153073156, -0.42661266327814074, False
-2.2386855633070235, 4.471693803168147, 0.6817462935418033, -0.2932902875593445, -0.14161400153073156, -0.42661266327814074, False
0.41149481878272187, -6.138005196826449, -3.028617927615758, -0.2932902875593445, -0.14161400153073156, -0.42661266327814074, True
-1.0253047838062512, 3.6509161548639693, -0.6642762029678604, -0.2932902875593445, -0.14161400153073156, -0.42661266327814074, False
-6.2718383605154155, 1.2047625073004502, -2.3413501817319866, -0.2932902875593445, -0.14161400153073156, -0.42661266327814074, False
5.875722156010404, -0.7571886805358812, 0.024776588943560718, -0.2932902875593445, -0.14161400153073156, -0.42661266327814074, False
-0.6784878206123954, 1.9481175426934438, -2.061423273959003, -0.2932902875593445, -0.14161400153073156, -0.42661266327814074, False
-3.694783763265162, -3.7156516450734682, -1.6483579878306156, -0.2932902875593445, -0.14161400153073156, -0.42661266327814074, False
4.506551174975646, 0.44413987794304255, -0.9548743574252305, -0.2932902875593445, -0.14161400153073156, -0.42661266327814074, False
-3.954340694908336, 4.213537027517972, 2.889443295256995, -0.2932902875593445, -0.14161400153073156, -0.42661266327814074, True
5.374112576475964, 5.823117806696155, -2.0001714122548258, -0.2932902875593445, -0.14161400153073156, -0.42661266327814074, False
-4.242694673478081, 2.7206944290749746, 2.769923913445668, -0.2932902875593445, -0.14161400153073156, -0.42661266327814074, False
-1.295032366410771, 1.90124176986345, -0.12591381024935222, -0.2932902875593445, -0.14161400153073156, -0.42661266327814074, False
2.415410185146875, 0.7400013119693725, -0.5548025655833668, -0.2932902875593445, -0.14161400153073156, -0.42661266327814074, False
