-3.3389758065526123, 1.1301884881673177, -2.885893224093465, -0.33142534952418023, 0.49568507044033105, 0.31203068473720375, True
0.6037039105340289, 4.871993274961202, 0.26273603457893113, -0.33142534952418023, 0.49568507044033105, 0.31203068473720375, False
0.2628889727677901, 6.267843251395702, 1.3130744416473181, -0.33142534952418023, 0.49568507044033105, 0.31203068473720375, True
-3.4068203388479867, 1.6912747299909308, -0.8602898284176868, -0.33142534952418023, 0.49568507044033105, 0.31203068473720375, True
-5.128968750880971, 3.092736961092813, 1.0481358500904934, -0.33142534952418023, 0.49568507044033105, 0.31203068473720375, False
2.2669615489112314, -1.0669821800637376, 0.019828532489063022, -0.33142534952418023, 0.49568507044033105, 0.31203068473720375, False
-0.061216031938053916, 2.192722793111736, -1.7162858297603285, -0.33142534952418023, 0.49568507044033105, 0.31203068473720375, True
-5.02625442009041, -1.6978969530074233, 1.8955793905356026, -0.33142534952418023, 0.49568507044033105, 0.31203068473720375, False
1.2097545833925647, -5.63602029738308, -0.5986899541935786, -0.33142534952418023, 0.49568507044033105, 0.31203068473720375, True
-5.382495674018401, 3.1283767239167197, 1.8081218149569036, -0.33142534952418023, 0.49568507044033105, 0.31203068473720375, False
4.450597300984773, -2.2035635911115117, 1.9768479614266408, -0.33142534952418023, 0.49568507044033105, 0.31203068473720375, False
-6.197519083127259, -1.4150499518241233, -0.6262391676412786, -0.33142534952418023, 0.49568507044033105, 0.31203068473720375, False
-2.7001440792664653, -1.9714553837376316, -1.753283161583316, -0.33142534952418023, 0.49568507044033105, 0.31203068473720375, False
4.781530644321345, 1.0595675083468121, 1.1314677666697275, -0.33142534952418023, 0.49568507044033105, 0.31203068473720375, True
-2.7392548377824038, -3.778822603303497, -1.4864604830343402, -0.33142534952418023, 0.49568507044033105, 0.31203068473720375, True
5.453025097053654, -1.8715876306237087, -2.513071609427457, -0.33142534952418023, 0.49568507044033105, 0.31203068473720375, False
-2.0641793366461627, 2.1484088140218915, -2.3880484117034637, -0.33142534952418023, 0.49568507044033105, 0.31203068473720375, True
4.9064040739539685, 2.5451562730560617, -2.6566218275579208, -0.33142534952418023, 0.49568507044033105, 0.31203068473720375, True
2.5833232868401907, -4.095343335088968, 1.6925599064095769, -0.33142534952418023, 0.49568507044033105, 0.31203068473720375, True
-1.4151019168267478, -1.094296885087509, 3.0805779362577743, -0.33142534952418023, 0.49568507044033105, 0.31203068473720375, True
-2.2391562845232373, -2.991329258400017, -0.6820136033985613, -0.33142534952418023, 0.49568507044033105, 0.31203068473720375, True
-1.8623564416520946, 1.1585796786758698, -2.4673502279859294, -0.33142534952418023, 0.49568507044033105, 0.31203068473720375, True
3.83966488465518, 3.664365551221639, -2.9593517122011033, -0.33142534952418023, 0.49568507044033105, 0.31203068473720375, True
0.7359577536791528, 1.4398602593937353, -2.889941508672707, -0.33142534952418023, 0.49568507044033105, 0.31203068473720375, True
-0.628535358721467, 1.8150938767108507, -0.9180742813557097, -0.33142534952418023, 0.49568507044033105, 0.31203068473720375, True
-1.9425389127800976, 1.8021424673972977, -2.7522775553688077, -0.33142534952418023, 0.49568507044033105, 0.31203068473720375, True
0.37475194594498884, -4.131758794771242, -3.028667251996918, -0.33142534952418023, 0.49568507044033105, 0.31203068473720375, True
0.03951885502239527, 0.5728349836266, -0.5322222966054726, -0.33142534952418023, 0.49568507044033105, 0.31203068473720375, True
-0.09516094781614637, 1.515312162028489, -1.525947766944898, -0.33142534952418023, 0.49568507044033105, 0.31203068473720375, True
3.144759159930043, 3.981677166473645, -0.229868139336185, -0.33142534952418023, 0.49568507044033105, 0.31203068473720375, False
-5.140524910480686, -2.9061463542790125, -1.8503199135285768, -0.33142534952418023, 0.49568507044033105, 0.31203068473720375, True
-1.5760024317815766, 4.155415037417839, 2.4840260393522406, -0.33142534952418023, 0.49568507044033105, 0.31203068473720375, False
6.27354927815923, -4.22572930165431, 0.20707153192005157, -0.33142534952418023, 0.49568507044033105, 0.31203068473720375, True
-5.4083481734934065, 4.43530832253637, 0.414062039912086, -0.33142534952418023, 0.49568507044033105, 0.31203068473720375, False
-3.548709202920664, 2.9192027658257604, 1.1437013336622028, -0.33142534952418023, 0.49568507044033105, 0.31203068473720375, True
3.608887042761607, -4.927399399635916, -1.5657341559054208, -0.33142534952418023, 0.49568507044033105, 0.31203068473720375, True
1.2420232498023935, 1.9573832024581375, -2.593310106915969, -0.33142534952418023, 0.49568507044033105, 0.31203068473720375, True
0.34114226051663454, 6.015677292190544, 2.5630661238150516, -0.33142534952418023, 0.49568507044033105, 0.31203068473720375, True
-4.490694290551221, -1.254622265927205, 1.4780966170381262, -0.33142534952418023, 0.49568507044033105, 0.31203068473720375, False
-1.9488229052984183, -1.843034826185062, 1.1835203310443978, -0.33142534952418023, 0.49568507044033105, 0.31203068473720375, False
-4.252910517638928, 4.353286465302467, -1.6569913774526503, -0.33142534952418023, 0.49568507044033105, 0.31203068473720375, False
5.404460803841621, -5.011201941121332, 0.7675139220148957, -0.33142534952418023, 0.49568507044033105, 0.31203068473720375, True
-1.5979260088175993, 1.432091471446844, -2.0585778980973863, -0.33142534952418023, 0.49568507044033105, 0.31203068473720375, True
-1.5676423350358855, 5.147378713392275, 2.5039441583666884, -0.33142534952418023, 0.49568507044033105, 0.31203068473720375, False
-0.8774459067256686, 1.7687469047134528, 0.9270242207512629, -0.33142534952418023, 0.49568507044033105, 0.31203068473720375, True
4.4528629886549815, -0.2841357074785922, 1.6198661066569437, -0.33142534952418023, 0.49568507044033105, 0.31203068473720375, True
-4.766866935758326, 5.362724541799999, 2.4431653658205397, -0.33142534952418023, 0.49568507044033105, 0.31203068473720375, False
2.3242479513236507, -5.5840659094858145, -1.2183973438153353, -0.33142534952418023, 0.49568507044033105, 0.31203068473720375, True
5.151354969253267, 3.751056827825849, 1.4533278120315583, -0.33142534952418023, 0.49568507044033105, 0.31203068473720375, False
3.8348499037066883, 0.27402306608936833, 0.39863175519068816, -0.33142534952418023, 0.49568507044033105, 0.31203068473720375, True
-4.044878005978511, 2.5463727846976916, 1.3183613755947485, -0.33142534952418023, 0.49568507044033105, 0.31203068473720375, True
-5.174622634319338, 4.053604242889882, -0.3828959408590711, -0.33142534952418023, 0.49568507044033105, 0.31203068473720375, False
1.9510841541653932, -1.862125394966796, -2.6889063159344095, -0.33142534952418023, 0.49568507044033105, 0.31203068473720375, False
2.527853726826674, -4.37944619583541, -0.3501987598492615, -0.33142534952418023, 0.49568507044033105, 0.31203068473720375, True
1.5742129771860087, 3.646231130393467, 1.4690963220959832, -0.33142534952418023, 0.49568507044033105, 0.31203068473720375, False
-6.27705876778304, 3.7030165558796764, -1.3652278129687105, -0.33142534952418023, 0.49568507044033105, 0.31203068473720375, False
-2.8102941934867824, -2.3528882117519307, 0.9378233585725653, -0.33142534952418023, 0.49568507044033105, 0.31203068473720375, False
1.0640151459180487, -0.08498795284114724, -0.3961928183102228, -0.33142534952418023, 0.49568507044033105, 0.31203068473720375, False
3.079461346592245, 0.2334817318463891, 1.7740442105279284, -0.33142534952418023, 0.49568507044033105, 0.31203068473720375, True
-3.212341671123071, -1.4435998514936932, 2.4059436684098374, -0.33142534952418023, 0.49568507044033105, 0.31203068473720375, False
0.11169464756186187, -5.31992792187169, 0.09890816564697769, -0.33142534952418023, 0.49568507044033105, 0.31203068473720375, True
5.26542623598915, 2.892332280652534, -2.2134215176951493, -0.33142534952418023, 0.49568507044033105, 0.31203068473720375, True
-2.3651287695613505, -0.4695871462219321, -3.0144227305288047, -0.33142534952418023, 0.49568507044033105, 0.31203068473720375, True
1.354061042888831, 5.411478093058207, 2.2125796621450347, -0.33142534952418023, 0.49568507044033105, 0.31203068473720375, False
-1.0850566531619155, 0.44304930099479733, 1.563301066438342, -0.33142534952418023, 0.49568507044033105, 0.31203068473720375, True
-3.377947814863519, -2.78967240962633, 1.2606545904108089, -0.33142534952418023, 0.49568507044033105, 0.31203068473720375, False
-5.760035926926126, 3.5442361981737367, -0.5239992011802981, -0.33142534952418023, 0.49568507044033105, 0.31203068473720375, False
5.18075354258635, -4.955268052663767, -0.18993872956583768, -0.33142534952418023, 0.49568507044033105, 0.31203068473720375, True
-4.008616980843439, -0.9977844132051432, -0.6297298644366136, -0.33142534952418023, 0.49568507044033105, 0.31203068473720375, False
-5.653678720506088, -5.492616441746026, -1.5364081233491638, -0.33142534952418023, 0.49568507044033105, 0.31203068473720375, True
0.8110380120193366, -1.6070835309538634, -1.041672042373766, -0.33142534952418023, 0.49568507044033105, 0.31203068473720375, False
2.1906641652963845, 3.7105314414880244, 1.793846690973048, -0.33142534952418023, 0.49568507044033105, 0.31203068473720375, False
0.4440958039740064, 5.412012450417405, 0.9323287349401443, -0.33142534952418023, 0.49568507044033105, 0.31203068473720375, False
2.606340499864647, 5.990705438257237, -2.3141439247013627, -0.33142534952418023, 0.49568507044033105, 0.31203068473720375, False
-5.10294330943532, -3.3551691535542845, -1.2056712141922243, -0.33142534952418023, 0.49568507044033105, 0.31203068473720375, True
-5.747805722666147, 1.2273397357257156, -0.9408579939789239, -0.33142534952418023, 0.49568507044033105, 0.31203068473720375, True
-1.8283406813900225, -5.088481016871622, -2.511481642847704, -0.33142534952418023, 0.49568507044033105, 0.31203068473720375, True
4.301777466702809, 2.6533679752235404, -1.2191966470646836, -0.33142534952418023, 0.49568507044033105, 0.31203068473720375, True
6.150736302819983, 6.117935383089291, 3.0864761758679746, -0.33142534952418023, 0.49568507044033105, 0.31203068473720375, True
0.6702738537774531, 0.20942128302027463, 0.7764309349533582, -0.33142534952418023, 0.49568507044033105, 0.31203068473720375, True
2.305149133757361, 1.695331607938396, -2.427968957036071, -0.33142534952418023, 0.49568507044033105, 0.31203068473720375, True
-2.0547089789906225, -4.631377965240424, -0.25224632501428523, -0.33142534952418023, 0.49568507044033105, 0.31203068473720375, True
-2.84634790746411, -1.6895965053286748, 0.9508384156055607, -0.33142534952418023, 0.49568507044033105, 0.31203068473720375, False
3.8677352549259325, -5.381957213423287, 2.2865874486148607, -0.33142534952418023, 0.49568507044033105, 0.31203068473720375, True
0.2386807686398562, -0.8361467660697324, -1.335425304380605, -0.33142534952418023, 0.49568507044033105, 0.31203068473720375, False
4.250412278403875, -1.0294924292572931, 2.5403709152869807, -0.33142534952418023, 0.49568507044033105, 0.31203068473720375, False
4.067528376437565, -0.4391958516553309, -1.0003308630969827, -0.33142534952418023, 0.49568507044033105, 0.31203068473720375, False
1.7261104421693076, -0.18553810110175384, 1.2838287579840602, -0.33142534952418023, 0.49568507044033105, 0.31203068473720375, True
5.884141616404488, 3.5238866136197355, 1.1832096057689547, -0.33142534952418023, 0.49568507044033105, 0.31203068473720375, False
-4.785833914269486, -3.6327753585718927, -1.473039664894169, -0.33142534952418023, 0.49568507044033105, 0.31203068473720375, True
1.3702490321857717, -2.7280102504892234, -2.1196118253320497, -0.33142534952418023, 0.49568507044033105, 0.31203068473720375, True
-3.285500437132716, 0.5952923188764441, 0.3559309487886657, -0.33142534952418023, 0.49568507044033105, 0.31203068473720375, True
-5.952659165053211, 1.0799715601668431, -3.01583812954061, -0.33142534952418023, 0.49568507044033105, 0.31203068473720375, True
-2.1908204556702584, 0.8120577871680705, 2.366484974937504, -0.33142534952418023, 0.49568507044033105, 0.31203068473720375, True
-3.2655860508589996, 4.175142719432282, -0.8518220047879801, -0.33142534952418023, 0.49568507044033105, 0.31203068473720375, False
1.895606978554003, -4.350999313588155, -1.496427084258377, -0.33142534952418023, 0.49568507044033105, 0.31203068473720375, True
6.021858263732307, -5.370579591647965, -2.0676035493072504, -0.33142534952418023, 0.49568507044033105, 0.31203068473720375, True
4.78933265041778, -3.8573908412160174, -1.3956819109959202, -0.33142534952418023, 0.49568507044033105, 0.31203068473720375, True
-3.7016355932410985, -0.6152793527920828, -1.0084982575609809, -0.33142534952418023, 0.49568507044033105, 0.31203068473720375, False
1.162740232895139, 4.39915585045107, -0.9637247567547225, -0.33142534952418023, 0.49568507044033105, 0.31203068473720375, False
-4.287121942658869, -1.986553536565749, -3.1201211699442095, -0.33142534952418023, 0.49568507044033105, 0.31203068473720375, True
-4.891746667528651, 1.2635770289720432, 1.7245741912541188, -0.33142534952418023, 0.49568507044033105, 0.31203068473720375, True
2.298337101346517, -4.879728380186121, 0.4572682166851645, -0.33142534952418023, 0.49568507044033105, 0.31203068473720375, True
0.6877125034321079, -3.9473475129282685, 2.4109775936628006, -0.33142534952418023, 0.49568507044033105, 0.31203068473720375, True
-2.2751975571437377, 0.13876229753559244, -2.1120342920608985, -0.33142534952418023, 0.49568507044033105, 0.31203068473720375, True
2.1152360567519928, 5.314531416766217, -1.1505020406690554, -0.33142534952418023, 0.49568507044033105, 0.31203068473720375, False
5.216390483344885, 2.624442101412347, -1.5663114925015515, -0.33142534952418023, 0.49568507044033105, 0.31203068473720375, True
-1.3055161274218214, 0.43432668168308197, 1.2205582496444283, -0.33142534952418023, 0.49568507044033105, 0.31203068473720375, True
-3.188450793312692, -4.9740474236616565, -0.09956924562393654, -0.33142534952418023, 0.49568507044033105, 0.31203068473720375, True
1.179653657849098, 1.980392645904674, 2.710297276334403, -0.33142534952418023, 0.49568507044033105, 0.31203068473720375, True
-5.7116924589377795, 0.7274688430759122, -0.4112996626215937, -0.33142534952418023, 0.49568507044033105, 0.31203068473720375, True
-0.5249172154374513, 3.510107695743157, 0.9246737549590787, -0.33142534952418023, 0.49568507044033105, 0.31203068473720375, False
-1.6512028459247485, 5.853842760657839, 3.048088189454699, -0.33142534952418023, 0.49568507044033105, 0.31203068473720375, True
-5.289345803608653, -4.20488306261557, 1.45673398486384, -0.33142534952418023, 0.49568507044033105, 0.31203068473720375, True
2.9082047674546914, -1.0762514745431888, 2.0228241468667667, -0.33142534952418023, 0.49568507044033105, 0.31203068473720375, False
-4.913150140067892, -0.44237264440493984, 1.5961866928166382, -0.33142534952418023, 0.49568507044033105, 0.31203068473720375, True
5.887473194146391, -5.100431521655696, -0.4555873591236863, -0.33142534952418023, 0.49568507044033105, 0.31203068473720375, True
3.5634791323213584, -5.858861415162503, -2.023598159997893, -0.33142534952418023, 0.49568507044033105, 0.31203068473720375, True
-2.082372916781405, 4.427148411836139, -2.883936113654524, -0.33142534952418023, 0.49568507044033105, 0.31203068473720375, False
-6.258889036429124, 1.6515606202775635, 0.5907710529755357, -0.33142534952418023, 0.49568507044033105, 0.31203068473720375, True
0.12927166526794753, -1.838195119610968, 0.7140458448422238, -0.33142534952418023, 0.49568507044033105, 0.31203068473720375, False
-4.58588439457462, -4.11295347320778, 0.7226414430854811, -0.33142534952418023, 0.49568507044033105, 0.31203068473720375, True
5.76455858385911, 5.4025416592288344, -0.24664809798193055, -0.33142534952418023, 0.49568507044033105, 0.31203068473720375, False
1.5144647300639118, -0.49662286551268764, -1.9149214216669947, -0.33142534952418023, 0.49568507044033105, 0.31203068473720375, False
1.3456567351307864, 4.174561523686412, 2.0475575287819057, -0.33142534952418023, 0.49568507044033105, 0.31203068473720375, False
4.370398687423247, -4.656292894430969, 0.19594936034031152, -0.33142534952418023, 0.49568507044033105, 0.31203068473720375, True
3.0911444204535528, -3.593074849558488, 1.2804091395676034, -0.33142534952418023, 0.49568507044033105, 0.31203068473720375, True
0.9651817269435412, 1.416858016342836, 1.791201356995745, -0.33142534952418023, 0.49568507044033105, 0.31203068473720375, True
-0.6623758582566088, -4.568070609795191, 0.7121277917796545, -0.33142534952418023, 0.49568507044033105, 0.31203068473720375, True
-3.349977331392082, 4.215149975793343, -3.1199893589011265, -0.33142534952418023, 0.49568507044033105, 0.31203068473720375, True
3.6387110227358708, 3.8173721478379434, 0.11409303083120825, -0.33142534952418023, 0.49568507044033105, 0.31203068473720375, False
-3.227489356309649, 1.4726386121177235, 2.924094663784306, -0.33142534952418023, 0.49568507044033105, 0.31203068473720375, True
-0.38412404461745897, -0.9550828298073037, -1.9462076594844622, -0.33142534952418023, 0.49568507044033105, 0.31203068473720375, False
-0.5541122087337529, 2.3729503307198403, -0.4749727857438022, -0.33142534952418023, 0.49568507044033105, 0.31203068473720375, True
-0.30776294053855136, 2.544480273305707, 2.269946276339561, -0.33142534952418023, 0.49568507044033105, 0.31203068473720375, True
2.939368660521893, -1.647274748040493, 1.440494411496699, -0.33142534952418023, 0.49568507044033105, 0.31203068473720375, False
1.3377385934639134, -0.5612002953524664, 3.052144528065785, -0.33142534952418023, 0.49568507044033105, 0.31203068473720375, True
1.7046513404808445, 1.406424581975232, 1.7819112268032775, -0.33142534952418023, 0.49568507044033105, 0.31203068473720375, True
4.104091255869768, 5.754946560274362, 0.37937180054515185, -0.33142534952418023, 0.49568507044033105, 0.31203068473720375, False
5.355271300919945, 0.8493328174316126, -1.0142874246173306, -0.33142534952418023, 0.49568507044033105, 0.31203068473720375, True
1.0688012674638951, -1.814338527682037, 0.00841138001270103, -0.33142534952418023, 0.49568507044033105, 0.31203068473720375, False
0.41537730352741153, -3.838958375091056, -2.4488630392293347, -0.33142534952418023, 0.49568507044033105, 0.31203068473720375, True
-5.709825882447299, -4.57503697874402, 2.5411648204129067, -0.33142534952418023, 0.49568507044033105, 0.31203068473720375, True
3.603987167284373, 2.6254887842629078, -3.0324783799490893, -0.33142534952418023, 0.49568507044033105, 0.31203068473720375, True
-1.9893407313028204, -1.2987254258577687, -2.3220803596998274, -0.33142534952418023, 0.49568507044033105, 0.31203068473720375, False
-2.2558558075094908, -0.646281721846762, -0.8973871134189384, -0.33142534952418023, 0.49568507044033105, 0.31203068473720375, False
-2.827406781860664, 5.2538845017978115, -1.607371564735229, -0.33142534952418023, 0.49568507044033105, 0.31203068473720375, False
5.548546727706787, -0.797708273258686, -2.644753298326555, -0.33142534952418023, 0.49568507044033105, 0.31203068473720375, False
-1.9114409992425179, 3.8269339319534037, -0.1899479738650176, -0.33142534952418023, 0.49568507044033105, 0.31203068473720375, False
3.9928586051630663, 5.34515185154282, 2.4013718252534977, -0.33142534952418023, 0.49568507044033105, 0.31203068473720375, False
-3.4267691108169522, -2.370216045529647, 1.1010611107533634, -0.33142534952418023, 0.49568507044033105, 0.31203068473720375, False
-1.7595325264395951, -2.8578831432248544, 2.7511873426912246, -0.33142534952418023, 0.49568507044033105, 0.31203068473720375, False
-4.895712839523174, 6.180799413683713, 2.4127729486718215, -0.33142534952418023, 0.49568507044033105, 0.31203068473720375, True
0.8608290104359471, -2.9062804584073736, 2.272461810920672, -0.33142534952418023, 0.49568507044033105, 0.31203068473720375, False
-1.7361188532698115, 1.647854488791154, 1.6366103073823064, -0.33142534952418023, 0.49568507044033105, 0.31203068473720375, True
2.9822437356921547, 3.6010569363172973, -3.1143620778160654, -0.33142534952418023, 0.49568507044033105, 0.31203068473720375, True
5.411151176009721, 2.5180992743883834, -0.6241861056033158, -0.33142534952418023, 0.49568507044033105, 0.31203068473720375, True
-1.6716143936498709, -5.687289496429975, -2.561783867089827, -0.33142534952418023, 0.49568507044033105, 0.31203068473720375, True
-3.8095539570454, -5.3865693876234, -0.3759064644723318, -0.33142534952418023, 0.49568507044033105, 0.31203068473720375, True
-4.068362563795066, 5.427918240049603, -0.49209775968682257, -0.33142534952418023, 0.49568507044033105, 0.31203068473720375, False
-5.571417727093158, -3.9620126958207518, 1.1170269699977897, -0.33142534952418023, 0.49568507044033105, 0.31203068473720375, True
-2.6476555396145542, 2.3451601264020177, -1.0552578274662667, -0.33142534952418023, 0.49568507044033105, 0.31203068473720375, True
-1.2382401699627534, -5.965817911720117, -0.39163877200175534, -0.33142534952418023, 0.49568507044033105, 0.31203068473720375, True
3.370155718287208, 4.267471347232576, 1.7994819774560833, -0.33142534952418023, 0.49568507044033105, 0.31203068473720375, False
5.296254788440354, 0.0003698140989998322, 1.6175755620222727, -0.33142534952418023, 0.49568507044033105, 0.31203068473720375, True
0.26858481784238464, -0.07584766486485162, 1.4866060043273128, -0.33142534952418023, 0.49568507044033105, 0.31203068473720375, True
4.645605440366545, -0.9980469685632993, 1.3064382776099839, -0.33142534952418023, 0.49568507044033105, 0.31203068473720375, False
-1.2604075909085077, -2.502128401416857, -0.4948296172145721, -0.33142534952418023, 0.49568507044033105, 0.31203068473720375, False
2.315889827489025, 6.131002882952609, -1.0707434262674607, -0.33142534952418023, 0.49568507044033105, 0.31203068473720375, True
-1.4344921793084975, -1.166877270050473, -0.5390490699820982, -0.33142534952418023, 0.49568507044033105, 0.31203068473720375, False
3.298471073036989, 2.3103598982350455, 1.203717833136059, -0.33142534952418023, 0.49568507044033105, 0.31203068473720375, True
-4.5030776034310485, 1.9145375646058405, -2.9493722698120366, -0.33142534952418023, 0.49568507044033105, 0.31203068473720375, True
4.90598282806361, -2.881419951523325, -2.8244971059770876, -0.33142534952418023, 0.49568507044033105, 0.31203068473720375, True
-5.446219642901589, -4.677062866151228, -0.7951898373785, -0.33142534952418023, 0.49568507044033105, 0.31203068473720375, True
-6.275329642734721, -3.1412472595852003, 2.8879907189984912, -0.33142534952418023, 0.49568507044033105, 0.31203068473720375, True
-5.455492647426681, 0.5977608061403785, -0.8305012593079963, -0.33142534952418023, 0.49568507044033105, 0.31203068473720375, True
-0.08668355987616039, 4.599574073314987, 2.4889175315429757, -0.33142534952418023, 0.49568507044033105, 0.31203068473720375, False
-1.6412448723458848, 1.4208742086870547, 2.2679903246760666, -0.33142534952418023, 0.49568507044033105, 0.31203068473720375, True
2.878490033869843, 5.411075872719399, 1.8240770293872055, -0.33142534952418023, 0.49568507044033105, 0.31203068473720375, False
1.4377632417246424, -3.5795292120190463, 2.788740814353604, -0.33142534952418023, 0.49568507044033105, 0.31203068473720375, True
-3.4298775852678673, -5.545307947077529, -2.8258121085660832, -0.33142534952418023, 0.49568507044033105, 0.31203068473720375, True
4.1168725370913055, 1.2326131561135218, 1.6685007430259882, -0.33142534952418023, 0.49568507044033105, 0.31203068473720375, True
-1.659924006629816, -4.5917243830663494, -1.2934183079621602, -0.33142534952418023, 0.49568507044033105, 0.31203068473720375, True
5.664449116542631, -5.061185938570819, -0.6522729428681173, -0.33142534952418023, 0.49568507044033105, 0.31203068473720375, True
-4.262706831692215, -0.2545047136859413, 0.23407801129283756, -0.33142534952418023, 0.49568507044033105, 0.31203068473720375, True
1.1065592454902236, -2.976971691800628, -2.752917247386697, -0.33142534952418023, 0.49568507044033105, 0.31203068473720375, True
-0.9548890419030771, -0.24688140078624965, -2.6717589023694206, -0.33142534952418023, 0.49568507044033105, 0.31203068473720375, False
-4.675035370897765, 4.950462551872464, -1.5466876316300486, -0.33142534952418023, 0.49568507044033105, 0.31203068473720375, False
3.4777966895486703, -4.837232378251646, -1.1888192848316388, -0.33142534952418023, 0.49568507044033105, 0.31203068473720375, True
-0.06164231206377213, 3.5086954452508046, 1.7622999632526222, -0.33142534952418023, 0.49568507044033105, 0.31203068473720375, False
-0.7027185813701209, -4.54340029478349, 0.42677049945244816, -0.33142534952418023, 0.49568507044033105, 0.31203068473720375, True
-3.5819052272007985, -4.399613896395541, -0.7275395518423822, -0.33142534952418023, 0.49568507044033105, 0.31203068473720375, True
3.2599356404639934, -2.0297217242701224, 2.7959752591388636, -0.33142534952418023, 0.49568507044033105, 0.31203068473720375, False
-5.414537042081345, 2.005940294526763, 3.07410141155328, -0.33142534952418023, 0.49568507044033105, 0.31203068473720375, True
0.07141989534777515, 3.919721402539915, -2.7438860382528043, -0.33142534952418023, 0.49568507044033105, 0.31203068473720375, False
0.4985834669485891, 4.922735429862721, 2.120531876553975, -0.33142534952418023, 0.49568507044033105, 0.31203068473720375, False
3.0974026246731245, -2.7539132497870673, 2.1994862116172884, -0.33142534952418023, 0.49568507044033105, 0.31203068473720375, False
-5.810975594437135, -4.318077086331658, -2.9118363133755336, -0.33142534952418023, 0.49568507044033105, 0.31203068473720375, True
-0.8378689380174995, 3.3159687788738736, 2.9018011465727973, -0.33142534952418023, 0.49568507044033105, 0.31203068473720375, True
-2.9140953882923823, -2.2041231489934896, 0.9685349842650011, -0.33142534952418023, 0.49568507044033105, 0.31203068473720375, False
