0.4517548828183866, 1.5304543497627785, 1.759077213966454, 0.3210663648630181, 0.2023398054330653, 0.4142790805577521, False
-5.158047853257515, -2.3747935622788043, -2.7790860009375176, 0.3210663648630181, 0.2023398054330653, 0.4142790805577521, False
-1.9409931980755664, -4.974520524536699, 1.3657758745289827, 0.3210663648630181, 0.2023398054330653, 0.4142790805577521, False
-2.9878294581759874, 0.4090456763826875, -1.9445321679541934, 0.3210663648630181, 0.2023398054330653, 0.4142790805577521, False
-4.307358168317116, -3.269928131705952, 2.619552253128333, 0.3210663648630181, 0.2023398054330653, 0.4142790805577521, False
-4.547190583350679, 1.514106502245971, -1.226607089440929, 0.3210663648630181, 0.2023398054330653, 0.4142790805577521, False
-5.471640556369818, -4.449364746736103, 1.25569045135253, 0.3210663648630181, 0.2023398054330653, 0.4142790805577521, False
-2.2103648836321677, -3.261743312162823, 0.5614212982284039, 0.3210663648630181, 0.2023398054330653, 0.4142790805577521, False
5.908246221466282, 3.3901159808073853, 3.0469215325873042, 0.3210663648630181, 0.2023398054330653, 0.4142790805577521, True
-2.2602434072543636, 1.137072881202803, 2.705633307151647, 0.3210663648630181, 0.2023398054330653, 0.4142790805577521, False
-5.260553183748836, 4.452134680601599, -0.06829485946210001, 0.3210663648630181, 0.2023398054330653, 0.4142790805577521, False
5.017475746245042, -3.7437620496435433, -3.0153739615037196, 0.3210663648630181, 0.2023398054330653, 0.4142790805577521, True
0.1292696466108767, -5.321778643694205, 1.4791139748265376, 0.3210663648630181, 0.2023398054330653, 0.4142790805577521, False
-1.5479600286900341, 0.1881889813439681, -2.1656327008948963, 0.3210663648630181, 0.2023398054330653, 0.4142790805577521, False
-6.09632616859157, -2.87040176962343, 0.5861042004319805, 0.3210663648630181, 0.2023398054330653, 0.4142790805577521, False
-2.481671108200377, -3.9830571394407603, -2.4608883377381945, 0.3210663648630181, 0.2023398054330653, 0.4142790805577521, False
4.269927111187302, 3.4548132173775272, 0.6404309058538478, 0.3210663648630181, 0.2023398054330653, 0.4142790805577521, False
5.1070306165884745, 5.122321335936697, 2.556841416482194, 0.3210663648630181, 0.2023398054330653, 0.4142790805577521, False
-3.867328740427833, 1.4761722920839357, 0.020295767696363765, 0.3210663648630181, 0.2023398054330653, 0.4142790805577521, False
4.288587334991824, 2.309591522588976, 1.4504875474678638, 0.3210663648630181, 0.2023398054330653, 0.4142790805577521, False
2.0912181261372087, 1.5093421777844513, -2.2421094215283777, 0.3210663648630181, 0.2023398054330653, 0.4142790805577521, False
3.9298418850198438, -0.5442057210395355, 3.1411883652276797, 0.3210663648630181, 0.2023398054330653, 0.4142790805577521, True
-0.14699317787865418, 5.150666576562752, 2.5782309672592945, 0.3210663648630181, 0.2023398054330653, 0.4142790805577521, True
-4.125824740919347, -3.4703546486793795, 1.9673987674891906, 0.3210663648630181, 0.2023398054330653, 0.4142790805577521, False
5.930760184551868, -1.2146858279401522, 0.8336846423082176, 0.3210663648630181, 0.2023398054330653, 0.4142790805577521, True
-3.558990743360873, 5.453619343874168, 0.5061414394699604, 0.3210663648630181, 0.2023398054330653, 0.4142790805577521, False
1.8327046944770053, -6.068970177455693, 1.1271703405066678, 0.3210663648630181, 0.2023398054330653, 0.4142790805577521, False
-6.014513150057869, -1.364545845927502, 0.4598179918146772, 0.3210663648630181, 0.2023398054330653, 0.4142790805577521, False
4.751248687019979, 1.0761719216747778, -2.230091830878432, 0.3210663648630181, 0.2023398054330653, 0.4142790805577521, False
4.497109310703278, 2.0340697165590207, 2.629274520153512, 0.3210663648630181, 0.2023398054330653, 0.4142790805577521, False
2.623711733520077, -3.5795579543899976, 0.7737805488110903, 0.3210663648630181, 0.2023398054330653, 0.4142790805577521, False
5.068958738519969, -0.036240149682568834, -2.1593250628708383, 0.3210663648630181, 0.2023398054330653, 0.4142790805577521, False
-4.568082560431808, 3.8456978200547276, -1.066146134035821, 0.3210663648630181, 0.2023398054330653, 0.4142790805577521, False
-2.376521860680828, -4.276293291072463, 1.8893453566193212, 0.3210663648630181, 0.2023398054330653, 0.4142790805577521, False
-3.6760904710480378, -6.154802357694713, 1.9306024122761638, 0.3210663648630181, 0.2023398054330653, 0.4142790805577521, False
-2.908309051232359, -6.268955989879242, -1.5815010907929103, 0.3210663648630181, 0.2023398054330653, 0.4142790805577521, False
-0.5002810840988845, -1.5775149790341905, -2.064888716265078, 0.3210663648630181, 0.2023398054330653, 0.4142790805577521, False
-5.643194751329079, 2.1741744886701593, -0.6824581488070396, 0.3210663648630181, 0.2023398054330653, 0.4142790805577521, False
2.844059436742338, -0.3403868582256626, 2.5373933267701023, 0.3210663648630181, 0.2023398054330653, 0.4142790805577521, False
-3.682295624398861, -5.383768303385836, 0.7162106113201627, 0.3210663648630181, 0.2023398054330653, 0.4142790805577521, False
-4.733849455623569, 5.615077399270399, -0.9452866768176946, 0.3210663648630181, 0.2023398054330653, 0.4142790805577521, False
0.14181248605636743, 5.623903674166719, 1.5994769314200425, 0.3210663648630181, 0.2023398054330653, 0.4142790805577521, True
0.19162766227760386, 1.258478957024213, -1.8744133454987013, 0.3210663648630181, 0.2023398054330653, 0.4142790805577521, False
2.0678431214774395, -2.2077923222884737, -1.1105839648770344, 0.3210663648630181, 0.2023398054330653, 0.4142790805577521, False
-1.0587631297392868, 2.9363296452026493, -3.09134983704382, 0.3210663648630181, 0.2023398054330653, 0.4142790805577521, True
0.7584371549358355, 0.42277213851717566, 1.1129717392635543, 0.3210663648630181, 0.2023398054330653, 0.4142790805577521, False
4.088501348063739, 1.3577619456161028, -0.41046511963018295, 0.3210663648630181, 0.2023398054330653, 0.4142790805577521, False
-5.716133964541927, 3.92200453105424, 0.3623578568930701, 0.3210663648630181, 0.2023398054330653, 0.4142790805577521, False
0.8505810374908576, -5.223732230246778, -2.0415273955036684, 0.3210663648630181, 0.2023398054330653, 0.4142790805577521, False
2.7325644439722634, -0.5464693775044465, -2.762667370336586, 0.3210663648630181, 0.2023398054330653, 0.4142790805577521, False
-4.913607836719553, -3.6282271747102053, 1.2750711162094701, 0.3210663648630181, 0.2023398054330653, 0.4142790805577521, False
-5.275378546959778, 0.3602588278490684, -1.7481150923228372, 0.3210663648630181, 0.2023398054330653, 0.4142790805577521, False
1.0561246298001192, 3.7142986576019617, 1.382006554643758, 0.3210663648630181, 0.2023398054330653, 0.4142790805577521, False
-6.087955533729436, -0.4455892158948931, 2.532177541756428, 0.3210663648630181, 0.2023398054330653, 0.4142790805577521, True
1.8153799965682929, 0.10274247885318477, 3.074464003788467, 0.3210663648630181, 0.2023398054330653, 0.4142790805577521, True
4.420554796688117, 5.738060132782149, 1.634957127600936, 0.3210663648630181, 0.2023398054330653, 0.4142790805577521, False
4.853343318099473, -5.037911512260483, -1.3655870020601513, 0.3210663648630181, 0.2023398054330653, 0.4142790805577521, False
3.692131039863664, 2.4095721655317472, -2.404116253837788, 0.3210663648630181, 0.2023398054330653, 0.4142790805577521, False
-3.2725977929119816, 2.348481770225897, 2.9184363543938083, 0.3210663648630181, 0.2023398054330653, 0.4142790805577521, True
3.985170901973426, 5.870338858905454, -2.1850878940124936, 0.3210663648630181, 0.2023398054330653, 0.4142790805577521, False
4.1785384246653585, -6.152179588390418, 1.6901514256695371, 0.3210663648630181, 0.2023398054330653, 0.4142790805577521, False
-6.021695001675507, 0.8115457839345348, -2.2026362923289664, 0.3210663648630181, 0.2023398054330653, 0.4142790805577521, False
4.3830612929338155, 4.957000727370275, -0.6277009201345174, 0.3210663648630181, 0.2023398054330653, 0.4142790805577521, False
2.0904319089852628, 3.9455080768228683, 2.696754851253214, 0.3210663648630181, 0.2023398054330653, 0.4142790805577521, False
-3.9563669929128387, -3.5580831788938414, 2.5732870669374934, 0.3210663648630181, 0.2023398054330653, 0.4142790805577521, False
5.065232695943715, 5.293832360919357, 1.5396090761940995, 0.3210663648630181, 0.2023398054330653, 0.4142790805577521, False
-0.9584321668428561, 2.7855093484606837, -1.8584019779248926, 0.3210663648630181, 0.2023398054330653, 0.4142790805577521, False
3.4587334498530655, 5.8328192692160385, 0.7655868521935139, 0.3210663648630181, 0.2023398054330653, 0.4142790805577521, False
-3.939709461068703, -1.8420578318859935, -1.5331027538829103, 0.3210663648630181, 0.2023398054330653, 0.4142790805577521, False
3.443610176991715, -3.368586369296297, -2.028394970649691, 0.3210663648630181, 0.2023398054330653, 0.4142790805577521, False
-1.2718078191701272, 5.985395888783568, 1.2480265882022632, 0.3210663648630181, 0.2023398054330653, 0.4142790805577521, False
2.5951240130700306, 4.487654435339403, 2.1098177825981477, 0.3210663648630181, 0.2023398054330653, 0.4142790805577521, False
-5.456794544111949, -4.570412025118113, 0.6185072501533564, 0.3210663648630181, 0.2023398054330653, 0.4142790805577521, False
-0.35486425378692665, -3.121672673473744, 2.772982792627986, 0.3210663648630181, 0.2023398054330653, 0.4142790805577521, False
-5.934602315828475, 3.585719487602251, -0.5385640829687266, 0.3210663648630181, 0.2023398054330653, 0.4142790805577521, False
5.935454724306597, -4.9644415456427655, -2.002879772547336, 0.3210663648630181, 0.2023398054330653, 0.4142790805577521, False
-3.546228150543695, 2.039684407432949, -2.734050495875216, 0.3210663648630181, 0.2023398054330653, 0.4142790805577521, False
-3.2632705245114955, 5.3259610721978135, -2.199805300139473, 0.3210663648630181, 0.2023398054330653, 0.4142790805577521, False
-5.652202252306771, -4.177268010525395, -0.9238233653563874, 0.3210663648630181, 0.2023398054330653, 0.4142790805577521, False
-1.0423716448378704, -4.518970534183147, 0.10877211285874466, 0.3210663648630181, 0.2023398054330653, 0.4142790805577521, False
3.772153357821489, -1.493328627452862, 0.38935983805107677, 0.3210663648630181, 0.2023398054330653, 0.4142790805577521, False
-3.2514102917452616, 4.656149301378981, -0.5255059128786632, 0.3210663648630181, 0.2023398054330653, 0.4142790805577521, False
6.215394027548189, -2.4951849044432794, -2.5301470641675436, 0.3210663648630181, 0.2023398054330653, 0.4142790805577521, False
5.026293866973512, -4.007977553620039, 2.14925297275619, 0.3210663648630181, 0.2023398054330653, 0.4142790805577521, False
-5.4044510199169045, -5.453476485948528, -3.067947446647813, 0.3210663648630181, 0.2023398054330653, 0.4142790805577521, True
0.8402305521445799, 2.022714434894201, -0.7724871564467786, 0.3210663648630181, 0.2023398054330653, 0.4142790805577521, False
-5.728843606565856, -3.0541639008371626, -3.0267174178445218, 0.3210663648630181, 0.2023398054330653, 0.4142790805577521, True
-5.153829798156139, 5.259748530011446, 1.8889092058477752, 0.3210663648630181, 0.2023398054330653, 0.4142790805577521, False
6.236938494768889, -3.0089352472570914, 1.9034685823544049, 0.3210663648630181, 0.2023398054330653, 0.4142790805577521, False
-5.774637720005364, -0.3208028401421261, 2.781982877490126, 0.3210663648630181, 0.2023398054330653, 0.4142790805577521, False
-0.1419784162177553, -2.799738894307886, -2.676471624915022, 0.3210663648630181, 0.2023398054330653, 0.4142790805577521, False
-5.097221077583788, -5.053882981120783, -0.93941339151778, 0.3210663648630181, 0.2023398054330653, 0.4142790805577521, False
-5.045760327561849, -0.44958628601206296, 2.0834823429528138, 0.3210663648630181, 0.2023398054330653, 0.4142790805577521, False
5.356388770040043, -5.039023561629488, -1.090176594393009, 0.3210663648630181, 0.2023398054330653, 0.4142790805577521, False
0.4629384788089048, -6.25880628858874, 1.819646406735031, 0.3210663648630181, 0.2023398054330653, 0.4142790805577521, False
-4.19833098473224, 5.791573175658256, -1.821708417562629, 0.3210663648630181, 0.2023398054330653, 0.4142790805577521, False
0.6566773559683003, 4.215445962518897, 2.4639118775021904, 0.3210663648630181, 0.2023398054330653, 0.4142790805577521, False
-4.071060230385893, 4.276928941851764, 2.5436685980258, 0.3210663648630181, 0.2023398054330653, 0.4142790805577521, False
2.5437481997630194, 1.1061449736034694, -2.442822112118723, 0.3210663648630181, 0.2023398054330653, 0.4142790805577521, False
-4.536987976316032, -1.0423718192840727, -0.5601607191689761, 0.3210663648630181, 0.2023398054330653, 0.4142790805577521, False
