-2.8899745568092814, -5.927551828890831, -2.8713798543862716, 0.36020525662577774, -0.17849260599728922, 0.2772647375318853, True
-5.355018758489645, -4.060518673437192, 1.1115329907524165, 0.36020525662577774, -0.17849260599728922, 0.2772647375318853, False
-1.271047169823376, -5.42269779734, -1.8799233054225242, 0.36020525662577774, -0.17849260599728922, 0.2772647375318853, False
3.683974540966691, 5.768875879332514, -2.4375520095698517, 0.36020525662577774, -0.17849260599728922, 0.2772647375318853, False
3.946325150762691, 5.424279466996715, 2.7492814621758077, 0.36020525662577774, -0.17849260599728922, 0.2772647375318853, False
-2.932274352720507, -5.850483336726465, -1.6873817544786311, 0.36020525662577774, -0.17849260599728922, 0.2772647375318853, False
1.2203330475938676, 1.0556104630965901, 1.0088892154817657, 0.36020525662577774, -0.17849260599728922, 0.2772647375318853, False
-2.556726996116001, -5.334560942471924, 1.2714557964005468, 0.36020525662577774, -0.17849260599728922, 0.2772647375318853, False
5.48132019376259, -3.277162324637546, -1.8647016144973934, 0.36020525662577774, -0.17849260599728922, 0.2772647375318853, False
1.6247848864982855, -2.9245838601906065, -1.3400780991540329, 0.36020525662577774, -0.17849260599728922, 0.2772647375318853, False
0.13476233205671306, 2.9786782778680614, -1.907476661521164, 0.36020525662577774, -0.17849260599728922, 0.2772647375318853, False
6.114356256288282, 3.778911133669199, -2.1390047782711505, 0.36020525662577774, -0.17849260599728922, 0.2772647375318853, False
1.9780141037621153, -2.412072804069506, -0.6408443640959489, 0.36020525662577774, -0.17849260599728922, 0.2772647375318853, False
-2.5825520404286757, 0.3336202592033555, 1.2598504610516228, 0.36020525662577774, -0.17849260599728922, 0.2772647375318853, False
-5.768685656453005, 1.735078988981762, -1.999698333108772, 0.36020525662577774, -0.17849260599728922, 0.2772647375318853, False
2.6748625808243283, -0.6706785506245332, -2.877459530318829, 0.36020525662577774, -0.17849260599728922, 0.2772647375318853, False
1.1002995942602958, -2.7991304715617153, -2.9579290488829653, 0.36020525662577774, -0.17849260599728922, 0.2772647375318853, True
-1.4620840355352582, -4.526396069133808, -2.6425101705478156, 0.36020525662577774, -0.17849260599728922, 0.2772647375318853, False
2.0714346934109855, -2.9137652141046484, -1.2946213345719988, 0.36020525662577774, -0.17849260599728922, 0.2772647375318853, False
3.8754114011555156, 6.007771667914048, -1.4377352503833325, 0.36020525662577774, -0.17849260599728922, 0.2772647375318853, False
0.6956454347051215, 5.49327447263674, 1.8833772206872084, 0.36020525662577774, -0.17849260599728922, 0.2772647375318853, False
3.419621144358132, 2.940474762328572, -0.5877611540425653, 0.36020525662577774, -0.17849260599728922, 0.2772647375318853, False
3.1354726796594488, -0.1215110285714136, 1.8309195961176776, 0.36020525662577774, -0.17849260599728922, 0.2772647375318853, False
5.08463444364156, 4.450412882435131, 0.14529294899043688, 0.36020525662577774, -0.17849260599728922, 0.2772647375318853, False
-4.59193014258377, 2.002218117241215, 1.2845041006376645, 0.36020525662577774, -0.17849260599728922, 0.2772647375318853, False
0.985380900173312, 4.796338621805997, 2.1570184986030467, 0.36020525662577774, -0.17849260599728922, 0.2772647375318853, False
-1.3386937870316338, 1.2493224980677242, -1.4645674297363545, 0.36020525662577774, -0.17849260599728922, 0.2772647375318853, False
5.909105686715465, -0.9424675971865453, 0.5340145701340537, 0.36020525662577774, -0.17849260599728922, 0.2772647375318853, False
3.1462835012013777, 5.17617759278334, 2.543831029728996, 0.36020525662577774, -0.17849260599728922, 0.2772647375318853, False
0.976673451735758, -5.944868211496431, 0.3366143853146282, 0.36020525662577774, -0.17849260599728922, 0.2772647375318853, False
5.955295533390265, 6.22293082954023, -0.3457605565555735, 0.36020525662577774, -0.17849260599728922, 0.2772647375318853, True
-0.7727306819259958, -6.1612560878525615, 0.9680997106619804, 0.36020525662577774, -0.17849260599728922, 0.2772647375318853, False
5.623129360729148, 1.317773963878472, 3.092361680464893, 0.36020525662577774, -0.17849260599728922, 0.2772647375318853, True
-3.7878614105411867, -6.16924299203711, -1.005553652817519, 0.36020525662577774, -0.17849260599728922, 0.2772647375318853, False
-5.3248394726888, -5.442969754692451, -1.2959135590826272, 0.36020525662577774, -0.17849260599728922, 0.2772647375318853, False
1.4556108863206765, 6.278543710493594, -2.397032409933543, 0.36020525662577774, -0.17849260599728922, 0.2772647375318853, False
-2.7539621318145153, 3.3787123053417325, -0.40427683524994906, 0.36020525662577774, -0.17849260599728922, 0.2772647375318853, True
2.1916696768310526, -0.09713055449147401, 1.9453753774157478, 0.36020525662577774, -0.17849260599728922, 0.2772647375318853, False
5.019976587018924, 3.6377430731550824, 2.2862271696662777, 0.36020525662577774, -0.17849260599728922, 0.2772647375318853, False
1.6689785347311012, 1.8564420064249454, -2.668832084080946, 0.36020525662577774, -0.17849260599728922, 0.2772647375318853, False
-3.0821175253047848, -4.5464278946067065, -2.795207004977286, 0.36020525662577774, -0.17849260599728922, 0.2772647375318853, False
4.154407474683914, -4.207825675731451, 0.8133010569304657, 0.36020525662577774, -0.17849260599728922, 0.2772647375318853, False
-5.485764981746853, 3.0762789346006585, -3.136732627587672, 0.36020525662577774, -0.17849260599728922, 0.2772647375318853, True
-3.3763479091209256, 5.689825623561301, 0.10153665599419348, 0.36020525662577774, -0.17849260599728922, 0.2772647375318853, False
-1.9836104192315815, -0.93554493997829, -0.8313089358237713, 0.36020525662577774, -0.17849260599728922, 0.2772647375318853, False
-4.412487721673112, 5.983535064420927, -2.847492880884529, 0.36020525662577774, -0.17849260599728922, 0.2772647375318853, False
1.5523059511614976, -2.875635534392963, 2.6471305892992234, 0.36020525662577774, -0.17849260599728922, 0.2772647375318853, False
2.0751113301158846, 3.577672646514939, 2.8526200238816575, 0.36020525662577774, -0.17849260599728922, 0.2772647375318853, False
1.019025322687657, 4.27464628154233, 1.9838368160313404, 0.36020525662577774, -0.17849260599728922, 0.2772647375318853, False
2.487929120080132, -5.276482796505064, -1.938719347307281, 0.36020525662577774, -0.17849260599728922, 0.2772647375318853, False
-2.9397609215920455, -4.126855674444274, -3.0750927697501735, 0.36020525662577774, -0.17849260599728922, 0.2772647375318853, True
-5.972002442594866, -1.5875788146969585, -1.7913193372222125, 0.36020525662577774, -0.17849260599728922, 0.2772647375318853, False
-4.1207584115800735, 1.092879863910623, -1.8717465643968167, 0.36020525662577774, -0.17849260599728922, 0.2772647375318853, False
-4.694470223957815, 1.900008526715176, 2.1681182043852916, 0.36020525662577774, -0.17849260599728922, 0.2772647375318853, False
-4.611093970800839, 1.5739522900492666, -0.3409775944765432, 0.36020525662577774, -0.17849260599728922, 0.2772647375318853, False
-1.3913513602969259, -5.253130621446703, 0.8451612010258773, 0.36020525662577774, -0.17849260599728922, 0.2772647375318853, False
2.5862731199444244, -5.171061610595968, -2.0863819161789907, 0.36020525662577774, -0.17849260599728922, 0.2772647375318853, False
-1.5729747334743722, -5.98401633610702, 2.6493271282354938, 0.36020525662577774, -0.17849260599728922, 0.2772647375318853, False
-2.4135739973122114, 0.4583881811186261, -0.02096021055802222, 0.36020525662577774, -0.17849260599728922, 0.2772647375318853, False
0.0397844223806505, 0.07815557435473242, 0.8687900924352432, 0.36020525662577774, -0.17849260599728922, 0.2772647375318853, False
1.9298482441729696, -4.8167362580957, -0.6027517716123589, 0.36020525662577774, -0.17849260599728922, 0.2772647375318853, False
-4.620330643798737, -3.4073147785319637, -2.843100965822763, 0.36020525662577774, -0.17849260599728922, 0.2772647375318853, False
-2.360283683031701, -0.16697010311492821, -1.5951844675518076, 0.36020525662577774, -0.17849260599728922, 0.2772647375318853, False
4.741232036087764, 1.4620607566301231, -2.069700357045265, 0.36020525662577774, -0.17849260599728922, 0.2772647375318853, False
4.103130304984322, 6.043352261250474, -1.774788642365288, 0.36020525662577774, -0.17849260599728922, 0.2772647375318853, False
-0.05281202477432956, -2.811514555519061, 1.9561571455977873, 0.36020525662577774, -0.17849260599728922, 0.2772647375318853, False
5.0415161711434315, 1.100365063688133, -2.2341558839441475, 0.36020525662577774, -0.17849260599728922, 0.2772647375318853, False
2.8608816092227087, -1.0181571665409663, -1.8603469698641166, 0.36020525662577774, -0.17849260599728922, 0.2772647375318853, False
-4.55171488296605, -1.2738436326536249, -1.7897883988820704, 0.36020525662577774, -0.17849260599728922, 0.2772647375318853, False
3.973083172607378, -5.431691283574707, -1.3659022502259084, 0.36020525662577774, -0.17849260599728922, 0.2772647375318853, False
6.140708917749915, -2.883640918739044, 0.6105734864430903, 0.36020525662577774, -0.17849260599728922, 0.2772647375318853, False
-4.978876354733717, 3.8070486150173455, -1.0512719140379456, 0.36020525662577774, -0.17849260599728922, 0.2772647375318853, False
2.982001013312546, -2.037478690719861, 2.2456672459678657, 0.36020525662577774, -0.17849260599728922, 0.2772647375318853, False
1.2175245958641687, -5.36574087156207, -2.046790333015283, 0.36020525662577774, -0.17849260599728922, 0.2772647375318853, False
-1.5368665613625456, 3.3497392186969, -2.540187443021627, 0.36020525662577774, -0.17849260599728922, 0.2772647375318853, False
0.8517637662527608, 0.42736217379219266, -0.28495238619340046, 0.36020525662577774, -0.17849260599728922, 0.2772647375318853, False
-3.9113979988622507, -3.1801535367919387, 2.9433259405411656, 0.36020525662577774, -0.17849260599728922, 0.2772647375318853, True
1.4402332821186086, 2.6611092474154407, -2.0491325545236965, 0.36020525662577774, -0.17849260599728922, 0.2772647375318853, False
-0.016276884602858033, -5.481603616626077, 0.40631945258184565, 0.36020525662577774, -0.17849260599728922, 0.2772647375318853, False
-4.667394808734426, -0.8396346452810688, -2.732866180712927, 0.36020525662577774, -0.17849260599728922, 0.2772647375318853, False
-0.9218500504137772, -4.526563536182568, -0.806381549115367, 0.36020525662577774, -0.17849260599728922, 0.2772647375318853, False
-0.7869823425185629, -1.3239695581511182, -2.0527150327491968, 0.36020525662577774, -0.17849260599728922, 0.2772647375318853, False
0.16712097845181795, 3.4653281767470396, 1.776522166274721, 0.36020525662577774, -0.17849260599728922, 0.2772647375318853, False
4.041689459182555, -2.397148636762915, -1.939410349261607, 0.36020525662577774, -0.17849260599728922, 0.2772647375318853, False
5.582504767894051, -2.52224672880738, -1.7683927946680076, 0.36020525662577774, -0.17849260599728922, 0.2772647375318853, False
-4.755662276823344, -1.7197365330231937, 1.1887897327736114, 0.36020525662577774, -0.17849260599728922, 0.2772647375318853, False
-5.162525861738982, -3.8305360224830323, 1.9840720620285852, 0.36020525662577774, -0.17849260599728922, 0.2772647375318853, False
-1.5279236309267565, 4.994774510615404, 0.11279921338887666, 0.36020525662577774, -0.17849260599728922, 0.2772647375318853, False
-1.9688964162644682, 3.354575081233147, 1.0061555384613659, 0.36020525662577774, -0.17849260599728922, 0.2772647375318853, False
4.165281945435449, -5.909803133465051, 0.6855508709649571, 0.36020525662577774, -0.17849260599728922, 0.2772647375318853, False
1.1518565182036973, 4.299033867832144, -0.3556950406900081, 0.36020525662577774, -0.17849260599728922, 0.2772647375318853, False
-4.067842442476378, 5.766443190180745, -2.9264443926924435, 0.36020525662577774, -0.17849260599728922, 0.2772647375318853, True
-3.168918627388335, -4.2942185918732685, -0.213068845441994, 0.36020525662577774, -0.17849260599728922, 0.2772647375318853, False
0.964233824592033, -1.678697118092276, 1.8742370923111524, 0.36020525662577774, -0.17849260599728922, 0.2772647375318853, False
-2.4291644380902393, 0.2414272798569419, 1.515726970943179, 0.36020525662577774, -0.17849260599728922, 0.2772647375318853, False
2.7917060978458146, -2.324772868134075, -0.19191252273509862, 0.36020525662577774, -0.17849260599728922, 0.2772647375318853, True
-1.8234488269001208, -0.21785921642466288, 2.188442681664026, 0.36020525662577774, -0.17849260599728922, 0.2772647375318853, False
-3.5699792031424376, -5.301651096144893, 2.897012491176051, 0.36020525662577774, -0.17849260599728922, 0.2772647375318853, True
4.860050644158125, -4.465974163080741, -1.0917244926008958, 0.36020525662577774, -0.17849260599728922, 0.2772647375318853, False
-0.5573774838640482, -1.1250001455150294, -0.8459014731808634, 0.36020525662577774, -0.17849260599728922, 0.2772647375318853, False
