5.113974463756302, 6.271518711028653, -2.2108930967317346, -0.33928000643574563, 0.06874356981145213, 0.16235140484470667, False
3.4253235891588503, -4.220685892890563, -2.0742843589593374, -0.33928000643574563, 0.06874356981145213, 0.16235140484470667, False
-0.8398245386633691, 5.947722550278646, -2.073943785534487, -0.33928000643574563, 0.06874356981145213, 0.16235140484470667, False
-6.23040586106252, -2.3149950744775234, 2.5463815679765505, -0.33928000643574563, 0.06874356981145213, 0.16235140484470667, False
-6.054532527501434, 4.935318740553663, 2.845821511126302, -0.33928000643574563, 0.06874356981145213, 0.16235140484470667, False
-6.112939709630024, 6.275552747874615, 1.4475462417817155, -0.33928000643574563, 0.06874356981145213, 0.16235140484470667, False
-1.5036953987513266, 4.243431176000318, -0.4676866828445716, -0.33928000643574563, 0.06874356981145213, 0.16235140484470667, False
-5.8377793761501025, -1.1499997447648003, 2.7409461485408055, -0.33928000643574563, 0.06874356981145213, 0.16235140484470667, False
5.746658772394095, 3.445569964793064, 0.1061605880187626, -0.33928000643574563, 0.06874356981145213, 0.16235140484470667, False
0.7431669749271679, -5.261785440808317, -1.1171268954826288, -0.33928000643574563, 0.06874356981145213, 0.16235140484470667, False
1.0027337672572507, 1.6318580594263379, -1.0111473027940003, -0.33928000643574563, 0.06874356981145213, 0.16235140484470667, False
4.841840893666088, 6.270761958705478, 1.612922807365261, -0.33928000643574563, 0.06874356981145213, 0.16235140484470667, False
2.793185333366246, -5.973617787274865, -0.09344194872748224, -0.33928000643574563, 0.06874356981145213, 0.16235140484470667, True
-3.4249688871135704, 2.654378305911452, -2.9906744597985, -0.33928000643574563, 0.06874356981145213, 0.16235140484470667, True
-5.164248200627427, -6.0085723476373865, -1.8139704582204235, -0.33928000643574563, 0.06874356981145213, 0.16235140484470667, False
3.7271254571769177, -3.90376173165465, -2.3096618699255806, -0.33928000643574563, 0.06874356981145213, 0.16235140484470667, False
1.1097347572781846, -3.8599470883189655, -0.7677042658504054, -0.33928000643574563, 0.06874356981145213, 0.16235140484470667, False
2.929086012813473, -3.8434803197991187, 2.1812830659766256, -0.33928000643574563, 0.06874356981145213, 0.16235140484470667, False
0.5859076106794197, -5.802376758512664, -2.6636842742388924, -0.33928000643574563, 0.06874356981145213, 0.16235140484470667, False
-0.0388852610855972, -5.578362564480573, -2.8496969386979987, -0.33928000643574563, 0.06874356981145213, 0.16235140484470667, False
-3.6323411405725943, 3.3081777711004623, -2.049477811626276, -0.33928000643574563, 0.06874356981145213, 0.16235140484470667, False
-3.584986889348688, 0.9414074365012786, -0.4251775017631463, -0.33928000643574563, 0.06874356981145213, 0.16235140484470667, False
5.206092294546057, 0.07809909836155171, -1.0989321949372166, -0.33928000643574563, 0.06874356981145213, 0.16235140484470667, False
-5.840353706058155, 1.23533039701943, 3.1285331157261673, -0.33928000643574563, 0.06874356981145213, 0.16235140484470667, True
-5.2695736167598355, 6.121796738962647, -1.6964284339839566, -0.33928000643574563, 0.06874356981145213, 0.16235140484470667, False
-5.203424433711319, 6.238575075517405, 0.2026649857002707, -0.33928000643574563, 0.06874356981145213, 0.16235140484470667, False
1.637221361898602, 6.2731224693378795, -1.58857546365832, -0.33928000643574563, 0.06874356981145213, 0.16235140484470667, False
5.967723350348683, -2.5277475863625822, -1.1071675625032809, -0.33928000643574563, 0.06874356981145213, 0.16235140484470667, True
0.07338121804274245, -1.0399091391815842, 0.41943662852059305, -0.33928000643574563, 0.06874356981145213, 0.16235140484470667, False
1.4485546862301266, 1.1198398618883019, 1.7361061856351467, -0.33928000643574563, 0.06874356981145213, 0.16235140484470667, False
2.5128691706213893, -4.995021601534688, 1.03684105405173, -0.33928000643574563, 0.06874356981145213, 0.16235140484470667, False
-4.736622896730896, -5.975344497116864, -0.4305484964700268, -0.33928000643574563, 0.06874356981145213, 0.16235140484470667, False
-5.402518002710262, 1.2737294192903166, 0.9859558090985434, -0.33928000643574563, 0.06874356981145213, 0.16235140484470667, False
5.611321596015973, -3.619580069158701, -1.5840470829533968, -0.33928000643574563, 0.06874356981145213, 0.16235140484470667, False
-0.27368103520064224, -0.7492700248198796, -2.0306470701098567, -0.33928000643574563, 0.06874356981145213, 0.16235140484470667, False
-4.598312603984235, -1.6924693579585153, -0.8186909682333869, -0.33928000643574563, 0.06874356981145213, 0.16235140484470667, False
-4.77199245824969, -1.2765046993561926, 1.2532062710020453, -0.33928000643574563, 0.06874356981145213, 0.16235140484470667, False
-2.7397783577139876, 1.4984531616881211, 2.283607467614445, -0.33928000643574563, 0.06874356981145213, 0.16235140484470667, False
3.3676296442913145, -3.912176520580239, 3.046276173221978, -0.33928000643574563, 0.06874356981145213, 0.16235140484470667, True
5.446548514747143, -6.216739666449375, -2.751261225189613, -0.33928000643574563, 0.06874356981145213, 0.16235140484470667, False
5.648941250868322, -1.3531852447434165, -2.237643940689243, -0.33928000643574563, 0.06874356981145213, 0.16235140484470667, False
-0.5155830263817549, 0.8100289556137774, 0.3880202159101094, -0.33928000643574563, 0.06874356981145213, 0.16235140484470667, False
-3.895329377812945, 0.7745320435819902, 0.2937151106147038, -0.33928000643574563, 0.06874356981145213, 0.16235140484470667, False
-4.693473591131299, 0.4357624937102802, -1.1293558951497324, -0.33928000643574563, 0.06874356981145213, 0.16235140484470667, False
-0.6629942860865059, 1.3503792574399878, 0.005665702384657578, -0.33928000643574563, 0.06874356981145213, 0.16235140484470667, False
2.289919608059396, -2.433468514231822, -0.37471706784209324, -0.33928000643574563, 0.06874356981145213, 0.16235140484470667, False
2.0073162870371153, -1.2745145552356396, 2.9455402390699996, -0.33928000643574563, 0.06874356981145213, 0.16235140484470667, True
6.113332213578808, -1.9457883303902115, 2.926195729794954, -0.33928000643574563, 0.06874356981145213, 0.16235140484470667, True
-1.0534378478442017, 5.66214092826651, 2.414405616408125, -0.33928000643574563, 0.06874356981145213, 0.16235140484470667, False
5.797970731150823, 2.5815632439369445, 1.8358941851608508, -0.33928000643574563, 0.06874356981145213, 0.16235140484470667, True
2.523421395743407, 1.96218466976355, -1.4096237422662006, -0.33928000643574563, 0.06874356981145213, 0.16235140484470667, False
-1.2075073400059537, 4.575483539424251, 2.663939495349009, -0.33928000643574563, 0.06874356981145213, 0.16235140484470667, False
-4.344314496966957, -4.552094678752912, -2.173545319657382, -0.33928000643574563, 0.06874356981145213, 0.16235140484470667, False
-5.5230067374612375, -0.8816446062526824, -1.6206188115045217, -0.33928000643574563, 0.06874356981145213, 0.16235140484470667, False
2.9656049201148935, -1.010484623610008, -0.2810588210940326, -0.33928000643574563, 0.06874356981145213, 0.16235140484470667, False
1.4629897389635191, -0.5717801021977387, 2.1287022201087558, -0.33928000643574563, 0.06874356981145213, 0.16235140484470667, False
-1.441857547055415, -1.314343171807967, -0.43841478330501005, -0.33928000643574563, 0.06874356981145213, 0.16235140484470667, False
4.576187454528002, 3.859609023835361, -1.0665074364250233, -0.33928000643574563, 0.06874356981145213, 0.16235140484470667, False
-4.819457745330036, 4.804226161753256, 1.3256269147308632, -0.33928000643574563, 0.06874356981145213, 0.16235140484470667, False
-3.2138663810093386, -1.5337319107092569, 2.685565795414295, -0.33928000643574563, 0.06874356981145213, 0.16235140484470667, False
-3.7886474650952917, -2.9417310630530933, -2.7623724924230513, -0.33928000643574563, 0.06874356981145213, 0.16235140484470667, False
5.3135213521221445, -4.859028774757437, 1.8891366117186204, -0.33928000643574563, 0.06874356981145213, 0.16235140484470667, False
3.7962451177062277, -2.511128051558673, 0.41806940557998784, -0.33928000643574563, 0.06874356981145213, 0.16235140484470667, False
4.4506683562017475, 1.2373480861137516, 2.9986819002379246, -0.33928000643574563, 0.06874356981145213, 0.16235140484470667, True
4.595342003612075, 2.303153782611581, -0.22737401862165596, -0.33928000643574563, 0.06874356981145213, 0.16235140484470667, False
-4.1702289684227, -0.04402539607053324, -2.058817775280337, -0.33928000643574563, 0.06874356981145213, 0.16235140484470667, True
-1.2481842112553654, 1.1596210372118225, 2.649730115705421, -0.33928000643574563, 0.06874356981145213, 0.16235140484470667, False
4.410948261011502, -6.094378591398364, 1.5056577944183749, -0.33928000643574563, 0.06874356981145213, 0.16235140484470667, False
6.179660849379918, -5.076423869661324, -2.602980555488593, -0.33928000643574563, 0.06874356981145213, 0.16235140484470667, False
1.4976869889331725, 0.10393109453919358, 0.5602371640686279, -0.33928000643574563, 0.06874356981145213, 0.16235140484470667, False
1.6397374490717702, 2.682504250381678, 1.1687717217838314, -0.33928000643574563, 0.06874356981145213, 0.16235140484470667, False
0.07547687015378823, -1.239602858118607, -1.3449598308391404, -0.33928000643574563, 0.06874356981145213, 0.16235140484470667, False
-2.2888263184659103, 0.16237080892005906, -2.984901254311254, -0.33928000643574563, 0.06874356981145213, 0.16235140484470667, True
-4.656390667142692, -1.983429039474756, -0.36293652493349926, -0.33928000643574563, 0.06874356981145213, 0.16235140484470667, False
4.294492677784717, -5.21811141836318, 0.923422697385333, -0.33928000643574563, 0.06874356981145213, 0.16235140484470667, False
-1.2401611661765548, 5.057445602798129, 3.02408175811943, -0.33928000643574563, 0.06874356981145213, 0.16235140484470667, True
1.518118413316481, -3.78984122863685, 2.358171613259638, -0.33928000643574563, 0.06874356981145213, 0.16235140484470667, False
-1.302365765381321, -1.3518626816839676, 0.1957051595654744, -0.33928000643574563, 0.06874356981145213, 0.16235140484470667, False
5.940977310789602, -2.0333137166685615, 2.7808176136134035, -0.33928000643574563, 0.06874356981145213, 0.16235140484470667, False
0.8151732212984797, 5.943270996348023, -2.39428204516316, -0.33928000643574563, 0.06874356981145213, 0.16235140484470667, False
3.98722757691956, 3.9228652790206375, -1.7322858530293708, -0.33928000643574563, 0.06874356981145213, 0.16235140484470667, False
0.9928140817948554, 3.658028222583358, -2.5406883658465054, -0.33928000643574563, 0.06874356981145213, 0.16235140484470667, True
2.725354998460931, 4.937937919537992, -2.77389159121771, -0.33928000643574563, 0.06874356981145213, 0.16235140484470667, False
4.888791293950897, 3.1075640081765794, 1.5176311036495287, -0.33928000643574563, 0.06874356981145213, 0.16235140484470667, False
2.5131687323048215, -3.2892537170937697, -2.4868460910706354, -0.33928000643574563, 0.06874356981145213, 0.16235140484470667, False
0.789979168604364, 1.2950738606752603, -2.1904434092055673, -0.33928000643574563, 0.06874356981145213, 0.16235140484470667, False
2.2240798460440896, 5.3750617234136815, -0.7679628120972977, -0.33928000643574563, 0.06874356981145213, 0.16235140484470667, True
0.2590225718391732, 4.698428787300649, -2.5744008282135846, -0.33928000643574563, 0.06874356981145213, 0.16235140484470667, True
1.908709896177971, 3.145466107113533, 0.38081433846937474, -0.33928000643574563, 0.06874356981145213, 0.16235140484470667, False
1.8277022364694187, -1.170586233674035, 2.1680890246200732, -0.33928000643574563, 0.06874356981145213, 0.16235140484470667, False
-0.5072511396341506, -3.328883826051585, 2.7688930535866545, -0.33928000643574563, 0.06874356981145213, 0.16235140484470667, True
-0.7760203765051372, 1.588212619055759, 1.7401908101074035, -0.33928000643574563, 0.06874356981145213, 0.16235140484470667, False
1.863168383618513, 1.802212183256371, -0.09602795028527344, -0.33928000643574563, 0.06874356981145213, 0.16235140484470667, False
2.462155714595573, 4.482448855111649, -0.7334938556981059, -0.33928000643574563, 0.06874356981145213, 0.16235140484470667, False
-2.792452914301865, -6.208708320442538, 0.9051245445558491, -0.33928000643574563, 0.06874356981145213, 0.16235140484470667, False
5.124139275927046, 1.4455188525481022, 0.9282609723698769, -0.33928000643574563, 0.06874356981145213, 0.16235140484470667, False
2.9257368113030324, -3.869945557052955, 3.13194005366842, -0.33928000643574563, 0.06874356981145213, 0.16235140484470667, True
3.7937444309038124, -5.826027271519461, -1.2405848573553784, -0.33928000643574563, 0.06874356981145213, 0.16235140484470667, False
-1.4850306909581592, 5.063282934812788, -2.3733915114989887, -0.33928000643574563, 0.06874356981145213, 0.16235140484470667, False
-0.6384676127503868, 3.992924026487577, 1.1228088609361553, -0.33928000643574563, 0.06874356981145213, 0.16235140484470667, False
