-1.3895485530835403, 0.20639670366411345, 0.33947203361866185, 0.04048661812168641, 0.1290040168726514, 0.12068542561014084, True
1.6893406848006052, -6.114191104255595, 0.9126485505834978, 0.04048661812168641, 0.1290040168726514, 0.12068542561014084, True
-2.16332618216967, 0.6933813502820341, -0.31348739149708615, 0.04048661812168641, 0.1290040168726514, 0.12068542561014084, True
-4.7345001946346255, -5.5155832704373635, 0.610671671457403, 0.04048661812168641, 0.1290040168726514, 0.12068542561014084, True
4.7625869924028645, 5.080425200179048, -1.8011111725077036, 0.04048661812168641, 0.1290040168726514, 0.12068542561014084, True
4.015966672976271, -3.21459268668841, 3.0164444702810753, 0.04048661812168641, 0.1290040168726514, 0.12068542561014084, True
0.07905582207995288, 2.6273989206216672, 2.4893790513359573, 0.04048661812168641, 0.1290040168726514, 0.12068542561014084, True
5.079765186685176, 4.26942157870003, 2.6265671925006906, 0.04048661812168641, 0.1290040168726514, 0.12068542561014084, True
-4.954593069640635, -3.1279518063984684, 1.7183732248394428, 0.04048661812168641, 0.1290040168726514, 0.12068542561014084, True
-0.019450301384826396, 2.7487310069630713, 1.9632321243175417, 0.04048661812168641, 0.1290040168726514, 0.12068542561014084, True
2.71006330384529, 1.169543640779045, 1.560223868910561, 0.04048661812168641, 0.1290040168726514, 0.12068542561014084, True
-0.9815260295333239, -3.923615590799202, 0.49432756723474647, 0.04048661812168641, 0.1290040168726514, 0.12068542561014084, True
3.4441747939571563, 0.11013940131693456, -1.320779453978809, 0.04048661812168641, 0.1290040168726514, 0.12068542561014084, True
5.577117996389509, 1.5872977825614507, 2.7636755123199075, 0.04048661812168641, 0.1290040168726514, 0.12068542561014084, True
5.253567129950694, 6.216236557814662, 0.6699597745445596, 0.04048661812168641, 0.1290040168726514, 0.12068542561014084, True
2.7128444295014678, -1.2748903088231245, -2.571863304863807, 0.04048661812168641, 0.1290040168726514, 0.12068542561014084, True
-0.7456142540634563, -4.4184451404517, 1.0180161346507122, 0.04048661812168641, 0.1290040168726514, 0.12068542561014084, True
1.6578489452290075, -1.017424293228137, 0.3276315736556006, 0.04048661812168641, 0.1290040168726514, 0.12068542561014084, True
-0.32409898802289216, 4.2422185764800435, 0.39866952478743967, 0.04048661812168641, 0.1290040168726514, 0.12068542561014084, True
-0.6821041416653033, -0.4419570298217952, 1.5953461435657035, 0.04048661812168641, 0.1290040168726514, 0.12068542561014084, True
2.0828091747339297, 4.433140346382498, 0.16844791015859117, 0.04048661812168641, 0.1290040168726514, 0.12068542561014084, True
-1.5173402369556825, -4.825012559938865, 1.1158048388252286, 0.04048661812168641, 0.1290040168726514, 0.12068542561014084, True
4.535779304911186, -1.0218350616675211, 2.930337672680042, 0.04048661812168641, 0.1290040168726514, 0.12068542561014084, True
-5.3301813267747, -6.2665895280383, 2.422488339848928, 0.04048661812168641, 0.1290040168726514, 0.12068542561014084, True
-0.18467805810421378, 4.090511187324108, 0.16338878094032738, 0.04048661812168641, 0.1290040168726514, 0.12068542561014084, True
0.7422148597798675, 1.9193997329047505, 1.768719113353284, 0.04048661812168641, 0.1290040168726514, 0.12068542561014084, True
4.06722591089491, 5.146376725950766, 2.2668894267405335, 0.04048661812168641, 0.1290040168726514, 0.12068542561014084, True
-3.5536615949483608, -4.304832856186819, -1.9194784760995198, 0.04048661812168641, 0.1290040168726514, 0.12068542561014084, True
6.182290570463694, -3.7550427900276366, -1.0115816657177397, 0.04048661812168641, 0.1290040168726514, 0.12068542561014084, True
-0.4367206569464006, -4.659848429732806, 0.2429645067771964, 0.04048661812168641, 0.1290040168726514, 0.12068542561014084, True
-3.3635546267408265, 1.6056353434571848, 1.9619906394848865, 0.04048661812168641, 0.1290040168726514, 0.12068542561014084, True
6.273709078724384, -4.746318429912364, 1.7135758972673178, 0.04048661812168641, 0.1290040168726514, 0.12068542561014084, True
-0.16513479494729655, 6.113579664842836, -2.265046032768566, 0.04048661812168641, 0.1290040168726514, 0.12068542561014084, True
-2.637721280449759, -5.648059957976041, 2.4832490330701438, 0.04048661812168641, 0.1290040168726514, 0.12068542561014084, True
6.0683537061394865, 0.7138254039943481, -2.0826323440996513, 0.04048661812168641, 0.1290040168726514, 0.12068542561014084, True
-0.9272554940130586, 2.5406599180369103, -2.680992076174319, 0.04048661812168641, 0.1290040168726514, 0.12068542561014084, True
3.8573527627783086, -0.19153306937507342, 0.3247392379490335, 0.04048661812168641, 0.1290040168726514, 0.12068542561014084, True
-2.849622208361058, -0.6316660488072197, -0.18673614470096567, 0.04048661812168641, 0.1290040168726514, 0.12068542561014084, True
4.178643516871828, 5.224880532268379, 0.7212157906616308, 0.04048661812168641, 0.1290040168726514, 0.12068542561014084, True
4.759907845346296, 0.14393667884815642, 1.7251108797165378, 0.04048661812168641, 0.1290040168726514, 0.12068542561014084, True
2.1160084053751973, -6.267006282520325, -2.999739541265127, 0.04048661812168641, 0.1290040168726514, 0.12068542561014084, True
-5.9600026767618886, -0.6759142645081742, -0.9146912452136564, 0.04048661812168641, 0.1290040168726514, 0.12068542561014084, True
-1.779579666063026, -1.321004586955735, -2.8292424536124723, 0.04048661812168641, 0.1290040168726514, 0.12068542561014084, True
-1.8553166012155478, 4.1982223627734605, -0.8921572773200097, 0.04048661812168641, 0.1290040168726514, 0.12068542561014084, True
4.526974783161586, 1.3213430555836227, 0.9237286904690709, 0.04048661812168641, 0.1290040168726514, 0.12068542561014084, True
1.8741157585097028, 5.4763949522123685, -1.6062058177088554, 0.04048661812168641, 0.1290040168726514, 0.12068542561014084, True
1.1098958258459097, -5.021442272005504, -1.8619571511931372, 0.04048661812168641, 0.1290040168726514, 0.12068542561014084, True
-1.3124872540058545, 4.857893584354203, -2.482051851516637, 0.04048661812168641, 0.1290040168726514, 0.12068542561014084, True
-2.6974521199535473, 0.00531670565957576, -1.1333949813339594, 0.04048661812168641, 0.1290040168726514, 0.12068542561014084, True
0.40613795658378926, -5.786902697803217, -0.04267980782337766, 0.04048661812168641, 0.1290040168726514, 0.12068542561014084, True
-6.252224692003874, -2.6349576755309148, 0.5062310021084908, 0.04048661812168641, 0.1290040168726514, 0.12068542561014084, True
3.6486646145166564, 0.6075614640158067, -0.07732131206510262, 0.04048661812168641, 0.1290040168726514, 0.12068542561014084, True
-0.22450260304602754, 0.8315787135098889, 0.04027121405132128, 0.04048661812168641, 0.1290040168726514, 0.12068542561014084, True
3.3319451340050588, 2.3152176374967066, -2.0319679849839094, 0.04048661812168641, 0.1290040168726514, 0.12068542561014084, True
-1.1477340280141908, -0.5265795485432063, 1.6946898169393227, 0.04048661812168641, 0.1290040168726514, 0.12068542561014084, True
-4.537823334135383, 1.5486502906454023, 0.12369408862361553, 0.04048661812168641, 0.1290040168726514, 0.12068542561014084, True
-1.5948145965489866, -3.2333430066468334, -2.090137032405146, 0.04048661812168641, 0.1290040168726514, 0.12068542561014084, True
-3.437743458499391, 0.7555754359013171, -0.2376905076952287, 0.04048661812168641, 0.1290040168726514, 0.12068542561014084, True
-4.2616506089885124, 2.9470280307909675, -2.6693440319551534, 0.04048661812168641, 0.1290040168726514, 0.12068542561014084, True
-2.762493684038432, 3.619776901943032, 2.926388742409192, 0.04048661812168641, 0.1290040168726514, 0.12068542561014084, True
0.10201757201719186, -2.520025975542981, 0.7180904717995222, 0.04048661812168641, 0.1290040168726514, 0.12068542561014084, True
-4.022847341810985, -5.496052586351869, 2.8979817402585946, 0.04048661812168641, 0.1290040168726514, 0.12068542561014084, True
-5.730707064242258, 0.7777045401612996, 1.528964952416711, 0.04048661812168641, 0.1290040168726514, 0.12068542561014084, True
-3.701335315716487, -0.4565370241087372, 0.9795018905521049, 0.04048661812168641, 0.1290040168726514, 0.12068542561014084, True
3.9002086417293746, -2.5790996482733988, -1.8167770427444743, 0.04048661812168641, 0.1290040168726514, 0.12068542561014084, True
1.971121371240736, 3.6365828940761435, 0.4789980812848831, 0.04048661812168641, 0.1290040168726514, 0.12068542561014084, True
-2.2740463638568356, 3.2373121193643843, -1.6222373937227044, 0.04048661812168641, 0.1290040168726514, 0.12068542561014084, True
-2.951903329694065, 4.393000850931157, -2.55058549464433, 0.04048661812168641, 0.1290040168726514, 0.12068542561014084, True
2.7539115796192775, -6.229632581479857, 0.32435034120187334, 0.04048661812168641, 0.1290040168726514, 0.12068542561014084, True
5.784221124767795, 1.1327948013913707, 2.8665772192139336, 0.04048661812168641, 0.1290040168726514, 0.12068542561014084, True
3.4401581115367588, -5.2492391528426525, 0.9877663042839444, 0.04048661812168641, 0.1290040168726514, 0.12068542561014084, True
3.6851478020637245, 3.736248060176644, -2.9128238787586325, 0.04048661812168641, 0.1290040168726514, 0.12068542561014084, True
-1.4291985754590213, 1.0528909662577162, -1.32925464481488, 0.04048661812168641, 0.1290040168726514, 0.12068542561014084, True
2.7695813402932217, 3.124363171836851, -0.15262233189942886, 0.04048661812168641, 0.1290040168726514, 0.12068542561014084, True
-0.41560600799745995, -3.368004766615335, -0.6988820075114424, 0.04048661812168641, 0.1290040168726514, 0.12068542561014084, True
0.8484122347775598, 0.10822302465444356, 0.5165603167228445, 0.04048661812168641, 0.1290040168726514, 0.12068542561014084, True
0.7184686402069653, -1.2578094942057545, 1.454150582880244, 0.04048661812168641, 0.1290040168726514, 0.12068542561014084, True
-6.03689349880234, 2.5034270403207675, -1.1877440630911544, 0.04048661812168641, 0.1290040168726514, 0.12068542561014084, True
0.7135783083859062, -2.7968871889451505, 1.3880032200793853, 0.04048661812168641, 0.1290040168726514, 0.12068542561014084, True
-0.36322814812792803, 3.3207907737443385, 1.6898271530696007, 0.04048661812168641, 0.1290040168726514, 0.12068542561014084, True
-4.937698190451508, -4.372706818572462, 2.3610239194052323, 0.04048661812168641, 0.1290040168726514, 0.12068542561014084, True
-5.652918633195203, 4.340271007664533, -2.6781639240197794, 0.04048661812168641, 0.1290040168726514, 0.12068542561014084, True
6.105445795926588, 3.652940834844806, -3.0271806787845534, 0.04048661812168641, 0.1290040168726514, 0.12068542561014084, True
5.905882016419712, -3.8455804417373285, 1.4297519380028376, 0.04048661812168641, 0.1290040168726514, 0.12068542561014084, True
0.8790277184465225, -3.557756054781749, 2.395389343866153, 0.04048661812168641, 0.1290040168726514, 0.12068542561014084, True
1.619974898367154, -2.938116858275477, -0.6980050292694746, 0.04048661812168641, 0.1290040168726514, 0.12068542561014084, True
-2.877708420709995, 2.484505435922612, -0.048115335472964205, 0.04048661812168641, 0.1290040168726514, 0.12068542561014084, True
1.903030695726427, 5.521073113760355, -0.34944607472350864, 0.04048661812168641, 0.1290040168726514, 0.12068542561014084, True
-2.784544856991471, -3.0064305616879583, -2.8113926863044973, 0.04048661812168641, 0.1290040168726514, 0.12068542561014084, True
-4.2156472305530865, 5.323561129617593, 0.46697319761066813, 0.04048661812168641, 0.1290040168726514, 0.12068542561014084, True
-3.778369632332939, 3.2991946012851106, -2.019217536115953, 0.04048661812168641, 0.1290040168726514, 0.12068542561014084, True
1.3889316012195172, -2.661457699624417, -0.045532962956080336, 0.04048661812168641, 0.1290040168726514, 0.12068542561014084, True
5.653114659836849, -5.5295846076556945, 0.4709727399344601, 0.04048661812168641, 0.1290040168726514, 0.12068542561014084, True
-2.850507967129228, 4.085730398994171, -2.793663740291036, 0.04048661812168641, 0.1290040168726514, 0.12068542561014084, True
-0.5271278735070428, -4.719658399754809, -1.8725762230258005, 0.04048661812168641, 0.1290040168726514, 0.12068542561014084, True
3.019029012835393, -3.34008349618197, -0.37367725195894685, 0.04048661812168641, 0.1290040168726514, 0.12068542561014084, True
-6.196819225386168, 5.888352639927211, -0.4237720883352756, 0.04048661812168641, 0.1290040168726514, 0.12068542561014084, True
5.822431003351703, 1.3058354905446095, -0.018717095810195872, 0.04048661812168641, 0.1290040168726514, 0.12068542561014084, True
-1.073867335142424, 4.8155690771393616, 2.4723516532628205, 0.04048661812168641, 0.1290040168726514, 0.12068542561014084, True
-5.857682083851806, -0.9411538079832447, -2.282986724178042, 0.04048661812168641, 0.1290040168726514, 0.12068542561014084, True
