4.524192353493481, 1.3513646115015412, 0.9981215461515527, -0.4369180866896437, -0.3720202569561549, -0.6536598986199696, False
4.732171530116201, -0.33733282638145123, -0.2589457813440319, -0.4369180866896437, -0.3720202569561549, -0.6536598986199696, False
1.7619693018903337, 5.463356473120378, -1.3879499462492368, -0.4369180866896437, -0.3720202569561549, -0.6536598986199696, False
3.693900732895628, -1.1765868370201416, -1.0991561295784504, -0.4369180866896437, -0.3720202569561549, -0.6536598986199696, False
0.08050293903280092, 3.9456362971935945, -1.8861572084998728, -0.4369180866896437, -0.3720202569561549, -0.6536598986199696, False
-3.902045345310494, -0.22821360242031297, 0.32823184884433765, -0.4369180866896437, -0.3720202569561549, -0.6536598986199696, False
2.9829743103191735, 5.384296749421342, 1.0837662714616467, -0.4369180866896437, -0.3720202569561549, -0.6536598986199696, False
-4.71922201972151, 4.894851196619188, 0.873467442670572, -0.4369180866896437, -0.3720202569561549, -0.6536598986199696, False
-2.332002443234142, -0.1847011506617937, 0.7207393023215474, -0.4369180866896437, -0.3720202569561549, -0.6536598986199696, False
-5.7883730880712205, -3.3485605337885245, 1.8300722629624895, -0.4369180866896437, -0.3720202569561549, -0.6536598986199696, False
-2.61104055966451, 3.0990813011285034, -3.1138044692263267, -0.4369180866896437, -0.3720202569561549, -0.6536598986199696, True
-1.3454095049518235, -4.129895967065103, 0.8569657344242341, -0.4369180866896437, -0.3720202569561549, -0.6536598986199696, False
5.367993583480997, -0.21824135332483774, -0.5059781891296398, -0.4369180866896437, -0.3720202569561549, -0.6536598986199696, False
-1.2215104114696844, -0.3284475742473525, -0.08563451870158012, -0.4369180866896437, -0.3720202569561549, -0.6536598986199696, False
-0.13244805426211226, -6.116973546781021, 2.7377491475494082, -0.4369180866896437, -0.3720202569561549, -0.6536598986199696, False
1.355778162790112, -2.6612795721121687, 2.894581092066675, -0.4369180866896437, -0.3720202569561549, -0.6536598986199696, True
0.7947880695501484, -5.094835072805698, 0.319404658073446, -0.4369180866896437, -0.3720202569561549, -0.6536598986199696, False
-5.324001936780653, 5.633425868811669, 0.021092071280872204, -0.4369180866896437, -0.3720202569561549, -0.6536598986199696, False
-2.6889080241644465, 1.8583217361120177, 2.8527576770718026, -0.4369180866896437, -0.3720202569561549, -0.6536598986199696, False
-4.280541246957896, 4.994061742778829, 1.37104165270169, -0.4369180866896437, -0.3720202569561549, -0.6536598986199696, False
-6.111412602750999, 1.3647579484907215, 2.512717883874725, -0.4369180866896437, -0.3720202569561549, -0.6536598986199696, False
-2.453405049164477, -4.454144328878333, 1.2147080874212985, -0.4369180866896437, -0.3720202569561549, -0.6536598986199696, False
-4.382320577130213, 3.4102921031527895, -0.04626663025344513, -0.4369180866896437, -0.3720202569561549, -0.6536598986199696, False
-2.8358843782275978, 2.5038782943928606, 2.823167049980917, -0.4369180866896437, -0.3720202569561549, -0.6536598986199696, False
2.3733568340182067, 2.0497747050240562, 1.8536912365798655, -0.4369180866896437, -0.3720202569561549, -0.6536598986199696, False
1.0568858150665532, 3.530074148439338, -2.0338329241651287, -0.4369180866896437, -0.3720202569561549, -0.6536598986199696, False
-0.9664844571581233, -3.6475988821421153, 2.3792829084393343, -0.4369180866896437, -0.3720202569561549, -0.6536598986199696, False
5.924536911572378, 1.3804821148765685, 1.5549580126551836, -0.4369180866896437, -0.3720202569561549, -0.6536598986199696, False
-0.13011750158593038, -4.235821917392072, 0.4842138247090553, -0.4369180866896437, -0.3720202569561549, -0.6536598986199696, False
0.8421466306640184, -3.802384342205246, 2.7786646526977785, -0.4369180866896437, -0.3720202569561549, -0.6536598986199696, False
0.9907276014362942, -3.5524747590345376, -2.481852986868118, -0.4369180866896437, -0.3720202569561549, -0.6536598986199696, False
3.4975409335079917, -5.453470338576636, -2.441680298989975, -0.4369180866896437, -0.3720202569561549, -0.6536598986199696, False
3.7174132668139226, 5.768989632213698, -2.558294498502468, -0.4369180866896437, -0.3720202569561549, -0.6536598986199696, False
-3.507407324518816, 2.9325812419956403, 2.171937830715204, -0.4369180866896437, -0.3720202569561549, -0.6536598986199696, False
-6.229475067782952, -1.9813109196293501, 1.0449822638745019, -0.4369180866896437, -0.3720202569561549, -0.6536598986199696, False
-0.8033790470616671, 4.417829664868703, -0.24225717428791782, -0.4369180866896437, -0.3720202569561549, -0.6536598986199696, False
0.7987861638273825, -2.516293776962751, -2.0059114439720727, -0.4369180866896437, -0.3720202569561549, -0.6536598986199696, False
2.79910332114785, -5.881425530993883, -0.4602288945102453, -0.4369180866896437, -0.3720202569561549, -0.6536598986199696, False
0.8339537244239308, 3.7808348723352676, 2.197634516246535, -0.4369180866896437, -0.3720202569561549, -0.6536598986199696, False
-5.778581718617094, 1.829347537435181, -2.9115624274644247, -0.4369180866896437, -0.3720202569561549, -0.6536598986199696, True
-0.482853526036779, 0.6908987612577517, 1.3597771240462473, -0.4369180866896437, -0.3720202569561549, -0.6536598986199696, False
6.210497699247277, 5.579321454424063, 0.8904798608849456, -0.4369180866896437, -0.3720202569561549, -0.6536598986199696, False
3.025806408096951, -1.6585520361312032, -0.05649379882142691, -0.4369180866896437, -0.3720202569561549, -0.6536598986199696, False
6.27752209236497, 5.43790081241214, -1.7136906889590853, -0.4369180866896437, -0.3720202569561549, -0.6536598986199696, False
-0.15545608535679012, 4.588093627132482, 0.7030642166690768, -0.4369180866896437, -0.3720202569561549, -0.6536598986199696, False
1.9012582303543688, 1.395027233967303, -2.6222731856367463, -0.4369180866896437, -0.3720202569561549, -0.6536598986199696, False
1.141084403048719, -2.6265162204544317, 1.9967436366675404, -0.4369180866896437, -0.3720202569561549, -0.6536598986199696, False
6.059455477377426, -1.6975619566400981, 1.7725828530665604, -0.4369180866896437, -0.3720202569561549, -0.6536598986199696, False
-0.008516377973752931, 1.2239349644675608, -3.1152714872593967, -0.4369180866896437, -0.3720202569561549, -0.6536598986199696, True
1.5364385990362681, 1.8262453717605336, 3.0614128069091198, -0.4369180866896437, -0.3720202569561549, -0.6536598986199696, True
-4.7711958408747766, 0.5551304950335645, -2.276885489899186, -0.4369180866896437, -0.3720202569561549, -0.6536598986199696, False
3.1877594892031507, -4.386553708982161, 0.6998593063471636, -0.4369180866896437, -0.3720202569561549, -0.6536598986199696, False
0.8352745917753994, 1.0468757034385519, -2.408603695086308, -0.4369180866896437, -0.3720202569561549, -0.6536598986199696, False
1.304289998405638, 4.02673904310525, 1.4045757518656563, -0.4369180866896437, -0.3720202569561549, -0.6536598986199696, False
-2.0816525263910046, 5.196533156171952, 1.060063729928105, -0.4369180866896437, -0.3720202569561549, -0.6536598986199696, False
-1.8971188138848847, 4.362551829703515, 0.3787074876076044, -0.4369180866896437, -0.3720202569561549, -0.6536598986199696, False
5.120265875710725, 3.6101285053104277, 0.8659301175778866, -0.4369180866896437, -0.3720202569561549, -0.6536598986199696, False
4.766494883586775, 5.824019561615097, 2.722527577105132, -0.4369180866896437, -0.3720202569561549, -0.6536598986199696, False
1.3059385893027837, 4.741399464389884, 2.3446110479979767, -0.4369180866896437, -0.3720202569561549, -0.6536598986199696, False
6.080009679585578, -6.2193684694784706, 2.1297733733528394, -0.4369180866896437, -0.3720202569561549, -0.6536598986199696, False
-2.77655501878326, -3.4468519158502384, 2.0796301506475174, -0.4369180866896437, -0.3720202569561549, -0.6536598986199696, False
2.145162020264305, 5.903893913908979, -1.7156970152256323, -0.4369180866896437, -0.3720202569561549, -0.6536598986199696, False
-3.7601601714449675, -1.46267586901169, 2.0635246898361066, -0.4369180866896437, -0.3720202569561549, -0.6536598986199696, False
-1.5278834039295504, 0.10983635687188897, -0.1913870608123247, -0.4369180866896437, -0.3720202569561549, -0.6536598986199696, False
5.4681536591355915, 5.545356199307035, -2.186461294911057, -0.4369180866896437, -0.3720202569561549, -0.6536598986199696, False
-3.035827173069901, -4.264533309168107, 2.4551519965247355, -0.4369180866896437, -0.3720202569561549, -0.6536598986199696, False
-0.08713251453891058, -1.8174726080066055, -0.7949936098800658, -0.4369180866896437, -0.3720202569561549, -0.6536598986199696, False
4.431027920371973, -2.725092911397885, 3.0224825879148796, -0.4369180866896437, -0.3720202569561549, -0.6536598986199696, True
-1.2347304478428267, -2.2841984994787827, -0.2137964558744203, -0.4369180866896437, -0.3720202569561549, -0.6536598986199696, False
5.248670587681126, -0.3170509470956233, -1.9873800855844606, -0.4369180866896437, -0.3720202569561549, -0.6536598986199696, False
4.083239827504551, 3.2210632402560986, -1.3570155403079027, -0.4369180866896437, -0.3720202569561549, -0.6536598986199696, False
0.7636864460037227, -4.312488918752759, 2.261655216083832, -0.4369180866896437, -0.3720202569561549, -0.6536598986199696, False
1.3883631930445093, -5.258799853324357, 2.745606923076811, -0.4369180866896437, -0.3720202569561549, -0.6536598986199696, False
-4.262444478200468, 3.5637533972447297, 0.3133457733372609, -0.4369180866896437, -0.3720202569561549, -0.6536598986199696, False
5.645495248571979, -0.23396643796116923, 1.9730056426026312, -0.4369180866896437, -0.3720202569561549, -0.6536598986199696, False
-0.886529488802517, 2.72142187266377, 2.689682242638625, -0.4369180866896437, -0.3720202569561549, -0.6536598986199696, False
4.092261326357363, 4.090065816912366, 2.0334695062511656, -0.4369180866896437, -0.3720202569561549, -0.6536598986199696, False
0.7250182253731561, -1.926355210728512, 1.9623296292573853, -0.4369180866896437, -0.3720202569561549, -0.6536598986199696, False
1.6337744857845822, 0.8180869800505546, -1.945115892989259, -0.4369180866896437, -0.3720202569561549, -0.6536598986199696, False
-5.536602833928446, 3.8949714590191284, 0.5964198174442257, -0.4369180866896437, -0.3720202569561549, -0.6536598986199696, False
2.2778797398720183, 5.065717302209174, -1.8153764919043678, -0.4369180866896437, -0.3720202569561549, -0.6536598986199696, False
2.2226756010629405, 0.4732881164174989, -1.3886622602193528, -0.4369180866896437, -0.3720202569561549, -0.6536598986199696, False
0.39948518357576646, 1.0665856408756138, 2.7945035946971872, -0.4369180866896437, -0.3720202569561549, -0.6536598986199696, False
-2.691898670686955, -5.168626734913601, 2.730052182899964, -0.4369180866896437, -0.3720202569561549, -0.6536598986199696, False
5.24812808054903, 5.3236985472195855, 0.7826901840490463, -0.4369180866896437, -0.3720202569561549, -0.6536598986199696, False
2.5480553468892744, -3.702570541637839, 1.4427710666550686, -0.4369180866896437, -0.3720202569561549, -0.6536598986199696, False
-4.680385497089556, -2.81039009833501, 2.971590203697911, -0.4369180866896437, -0.3720202569561549, -0.6536598986199696, True
-3.9551332843433276, 2.518751669647143, 2.698907509797327, -0.4369180866896437, -0.3720202569561549, -0.6536598986199696, False
-1.6533559074369206, 0.8216032301171001, -2.1335055484960748, -0.4369180866896437, -0.3720202569561549, -0.6536598986199696, False
-3.9736127392218483, 4.364032756796393, -2.0501944619080286, -0.4369180866896437, -0.3720202569561549, -0.6536598986199696, False
-2.4192381785523502, -0.4166634567925156, 1.8111163532518644, -0.4369180866896437, -0.3720202569561549, -0.6536598986199696, False
-5.541706980477059, -0.21583799003316084, -1.1323143300124463, -0.4369180866896437, -0.3720202569561549, -0.6536598986199696, False
-1.525557904136039, -2.3543970167455393, 0.9015959974136463, -0.4369180866896437, -0.3720202569561549, -0.6536598986199696, False
-1.2209353377799808, 4.898549004559216, 3.056199608839548, -0.4369180866896437, -0.3720202569561549, -0.6536598986199696, True
-1.133673751148078, 2.15922192845588, -0.8346693332582809, -0.4369180866896437, -0.3720202569561549, -0.6536598986199696, False
-1.7060414262590866, -3.838573141839299, -0.46393983708387854, -0.4369180866896437, -0.3720202569561549, -0.6536598986199696, False
2.3946636596918314, -2.824620702387248, -2.486518292782769, -0.4369180866896437, -0.3720202569561549, -0.6536598986199696, False
-2.612985399190381, -2.2678667241099086, -0.08878082899538642, -0.4369180866896437, -0.3720202569561549, -0.6536598986199696, False
-6.0493542982145305, 3.379489458619819, 2.6843319756433024, -0.4369180866896437, -0.3720202569561549, -0.6536598986199696, False
-4.26100326606711, -2.0340209432329797, 0.30188191993739366, -0.4369180866896437, -0.3720202569561549, -0.6536598986199696, False
