-0.49220662281465266, 0.811096703965756, -0.20033348927860217, -0.2157351594806769, 0.4207202361236342, 0.21692623456255103, True
-6.128016856865172, -1.9830848651296256, 0.45840551771088256, -0.2157351594806769, 0.4207202361236342, 0.21692623456255103, False
-0.546996696971485, -4.138339288008208, -0.7880013379359188, -0.2157351594806769, 0.4207202361236342, 0.21692623456255103, True
-3.4187361312347027, -5.330669577608162, -1.8891911040840652, -0.2157351594806769, 0.4207202361236342, 0.21692623456255103, True
-5.742080736436875, 5.352128912715221, 1.797647579576326, -0.2157351594806769, 0.4207202361236342, 0.21692623456255103, False
3.5241342198634147, 5.34932876446363, 1.8496152208857284, -0.2157351594806769, 0.4207202361236342, 0.21692623456255103, False
-2.153872689754916, -5.1409336919790505, 1.8581280099680377, -0.2157351594806769, 0.4207202361236342, 0.21692623456255103, True
3.5780813959374953, 5.443981216812016, 1.210338630023621, -0.2157351594806769, 0.4207202361236342, 0.21692623456255103, False
-2.3396827079582216, 4.754926548805148, -1.6415589199309413, -0.2157351594806769, 0.4207202361236342, 0.21692623456255103, False
2.606545762751601, -5.181134184423909, 2.0710966807436995, -0.2157351594806769, 0.4207202361236342, 0.21692623456255103, True
-5.234827607316138, -0.23673516471580047, -2.0768193588536876, -0.2157351594806769, 0.4207202361236342, 0.21692623456255103, False
4.222313726315349, -4.403456967222777, -1.9672708131972267, -0.2157351594806769, 0.4207202361236342, 0.21692623456255103, True
5.684220904482501, -2.5320896157520765, 2.574214400546297, -0.2157351594806769, 0.4207202361236342, 0.21692623456255103, True
0.7915733440976283, 2.5612712875870347, 2.4034460769353334, -0.2157351594806769, 0.4207202361236342, 0.21692623456255103, True
1.788892920265754, -4.752367397900432, 0.8765739267816777, -0.2157351594806769, 0.4207202361236342, 0.21692623456255103, True
-4.033373473912958, -2.6371993875102637, -1.3679818400658244, -0.2157351594806769, 0.4207202361236342, 0.21692623456255103, True
5.384374370042295, 2.0543451159789967, -2.5323665108329085, -0.2157351594806769, 0.4207202361236342, 0.21692623456255103, True
4.79164073579525, -5.282554212690619, 0.7124527919729822, -0.2157351594806769, 0.4207202361236342, 0.21692623456255103, True
4.286947605295776, -5.8089076770422565, 0.2340284758720741, -0.2157351594806769, 0.4207202361236342, 0.21692623456255103, True
0.12490026700872292, -2.5387058448443227, 1.7656012958814653, -0.2157351594806769, 0.4207202361236342, 0.21692623456255103, False
-5.801963269205809, 0.887317490662892, -3.0917987992597764, -0.2157351594806769, 0.4207202361236342, 0.21692623456255103, True
3.043015439900552, -4.032846234230526, -2.353009181451535, -0.2157351594806769, 0.4207202361236342, 0.21692623456255103, True
1.7484640825778293, 5.1439810580873875, -1.4527920914608652, -0.2157351594806769, 0.4207202361236342, 0.21692623456255103, False
2.6554644731563783, -1.4810583080427238, 1.2701071585658168, -0.2157351594806769, 0.4207202361236342, 0.21692623456255103, False
1.1955913233174718, 3.797613045975293, -2.750732030249436, -0.2157351594806769, 0.4207202361236342, 0.21692623456255103, True
3.0521654781538547, -5.2419712524472795, -3.1413988017041525, -0.2157351594806769, 0.4207202361236342, 0.21692623456255103, True
5.344887642084428, 0.8926109993012883, -2.999675118294485, -0.2157351594806769, 0.4207202361236342, 0.21692623456255103, True
0.05006406862729307, -0.9321549444287092, -1.3633061253053362, -0.2157351594806769, 0.4207202361236342, 0.21692623456255103, False
-4.252550826109713, 0.5646291268056327, -0.9576061162088312, -0.2157351594806769, 0.4207202361236342, 0.21692623456255103, True
5.723132734853257, -0.823572246845802, 2.234113039902433, -0.2157351594806769, 0.4207202361236342, 0.21692623456255103, True
4.528953171707656, 2.018697424290009, 1.5657166477656093, -0.2157351594806769, 0.4207202361236342, 0.21692623456255103, True
-0.2639799479146321, 4.676918854340197, -2.2847545529411923, -0.2157351594806769, 0.4207202361236342, 0.21692623456255103, False
5.198484978858689, -4.6776822100853055, -0.9571196755241833, -0.2157351594806769, 0.4207202361236342, 0.21692623456255103, True
0.041544521195325146, 3.983092189214009, 0.820515482148835, -0.2157351594806769, 0.4207202361236342, 0.21692623456255103, False
0.13681144459689953, 1.1460097309650692, 1.3061621995899761, -0.2157351594806769, 0.4207202361236342, 0.21692623456255103, True
-4.4016284028065495, -0.5082129005736826, -2.5181151201619607, -0.2157351594806769, 0.4207202361236342, 0.21692623456255103, True
3.9596409654801956, 3.8688129579417723, 1.9815891677074848, -0.2157351594806769, 0.4207202361236342, 0.21692623456255103, False
-0.5661027532659508, 3.4687166975853074, 0.9676467583451629, -0.2157351594806769, 0.4207202361236342, 0.21692623456255103, True
0.5935378822020123, -1.5355299667493778, 0.4564726908621375, -0.2157351594806769, 0.4207202361236342, 0.21692623456255103, False
-1.3274044401763527, -3.810032355386886, -0.621980250654711, -0.2157351594806769, 0.4207202361236342, 0.21692623456255103, True
3.6636490441245346, -5.14770983656269, -2.138467172611795, -0.2157351594806769, 0.4207202361236342, 0.21692623456255103, True
4.9982273300114635, 2.5342286689274136, -1.6637623005241633, -0.2157351594806769, 0.4207202361236342, 0.21692623456255103, True
0.9082944390020167, 1.1578222098003765, 1.1576251676641451, -0.2157351594806769, 0.4207202361236342, 0.21692623456255103, True
5.7749991274186545, -0.8297215633880946, -1.0559298762498064, -0.2157351594806769, 0.4207202361236342, 0.21692623456255103, False
-2.1035577038229807, -3.290965222063605, -0.1493493429103192, -0.2157351594806769, 0.4207202361236342, 0.21692623456255103, True
5.1922705186661755, -4.642533933039756, 0.763722442577492, -0.2157351594806769, 0.4207202361236342, 0.21692623456255103, True
1.7307711853987726, 1.9039020151019486, 2.925604542628176, -0.2157351594806769, 0.4207202361236342, 0.21692623456255103, True
2.76054950558251, 3.6427841749312275, 1.1339570129596046, -0.2157351594806769, 0.4207202361236342, 0.21692623456255103, False
-3.151572277444896, 5.924269455335045, -2.517894513123693, -0.2157351594806769, 0.4207202361236342, 0.21692623456255103, False
5.463793701228987, 3.434175074103731, -3.0313047963466073, -0.2157351594806769, 0.4207202361236342, 0.21692623456255103, True
-3.7982860544303985, 5.588158750893413, -0.6199201961005083, -0.2157351594806769, 0.4207202361236342, 0.21692623456255103, False
-3.682353584292688, -2.729416947535272, -0.2791489585793898, -0.2157351594806769, 0.4207202361236342, 0.21692623456255103, False
1.5799516258557729, 5.597160670406113, 2.6841464377493836, -0.2157351594806769, 0.4207202361236342, 0.21692623456255103, True
-2.0830783725745574, -1.5783593670992486, 2.7666217694306354, -0.2157351594806769, 0.4207202361236342, 0.21692623456255103, False
-0.9304729311943705, 5.9874061538069, -1.522427596338039, -0.2157351594806769, 0.4207202361236342, 0.21692623456255103, False
-1.4538699850306953, 4.038167115038659, 0.4275442494802224, -0.2157351594806769, 0.4207202361236342, 0.21692623456255103, False
-3.4989809283746216, 1.0851077561108502, 0.33126709842361324, -0.2157351594806769, 0.4207202361236342, 0.21692623456255103, True
-0.011670782254843637, -4.86904506395229, 3.0390812482813807, -0.2157351594806769, 0.4207202361236342, 0.21692623456255103, True
3.7965915947039193, -2.9688604418262585, -2.9360607260649707, -0.2157351594806769, 0.4207202361236342, 0.21692623456255103, True
-4.079431654127027, -3.131522594482481, -2.480604306044053, -0.2157351594806769, 0.4207202361236342, 0.21692623456255103, True
-1.873854923506065, -4.95896223608943, 1.3343629747236996, -0.2157351594806769, 0.4207202361236342, 0.21692623456255103, True
-1.5623603553170522, 5.678796199318228, 1.0592514370884363, -0.2157351594806769, 0.4207202361236342, 0.21692623456255103, False
0.21788945560456696, -0.7485337618635155, 2.6253774475633485, -0.2157351594806769, 0.4207202361236342, 0.21692623456255103, True
3.2419659787137043, -2.629029263424632, -0.029573810368199727, -0.2157351594806769, 0.4207202361236342, 0.21692623456255103, False
-5.082034687929523, -0.8602024491639577, -0.3167594522601074, -0.2157351594806769, 0.4207202361236342, 0.21692623456255103, False
-3.2483236281383077, -1.6758564501498734, 2.0798522319055284, -0.2157351594806769, 0.4207202361236342, 0.21692623456255103, False
3.5403341901663605, -5.101728574850141, -0.8988526535005303, -0.2157351594806769, 0.4207202361236342, 0.21692623456255103, True
1.6934829614080158, 3.683899324100503, 0.36636695486256166, -0.2157351594806769, 0.4207202361236342, 0.21692623456255103, False
-0.7125049607904996, -3.1126888184745622, -1.2800371816619547, -0.2157351594806769, 0.4207202361236342, 0.21692623456255103, True
0.2782212521487333, 4.586739933061171, 1.4494757355868035, -0.2157351594806769, 0.4207202361236342, 0.21692623456255103, False
-4.564686824265467, -4.272704326676285, -0.8616704793940002, -0.2157351594806769, 0.4207202361236342, 0.21692623456255103, True
1.5615264689363073, -3.890068688658657, 0.9721832401765722, -0.2157351594806769, 0.4207202361236342, 0.21692623456255103, True
4.245811786166806, 2.5106753503541945, 2.3378155086473615, -0.2157351594806769, 0.4207202361236342, 0.21692623456255103, True
3.2918289084303787, 1.1406162385703862, -0.26002350460229273, -0.2157351594806769, 0.4207202361236342, 0.21692623456255103, True
-4.945829345884988, 0.0001941527722202352, -1.100882903989834, -0.2157351594806769, 0.4207202361236342, 0.21692623456255103, True
0.34286720077924215, 5.285081716189625, -1.2765709216696277, -0.2157351594806769, 0.4207202361236342, 0.21692623456255103, False
1.545587067122165, 0.704801248702017, 1.7147998206762258, -0.2157351594806769, 0.4207202361236342, 0.21692623456255103, True
-4.627046993923983, 6.189776923601963, -0.5690077733403069, -0.2157351594806769, 0.4207202361236342, 0.21692623456255103, True
3.933420606108667, 4.874943455275966, -2.7901223583550436, -0.2157351594806769, 0.4207202361236342, 0.21692623456255103, False
0.07400319774471864, -5.555154022500379, 2.6626435720884496, -0.2157351594806769, 0.4207202361236342, 0.21692623456255103, True
-3.768523535971081, -2.9792913727661845, 0.18681330676817298, -0.2157351594806769, 0.4207202361236342, 0.21692623456255103, False
-5.924252560318482, 2.787490239268047, -1.7760490735674728, -0.2157351594806769, 0.4207202361236342, 0.21692623456255103, True
-2.899369441020154, -5.267977332168963, 1.9212230733656606, -0.2157351594806769, 0.4207202361236342, 0.21692623456255103, True
2.9771940795791796, 2.5523334533983295, 2.0632573638402354, -0.2157351594806769, 0.4207202361236342, 0.21692623456255103, True
2.059098354528306, 1.8756935538402217, -3.061337200778741, -0.2157351594806769, 0.4207202361236342, 0.21692623456255103, True
-0.8069275651578165, 0.17821695624449507, 1.9215029958701475, -0.2157351594806769, 0.4207202361236342, 0.21692623456255103, True
3.0750041613675556, -1.2263358636112454, 2.020333651356017, -0.2157351594806769, 0.4207202361236342, 0.21692623456255103, False
-4.021314084072436, -0.5339060733490602, -1.0089070825643844, -0.2157351594806769, 0.4207202361236342, 0.21692623456255103, False
4.447910385576241, -5.085118410305307, -0.1146634323661706, -0.2157351594806769, 0.4207202361236342, 0.21692623456255103, True
-3.9011425529902257, 4.991841679810863, 1.4206826017998262, -0.2157351594806769, 0.4207202361236342, 0.21692623456255103, False
1.324038040842793, 4.42795594650938, -2.2503983925583073, -0.2157351594806769, 0.4207202361236342, 0.21692623456255103, False
1.9940673973763658, -5.130726943414047, 1.4432253548701857, -0.2157351594806769, 0.4207202361236342, 0.21692623456255103, True
2.089712847992983, 1.8643280653298628, -2.1900060894546765, -0.2157351594806769, 0.4207202361236342, 0.21692623456255103, True
-4.672805425632317, 3.4982425614796657, -1.640402537097553, -0.2157351594806769, 0.4207202361236342, 0.21692623456255103, True
-0.004136817533280102, 3.166961368844328, 1.2229847238928535, -0.2157351594806769, 0.4207202361236342, 0.21692623456255103, False
3.4691995329204577, 6.058148145335661, 1.7881242406802418, -0.2157351594806769, 0.4207202361236342, 0.21692623456255103, True
3.5245577894982123, -4.630529761090026, 1.7572535246538834, -0.2157351594806769, 0.4207202361236342, 0.21692623456255103, True
0.06252558339884473, -5.532617462360536, -0.2345583175475685, -0.2157351594806769, 0.4207202361236342, 0.21692623456255103, True
-3.5210124222570607, -1.144518824182514, -1.3265316767584197, -0.2157351594806769, 0.4207202361236342, 0.21692623456255103, False
0.7623393785339863, 1.222860703451226, -3.0175349771190474, -0.2157351594806769, 0.4207202361236342, 0.21692623456255103, True
-2.0743450510063193, -4.227780430790869, 2.771704804114969, -0.2157351594806769, 0.4207202361236342, 0.21692623456255103, True
4.6800420815584225, 3.6149333322314945, -1.6840353793739744, -0.2157351594806769, 0.4207202361236342, 0.21692623456255103, True
-1.7605650151966268, 4.75156494277287, 0.9542349847333096, -0.2157351594806769, 0.4207202361236342, 0.21692623456255103, False
-5.778488971391191, 0.6821985838874793, -0.4132908992780222, -0.2157351594806769, 0.4207202361236342, 0.21692623456255103, True
-4.671681015768806, -3.5818728688767294, 0.7230939565591883, -0.2157351594806769, 0.4207202361236342, 0.21692623456255103, True
-1.8985880754107045, -2.022605533614149, -0.3783870950837067, -0.2157351594806769, 0.4207202361236342, 0.21692623456255103, False
2.646699918269711, 0.8329403553560644, 2.6015866015753977, -0.2157351594806769, 0.4207202361236342, 0.21692623456255103, True
-3.99877263105834, -2.556357116004317, 0.03776731004344702, -0.2157351594806769, 0.4207202361236342, 0.21692623456255103, False
4.640849761084908, 4.990485476993637, 0.1940675984320248, -0.2157351594806769, 0.4207202361236342, 0.21692623456255103, False
2.569700179415447, -3.0038110205064203, 1.5363283397019885, -0.2157351594806769, 0.4207202361236342, 0.21692623456255103, False
3.4522749499296204, -5.497293942951112, 0.5416420269615152, -0.2157351594806769, 0.4207202361236342, 0.21692623456255103, True
1.2454932630903537, 1.5016515559175945, -2.1194346790321035, -0.2157351594806769, 0.4207202361236342, 0.21692623456255103, True
0.7317193287235222, -5.908221606122638, -0.4697365898144614, -0.2157351594806769, 0.4207202361236342, 0.21692623456255103, True
0.7309433755726094, -2.9669859820231643, -1.366531722836152, -0.2157351594806769, 0.4207202361236342, 0.21692623456255103, True
-2.531525945939438, -1.7159679241595107, 0.5767715456296947, -0.2157351594806769, 0.4207202361236342, 0.21692623456255103, False
4.7595557965337605, -1.0405309320003138, 1.6824611768555622, -0.2157351594806769, 0.4207202361236342, 0.21692623456255103, False
-4.9117232534447535, -1.5742083044296606, -0.7042210016394188, -0.2157351594806769, 0.4207202361236342, 0.21692623456255103, False
-5.8871308027522655, 4.849918060397391, 0.2644735035146568, -0.2157351594806769, 0.4207202361236342, 0.21692623456255103, False
-2.1854026779273736, -0.8529747766993134, 0.9341250786586572, -0.2157351594806769, 0.4207202361236342, 0.21692623456255103, False
-4.293812407952553, -5.267715098657381, 0.1407880917145521, -0.2157351594806769, 0.4207202361236342, 0.21692623456255103, True
3.5969023627158787, 6.279366693909942, 2.870034674617865, -0.2157351594806769, 0.4207202361236342, 0.21692623456255103, True
3.8617180848483272, 2.3709489821638883, 1.9913704612541023, -0.2157351594806769, 0.4207202361236342, 0.21692623456255103, True
-1.5063419908607028, 5.712072848711816, 2.9767112196912118, -0.2157351594806769, 0.4207202361236342, 0.21692623456255103, True
-3.110206320848315, -2.764408402800679, -0.7399889131997597, -0.2157351594806769, 0.4207202361236342, 0.21692623456255103, False
0.9480791143551315, 3.8824175655888737, 0.5273898648100861, -0.2157351594806769, 0.4207202361236342, 0.21692623456255103, False
-5.74551941916639, 2.3116644702887648, -1.0010031060823117, -0.2157351594806769, 0.4207202361236342, 0.21692623456255103, True
-5.7356710521185645, 1.5951501657601703, 0.3270544066947636, -0.2157351594806769, 0.4207202361236342, 0.21692623456255103, True
4.461796899744867, -1.3914444023022519, -2.1265159069577315, -0.2157351594806769, 0.4207202361236342, 0.21692623456255103, False
2.664879052226299, 4.750333608643022, 0.08311997088268219, -0.2157351594806769, 0.4207202361236342, 0.21692623456255103, False
-5.817649860610858, -0.30979189053302125, -2.4179998219834, -0.2157351594806769, 0.4207202361236342, 0.21692623456255103, False
5.125989588589533, 2.431638937369442, 1.044169559204259, -0.2157351594806769, 0.4207202361236342, 0.21692623456255103, True
-4.450019584695006, -1.824434087572282, 1.1225702039268164, -0.2157351594806769, 0.4207202361236342, 0.21692623456255103, False
-0.5304652469434972, -0.10144085405855474, 2.8884742576937947, -0.2157351594806769, 0.4207202361236342, 0.21692623456255103, True
1.0174375990636122, -2.940384714721927, 2.3116037472005084, -0.2157351594806769, 0.4207202361236342, 0.21692623456255103, False
-3.3042393148598794, 5.306143241361406, 1.9751097886884148, -0.2157351594806769, 0.4207202361236342, 0.21692623456255103, False
1.224774351025868, -1.0566373606025827, -2.795196709070753, -0.2157351594806769, 0.4207202361236342, 0.21692623456255103, False
0.7829187797607604, -0.013466610654160327, 0.601842668006924, -0.2157351594806769, 0.4207202361236342, 0.21692623456255103, True
-4.273646087813421, -4.284777321897909, 2.265065921410822, -0.2157351594806769, 0.4207202361236342, 0.21692623456255103, True
0.47512854719592923, -1.816728454238553, -2.689736862697635, -0.2157351594806769, 0.4207202361236342, 0.21692623456255103, False
-5.175641766595244, -4.088546405547255, -1.6506501460023564, -0.2157351594806769, 0.4207202361236342, 0.21692623456255103, True
-5.156234419467623, -5.942676681057116, 0.5648617500000954, -0.2157351594806769, 0.4207202361236342, 0.21692623456255103, True
1.991246509561055, -6.146028407028067, 0.6359378810896055, -0.2157351594806769, 0.4207202361236342, 0.21692623456255103, True
2.2869596971673705, 0.15272248188478432, 1.3269253073495335, -0.2157351594806769, 0.4207202361236342, 0.21692623456255103, True
-1.9150919025431294, 1.0635539548560144, 1.6781209312241137, -0.2157351594806769, 0.4207202361236342, 0.21692623456255103, True
0.17620524427478834, -2.3616789140450543, -0.11156990556572799, -0.2157351594806769, 0.4207202361236342, 0.21692623456255103, False
4.659899427493345, -1.9201029756222692, 2.5971064013019864, -0.2157351594806769, 0.4207202361236342, 0.21692623456255103, False
5.055722411040874, -4.816219506305422, -1.4701690369200477, -0.2157351594806769, 0.4207202361236342, 0.21692623456255103, True
-0.6012238308297366, -3.1588046472796494, 1.659441990577526, -0.2157351594806769, 0.4207202361236342, 0.21692623456255103, True
0.039267537305446076, 5.262585434040357, 2.3188326051083417, -0.2157351594806769, 0.4207202361236342, 0.21692623456255103, False
-5.690158912798908, 1.718925743883311, -0.45574852779626696, -0.2157351594806769, 0.4207202361236342, 0.21692623456255103, True
-1.5198178655816106, -2.623852663313988, 0.2737797000962021, -0.2157351594806769, 0.4207202361236342, 0.21692623456255103, False
-3.444119287096662, -4.092560736213727, -1.4413768131048137, -0.2157351594806769, 0.4207202361236342, 0.21692623456255103, True
-3.0283955101321633, -5.614193846095117, -1.9221745872995661, -0.2157351594806769, 0.4207202361236342, 0.21692623456255103, True
-5.674417415411429, 4.653275726915766, -2.2009371540504663, -0.2157351594806769, 0.4207202361236342, 0.21692623456255103, False
-3.3661415111306607, -3.979240733909576, -0.5173934442458905, -0.2157351594806769, 0.4207202361236342, 0.21692623456255103, True
4.08272750191899, 0.6964453832959805, 2.9090120457747473, -0.2157351594806769, 0.4207202361236342, 0.21692623456255103, True
1.8010555066600809, 4.3956859283971195, 2.12935720869229, -0.2157351594806769, 0.4207202361236342, 0.21692623456255103, False
3.690981544837703, 1.2475471164668317, -2.8478290121497847, -0.2157351594806769, 0.4207202361236342, 0.21692623456255103, True
-2.4642513169982334, -4.0496949936611095, -2.731183699191731, -0.2157351594806769, 0.4207202361236342, 0.21692623456255103, True
-2.842792642671759, -1.9061103548818208, 3.134228027481228, -0.2157351594806769, 0.4207202361236342, 0.21692623456255103, True
0.7142436396663197, -2.4327216354984635, -2.011646131807703, -0.2157351594806769, 0.4207202361236342, 0.21692623456255103, True
-4.659364235423734, 3.387276942147656, -2.7473633165215707, -0.2157351594806769, 0.4207202361236342, 0.21692623456255103, True
-4.29884158555865, 5.716553596570016, -2.3441052262339523, -0.2157351594806769, 0.4207202361236342, 0.21692623456255103, True
5.983824238889115, -4.029279752159759, -2.687128193637547, -0.2157351594806769, 0.4207202361236342, 0.21692623456255103, True
4.702196695849571, -4.322384196240816, 0.16202852662856948, -0.2157351594806769, 0.4207202361236342, 0.21692623456255103, True
0.4674391258060693, 5.052756331364282, 0.2676564246336204, -0.2157351594806769, 0.4207202361236342, 0.21692623456255103, False
-4.779963392404922, 1.6350477869658215, 0.1609894988657894, -0.2157351594806769, 0.4207202361236342, 0.21692623456255103, True
6.150144053614881, 3.8687576493746594, 2.946296193012481, -0.2157351594806769, 0.4207202361236342, 0.21692623456255103, True
4.866918378542575, -4.62065802910246, 2.301129132730349, -0.2157351594806769, 0.4207202361236342, 0.21692623456255103, True
0.7127916338243558, 0.11728150542513394, -1.4155918828262126, -0.2157351594806769, 0.4207202361236342, 0.21692623456255103, True
-1.222353223473407, -3.271783239967067, -0.2842737294200801, -0.2157351594806769, 0.4207202361236342, 0.21692623456255103, True
3.024451880046348, 1.7522106486878304, 1.0328889932465959, -0.2157351594806769, 0.4207202361236342, 0.21692623456255103, True
0.7390462814361429, 2.3464954836103615, -0.2936604007972141, -0.2157351594806769, 0.4207202361236342, 0.21692623456255103, True
-5.221071735616033, -5.656028354078476, 2.3818424646860636, -0.2157351594806769, 0.4207202361236342, 0.21692623456255103, True
-2.05586424610968, 0.9797296693681758, 0.38134403141904505, -0.2157351594806769, 0.4207202361236342, 0.21692623456255103, True
-2.0131597064532203, -5.588485857176939, -2.8431942889144675, -0.2157351594806769, 0.4207202361236342, 0.21692623456255103, True
-2.9682646068655285, -3.3193174619379606, -2.9995365225339192, -0.2157351594806769, 0.4207202361236342, 0.21692623456255103, True
2.8256079516300137, 4.1244853875417515, -1.9449387229510318, -0.2157351594806769, 0.4207202361236342, 0.21692623456255103, False
-5.680230849296193, -1.2617718008852163, 2.727563546452158, -0.2157351594806769, 0.4207202361236342, 0.21692623456255103, False
-4.816473914779315, 4.99965671051589, 1.3763563661460418, -0.2157351594806769, 0.4207202361236342, 0.21692623456255103, False
-0.005758288649526655, 2.0265781687278803, -1.5486212788290117, -0.2157351594806769, 0.4207202361236342, 0.21692623456255103, True
2.6570116705168854, 5.678490690198512, 0.784401556529625, -0.2157351594806769, 0.4207202361236342, 0.21692623456255103, False
4.795279699563441, 2.5566025171500684, -0.7012560950794988, -0.2157351594806769, 0.4207202361236342, 0.21692623456255103, True
-4.914191210615733, -2.9728257565298426, -0.6174760929357923, -0.2157351594806769, 0.4207202361236342, 0.21692623456255103, True
-2.067028858052409, -2.199399595026038, 1.0455228292180339, -0.2157351594806769, 0.4207202361236342, 0.21692623456255103, False
-6.144792967623235, 2.740348098717382, -1.817595910121547, -0.2157351594806769, 0.4207202361236342, 0.21692623456255103, True
-2.044082575170716, 1.7044284180667466, 0.1577951835850313, -0.2157351594806769, 0.4207202361236342, 0.21692623456255103, True
2.8666555754127447, -3.8072315518284006, -0.14487097203718813, -0.2157351594806769, 0.4207202361236342, 0.21692623456255103, True
-6.185904740085417, 2.4036952256884803, 0.3525259797284863, -0.2157351594806769, 0.4207202361236342, 0.21692623456255103, True
-0.14126137820138496, 4.994585963528124, 0.4498907344231333, -0.2157351594806769, 0.4207202361236342, 0.21692623456255103, False
4.855342195712506, -5.056394167703754, -1.9042316171169438, -0.2157351594806769, 0.4207202361236342, 0.21692623456255103, True
5.437517746086627, 5.06369405181068, 2.0458242038592562, -0.2157351594806769, 0.4207202361236342, 0.21692623456255103, False
-6.249337110700327, 4.991397856036484, 0.010199999673232263, -0.2157351594806769, 0.4207202361236342, 0.21692623456255103, False
-5.60175420240606, -5.860054479794392, 0.09505842023557465, -0.2157351594806769, 0.4207202361236342, 0.21692623456255103, True
-1.2352830364028042, -5.567861961419406, 0.7079645884358086, -0.2157351594806769, 0.4207202361236342, 0.21692623456255103, True
3.7389794491134936, -4.514104957477134, -0.8438277606274083, -0.2157351594806769, 0.4207202361236342, 0.21692623456255103, True
0.06222286535898913, 5.570432709826621, -2.790120666476312, -0.2157351594806769, 0.4207202361236342, 0.21692623456255103, False
1.3342822769332736, -4.377041525421372, 2.765160851537545, -0.2157351594806769, 0.4207202361236342, 0.21692623456255103, True
5.439393459592591, 5.737365550626835, 1.411189729524735, -0.2157351594806769, 0.4207202361236342, 0.21692623456255103, True
-3.576015006479075, 1.511175064340014, 2.2673892220305634, -0.2157351594806769, 0.4207202361236342, 0.21692623456255103, True
