-0.05406893802781543, 4.103047461781005, 2.702726729758001, -0.09537825026270386, -0.1746204351032815, 0.35825324499959676, False
1.6214381666581117, 0.4035971243871357, -0.212499319175961, -0.09537825026270386, -0.1746204351032815, 0.35825324499959676, False
3.3414894828437056, -1.0339397750076014, 1.0928905930053743, -0.09537825026270386, -0.1746204351032815, 0.35825324499959676, True
-0.029862031196706162, 0.12596963609238543, -1.375053481526533, -0.09537825026270386, -0.1746204351032815, 0.35825324499959676, False
-1.7479561777792476, 5.333988338710322, 1.898990222275887, -0.09537825026270386, -0.1746204351032815, 0.35825324499959676, True
-6.092515922467289, 2.0901930856410242, -1.2551893292101133, -0.09537825026270386, -0.1746204351032815, 0.35825324499959676, False
-1.547315260612904, 1.3448534862334336, 0.7454629429117618, -0.09537825026270386, -0.1746204351032815, 0.35825324499959676, False
-5.459744546133798, -6.281454132974361, -1.9995286506967593, -0.09537825026270386, -0.1746204351032815, 0.35825324499959676, False
5.356138115863139, 1.3210496392421982, 2.1534868489038743, -0.09537825026270386, -0.1746204351032815, 0.35825324499959676, False
5.49797295242222, 4.683188406823618, -2.5046100031087617, -0.09537825026270386, -0.1746204351032815, 0.35825324499959676, False
-5.049640510786736, 4.0095553584909975, 1.0656642341402227, -0.09537825026270386, -0.1746204351032815, 0.35825324499959676, True
0.5796138885303854, -0.4291764120094683, 3.138822866605331, -0.09537825026270386, -0.1746204351032815, 0.35825324499959676, True
1.7729586956888106, -1.6930989738883726, -2.0405661944024085, -0.09537825026270386, -0.1746204351032815, 0.35825324499959676, True
5.629671591546678, -2.5393688487728876, -1.897889445940769, -0.09537825026270386, -0.1746204351032815, 0.35825324499959676, False
-5.545790718618427, 6.1132236398732545, -1.173643346271305, -0.09537825026270386, -0.1746204351032815, 0.35825324499959676, False
2.7640789448890377, -1.5526342013681838, -2.880697343747965, -0.09537825026270386, -0.1746204351032815, 0.35825324499959676, True
-0.015810233242787852, 6.079581199566773, 2.8686782882694315, -0.09537825026270386, -0.1746204351032815, 0.35825324499959676, True
-4.481607433174462, 0.56570755554268, 1.8424409447943821, -0.09537825026270386, -0.1746204351032815, 0.35825324499959676, False
2.6976207038817837, -5.381957504053082, -1.7536897743884063, -0.09537825026270386, -0.1746204351032815, 0.35825324499959676, False
4.767021862041636, 3.6871235931496695, 2.0893804877867925, -0.09537825026270386, -0.1746204351032815, 0.35825324499959676, False
1.7111602762722002, -0.9649711614577168, 1.3586122290565639, -0.09537825026270386, -0.1746204351032815, 0.35825324499959676, False
-2.724772547929705, 5.015765321267578, -0.3407152866494312, -0.09537825026270386, -0.1746204351032815, 0.35825324499959676, True
-2.1262043494717533, -0.5597584802106672, 1.8392196053847112, -0.09537825026270386, -0.1746204351032815, 0.35825324499959676, True
-6.273306579180511, 5.900130152325486, 2.1388296902015798, -0.09537825026270386, -0.1746204351032815, 0.35825324499959676, False
6.081192421705845, -1.5069532994089219, 0.20573246905811926, -0.09537825026270386, -0.1746204351032815, 0.35825324499959676, False
-3.6409023714464794, -1.366684982182928, -1.0514414140916313, -0.09537825026270386, -0.1746204351032815, 0.35825324499959676, True
2.226651328353059, 5.101414744317049, -0.45062968525739366, -0.09537825026270386, -0.1746204351032815, 0.35825324499959676, True
6.237856306020118, 1.1154572190932468, 0.14783280334368643, -0.09537825026270386, -0.1746204351032815, 0.35825324499959676, False
0.6833335287300404, -3.339098400046822, 1.9261251826676364, -0.09537825026270386, -0.1746204351032815, 0.35825324499959676, False
3.547520608193217, 2.318585715790565, -0.997648170553604, -0.09537825026270386, -0.1746204351032815, 0.35825324499959676, False
0.24432851960544077, -1.9399500511924659, 0.44286090062380756, -0.09537825026270386, -0.1746204351032815, 0.35825324499959676, False
-2.334636788263593, 1.5299940426176803, 2.947001787217417, -0.09537825026270386, -0.1746204351032815, 0.35825324499959676, True
3.2719560754603254, 1.1379359745058935, -2.7649880704718783, -0.09537825026270386, -0.1746204351032815, 0.35825324499959676, False
-2.258314788830159, -0.7795442952708598, 0.8938427200488785, -0.09537825026270386, -0.1746204351032815, 0.35825324499959676, True
-2.0999871098453626, 1.9089152129311007, 2.5890933000601217, -0.09537825026270386, -0.1746204351032815, 0.35825324499959676, False
-2.9511582851773617, 6.18471785870128, 1.0501380639807198, -0.09537825026270386, -0.1746204351032815, 0.35825324499959676, False
6.265761214063835, 5.780996883583095, 2.433676738911778, -0.09537825026270386, -0.1746204351032815, 0.35825324499959676, False
-4.04698591421881, -4.905899535189948, 0.39111941904314573, -0.09537825026270386, -0.1746204351032815, 0.35825324499959676, False
1.0296482892413525, 2.822438820507724, -1.1473953770868828, -0.09537825026270386, -0.1746204351032815, 0.35825324499959676, False
6.039053264674855, -6.180141981242761, 2.6561960202403565, -0.09537825026270386, -0.1746204351032815, 0.35825324499959676, False
-4.377784426969852, 0.864436035247329, -2.904914893294376, -0.09537825026270386, -0.1746204351032815, 0.35825324499959676, True
-1.546128914081975, -5.20627176897133, 1.0541787607245645, -0.09537825026270386, -0.1746204351032815, 0.35825324499959676, False
-1.8203707375781253, -1.7775233838771411, -2.937638664594052, -0.09537825026270386, -0.1746204351032815, 0.35825324499959676, True
-0.24105675509190316, 5.540420282769981, 1.4328230977730962, -0.09537825026270386, -0.1746204351032815, 0.35825324499959676, False
5.64715980651321, -2.8803167000430485, 1.270094406187054, -0.09537825026270386, -0.1746204351032815, 0.35825324499959676, False
-0.048182938672284514, 3.7625332138729704, 1.4479153255301798, -0.09537825026270386, -0.1746204351032815, 0.35825324499959676, False
1.011837456039009, -0.3374912409621684, -1.717807017623385, -0.09537825026270386, -0.1746204351032815, 0.35825324499959676, False
4.561108010862865, -5.058849375935204, -1.8555131749959568, -0.09537825026270386, -0.1746204351032815, 0.35825324499959676, False
-5.606323981437977, 1.323510260313113, 2.4604602003191545, -0.09537825026270386, -0.1746204351032815, 0.35825324499959676, False
4.106771708840991, 1.0849794738713934, -0.36945691504040834, -0.09537825026270386, -0.1746204351032815, 0.35825324499959676, False
-5.774043740825654, 4.817317372479497, -0.6211016646173602, -0.09537825026270386, -0.1746204351032815, 0.35825324499959676, False
-1.9139861501413957, 5.967026615551687, 2.5790479314798374, -0.09537825026270386, -0.1746204351032815, 0.35825324499959676, False
-3.97300605677296, -2.7383987405308763, -2.204320773470681, -0.09537825026270386, -0.1746204351032815, 0.35825324499959676, True
-0.15846390506082564, 2.838685298788798, -1.1734304990278008, -0.09537825026270386, -0.1746204351032815, 0.35825324499959676, False
-2.5195164903948695, -5.389260341751781, 1.71977513156686, -0.09537825026270386, -0.1746204351032815, 0.35825324499959676, False
2.5392552471000265, 0.7215419573455186, -1.2511556177891734, -0.09537825026270386, -0.1746204351032815, 0.35825324499959676, False
6.141115234314077, 0.062243916521602216, -1.8435318716645408, -0.09537825026270386, -0.1746204351032815, 0.35825324499959676, False
-5.9307888317966855, 5.767513650426864, 2.186452576903103, -0.09537825026270386, -0.1746204351032815, 0.35825324499959676, False
-4.304872996359451, 3.3602385322746056, 1.7440082609664804, -0.09537825026270386, -0.1746204351032815, 0.35825324499959676, False
2.823946702183793, -2.2111230971111295, -2.165033493929798, -0.09537825026270386, -0.1746204351032815, 0.35825324499959676, True
-0.43779805267795435, -3.826616608998367, 3.1362269609699185, -0.09537825026270386, -0.1746204351032815, 0.35825324499959676, True
5.711854553028822, 1.2438756287452843, -1.5317667217907807, -0.09537825026270386, -0.1746204351032815, 0.35825324499959676, False
-5.292226022082732, 3.0171750685782204, -2.387242890396535, -0.09537825026270386, -0.1746204351032815, 0.35825324499959676, False
0.9788805798100046, 1.0991771246823028, -1.7441583419212578, -0.09537825026270386, -0.1746204351032815, 0.35825324499959676, False
-3.8018361746720797, -4.896381097554554, -0.7205039571683862, -0.09537825026270386, -0.1746204351032815, 0.35825324499959676, False
2.065162933446018, 2.2936275018897803, -2.5504939451972723, -0.09537825026270386, -0.1746204351032815, 0.35825324499959676, False
2.084285067995822, -4.919294379536142, 2.020768631426245, -0.09537825026270386, -0.1746204351032815, 0.35825324499959676, False
-5.86166123741287, -0.6946107496161655, -0.2699148157792495, -0.09537825026270386, -0.1746204351032815, 0.35825324499959676, False
4.678143927815604, 1.5046181535268168, 0.35113079149011694, -0.09537825026270386, -0.1746204351032815, 0.35825324499959676, False
-1.7796528241234677, -1.4206344307145313, 2.336713139484776, -0.09537825026270386, -0.1746204351032815, 0.35825324499959676, True
3.5403420712160596, 1.135750149491721, 1.0799575579946108, -0.09537825026270386, -0.1746204351032815, 0.35825324499959676, False
1.717616208041333, 0.25714451270224803, 0.754457718176496, -0.09537825026270386, -0.1746204351032815, 0.35825324499959676, False
5.755610319965626, -5.6920530011946395, 2.5266655153384328, -0.09537825026270386, -0.1746204351032815, 0.35825324499959676, False
-1.5204319151630594, 3.3183510938827308, 1.7789993201094259, -0.09537825026270386, -0.1746204351032815, 0.35825324499959676, False
6.219540249429365, 0.13177735812135172, -0.11402407556468885, -0.09537825026270386, -0.1746204351032815, 0.35825324499959676, False
-2.832438016177714, 0.22245810571595825, -1.9594612120914834, -0.09537825026270386, -0.1746204351032815, 0.35825324499959676, False
4.5822310322957485, 0.9595264788494111, -2.3633450710057122, -0.09537825026270386, -0.1746204351032815, 0.35825324499959676, False
2.4992759002127904, 4.77987737700111, 2.5948017964251413, -0.09537825026270386, -0.1746204351032815, 0.35825324499959676, True
-4.806486131031864, 5.432540870690628, 1.292456093364775, -0.09537825026270386, -0.1746204351032815, 0.35825324499959676, False
5.4339513552827, -0.40688646775512005, 2.5298160197984707, -0.09537825026270386, -0.1746204351032815, 0.35825324499959676, False
-4.082473644108188, 3.439322610537424, -2.7155548477977383, -0.09537825026270386, -0.1746204351032815, 0.35825324499959676, False
6.021091824029421, 0.950601695964937, -1.5127850484803784, -0.09537825026270386, -0.1746204351032815, 0.35825324499959676, False
-1.938864980853201, 4.01983328428012, -2.179100647806014, -0.09537825026270386, -0.1746204351032815, 0.35825324499959676, False
-6.1255010067124545, -0.9007480393678344, -2.8898354733927523, -0.09537825026270386, -0.1746204351032815, 0.35825324499959676, True
-5.516290098124427, 2.66289380860373, 1.0412942256623392, -0.09537825026270386, -0.1746204351032815, 0.35825324499959676, False
-3.6458642468641695, 1.9705665411776252, -0.28844185265891786, -0.09537825026270386, -0.1746204351032815, 0.35825324499959676, False
-3.724869015936168, 4.225164374299528, -1.4645840614249988, -0.09537825026270386, -0.1746204351032815, 0.35825324499959676, True
-2.105556694385853, 3.903269549862948, -1.455950215004418, -0.09537825026270386, -0.1746204351032815, 0.35825324499959676, False
1.2107795529871765, -3.4144495921500204, 2.296782218090481, -0.09537825026270386, -0.1746204351032815, 0.35825324499959676, True
5.252365791069405, 4.862108456775994, 2.8311214441869303, -0.09537825026270386, -0.1746204351032815, 0.35825324499959676, False
2.9370916159462706, 2.2371479927381728, 0.27010078147251226, -0.09537825026270386, -0.1746204351032815, 0.35825324499959676, False
4.520421439139177, -3.4058809906480896, 0.8387969473112045, -0.09537825026270386, -0.1746204351032815, 0.35825324499959676, False
-2.4859038774590396, -6.228709698249338, 0.23017147471430643, -0.09537825026270386, -0.1746204351032815, 0.35825324499959676, False
-2.276994881800709, 4.646107440453717, 2.663885793160385, -0.09537825026270386, -0.1746204351032815, 0.35825324499959676, True
0.08576058716307422, -1.335630044768208, -1.680275629437649, -0.09537825026270386, -0.1746204351032815, 0.35825324499959676, False
1.2950380806426889, -1.3182890220737367, 1.0412145647163253, -0.09537825026270386, -0.1746204351032815, 0.35825324499959676, False
-1.394148904802809, -1.916409034892859, 2.791831585006931, -0.09537825026270386, -0.1746204351032815, 0.35825324499959676, True
-2.8990301640202736, -2.563175078769466, 2.986997710862102, -0.09537825026270386, -0.1746204351032815, 0.35825324499959676, True
0.9058086026068581, -1.1805347035612774, 0.5991138040216994, -0.09537825026270386, -0.1746204351032815, 0.35825324499959676, False
0.3399783590801997, 2.3546283439492424, 3.1149918120505147, -0.09537825026270386, -0.1746204351032815, 0.35825324499959676, True
