-5.277886667350182, -1.5874489723948129, -2.6998940987093274, 0.18267034773947943, 0.3657851224142392, -0.2626652082837246, False
6.237443050094505, 2.393165320128489, -0.5494704553377474, 0.18267034773947943, 0.3657851224142392, -0.2626652082837246, False
2.0102641423351404, -3.070952938712507, 2.8242087303762373, 0.18267034773947943, 0.3657851224142392, -0.2626652082837246, False
-0.6603298811636966, -5.715692324324322, 0.3816883687855439, 0.18267034773947943, 0.3657851224142392, -0.2626652082837246, False
-4.671905496272136, -0.6428111088109034, 2.376115358828473, 0.18267034773947943, 0.3657851224142392, -0.2626652082837246, False
1.4179248813832297, -2.557856470387537, 0.777553260776052, 0.18267034773947943, 0.3657851224142392, -0.2626652082837246, False
-2.387957766833173, 0.5282531449384322, 1.7280957835802013, 0.18267034773947943, 0.3657851224142392, -0.2626652082837246, False
-3.286424428363072, 1.0671424038333006, 2.4403435386078502, 0.18267034773947943, 0.3657851224142392, -0.2626652082837246, False
-0.9439881704850901, -1.5572313368103519, 1.9702560728427425, 0.18267034773947943, 0.3657851224142392, -0.2626652082837246, False
4.491637649676996, 2.495326204640797, -1.3854510771924307, 0.18267034773947943, 0.3657851224142392, -0.2626652082837246, True
1.0248805767910403, -0.39794775994489573, -2.8290902308299413, 0.18267034773947943, 0.3657851224142392, -0.2626652082837246, False
2.6650616711125146, 5.636249922270778, -1.6176091428016328, 0.18267034773947943, 0.3657851224142392, -0.2626652082837246, False
2.5940137785806385, -4.075356055499091, 1.9425355916728142, 0.18267034773947943, 0.3657851224142392, -0.2626652082837246, False
3.368029440970682, -2.9509513370766403, 2.1344767163375575, 0.18267034773947943, 0.3657851224142392, -0.2626652082837246, False
-4.525923789726056, -4.5418025789182455, 0.3386257724215418, 0.18267034773947943, 0.3657851224142392, -0.2626652082837246, False
1.5904068627162928, -2.886341962638928, -0.9165410165844254, 0.18267034773947943, 0.3657851224142392, -0.2626652082837246, False
-3.5826149878065605, -5.663804849449496, -1.6276690021424725, 0.18267034773947943, 0.3657851224142392, -0.2626652082837246, False
5.336596606262816, 1.5594097468566517, -0.2756846992727633, 0.18267034773947943, 0.3657851224142392, -0.2626652082837246, False
2.779569187478776, 0.27846234049276575, 3.118712550682951, 0.18267034773947943, 0.3657851224142392, -0.2626652082837246, True
-3.3289568647504564, -2.0412364224990416, 2.7977142048432313, 0.18267034773947943, 0.3657851224142392, -0.2626652082837246, False
1.8376524835682542, -1.6643412953795922, -2.1640404659714605, 0.18267034773947943, 0.3657851224142392, -0.2626652082837246, False
-0.19238775688141008, -1.1206878818986672, 0.7483533742876589, 0.18267034773947943, 0.3657851224142392, -0.2626652082837246, False
-3.1591020493969313, -5.570944169895668, -0.8772350056646525, 0.18267034773947943, 0.3657851224142392, -0.2626652082837246, False
2.105363437318154, 5.761609887304111, -1.9667164993998933, 0.18267034773947943, 0.3657851224142392, -0.2626652082837246, False
-1.5528056493084064, -1.598695013820369, -1.7058069677337366, 0.18267034773947943, 0.3657851224142392, -0.2626652082837246, False
-3.9338104463666244, 2.8730102093367194, -3.1004326471790726, 0.18267034773947943, 0.3657851224142392, -0.2626652082837246, True
-1.9229886057637247, -3.9411588890194684, -1.0492522470893868, 0.18267034773947943, 0.3657851224142392, -0.2626652082837246, True
1.3067415352922325, -1.4893460516618484, 0.132615990193778, 0.18267034773947943, 0.3657851224142392, -0.2626652082837246, False
-2.1349938827383133, 2.830278810216356, -2.387622603128938, 0.18267034773947943, 0.3657851224142392, -0.2626652082837246, False
-5.1995340867610285, 3.6686308632839353, -1.6994830618357506, 0.18267034773947943, 0.3657851224142392, -0.2626652082837246, False
-0.547788728105636, -4.200721840640648, -0.7449449746576531, 0.18267034773947943, 0.3657851224142392, -0.2626652082837246, False
-5.7173270166228, 3.7929186942179687, -1.9437161287701843, 0.18267034773947943, 0.3657851224142392, -0.2626652082837246, False
-0.052068138027549615, -1.3295754361957153, -2.339285451509752, 0.18267034773947943, 0.3657851224142392, -0.2626652082837246, False
3.743846156094465, 1.8135618154194688, -2.565194828181747, 0.18267034773947943, 0.3657851224142392, -0.2626652082837246, False
3.521514511524412, 4.887033295069699, -0.8938624195751932, 0.18267034773947943, 0.3657851224142392, -0.2626652082837246, False
-1.9877623379393183, -1.9191703344277489, -2.141511915193676, 0.18267034773947943, 0.3657851224142392, -0.2626652082837246, False
-2.5268250827718854, -4.4449701958324805, -2.3354125410478996, 0.18267034773947943, 0.3657851224142392, -0.2626652082837246, False
2.77102351922089, -4.4581033742389184, 2.465077644117512, 0.18267034773947943, 0.3657851224142392, -0.2626652082837246, False
-2.3715790490803315, -4.06636750341471, 2.910488403548161, 0.18267034773947943, 0.3657851224142392, -0.2626652082837246, True
2.490275242104339, 0.3183963157643017, 0.7311647327581019, 0.18267034773947943, 0.3657851224142392, -0.2626652082837246, False
1.022018254359221, 6.118906932576358, 2.302004755937764, 0.18267034773947943, 0.3657851224142392, -0.2626652082837246, False
3.7185071776072967, 1.828091444856602, 1.8481876201037277, 0.18267034773947943, 0.3657851224142392, -0.2626652082837246, False
-6.0860018654581385, -4.381021603686216, -0.18550088685915034, 0.18267034773947943, 0.3657851224142392, -0.2626652082837246, False
0.7509426879133887, -3.2009073501094747, -2.658600360667537, 0.18267034773947943, 0.3657851224142392, -0.2626652082837246, False
4.143142516676255, 5.798815541060682, 0.3555041015249585, 0.18267034773947943, 0.3657851224142392, -0.2626652082837246, False
-6.028733664039811, -4.569711953190391, -2.3644796835561643, 0.18267034773947943, 0.3657851224142392, -0.2626652082837246, False
2.9921939429919, 1.8710250444272418, -0.025715333042594768, 0.18267034773947943, 0.3657851224142392, -0.2626652082837246, False
-2.250207406327096, -6.279318198067614, 0.4247483506999057, 0.18267034773947943, 0.3657851224142392, -0.2626652082837246, False
-0.06330912269559885, -5.758022304063772, 3.004277915815994, 0.18267034773947943, 0.3657851224142392, -0.2626652082837246, True
4.379406649937694, 2.421989022242812, 2.957222756933419, 0.18267034773947943, 0.3657851224142392, -0.2626652082837246, True
-6.00123349963214, -0.551531175387499, -2.9749544054736967, 0.18267034773947943, 0.3657851224142392, -0.2626652082837246, True
2.5095183084031145, 6.22106214102228, -1.7796203650489082, 0.18267034773947943, 0.3657851224142392, -0.2626652082837246, False
0.7784162269199273, -2.8329834202549713, -2.135035777090601, 0.18267034773947943, 0.3657851224142392, -0.2626652082837246, False
-4.466989867326257, -5.195354494053128, 1.9327436953630617, 0.18267034773947943, 0.3657851224142392, -0.2626652082837246, False
-3.5207504699490757, 4.677563751858065, 1.3053816646231349, 0.18267034773947943, 0.3657851224142392, -0.2626652082837246, False
6.064438423761517, 1.0524153948537158, -1.3178427432305102, 0.18267034773947943, 0.3657851224142392, -0.2626652082837246, False
-5.637029298651707, -2.2652492170741008, 0.05202729877685641, 0.18267034773947943, 0.3657851224142392, -0.2626652082837246, False
1.3969913493812776, 4.4540696955014205, -1.412995820600953, 0.18267034773947943, 0.3657851224142392, -0.2626652082837246, False
1.5063896813901207, 4.23145982909937, -0.4752732374968174, 0.18267034773947943, 0.3657851224142392, -0.2626652082837246, False
3.432990622314229, 0.996205632432468, -2.0202742131856164, 0.18267034773947943, 0.3657851224142392, -0.2626652082837246, False
-3.2377117887711733, -2.3902925719144448, -0.8599913289351311, 0.18267034773947943, 0.3657851224142392, -0.2626652082837246, False
6.103190257382838, -1.746641988016287, 0.37743474604327476, 0.18267034773947943, 0.3657851224142392, -0.2626652082837246, False
2.46714027299668, -3.4375585396220245, -0.2780824296302584, 0.18267034773947943, 0.3657851224142392, -0.2626652082837246, False
-5.952945342387387, -3.999247193488252, -3.0427132771940997, 0.18267034773947943, 0.3657851224142392, -0.2626652082837246, True
-4.652244440768814, 0.22184497046505136, 0.905748419996117, 0.18267034773947943, 0.3657851224142392, -0.2626652082837246, False
-5.249137102075908, 5.156732110528157, 2.049985867455849, 0.18267034773947943, 0.3657851224142392, -0.2626652082837246, False
-3.535855261731653, 3.5198629427351698, -1.7355388231245767, 0.18267034773947943, 0.3657851224142392, -0.2626652082837246, False
3.0915975920121745, 4.826715405458712, 0.6380634390486937, 0.18267034773947943, 0.3657851224142392, -0.2626652082837246, False
-1.3346780347666334, -0.9339503501605586, -2.8282291609814045, 0.18267034773947943, 0.3657851224142392, -0.2626652082837246, False
-4.116160244774758, 2.6380462191154272, 1.5941147673474099, 0.18267034773947943, 0.3657851224142392, -0.2626652082837246, False
4.094438136875407, 0.4132482499464567, 2.4827147961176177, 0.18267034773947943, 0.3657851224142392, -0.2626652082837246, False
4.305186557861111, -2.397427919287968, 0.04677890808070018, 0.18267034773947943, 0.3657851224142392, -0.2626652082837246, False
-3.6059874693919833, -5.65443030739335, -1.735194809689954, 0.18267034773947943, 0.3657851224142392, -0.2626652082837246, False
-0.5532011126038112, -3.2525616178396097, 0.27764168631097785, 0.18267034773947943, 0.3657851224142392, -0.2626652082837246, False
0.45131374468107666, -4.327265609840133, 1.7887061577067378, 0.18267034773947943, 0.3657851224142392, -0.2626652082837246, False
-3.2399254545345015, -5.107462647944411, -0.44049035187309826, 0.18267034773947943, 0.3657851224142392, -0.2626652082837246, False
-3.045512517580674, 0.8015738266497872, -2.094695136759411, 0.18267034773947943, 0.3657851224142392, -0.2626652082837246, False
4.198935176690073, 3.3633925443491, -2.7991643740893655, 0.18267034773947943, 0.3657851224142392, -0.2626652082837246, False
3.00738358632473, 1.4243551068464289, -0.2770433473237137, 0.18267034773947943, 0.3657851224142392, -0.2626652082837246, False
-1.170094640133267, -1.092284811047354, 2.4044824008444428, 0.18267034773947943, 0.3657851224142392, -0.2626652082837246, False
-1.3297334475464346, -0.7795660696647984, -0.4844859972061326, 0.18267034773947943, 0.3657851224142392, -0.2626652082837246, False
-4.240617253925038, 6.029848674150783, -2.832205452369496, 0.18267034773947943, 0.3657851224142392, -0.2626652082837246, False
2.113452347465527, -4.699772043452228, -1.0552896910510619, 0.18267034773947943, 0.3657851224142392, -0.2626652082837246, False
3.430942471745581, -4.493941829636178, 1.52145639813208, 0.18267034773947943, 0.3657851224142392, -0.2626652082837246, False
3.705106140862922, -4.837631407278626, -2.845003492023441, 0.18267034773947943, 0.3657851224142392, -0.2626652082837246, False
3.9616585661553394, 5.485361330411493, 1.6212106146853662, 0.18267034773947943, 0.3657851224142392, -0.2626652082837246, False
5.198466590521761, 5.943589129074368, -0.954383844108746, 0.18267034773947943, 0.3657851224142392, -0.2626652082837246, False
-1.4228665313003708, 5.854698336063345, 0.4075969414202061, 0.18267034773947943, 0.3657851224142392, -0.2626652082837246, False
3.4098986035568135, 0.4268637433925315, 2.22741536079055, 0.18267034773947943, 0.3657851224142392, -0.2626652082837246, False
2.287133264366682, 4.871278540120329, -0.9117289981962489, 0.18267034773947943, 0.3657851224142392, -0.2626652082837246, False
4.305971003690088, 1.0499094396052273, 2.8148930431739876, 0.18267034773947943, 0.3657851224142392, -0.2626652082837246, False
0.7944181279940894, -1.713463455704555, -2.6905179861081834, 0.18267034773947943, 0.3657851224142392, -0.2626652082837246, False
3.530259401357281, 5.021011331821951, -0.8115498151544425, 0.18267034773947943, 0.3657851224142392, -0.2626652082837246, False
3.3443444975679455, -2.263045846511938, -0.5134543292207621, 0.18267034773947943, 0.3657851224142392, -0.2626652082837246, False
0.1293025311254894, -2.082459296592262, -2.7456663438646376, 0.18267034773947943, 0.3657851224142392, -0.2626652082837246, False
3.47265051943179, -1.7905544604455148, 2.194445085268633, 0.18267034773947943, 0.3657851224142392, -0.2626652082837246, False
3.4353585856917253, -5.612569229906761, 1.9113121825812058, 0.18267034773947943, 0.3657851224142392, -0.2626652082837246, False
-4.779240205026939, 4.647903867440483, -1.8378003054347667, 0.18267034773947943, 0.3657851224142392, -0.2626652082837246, False
-0.4950740733797758, 1.975909304167411, 0.8617966037159048, 0.18267034773947943, 0.3657851224142392, -0.2626652082837246, False
-1.9096498944167974, 3.902286405262373, 1.5273441016347808, 0.18267034773947943, 0.3657851224142392, -0.2626652082837246, False
