2.14650939181028, -6.163547438368194, -1.764160619724344, 0.10322879256047024, -0.059793283365604855, 0.6475355620333403, False
3.3970462678612634, -5.558198083869442, -3.138321369143995, 0.10322879256047024, -0.059793283365604855, 0.6475355620333403, True
-3.4197046244686113, 4.07014729931003, -0.3800430852423258, 0.10322879256047024, -0.059793283365604855, 0.6475355620333403, False
3.9807065366135994, 5.790300819012218, 1.850875100037495, 0.10322879256047024, -0.059793283365604855, 0.6475355620333403, False
6.1003645131846795, 5.656012103719556, 0.06900001853871407, 0.10322879256047024, -0.059793283365604855, 0.6475355620333403, False
-4.601110667782185, -4.471072858693862, 2.8487882346056494, 0.10322879256047024, -0.059793283365604855, 0.6475355620333403, False
4.008573133422148, -4.192612397714565, -1.9008973689955742, 0.10322879256047024, -0.059793283365604855, 0.6475355620333403, False
-4.179931540162734, 4.207117769725915, -1.201265306403469, 0.10322879256047024, -0.059793283365604855, 0.6475355620333403, False
2.2791752098413394, 1.511431002679557, -0.5965661536784568, 0.10322879256047024, -0.059793283365604855, 0.6475355620333403, False
-1.3566561705194875, -5.940873537473897, -0.693391791564836, 0.10322879256047024, -0.059793283365604855, 0.6475355620333403, False
-6.1123386782988165, 1.9572300711007546, -1.510872406257893, 0.10322879256047024, -0.059793283365604855, 0.6475355620333403, False
0.24012310986583874, 3.922945885062566, -3.0289986212800026, 0.10322879256047024, -0.059793283365604855, 0.6475355620333403, True
3.8698241163565843, 0.5139499998426835, 2.22624311434579, 0.10322879256047024, -0.059793283365604855, 0.6475355620333403, False
-5.658266636639632, -0.660181046481835, 0.8741078090103978, 0.10322879256047024, -0.059793283365604855, 0.6475355620333403, False
-2.2945932917911844, -5.283332816308758, 0.7507748408612369, 0.10322879256047024, -0.059793283365604855, 0.6475355620333403, False
5.606986888167617, 1.1762963098259638, 0.05900170773845481, 0.10322879256047024, -0.059793283365604855, 0.6475355620333403, False
1.2292298919828406, -1.2678981833970875, 2.834065517833551, 0.10322879256047024, -0.059793283365604855, 0.6475355620333403, False
-1.3277073577253553, 3.031995685297229, 2.0859272906563273, 0.10322879256047024, -0.059793283365604855, 0.6475355620333403, False
-0.6262164683038343, -2.8072713258559663, 1.6960986711707955, 0.10322879256047024, -0.059793283365604855, 0.6475355620333403, False
0.5065983265168823, -1.6875094648306037, 0.8722899659345424, 0.10322879256047024, -0.059793283365604855, 0.6475355620333403, True
-2.0299748941471947, 1.4491925526310645, -1.1204673739020974, 0.10322879256047024, -0.059793283365604855, 0.6475355620333403, False
-3.8060358211392833, 5.868062189150782, -0.5834313014815349, 0.10322879256047024, -0.059793283365604855, 0.6475355620333403, False
-2.6324147994045646, 4.370183839031268, -2.877705148169634, 0.10322879256047024, -0.059793283365604855, 0.6475355620333403, True
-5.402718422094992, -5.344604839950175, 3.0521814069667377, 0.10322879256047024, -0.059793283365604855, 0.6475355620333403, True
0.0644306668019139, -6.243614390448779, -2.751384230695227, 0.10322879256047024, -0.059793283365604855, 0.6475355620333403, False
-0.22447841267049995, -5.755682337558666, -0.5485963298371748, 0.10322879256047024, -0.059793283365604855, 0.6475355620333403, False
0.8944891809837827, 1.8388808612940188, 2.9395626228827973, 0.10322879256047024, -0.059793283365604855, 0.6475355620333403, True
3.6884234408974788, 2.721145093939377, -2.420646754243851, 0.10322879256047024, -0.059793283365604855, 0.6475355620333403, False
-2.8591789532515883, -4.825613964554447, -2.4877239168710608, 0.10322879256047024, -0.059793283365604855, 0.6475355620333403, False
6.246945711864072, -6.200754817176847, -1.2374707493890715, 0.10322879256047024, -0.059793283365604855, 0.6475355620333403, False
4.000701969138623, -3.5799951834382506, -0.9624439071513438, 0.10322879256047024, -0.059793283365604855, 0.6475355620333403, False
-5.10252754541003, -1.442668350084122, 0.7797569077075517, 0.10322879256047024, -0.059793283365604855, 0.6475355620333403, True
-0.942271966889451, -1.8834974709402061, -1.746375949089161, 0.10322879256047024, -0.059793283365604855, 0.6475355620333403, False
3.8563660590908277, 5.964604349122084, 0.9457757363634451, 0.10322879256047024, -0.059793283365604855, 0.6475355620333403, False
3.3627531786039153, -1.9862996081543463, 0.5529158195965711, 0.10322879256047024, -0.059793283365604855, 0.6475355620333403, True
1.214766637010955, -6.105597336007912, 0.8179307959073334, 0.10322879256047024, -0.059793283365604855, 0.6475355620333403, False
6.067683904638061, -0.43693679653319695, -1.5352319517595117, 0.10322879256047024, -0.059793283365604855, 0.6475355620333403, True
-2.5629526002839786, -1.6341795953798384, -0.9352886829347784, 0.10322879256047024, -0.059793283365604855, 0.6475355620333403, True
-2.7887854122199442, 6.20053751870717, 0.9304250005706463, 0.10322879256047024, -0.059793283365604855, 0.6475355620333403, False
3.917703533311842, -2.9790431814252805, 2.449763140691444, 0.10322879256047024, -0.059793283365604855, 0.6475355620333403, False
-2.264772952900495, 0.17076538164809651, -2.5625361739904644, 0.10322879256047024, -0.059793283365604855, 0.6475355620333403, False
-4.425604649274673, -4.410935695901961, -0.5915627236316552, 0.10322879256047024, -0.059793283365604855, 0.6475355620333403, False
0.00878859055594905, 2.1344382608897856, -2.879297711990728, 0.10322879256047024, -0.059793283365604855, 0.6475355620333403, True
-5.165854349847845, 0.49692032504814243, -2.352353503700404, 0.10322879256047024, -0.059793283365604855, 0.6475355620333403, False
-0.15692341262363918, 2.1973172201429083, 2.059022623461435, 0.10322879256047024, -0.059793283365604855, 0.6475355620333403, False
0.4325723733415181, -3.962084903352036, -2.4598219259360996, 0.10322879256047024, -0.059793283365604855, 0.6475355620333403, False
-4.76420033840937, -1.1489271131235803, 0.3141316564786707, 0.10322879256047024, -0.059793283365604855, 0.6475355620333403, False
0.8701011630952387, -4.918623724497227, 3.0981148761787773, 0.10322879256047024, -0.059793283365604855, 0.6475355620333403, True
-5.738421442200718, 5.23537542867917, 0.4089754227025333, 0.10322879256047024, -0.059793283365604855, 0.6475355620333403, False
-4.248686601325557, 1.8083157076311362, -1.9594637795960361, 0.10322879256047024, -0.059793283365604855, 0.6475355620333403, False
-3.344013596179587, 0.467672876577347, -0.9351910600791311, 0.10322879256047024, -0.059793283365604855, 0.6475355620333403, False
-2.4436650464479373, 3.2768343936032593, 0.5140246624453981, 0.10322879256047024, -0.059793283365604855, 0.6475355620333403, False
3.101405795501684, -4.86540120513415, 1.66948216038951, 0.10322879256047024, -0.059793283365604855, 0.6475355620333403, False
-0.7880381066402382, 2.324142974153169, -2.5617478672264298, 0.10322879256047024, -0.059793283365604855, 0.6475355620333403, False
-2.650358600048626, -2.164728850453054, -2.1963207491070436, 0.10322879256047024, -0.059793283365604855, 0.6475355620333403, False
5.244857062232674, -1.9149154675052458, -0.5697709724101712, 0.10322879256047024, -0.059793283365604855, 0.6475355620333403, False
2.473383570452386, 5.154055873243928, 1.578873427451188, 0.10322879256047024, -0.059793283365604855, 0.6475355620333403, False
3.6251245944484545, 2.7142062641609606, 2.503221926131454, 0.10322879256047024, -0.059793283365604855, 0.6475355620333403, False
-0.6829573703013425, -3.534495063916076, 2.149890804947586, 0.10322879256047024, -0.059793283365604855, 0.6475355620333403, False
4.2925751213818675, -1.3054323364116103, 2.810141428440053, 0.10322879256047024, -0.059793283365604855, 0.6475355620333403, True
-1.8544886127277547, 3.2290266146119055, 2.173478914075365, 0.10322879256047024, -0.059793283365604855, 0.6475355620333403, False
-2.951527235718601, 3.7663308055680282, 1.6694628620253074, 0.10322879256047024, -0.059793283365604855, 0.6475355620333403, True
-3.052786432633696, 5.288262067658875, -2.4964523810512724, 0.10322879256047024, -0.059793283365604855, 0.6475355620333403, False
5.838234899257683, 0.26601119873830736, 1.9873487826271585, 0.10322879256047024, -0.059793283365604855, 0.6475355620333403, False
-0.5606771938202657, -3.730836334723959, 2.3121819038757705, 0.10322879256047024, -0.059793283365604855, 0.6475355620333403, False
-3.6690660244331657, 4.427725782527885, 1.5917327566350723, 0.10322879256047024, -0.059793283365604855, 0.6475355620333403, True
-3.2962166970908218, -1.9229553291802386, 1.6797804985614713, 0.10322879256047024, -0.059793283365604855, 0.6475355620333403, True
-4.4324344046291095, 1.3059359537611428, 2.499072605842331, 0.10322879256047024, -0.059793283365604855, 0.6475355620333403, False
2.495721454136266, 5.501532111178664, 2.9242812399998277, 0.10322879256047024, -0.059793283365604855, 0.6475355620333403, True
-1.4749608626182047, 4.498053353472519, -2.9258334508051784, 0.10322879256047024, -0.059793283365604855, 0.6475355620333403, True
3.655492719143213, 2.3993409767982197, -2.9086472764009614, 0.10322879256047024, -0.059793283365604855, 0.6475355620333403, True
4.978113992077118, 0.6440603436645285, 3.0627573754590944, 0.10322879256047024, -0.059793283365604855, 0.6475355620333403, True
6.157625949373346, -4.515532190773584, -1.747926901196219, 0.10322879256047024, -0.059793283365604855, 0.6475355620333403, False
-4.285343654882527, -2.304268444188321, 2.3036906332912386, 0.10322879256047024, -0.059793283365604855, 0.6475355620333403, False
5.337475523221663, -5.015496229663093, 0.002399204368655816, 0.10322879256047024, -0.059793283365604855, 0.6475355620333403, False
-1.2583996619935336, 5.996330608300621, 2.689430263056411, 0.10322879256047024, -0.059793283365604855, 0.6475355620333403, False
-6.206693258611019, 2.7870105720675546, -2.8313609255900998, 0.10322879256047024, -0.059793283365604855, 0.6475355620333403, False
-3.8279262613295986, -4.173680007128899, -0.3176403892164479, 0.10322879256047024, -0.059793283365604855, 0.6475355620333403, False
-1.5166001143058168, -4.144191669291663, -2.5591312220984035, 0.10322879256047024, -0.059793283365604855, 0.6475355620333403, False
-2.919618757500132, 1.158832709406, -2.85372463562188, 0.10322879256047024, -0.059793283365604855, 0.6475355620333403, False
2.020616514854595, -4.808652905443599, 0.10058550989324466, 0.10322879256047024, -0.059793283365604855, 0.6475355620333403, False
-3.231055375168146, -0.706995166755295, 0.7402749774194737, 0.10322879256047024, -0.059793283365604855, 0.6475355620333403, False
2.4614257201254883, -0.06045843147254626, 1.6468594648724357, 0.10322879256047024, -0.059793283365604855, 0.6475355620333403, False
-5.400701754104556, -3.192766980683565, -0.7351655405702098, 0.10322879256047024, -0.059793283365604855, 0.6475355620333403, False
-1.7120306442810556, -5.9558597753963864, 2.1775036634832743, 0.10322879256047024, -0.059793283365604855, 0.6475355620333403, False
5.999351512926713, -2.6297843766282227, 1.6146615323678573, 0.10322879256047024, -0.059793283365604855, 0.6475355620333403, False
5.140983439879072, 0.6289485456757697, -1.9878691040307388, 0.10322879256047024, -0.059793283365604855, 0.6475355620333403, False
4.553923421255167, 0.3787052388374912, -1.7474722438679848, 0.10322879256047024, -0.059793283365604855, 0.6475355620333403, False
1.7313491667110288, -4.91397379083778, -2.420885215137509, 0.10322879256047024, -0.059793283365604855, 0.6475355620333403, False
-4.858368833334164, -5.837035987160001, 2.833613089712469, 0.10322879256047024, -0.059793283365604855, 0.6475355620333403, False
4.712415663553813, -2.1569119607557514, -2.881790569376908, 0.10322879256047024, -0.059793283365604855, 0.6475355620333403, False
-3.9994932915944728, 3.3314068687872744, 1.036228498071016, 0.10322879256047024, -0.059793283365604855, 0.6475355620333403, False
-1.1543522247725893, 0.04332791425575433, -1.475122785147404, 0.10322879256047024, -0.059793283365604855, 0.6475355620333403, False
5.447952956112172, 5.9747924013866225, 0.5350969038942557, 0.10322879256047024, -0.059793283365604855, 0.6475355620333403, False
1.9043015692846268, 2.839462494434084, -2.541792287228943, 0.10322879256047024, -0.059793283365604855, 0.6475355620333403, False
-3.7402518578371997, -2.441209719647192, -2.469429887947305, 0.10322879256047024, -0.059793283365604855, 0.6475355620333403, False
1.69283120973994, 0.839257824211014, -1.3406807751502696, 0.10322879256047024, -0.059793283365604855, 0.6475355620333403, False
-2.805144115466862, 5.413209318608086, 0.23024051002368662, 0.10322879256047024, -0.059793283365604855, 0.6475355620333403, False
4.428309733154149, 2.680623009537097, 2.022798284126103, 0.10322879256047024, -0.059793283365604855, 0.6475355620333403, False
-3.43097517843952, -3.9521712453315927, -0.42011251519625814, 0.10322879256047024, -0.059793283365604855, 0.6475355620333403, False
