1.425323671918811, -3.607525409438492, 1.0991293762567809, -0.2921241949513803, 0.49402958829536014, -0.5912129611529847, False
-2.843783093350204, -2.760485537567017, -1.9504887838290967, -0.2921241949513803, 0.49402958829536014, -0.5912129611529847, False
-2.352209457421598, 4.030719611262361, -3.036718814739774, -0.2921241949513803, 0.49402958829536014, -0.5912129611529847, True
-2.2310273136279717, -4.919818003033522, 1.069339817584627, -0.2921241949513803, 0.49402958829536014, -0.5912129611529847, False
-1.3476430710023326, -1.4805401246528351, 2.8480340474767845, -0.2921241949513803, 0.49402958829536014, -0.5912129611529847, False
2.411615674242073, -0.8855533525765553, 1.4643217805132762, -0.2921241949513803, 0.49402958829536014, -0.5912129611529847, False
6.00571582078515, -5.565278186495753, 3.102362889153837, -0.2921241949513803, 0.49402958829536014, -0.5912129611529847, True
-2.1030795286277586, 3.3346394822932126, 1.2588111784104692, -0.2921241949513803, 0.49402958829536014, -0.5912129611529847, False
-5.387825034431725, 5.298963762242931, 0.4246792998682052, -0.2921241949513803, 0.49402958829536014, -0.5912129611529847, False
4.929246358720931, 2.088562887610978, -1.362652787759199, -0.2921241949513803, 0.49402958829536014, -0.5912129611529847, False
2.2244637415878437, 0.09502285899625473, 2.5664829611806876, -0.2921241949513803, 0.49402958829536014, -0.5912129611529847, False
4.783976501773719, -5.032751673031211, 2.3154600637068343, -0.2921241949513803, 0.49402958829536014, -0.5912129611529847, False
2.916704017382015, 3.635309797824158, -1.4929952296117472, -0.2921241949513803, 0.49402958829536014, -0.5912129611529847, False
-0.41440839824276754, -3.4894289194542414, 2.3406632901499664, -0.2921241949513803, 0.49402958829536014, -0.5912129611529847, False
4.334285820804125, -5.555332144525087, -2.9831585868221855, -0.2921241949513803, 0.49402958829536014, -0.5912129611529847, True
1.1916538831910106, 3.9974159354157095, -1.1256742466980496, -0.2921241949513803, 0.49402958829536014, -0.5912129611529847, False
5.993658528112652, 2.8945626703236904, -2.7587378882215257, -0.2921241949513803, 0.49402958829536014, -0.5912129611529847, False
-2.341425345333721, -0.903584469526006, -1.6540287280486514, -0.2921241949513803, 0.49402958829536014, -0.5912129611529847, False
-5.052124576754418, -0.8551202365759369, 2.15985531369921, -0.2921241949513803, 0.49402958829536014, -0.5912129611529847, False
0.6261864658402718, 5.423303408555146, 1.943251463664799, -0.2921241949513803, 0.49402958829536014, -0.5912129611529847, False
-2.977470761945228, 2.675160543966115, 1.6865282816999887, -0.2921241949513803, 0.49402958829536014, -0.5912129611529847, False
0.3934431802180667, 1.5214727350050063, -0.5798537833916457, -0.2921241949513803, 0.49402958829536014, -0.5912129611529847, False
-5.2379530370757506, 1.3381964136537539, -0.32670264242483116, -0.2921241949513803, 0.49402958829536014, -0.5912129611529847, False
-2.5070332809193188, -2.8117682909965227, -0.1041082085414109, -0.2921241949513803, 0.49402958829536014, -0.5912129611529847, False
0.016698339295760256, 2.7080549474026956, -0.4254741343061994, -0.2921241949513803, 0.49402958829536014, -0.5912129611529847, False
4.1839133570933615, -3.7472556236908248, -2.543139418017824, -0.2921241949513803, 0.49402958829536014, -0.5912129611529847, False
-2.4922960150777675, -0.1967549191332747, -1.7786568224974806, -0.2921241949513803, 0.49402958829536014, -0.5912129611529847, False
0.3625762444289675, 2.1568362878904175, 1.3916471369192935, -0.2921241949513803, 0.49402958829536014, -0.5912129611529847, False
-2.4152211774126338, 1.9250601580210098, -1.2135018183567092, -0.2921241949513803, 0.49402958829536014, -0.5912129611529847, False
1.788487336389478, -5.9903907812315245, 0.051422318144113355, -0.2921241949513803, 0.49402958829536014, -0.5912129611529847, False
-1.3580967828130603, 5.171569841210472, -1.495708733229924, -0.2921241949513803, 0.49402958829536014, -0.5912129611529847, False
2.4137467810422475, -4.583065543167544, 2.185105136080298, -0.2921241949513803, 0.49402958829536014, -0.5912129611529847, False
5.816431429971772, 5.564942926671469, -1.0729883630385095, -0.2921241949513803, 0.49402958829536014, -0.5912129611529847, False
-0.4633494165896712, -2.8853135410851087, 0.05149807767947312, -0.2921241949513803, 0.49402958829536014, -0.5912129611529847, False
-6.067294118774368, 3.1203240398000034, 1.7265162511985306, -0.2921241949513803, 0.49402958829536014, -0.5912129611529847, False
2.4722430593898252, 0.03704207819108518, 2.837653318347617, -0.2921241949513803, 0.49402958829536014, -0.5912129611529847, False
2.336246331435177, 1.029634547699266, 2.852019430991131, -0.2921241949513803, 0.49402958829536014, -0.5912129611529847, True
3.733649876882337, -4.781486293197517, 2.8454731475969677, -0.2921241949513803, 0.49402958829536014, -0.5912129611529847, False
-4.775710753984031, -1.3275136238281888, 1.9733736543928755, -0.2921241949513803, 0.49402958829536014, -0.5912129611529847, False
-4.142741421319247, 3.809648239218788, 2.266309399206322, -0.2921241949513803, 0.49402958829536014, -0.5912129611529847, False
2.128688759833775, 4.568247638243486, -1.9047413473073582, -0.2921241949513803, 0.49402958829536014, -0.5912129611529847, False
-3.1264165170227267, 4.559020311317951, -1.5357904854030129, -0.2921241949513803, 0.49402958829536014, -0.5912129611529847, False
-1.2743117205044836, -2.6239989638651973, 1.8660171257339764, -0.2921241949513803, 0.49402958829536014, -0.5912129611529847, False
-1.5025631866648164, 5.796721260741471, -2.3108660504239023, -0.2921241949513803, 0.49402958829536014, -0.5912129611529847, False
-3.804213933290351, 3.054528278962117, 0.44656200762849485, -0.2921241949513803, 0.49402958829536014, -0.5912129611529847, False
0.19491635588629563, 0.09033017260554921, 0.24789473413985963, -0.2921241949513803, 0.49402958829536014, -0.5912129611529847, False
-5.1416668748684735, -3.116938753678862, -2.928579714244798, -0.2921241949513803, 0.49402958829536014, -0.5912129611529847, True
-2.2248717684098027, -6.104562261054243, -0.695765859341936, -0.2921241949513803, 0.49402958829536014, -0.5912129611529847, False
-2.0636934463136614, 0.0932440936275265, -0.33647010753213413, -0.2921241949513803, 0.49402958829536014, -0.5912129611529847, False
6.113546478686883, -3.5356244358803552, -2.02846401554428, -0.2921241949513803, 0.49402958829536014, -0.5912129611529847, False
-3.940758823986612, -4.9287163671527985, -1.687144876088843, -0.2921241949513803, 0.49402958829536014, -0.5912129611529847, False
-4.011581433950904, -2.6686593204406535, 2.1986354199067266, -0.2921241949513803, 0.49402958829536014, -0.5912129611529847, False
2.6602856598166955, -1.521970844680168, 2.2291349773647724, -0.2921241949513803, 0.49402958829536014, -0.5912129611529847, False
5.221524812367969, -2.9456719217030836, -1.1173897893028197, -0.2921241949513803, 0.49402958829536014, -0.5912129611529847, False
-6.137814785250309, -3.7458089939267865, 1.7003121388111113, -0.2921241949513803, 0.49402958829536014, -0.5912129611529847, False
-5.610482671273148, 2.666079724064163, 0.3250239067299492, -0.2921241949513803, 0.49402958829536014, -0.5912129611529847, False
2.4087222690605756, 4.576151445555876, -1.9140432784002803, -0.2921241949513803, 0.49402958829536014, -0.5912129611529847, False
2.282632129306453, -0.8993167903947885, -1.7256106449910558, -0.2921241949513803, 0.49402958829536014, -0.5912129611529847, False
-2.461523666114257, -5.567655331885151, 2.0913290936611846, -0.2921241949513803, 0.49402958829536014, -0.5912129611529847, False
-1.7576090189823699, 0.32025795924642875, -2.490813152979534, -0.2921241949513803, 0.49402958829536014, -0.5912129611529847, False
-5.993840598149946, 2.357954283733253, 2.366246541716782, -0.2921241949513803, 0.49402958829536014, -0.5912129611529847, False
-6.214716880227871, -2.5387276067972966, 1.63036640118185, -0.2921241949513803, 0.49402958829536014, -0.5912129611529847, False
3.8795870930909224, -2.8704521365976374, 2.1819792542544816, -0.2921241949513803, 0.49402958829536014, -0.5912129611529847, False
0.5732334750219188, -5.704077482344138, 0.9662057461879847, -0.2921241949513803, 0.49402958829536014, -0.5912129611529847, False
1.6428813304235437, 3.610068729792733, -0.22924381156781726, -0.2921241949513803, 0.49402958829536014, -0.5912129611529847, False
4.549322462287966, 0.5126609764139154, -0.9263154206674322, -0.2921241949513803, 0.49402958829536014, -0.5912129611529847, False
-2.95874881727998, -1.0244990858027823, -0.41203065362116487, -0.2921241949513803, 0.49402958829536014, -0.5912129611529847, False
1.8349212657393057, -0.07849156148389724, -1.0357395817385884, -0.2921241949513803, 0.49402958829536014, -0.5912129611529847, False
-3.3941896451419034, -3.9042570495395172, 0.4610426822395688, -0.2921241949513803, 0.49402958829536014, -0.5912129611529847, False
-1.6682831718305229, 5.39210340316677, 2.5967471494285492, -0.2921241949513803, 0.49402958829536014, -0.5912129611529847, False
3.7089556805214485, 0.97407567176157, 2.762848422670591, -0.2921241949513803, 0.49402958829536014, -0.5912129611529847, False
-4.357059739274758, -1.7240993768141877, 0.6456676997766038, -0.2921241949513803, 0.49402958829536014, -0.5912129611529847, False
-5.336427675274587, 5.475760187195748, 2.9761304889604796, -0.2921241949513803, 0.49402958829536014, -0.5912129611529847, True
-3.940991746517558, 3.8485651744088596, 2.972510307132021, -0.2921241949513803, 0.49402958829536014, -0.5912129611529847, True
-3.4529602194013336, 0.5865940391228976, -2.8138012460439232, -0.2921241949513803, 0.49402958829536014, -0.5912129611529847, False
-2.106914858133102, -2.4055246235227035, -1.5870688685580465, -0.2921241949513803, 0.49402958829536014, -0.5912129611529847, False
-4.085365648517648, 3.8075733937732323, -1.982174142733996, -0.2921241949513803, 0.49402958829536014, -0.5912129611529847, False
2.4278897677807034, -2.8330278133544304, 0.29654874955849264, -0.2921241949513803, 0.49402958829536014, -0.5912129611529847, False
3.0145804017043787, 4.25907914762055, -2.860553752447069, -0.2921241949513803, 0.49402958829536014, -0.5912129611529847, False
2.029209881660096, 0.7098473595796317, -0.6253054595340157, -0.2921241949513803, 0.49402958829536014, -0.5912129611529847, False
-5.306802030254872, 5.053633475999417, 1.2998622824745603, -0.2921241949513803, 0.49402958829536014, -0.5912129611529847, False
2.88042126236895, -5.977739910167443, -2.0526905261374866, -0.2921241949513803, 0.49402958829536014, -0.5912129611529847, False
0.28483666791400797, 4.534597094750993, -0.6895889147579681, -0.2921241949513803, 0.49402958829536014, -0.5912129611529847, False
3.9145254100601914, 1.4957051487158841, -3.089378833357299, -0.2921241949513803, 0.49402958829536014, -0.5912129611529847, True
5.339006217527208, -2.9532449620643284, -1.6237336296197185, -0.2921241949513803, 0.49402958829536014, -0.5912129611529847, False
-2.8414762925688306, -1.0800798838466585, 1.8862256468090255, -0.2921241949513803, 0.49402958829536014, -0.5912129611529847, False
-1.6255759851537182, 4.270564138839099, 2.268087758074059, -0.2921241949513803, 0.49402958829536014, -0.5912129611529847, False
-2.511739558911247, 0.027464717933005645, -1.0297124477372415, -0.2921241949513803, 0.49402958829536014, -0.5912129611529847, False
2.6670081351662915, 1.6138515711621455, 0.07230422790740931, -0.2921241949513803, 0.49402958829536014, -0.5912129611529847, False
2.691125075220153, -0.4980441214492197, 0.27837941531593513, -0.2921241949513803, 0.49402958829536014, -0.5912129611529847, False
-2.845991820311783, 3.2818161385708198, -1.8867238667431065, -0.2921241949513803, 0.49402958829536014, -0.5912129611529847, False
6.2147090672286325, 2.9253567486576237, 0.43269355932844444, -0.2921241949513803, 0.49402958829536014, -0.5912129611529847, False
0.27401651894211376, 5.77921602247763, -0.4913638623971055, -0.2921241949513803, 0.49402958829536014, -0.5912129611529847, False
-3.4495427491993764, 5.713861173709466, -1.089560968372882, -0.2921241949513803, 0.49402958829536014, -0.5912129611529847, False
-3.8393450988048725, 0.8303569541263487, -2.163557651802555, -0.2921241949513803, 0.49402958829536014, -0.5912129611529847, False
-5.495092704114451, 3.727182392490196, -2.53667764973151, -0.2921241949513803, 0.49402958829536014, -0.5912129611529847, False
-1.3857274542709206, -0.7662868488788037, -2.369918822573745, -0.2921241949513803, 0.49402958829536014, -0.5912129611529847, False
1.0416126012704332, 5.706528675450992, 2.2755667424613257, -0.2921241949513803, 0.49402958829536014, -0.5912129611529847, False
-0.39389457364391944, 4.080390196110811, 2.181325909508331, -0.2921241949513803, 0.49402958829536014, -0.5912129611529847, False
4.474674291470951, 1.4443470603102844, -2.618723430170575, -0.2921241949513803, 0.49402958829536014, -0.5912129611529847, False
-2.2783304881411732, -0.5595216576149147, 1.1494234849541591, -0.2921241949513803, 0.49402958829536014, -0.5912129611529847, False
2.664925545335368, 1.0205081764161363, 2.239375955671946, -0.2921241949513803, 0.49402958829536014, -0.5912129611529847, False
-1.275727903227688, 4.457788942564886, -1.10219238691848, -0.2921241949513803, 0.49402958829536014, -0.5912129611529847, False
-2.175580661951753, 3.6606976560098907, -1.6688496702387359, -0.2921241949513803, 0.49402958829536014, -0.5912129611529847, False
-0.9941906914965113, 0.4934958079719909, 1.4987804627732375, -0.2921241949513803, 0.49402958829536014, -0.5912129611529847, False
-3.0216921709295845, 4.4608003575438495, -0.9251951205839855, -0.2921241949513803, 0.49402958829536014, -0.5912129611529847, False
2.1499022782389066, -3.1000484509770625, -1.492394184897087, -0.2921241949513803, 0.49402958829536014, -0.5912129611529847, False
1.3238488618995765, 3.412901073324706, -2.428090132118859, -0.2921241949513803, 0.49402958829536014, -0.5912129611529847, False
-5.083442206713231, 0.3791771727824722, -1.014669658366551, -0.2921241949513803, 0.49402958829536014, -0.5912129611529847, False
-5.782398804070765, -2.040834694662818, 2.4097379921858364, -0.2921241949513803, 0.49402958829536014, -0.5912129611529847, False
0.7903990460602737, -0.7490994266127826, 0.7479856696780494, -0.2921241949513803, 0.49402958829536014, -0.5912129611529847, False
-0.30174716429158366, -3.8003438889136576, -0.05008314731200603, -0.2921241949513803, 0.49402958829536014, -0.5912129611529847, False
5.128494924248553, -5.715059507825457, -0.24063928028783543, -0.2921241949513803, 0.49402958829536014, -0.5912129611529847, False
-0.723615746139691, 5.016789739145347, 0.810637745312536, -0.2921241949513803, 0.49402958829536014, -0.5912129611529847, False
2.7887163174502323, -2.344827906562851, -2.443383204340792, -0.2921241949513803, 0.49402958829536014, -0.5912129611529847, False
-0.3118930622895384, -1.6369610885965535, -2.3607835206057386, -0.2921241949513803, 0.49402958829536014, -0.5912129611529847, False
-5.0186377044710095, -0.46046631593190224, 2.616194637870202, -0.2921241949513803, 0.49402958829536014, -0.5912129611529847, False
2.809040816765883, 5.814964359030972, 0.1802391014877771, -0.2921241949513803, 0.49402958829536014, -0.5912129611529847, False
-2.7045501214012257, 4.315988499879216, 1.4813482351550569, -0.2921241949513803, 0.49402958829536014, -0.5912129611529847, False
-0.4982602706329651, -4.9283529673704205, 1.9056524866869733, -0.2921241949513803, 0.49402958829536014, -0.5912129611529847, False
-5.34628068970803, -5.948134376426518, 3.0670952919159102, -0.2921241949513803, 0.49402958829536014, -0.5912129611529847, True
5.936109873884309, 1.1632373709739774, -1.8924903725530124, -0.2921241949513803, 0.49402958829536014, -0.5912129611529847, False
1.7310707971910446, -4.2561766126692, -1.7680658789319474, -0.2921241949513803, 0.49402958829536014, -0.5912129611529847, False
-1.7989701401846157, -1.7353585454939227, 2.555617015888835, -0.2921241949513803, 0.49402958829536014, -0.5912129611529847, False
2.667477338194276, 3.4688152688207037, -1.3133369198940263, -0.2921241949513803, 0.49402958829536014, -0.5912129611529847, False
-0.5324713679126596, 4.0187376492596965, 2.030663873125121, -0.2921241949513803, 0.49402958829536014, -0.5912129611529847, False
-1.3842287095934322, 3.546353576345595, -1.213447248246868, -0.2921241949513803, 0.49402958829536014, -0.5912129611529847, False
5.870098583331172, 5.649227283237957, 0.7936729016910724, -0.2921241949513803, 0.49402958829536014, -0.5912129611529847, False
-4.8700230558389945, -0.1495399438967988, -0.13228018305238054, -0.2921241949513803, 0.49402958829536014, -0.5912129611529847, False
0.4163957677767671, -4.67876709234998, -1.4486796241838313, -0.2921241949513803, 0.49402958829536014, -0.5912129611529847, False
-0.6273554035556144, -4.407693350531355, 1.2619861326045854, -0.2921241949513803, 0.49402958829536014, -0.5912129611529847, False
-3.041277139096715, -5.809828516812571, 2.3246861493139415, -0.2921241949513803, 0.49402958829536014, -0.5912129611529847, False
3.6349955732810653, -6.050849038543161, 0.4190401029492765, -0.2921241949513803, 0.49402958829536014, -0.5912129611529847, False
-1.556939780142959, 2.022048878018527, 1.413939165471768, -0.2921241949513803, 0.49402958829536014, -0.5912129611529847, False
5.0367146656389945, -0.6994873222057842, 0.22092133693444138, -0.2921241949513803, 0.49402958829536014, -0.5912129611529847, False
5.462980758908701, 1.8792996077262494, 2.1993813989008872, -0.2921241949513803, 0.49402958829536014, -0.5912129611529847, False
2.9054208513732895, 2.0281375662490877, 0.10497948830253856, -0.2921241949513803, 0.49402958829536014, -0.5912129611529847, False
-2.9295794019981956, 3.1126858481511466, 1.0530838040837773, -0.2921241949513803, 0.49402958829536014, -0.5912129611529847, False
2.6065254703593297, -0.7962388643130147, -2.9908375556576607, -0.2921241949513803, 0.49402958829536014, -0.5912129611529847, True
4.445879062310727, -1.2321553584541043, -1.3160000630312272, -0.2921241949513803, 0.49402958829536014, -0.5912129611529847, False
0.4138461132544178, 4.488457955289938, -2.312629386262754, -0.2921241949513803, 0.49402958829536014, -0.5912129611529847, False
-1.948894048027932, 3.8669067352724724, 2.6852047063890465, -0.2921241949513803, 0.49402958829536014, -0.5912129611529847, False
5.622189307623039, -4.140028753360127, 1.2433010417051262, -0.2921241949513803, 0.49402958829536014, -0.5912129611529847, False
-4.187370428081406, -0.37247192864872325, 1.8502686594639144, -0.2921241949513803, 0.49402958829536014, -0.5912129611529847, False
5.363013538117567, 3.933167890833058, -2.2380162321821793, -0.2921241949513803, 0.49402958829536014, -0.5912129611529847, False
2.893786452575341, -5.360525346626111, 0.9559824137510171, -0.2921241949513803, 0.49402958829536014, -0.5912129611529847, False
-4.429364559110773, -0.5305705927847413, -2.6423824339017257, -0.2921241949513803, 0.49402958829536014, -0.5912129611529847, False
5.770969268875799, 6.067870295219192, -1.6541519731076013, -0.2921241949513803, 0.49402958829536014, -0.5912129611529847, False
0.9939900949337561, -5.740532294432709, -1.16329388725186, -0.2921241949513803, 0.49402958829536014, -0.5912129611529847, False
0.5777114778721257, -2.7872325407066127, -0.020598635260916875, -0.2921241949513803, 0.49402958829536014, -0.5912129611529847, False
-1.4216988108775057, 4.921221463065809, -1.9101796965503515, -0.2921241949513803, 0.49402958829536014, -0.5912129611529847, False
-4.05870826667498, -1.241517895193594, 0.7600379210899395, -0.2921241949513803, 0.49402958829536014, -0.5912129611529847, False
0.3248935042544563, -2.631120106170481, 2.9673030450179194, -0.2921241949513803, 0.49402958829536014, -0.5912129611529847, True
4.399886836195895, 3.3244401319446926, -0.8159101388213092, -0.2921241949513803, 0.49402958829536014, -0.5912129611529847, False
1.65722995543259, -1.2329064684091797, -0.7950176865809193, -0.2921241949513803, 0.49402958829536014, -0.5912129611529847, False
-3.661658511155401, 5.397986778474992, -0.6283866236265965, -0.2921241949513803, 0.49402958829536014, -0.5912129611529847, False
4.359096186772023, -0.25148879639822574, -0.2713805759883683, -0.2921241949513803, 0.49402958829536014, -0.5912129611529847, False
1.2744834805995753, -5.679014218099017, -1.098009956324721, -0.2921241949513803, 0.49402958829536014, -0.5912129611529847, False
-0.9025809566118372, 1.455761010673399, -2.8849265072280663, -0.2921241949513803, 0.49402958829536014, -0.5912129611529847, True
3.4118167156021464, -1.4275724777247598, -3.001994093947493, -0.2921241949513803, 0.49402958829536014, -0.5912129611529847, True
3.7497469528659853, 4.373290008482581, -0.9786619619460337, -0.2921241949513803, 0.49402958829536014, -0.5912129611529847, False
-5.6129245116203315, -4.820331174818431, -1.558973590077281, -0.2921241949513803, 0.49402958829536014, -0.5912129611529847, False
2.73885106748693, 4.921255129461427, -0.0063592510956591575, -0.2921241949513803, 0.49402958829536014, -0.5912129611529847, False
0.413188731820922, -3.1704396756531485, -1.4741369102007076, -0.2921241949513803, 0.49402958829536014, -0.5912129611529847, False
-5.123119454091529, -4.058802178643817, 2.64551267415548, -0.2921241949513803, 0.49402958829536014, -0.5912129611529847, False
-4.621549572147655, 3.962513305067068, 2.2224846617532013, -0.2921241949513803, 0.49402958829536014, -0.5912129611529847, False
1.356567107061454, -3.7959688739343593, -0.9781874629828282, -0.2921241949513803, 0.49402958829536014, -0.5912129611529847, False
-5.2100920499347785, -4.697739302177991, 2.009705639764113, -0.2921241949513803, 0.49402958829536014, -0.5912129611529847, False
-1.5755879488801732, -4.521866542347899, 2.4480100602000308, -0.2921241949513803, 0.49402958829536014, -0.5912129611529847, False
-3.863577691832099, -2.746891528832951, -0.5652751341417224, -0.2921241949513803, 0.49402958829536014, -0.5912129611529847, False
0.3680983748012441, 3.326165364672219, 0.7848209147822471, -0.2921241949513803, 0.49402958829536014, -0.5912129611529847, False
-2.795446120850526, 1.4623434908629616, -2.9580875504749264, -0.2921241949513803, 0.49402958829536014, -0.5912129611529847, True
-0.003529476151229005, -2.5221795567856415, -2.9417104117501385, -0.2921241949513803, 0.49402958829536014, -0.5912129611529847, True
-1.1846545885046966, 4.92868579378627, 1.745388851024141, -0.2921241949513803, 0.49402958829536014, -0.5912129611529847, False
-5.190420317703729, 0.8118500127627719, -0.35073495757726647, -0.2921241949513803, 0.49402958829536014, -0.5912129611529847, False
4.917662847768852, 1.4388257569270992, 1.407587880861442, -0.2921241949513803, 0.49402958829536014, -0.5912129611529847, False
-6.201652257075506, -3.20943923383995, -0.8139522715210399, -0.2921241949513803, 0.49402958829536014, -0.5912129611529847, False
5.184354691735388, 1.4938434823410285, -0.38668977921533276, -0.2921241949513803, 0.49402958829536014, -0.5912129611529847, False
3.601100040624736, -6.009552693888308, 3.132210272711222, -0.2921241949513803, 0.49402958829536014, -0.5912129611529847, True
3.3079627453778997, -0.8350764382418365, 1.769409219173225, -0.2921241949513803, 0.49402958829536014, -0.5912129611529847, False
-5.7410091159057135, -1.7783834755342705, 1.2474840566784238, -0.2921241949513803, 0.49402958829536014, -0.5912129611529847, False
-0.3755795803398634, -5.670418891069148, -3.0323305481860463, -0.2921241949513803, 0.49402958829536014, -0.5912129611529847, True
0.3231257264637728, -2.213391055707983, 1.5113772693727405, -0.2921241949513803, 0.49402958829536014, -0.5912129611529847, False
-0.7869727312806232, -4.568892278022997, -0.09378859585287147, -0.2921241949513803, 0.49402958829536014, -0.5912129611529847, False
-4.73871140915795, 3.329846643683073, 2.1961797645060512, -0.2921241949513803, 0.49402958829536014, -0.5912129611529847, False
-0.3637149783147855, -0.12156465523241611, -2.729278753437379, -0.2921241949513803, 0.49402958829536014, -0.5912129611529847, False
1.7907719439877425, 4.010490968544223, 0.21113749889614208, -0.2921241949513803, 0.49402958829536014, -0.5912129611529847, False
-1.4883885212225954, 1.0309136484881405, 1.6564862688811646, -0.2921241949513803, 0.49402958829536014, -0.5912129611529847, False
3.805199143788151, -4.895224737058278, 0.9133952894196513, -0.2921241949513803, 0.49402958829536014, -0.5912129611529847, False
-5.811054032988167, 0.6346588243274072, -1.3906232350667873, -0.2921241949513803, 0.49402958829536014, -0.5912129611529847, False
-0.835530374704339, 5.553448974374106, 2.7760785542341795, -0.2921241949513803, 0.49402958829536014, -0.5912129611529847, False
-4.057052288237732, -4.936216496916739, -2.717702215119891, -0.2921241949513803, 0.49402958829536014, -0.5912129611529847, False
-4.4613808869404545, -3.447961406012626, 2.428301255691702, -0.2921241949513803, 0.49402958829536014, -0.5912129611529847, False
-3.6303999816398176, -2.3864670092121303, -2.2470580339360904, -0.2921241949513803, 0.49402958829536014, -0.5912129611529847, False
-1.596983767557048, 4.949885967953753, -0.8685399300861278, -0.2921241949513803, 0.49402958829536014, -0.5912129611529847, False
0.31603746114238795, 1.9815087401270155, -2.821340037156263, -0.2921241949513803, 0.49402958829536014, -0.5912129611529847, False
5.382887706879805, 3.3127288691675165, 0.5148000013677194, -0.2921241949513803, 0.49402958829536014, -0.5912129611529847, False
-0.3253564884986604, -1.2040654563149529, 3.1122331943383106, -0.2921241949513803, 0.49402958829536014, -0.5912129611529847, True
-2.1002249689583543, 0.26008417680118967, 0.6241328185207169, -0.2921241949513803, 0.49402958829536014, -0.5912129611529847, False
-3.620290266603848, 4.093894397539524, -1.5574922996553946, -0.2921241949513803, 0.49402958829536014, -0.5912129611529847, False
