-4.782983429257007, 1.1816869380685215, -1.0676878184938867, 0.01411177017159626, -0.40245010901028766, 0.5053985890561314, False
-2.4006602467271807, -2.4051997326172727, -0.32244269642269474, 0.01411177017159626, -0.40245010901028766, 0.5053985890561314, False
2.124037440071602, 0.5299805991040971, -2.5343807779264793, 0.01411177017159626, -0.40245010901028766, 0.5053985890561314, False
2.39489260714009, -5.850478628458509, -2.994529054845742, 0.01411177017159626, -0.40245010901028766, 0.5053985890561314, True
0.48483390559602846, -3.2796935448349456, -2.6311609926920982, 0.01411177017159626, -0.40245010901028766, 0.5053985890561314, False
-3.0598202691836227, 1.0574163331362882, -1.7198998887696981, 0.01411177017159626, -0.40245010901028766, 0.5053985890561314, False
-2.7875249440544523, 4.684951374824662, 2.80111732916475, 0.01411177017159626, -0.40245010901028766, 0.5053985890561314, False
-4.729939038471457, 2.17982282808795, -0.5308425509629306, 0.01411177017159626, -0.40245010901028766, 0.5053985890561314, False
-3.799342212658381, 3.6386227209240953, 1.5259935821914032, 0.01411177017159626, -0.40245010901028766, 0.5053985890561314, False
-4.913444046841079, -3.278101058220554, -1.8193001187056443, 0.01411177017159626, -0.40245010901028766, 0.5053985890561314, False
3.765705785033436, 1.53464989144023, 0.4416881329692006, 0.01411177017159626, -0.40245010901028766, 0.5053985890561314, False
-1.2663578298760712, 4.30570198835103, 2.9228680125030033, 0.01411177017159626, -0.40245010901028766, 0.5053985890561314, True
-5.366521378952545, 3.5570556528267723, -1.6558874404230157, 0.01411177017159626, -0.40245010901028766, 0.5053985890561314, False
2.3284122304004864, 4.417317215669778, 2.141824955857402, 0.01411177017159626, -0.40245010901028766, 0.5053985890561314, False
-1.2529308760092297, 1.730279849699647, 2.234811139449003, 0.01411177017159626, -0.40245010901028766, 0.5053985890561314, False
-4.377199586081474, 4.760516001157004, 1.8586551940407912, 0.01411177017159626, -0.40245010901028766, 0.5053985890561314, False
1.0163528477724704, 3.3222074815894693, -2.936937771711243, 0.01411177017159626, -0.40245010901028766, 0.5053985890561314, True
3.5735853573891028, -4.037145541594852, 1.5510681650723752, 0.01411177017159626, -0.40245010901028766, 0.5053985890561314, False
-5.178294830419749, 0.6628917773838499, -2.578008571733399, 0.01411177017159626, -0.40245010901028766, 0.5053985890561314, False
3.272410163835941, -1.2598042391910615, -0.46649240536717684, 0.01411177017159626, -0.40245010901028766, 0.5053985890561314, False
-2.693793459079544, 2.185175671551402, 1.878086124958692, 0.01411177017159626, -0.40245010901028766, 0.5053985890561314, False
-3.344859018422506, 2.637810656031073, 1.3028951471214212, 0.01411177017159626, -0.40245010901028766, 0.5053985890561314, False
2.6445614963001116, -2.7096108978006326, -1.0458675674134117, 0.01411177017159626, -0.40245010901028766, 0.5053985890561314, False
3.481130442541426, -5.3129699166191475, -1.967999995513556, 0.01411177017159626, -0.40245010901028766, 0.5053985890561314, False
-3.1418256645184934, -4.081333688100968, 0.563141043219638, 0.01411177017159626, -0.40245010901028766, 0.5053985890561314, False
-4.032187767262453, -5.7962671503125165, 1.1985899677238123, 0.01411177017159626, -0.40245010901028766, 0.5053985890561314, False
-5.6680598144728105, 0.7502602758253145, -2.5368949307326374, 0.01411177017159626, -0.40245010901028766, 0.5053985890561314, False
3.0495594462912905, -5.515630860574985, -2.6261439975677776, 0.01411177017159626, -0.40245010901028766, 0.5053985890561314, False
3.271855920189811, -2.27162035877316, -0.763014095370445, 0.01411177017159626, -0.40245010901028766, 0.5053985890561314, False
4.371425785402559, 6.042902322494571, 0.48984615953780475, 0.01411177017159626, -0.40245010901028766, 0.5053985890561314, False
-4.386609857907998, 1.1357079528283878, -0.03195821721636216, 0.01411177017159626, -0.40245010901028766, 0.5053985890561314, False
3.9616899802994627, -2.2399685872871586, -0.06844877889053613, 0.01411177017159626, -0.40245010901028766, 0.5053985890561314, False
-5.31657280121935, 1.4046864797058634, -2.7139695208996706, 0.01411177017159626, -0.40245010901028766, 0.5053985890561314, False
-6.15247294752786, 4.866644564525124, -2.549979989106751, 0.01411177017159626, -0.40245010901028766, 0.5053985890561314, False
-3.406670350412456, 0.8093498686970912, -0.1305338476934801, 0.01411177017159626, -0.40245010901028766, 0.5053985890561314, False
-4.467750465000824, 1.4253657183829622, -0.9718441164735889, 0.01411177017159626, -0.40245010901028766, 0.5053985890561314, False
1.9291095530094946, 0.8106462088210362, 2.941098642444584, 0.01411177017159626, -0.40245010901028766, 0.5053985890561314, True
0.13597783387043005, -0.8000727150955083, 0.627604934723708, 0.01411177017159626, -0.40245010901028766, 0.5053985890561314, False
0.35589114444545267, -0.6067562988090947, -0.8775312707431451, 0.01411177017159626, -0.40245010901028766, 0.5053985890561314, False
-2.4221108378824203, 4.224640790756448, -1.0083038359479302, 0.01411177017159626, -0.40245010901028766, 0.5053985890561314, False
-5.470789739348256, -3.809776266692628, -2.195980886631059, 0.01411177017159626, -0.40245010901028766, 0.5053985890561314, False
5.626817103631906, -2.709317123783297, -2.3228462310911313, 0.01411177017159626, -0.40245010901028766, 0.5053985890561314, False
-2.878112407364269, -2.9480166758101056, -0.28525967875853153, 0.01411177017159626, -0.40245010901028766, 0.5053985890561314, False
-2.439995810697456, -3.7282047020303204, -0.5840097289569282, 0.01411177017159626, -0.40245010901028766, 0.5053985890561314, False
-6.029014217292148, 1.4589097680316359, -1.4400707364279717, 0.01411177017159626, -0.40245010901028766, 0.5053985890561314, False
-0.20730345905064596, 1.8169169339114042, -1.1221460347922392, 0.01411177017159626, -0.40245010901028766, 0.5053985890561314, False
5.186943601577273, 5.15373244670781, -2.379884397181013, 0.01411177017159626, -0.40245010901028766, 0.5053985890561314, False
-1.8133933570263174, -1.1795600345064496, -2.2100255756983413, 0.01411177017159626, -0.40245010901028766, 0.5053985890561314, False
-5.126774764749657, 5.090614919443675, -2.931439882523918, 0.01411177017159626, -0.40245010901028766, 0.5053985890561314, True
4.673805887484523, 3.4733847757477108, 0.6957386164096548, 0.01411177017159626, -0.40245010901028766, 0.5053985890561314, False
-4.253869836911758, 5.364448908352294, 1.3434403505230694, 0.01411177017159626, -0.40245010901028766, 0.5053985890561314, False
-4.628780016083072, 5.864997629443488, -0.191268359227879, 0.01411177017159626, -0.40245010901028766, 0.5053985890561314, False
-5.3716883594001406, 1.1860066922129597, 1.7230319401403182, 0.01411177017159626, -0.40245010901028766, 0.5053985890561314, False
1.9165950687681015, 4.226584920142182, 1.4647177460521768, 0.01411177017159626, -0.40245010901028766, 0.5053985890561314, True
-3.2032723646005894, -5.73629489132024, -0.373886515652905, 0.01411177017159626, -0.40245010901028766, 0.5053985890561314, False
5.8167096973663845, -0.6056244035381795, 2.0950596017366108, 0.01411177017159626, -0.40245010901028766, 0.5053985890561314, False
2.9742757588915882, -2.4973854287790678, 2.425880308714074, 0.01411177017159626, -0.40245010901028766, 0.5053985890561314, False
-0.7485574826422283, -0.019539480843381973, 0.7291967002905047, 0.01411177017159626, -0.40245010901028766, 0.5053985890561314, False
-2.940108290300445, -0.3342595283404961, 1.2961956579109035, 0.01411177017159626, -0.40245010901028766, 0.5053985890561314, False
5.324118757220969, -3.6222615842620223, 1.6326867154076465, 0.01411177017159626, -0.40245010901028766, 0.5053985890561314, False
-1.783076842897156, -3.1303023640417265, 1.2890061535673665, 0.01411177017159626, -0.40245010901028766, 0.5053985890561314, False
5.5333717565989495, -2.508124360876482, -2.365646621808246, 0.01411177017159626, -0.40245010901028766, 0.5053985890561314, False
2.080097359140977, 0.44272214058478365, -0.0999997180157548, 0.01411177017159626, -0.40245010901028766, 0.5053985890561314, False
3.2321037662635046, 0.5234193769549371, -2.298445605343713, 0.01411177017159626, -0.40245010901028766, 0.5053985890561314, False
-5.211032212986247, 4.576653425362192, -0.11566521726115431, 0.01411177017159626, -0.40245010901028766, 0.5053985890561314, False
0.11860366731025795, 2.197147690128439, -2.531802774645807, 0.01411177017159626, -0.40245010901028766, 0.5053985890561314, False
-5.579612205202421, -1.464637520812344, -0.5171780864615592, 0.01411177017159626, -0.40245010901028766, 0.5053985890561314, False
3.0933981945252995, -3.68365035233789, -1.3115699642940346, 0.01411177017159626, -0.40245010901028766, 0.5053985890561314, False
-2.2136805682108562, -3.8467325752731742, -2.4617011171328005, 0.01411177017159626, -0.40245010901028766, 0.5053985890561314, False
-5.7049757482202335, 3.056652210919008, 3.1304995041146046, 0.01411177017159626, -0.40245010901028766, 0.5053985890561314, True
4.359019621169169, -0.6597597732315759, 1.1190182501315329, 0.01411177017159626, -0.40245010901028766, 0.5053985890561314, True
1.4401794192547364, 4.380629309210084, -2.8355128651213017, 0.01411177017159626, -0.40245010901028766, 0.5053985890561314, False
5.670051288233077, 0.24481691092358826, -0.25257230253111906, 0.01411177017159626, -0.40245010901028766, 0.5053985890561314, False
3.4164686733071257, 5.720907594954241, 2.5257215935516655, 0.01411177017159626, -0.40245010901028766, 0.5053985890561314, False
-5.3428093831221535, 2.8332056901697626, -0.564473638544797, 0.01411177017159626, -0.40245010901028766, 0.5053985890561314, False
-0.06125921064067441, -1.3568933299219381, -0.816519932595583, 0.01411177017159626, -0.40245010901028766, 0.5053985890561314, False
-6.057562318430355, 6.178740636140999, 0.4209537537351755, 0.01411177017159626, -0.40245010901028766, 0.5053985890561314, False
-3.404873834881848, 4.097591893489531, 2.770587542044841, 0.01411177017159626, -0.40245010901028766, 0.5053985890561314, False
-3.603399609023103, 4.775646882439483, -1.7870124332573496, 0.01411177017159626, -0.40245010901028766, 0.5053985890561314, False
-4.897449865345833, -0.05742222263935304, 2.5862653013324577, 0.01411177017159626, -0.40245010901028766, 0.5053985890561314, False
0.6122060181316229, -1.274990038329225, -0.5178715174249748, 0.01411177017159626, -0.40245010901028766, 0.5053985890561314, False
-4.319194273670381, -0.5055927939929141, 2.1041846661315526, 0.01411177017159626, -0.40245010901028766, 0.5053985890561314, False
-0.6573039889643262, -4.133723855004704, -2.3885109863134524, 0.01411177017159626, -0.40245010901028766, 0.5053985890561314, False
2.3063498615340965, -6.13717249736988, 1.6126493797657622, 0.01411177017159626, -0.40245010901028766, 0.5053985890561314, False
2.8868397006938356, 5.658454045844019, -1.7666267848111494, 0.01411177017159626, -0.40245010901028766, 0.5053985890561314, False
4.99504378987211, -4.190374272370711, 1.0541876533343775, 0.01411177017159626, -0.40245010901028766, 0.5053985890561314, False
-2.6207844518949455, 0.8009251145164251, 1.0016431477319339, 0.01411177017159626, -0.40245010901028766, 0.5053985890561314, False
-0.6593413943715669, -4.639600883447981, -2.1806070282069636, 0.01411177017159626, -0.40245010901028766, 0.5053985890561314, False
-1.0335358802223116, -4.300412177356971, 2.2310273335989796, 0.01411177017159626, -0.40245010901028766, 0.5053985890561314, False
-0.4523685180048522, -2.854592613567798, 1.379852783870568, 0.01411177017159626, -0.40245010901028766, 0.5053985890561314, False
1.3121939165093135, -5.730660004872101, -1.5939854984342472, 0.01411177017159626, -0.40245010901028766, 0.5053985890561314, False
-4.187853416522719, -5.365072605693284, -0.44928453509735355, 0.01411177017159626, -0.40245010901028766, 0.5053985890561314, False
2.7977792689544962, -0.03812794984030177, -2.1629702709964405, 0.01411177017159626, -0.40245010901028766, 0.5053985890561314, False
-5.338775351618953, 3.650008958667554, 1.0432539415675617, 0.01411177017159626, -0.40245010901028766, 0.5053985890561314, False
-2.8948837934904827, 1.1935818882407156, -0.9609925606759488, 0.01411177017159626, -0.40245010901028766, 0.5053985890561314, False
-1.05533013190455, -3.91916025788848, 1.924888377152289, 0.01411177017159626, -0.40245010901028766, 0.5053985890561314, False
2.783169809085827, -6.0720994606267595, 2.8279998323959594, 0.01411177017159626, -0.40245010901028766, 0.5053985890561314, False
5.63251604830835, -5.253824008594278, 0.344492469898277, 0.01411177017159626, -0.40245010901028766, 0.5053985890561314, False
-3.136405041520275, 4.645263987436703, 0.7357094920173886, 0.01411177017159626, -0.40245010901028766, 0.5053985890561314, False
4.288496687811177, -1.7131158790019292, 0.9624267405887208, 0.01411177017159626, -0.40245010901028766, 0.5053985890561314, False
