-2.2532004966970023, 5.609362689105241, 2.7693376418121973, -0.25045539828472707, -0.2411908140655239, 0.24459725692501746, True
4.720260273332485, 3.2104586137172575, 1.2209788150962027, -0.25045539828472707, -0.2411908140655239, 0.24459725692501746, False
-3.206445745262151, 6.238491588986189, -2.734720146791086, -0.25045539828472707, -0.2411908140655239, 0.24459725692501746, True
4.597905059275741, 6.1212642347821085, -2.6452833081547134, -0.25045539828472707, -0.2411908140655239, 0.24459725692501746, False
0.09339911943736201, 0.20105538530783296, -0.4833704735106008, -0.25045539828472707, -0.2411908140655239, 0.24459725692501746, True
4.4176766674020485, -0.46301265982937867, -0.6641406342981719, -0.25045539828472707, -0.2411908140655239, 0.24459725692501746, False
-4.629806873799277, 3.963903711599084, 2.8929276547776315, -0.25045539828472707, -0.2411908140655239, 0.24459725692501746, True
4.774350052443117, 3.714437040527658, -2.863994980551709, -0.25045539828472707, -0.2411908140655239, 0.24459725692501746, True
-4.480937221708436, 2.8289099348522857, 0.8079714380762248, -0.25045539828472707, -0.2411908140655239, 0.24459725692501746, True
-5.524934392849332, -3.875970690351073, -1.8777056735172597, -0.25045539828472707, -0.2411908140655239, 0.24459725692501746, True
2.85383853212282, -2.026705479743101, 2.8741420455597666, -0.25045539828472707, -0.2411908140655239, 0.24459725692501746, True
4.737834162389403, -5.360257132024315, -2.025803749809798, -0.25045539828472707, -0.2411908140655239, 0.24459725692501746, True
-2.7503700729268212, 2.6746751969311457, -1.797074762594184, -0.25045539828472707, -0.2411908140655239, 0.24459725692501746, True
4.298286655202881, 0.026838007115018492, 0.5941139081936146, -0.25045539828472707, -0.2411908140655239, 0.24459725692501746, True
-2.338022270832223, 3.208273808862206, 1.6340183146202376, -0.25045539828472707, -0.2411908140655239, 0.24459725692501746, False
-2.6755961734033606, 2.3891542584333703, 3.056490700142829, -0.25045539828472707, -0.2411908140655239, 0.24459725692501746, True
1.0511692630813716, 4.03220036599129, -0.5497066418183856, -0.25045539828472707, -0.2411908140655239, 0.24459725692501746, True
2.7251622225008507, 0.16762419694128994, -1.7798659619385218, -0.25045539828472707, -0.2411908140655239, 0.24459725692501746, True
3.153733073960071, -1.4359968431356673, -1.3161865413291105, -0.25045539828472707, -0.2411908140655239, 0.24459725692501746, False
3.7949853830847093, -3.47900315428076, 0.23858587814188903, -0.25045539828472707, -0.2411908140655239, 0.24459725692501746, True
-5.758375769219774, -4.083085942604799, -1.4343071768589082, -0.25045539828472707, -0.2411908140655239, 0.24459725692501746, True
-4.167574521005699, 5.857109760498336, 1.7300894306020655, -0.25045539828472707, -0.2411908140655239, 0.24459725692501746, True
-1.6156950488504886, 0.024033790104753372, 1.7210138196645923, -0.25045539828472707, -0.2411908140655239, 0.24459725692501746, True
-5.908059751093528, -1.0926905664119895, 2.532022708531162, -0.25045539828472707, -0.2411908140655239, 0.24459725692501746, False
3.1653480694150993, 3.857831609381165, 2.733087566273558, -0.25045539828472707, -0.2411908140655239, 0.24459725692501746, False
6.112498952839246, -0.29955944193422823, -1.9918332431457477, -0.25045539828472707, -0.2411908140655239, 0.24459725692501746, False
-4.379154584200874, 5.173906644757848, -1.746560669080908, -0.25045539828472707, -0.2411908140655239, 0.24459725692501746, False
-5.368715933515013, 1.451197286545895, -0.044137369967558016, -0.25045539828472707, -0.2411908140655239, 0.24459725692501746, True
-2.315543252298388, 3.6482796934857973, 1.9485843091531407, -0.25045539828472707, -0.2411908140655239, 0.24459725692501746, False
-6.0454745250629625, -5.884792855897883, -1.8638620763513067, -0.25045539828472707, -0.2411908140655239, 0.24459725692501746, True
-2.4233984544710787, -1.5926087701523084, 2.29801067149735, -0.25045539828472707, -0.2411908140655239, 0.24459725692501746, True
-4.212595513428754, 3.5137108671030006, 2.085046922201733, -0.25045539828472707, -0.2411908140655239, 0.24459725692501746, True
-5.892480937777181, -3.294318153311248, 2.7739322031505047, -0.25045539828472707, -0.2411908140655239, 0.24459725692501746, True
3.7622339121825323, 4.943066053283587, -0.9867876599085674, -0.25045539828472707, -0.2411908140655239, 0.24459725692501746, False
3.0339628426378162, -0.6737023190268978, -1.108921091568491, -0.25045539828472707, -0.2411908140655239, 0.24459725692501746, True
-0.4012325617561574, -1.2997824854093736, 0.7481946385875893, -0.25045539828472707, -0.2411908140655239, 0.24459725692501746, False
2.139762504454337, 2.3406812699485595, 0.7996342964222007, -0.25045539828472707, -0.2411908140655239, 0.24459725692501746, True
0.663875023554569, -3.5412012053791697, 1.634436575123094, -0.25045539828472707, -0.2411908140655239, 0.24459725692501746, True
2.398604886988535, -5.877739505917412, -2.292624971941498, -0.25045539828472707, -0.2411908140655239, 0.24459725692501746, True
-3.1400828548482758, -5.3320383572197825, -2.6533551408486185, -0.25045539828472707, -0.2411908140655239, 0.24459725692501746, True
0.3122179073301945, -1.2114013282885248, -2.5943447594141036, -0.25045539828472707, -0.2411908140655239, 0.24459725692501746, False
-4.116166617502229, -5.2077076507190085, -2.8862182328730492, -0.25045539828472707, -0.2411908140655239, 0.24459725692501746, True
2.1952748906599346, 2.569960770157566, 0.27086901674858765, -0.25045539828472707, -0.2411908140655239, 0.24459725692501746, True
-0.02911156965036099, 5.655139795845768, -1.7586043566966378, -0.25045539828472707, -0.2411908140655239, 0.24459725692501746, False
6.03197658522426, 4.992595835919575, 0.3280734588283081, -0.25045539828472707, -0.2411908140655239, 0.24459725692501746, False
-1.1339883502223822, -1.562622021977937, -2.872699791656129, -0.25045539828472707, -0.2411908140655239, 0.24459725692501746, False
3.6999308351617586, 0.4123199628164089, -2.3916521278561436, -0.25045539828472707, -0.2411908140655239, 0.24459725692501746, True
-5.869089992596215, 5.002056703713773, -1.8744239881141154, -0.25045539828472707, -0.2411908140655239, 0.24459725692501746, False
-1.310994111928852, -1.1238299356352401, 0.04049422129964597, -0.25045539828472707, -0.2411908140655239, 0.24459725692501746, False
-0.6895870141482874, 2.3927112092206375, -1.0500119345966397, -0.25045539828472707, -0.2411908140655239, 0.24459725692501746, True
-4.062309006089211, 5.183183030851676, 1.7374954573842611, -0.25045539828472707, -0.2411908140655239, 0.24459725692501746, False
-4.9154541873509, 5.555154822769881, 2.755452624610548, -0.25045539828472707, -0.2411908140655239, 0.24459725692501746, True
1.0142876675158217, -4.260063876864901, -0.13018589405273984, -0.25045539828472707, -0.2411908140655239, 0.24459725692501746, True
-2.423839096918888, 3.535248053531813, -2.1802219875386344, -0.25045539828472707, -0.2411908140655239, 0.24459725692501746, True
-6.226074360877793, -1.024519153712034, -1.514897425040416, -0.25045539828472707, -0.2411908140655239, 0.24459725692501746, False
1.7624547719608188, 1.823120065628606, 1.6141326934965514, -0.25045539828472707, -0.2411908140655239, 0.24459725692501746, True
-0.2592204118108423, -1.4487089857320408, -1.9832248021664516, -0.25045539828472707, -0.2411908140655239, 0.24459725692501746, False
-0.17780998944822723, -1.901885450776712, 0.11794128099219403, -0.25045539828472707, -0.2411908140655239, 0.24459725692501746, False
-4.473433580807974, 1.0616374948781298, 0.24752451720261748, -0.25045539828472707, -0.2411908140655239, 0.24459725692501746, True
-0.8825649259330017, -0.7108244659987442, 2.986509181483103, -0.25045539828472707, -0.2411908140655239, 0.24459725692501746, True
5.157221960419019, -4.120445163450661, -1.0512166256609863, -0.25045539828472707, -0.2411908140655239, 0.24459725692501746, True
-1.4855200525484706, 2.701383945968402, 2.2734195137715894, -0.25045539828472707, -0.2411908140655239, 0.24459725692501746, True
-1.6166922519603304, 3.5862286190124752, 1.1211288098833387, -0.25045539828472707, -0.2411908140655239, 0.24459725692501746, False
-0.034323847853085176, -2.080710169126217, -0.7983696763232939, -0.25045539828472707, -0.2411908140655239, 0.24459725692501746, False
-2.487581012992144, 3.3075377529042562, 1.635638667718701, -0.25045539828472707, -0.2411908140655239, 0.24459725692501746, False
3.506695546902016, -4.523668564132451, -0.15176779077319047, -0.25045539828472707, -0.2411908140655239, 0.24459725692501746, True
3.979782309397029, -0.296765016646626, -1.0117132674300313, -0.25045539828472707, -0.2411908140655239, 0.24459725692501746, True
5.5322139039886125, 1.8622664887761662, -0.3480347773599872, -0.25045539828472707, -0.2411908140655239, 0.24459725692501746, True
2.468406169253033, -4.5753976453893355, 2.3924921270919226, -0.25045539828472707, -0.2411908140655239, 0.24459725692501746, True
-3.7241124355630695, 3.661289342501405, -0.4940678917488146, -0.25045539828472707, -0.2411908140655239, 0.24459725692501746, False
-3.9758480692823177, -2.267906486124528, -1.8395295056981948, -0.25045539828472707, -0.2411908140655239, 0.24459725692501746, False
1.814138018236667, 3.843171564670275, -2.4027847656297867, -0.25045539828472707, -0.2411908140655239, 0.24459725692501746, True
-3.772309663007169, -0.40318626129398183, 3.0488230456826813, -0.25045539828472707, -0.2411908140655239, 0.24459725692501746, True
0.7079151587721366, -3.9023887551566254, 0.12131231024443734, -0.25045539828472707, -0.2411908140655239, 0.24459725692501746, True
1.5957885761010102, -0.3867389491821811, 0.2159907109774264, -0.25045539828472707, -0.2411908140655239, 0.24459725692501746, False
3.0109184235495334, 4.317027043771304, -2.4552593170935433, -0.25045539828472707, -0.2411908140655239, 0.24459725692501746, False
-6.061014378928152, 6.139917316175428, 1.6518433458972295, -0.25045539828472707, -0.2411908140655239, 0.24459725692501746, True
6.229333989379819, -0.06286649632192631, -2.943893410774356, -0.25045539828472707, -0.2411908140655239, 0.24459725692501746, True
-2.876814781381641, 3.1832231828898347, 1.1139968455374705, -0.25045539828472707, -0.2411908140655239, 0.24459725692501746, False
2.534971592063931, 3.262875501471461, 1.9726762582375574, -0.25045539828472707, -0.2411908140655239, 0.24459725692501746, False
3.10946778065337, -1.7817206198550295, -1.7371741010199586, -0.25045539828472707, -0.2411908140655239, 0.24459725692501746, False
-5.417903903513346, 0.9775214205971885, 2.186576517238599, -0.25045539828472707, -0.2411908140655239, 0.24459725692501746, True
2.7975997698808186, -3.023921268187592, -1.2580687442209273, -0.25045539828472707, -0.2411908140655239, 0.24459725692501746, True
-1.7623874808674733, 5.013843233874953, 1.6230713808542285, -0.25045539828472707, -0.2411908140655239, 0.24459725692501746, False
0.5515783777981396, -3.821040406893184, 0.2900067213775017, -0.25045539828472707, -0.2411908140655239, 0.24459725692501746, True
2.573306347445584, -2.1103229730439175, 2.456597062629462, -0.25045539828472707, -0.2411908140655239, 0.24459725692501746, False
0.6211792365870092, 1.3611171191505145, 2.5713823466228813, -0.25045539828472707, -0.2411908140655239, 0.24459725692501746, True
-3.467171328585042, 3.326312988668864, 3.013755757688677, -0.25045539828472707, -0.2411908140655239, 0.24459725692501746, True
-1.7503284173900582, 0.6523650745109082, 2.3989803666027534, -0.25045539828472707, -0.2411908140655239, 0.24459725692501746, True
-4.740506245467529, 0.6998423295816316, 2.6548991242512754, -0.25045539828472707, -0.2411908140655239, 0.24459725692501746, True
0.589192827033858, 0.2829396229856149, 2.735582948076291, -0.25045539828472707, -0.2411908140655239, 0.24459725692501746, True
-4.27530682122589, -4.404929884016435, 0.16292767019898058, -0.25045539828472707, -0.2411908140655239, 0.24459725692501746, True
-4.400768812327452, 3.3740918995048013, 2.5192728941044766, -0.25045539828472707, -0.2411908140655239, 0.24459725692501746, True
5.282082187667214, -2.5605053643587676, -0.9439072656452541, -0.25045539828472707, -0.2411908140655239, 0.24459725692501746, False
-1.255783903116109, -3.848942283420682, -0.72138765675906, -0.25045539828472707, -0.2411908140655239, 0.24459725692501746, True
-1.2393110383962487, 2.2426915302618013, -2.4886628207665256, -0.25045539828472707, -0.2411908140655239, 0.24459725692501746, True
-4.067820682536168, -4.911519410380032, -1.16485843782816, -0.25045539828472707, -0.2411908140655239, 0.24459725692501746, True
6.14537823578357, -1.121152406930217, -2.81050350514454, -0.25045539828472707, -0.2411908140655239, 0.24459725692501746, False
-5.5541843252765455, -2.416486503010932, -2.2847064562376542, -0.25045539828472707, -0.2411908140655239, 0.24459725692501746, True
1.0750428550019446, 3.3283301128252347, 0.12031802781375678, -0.25045539828472707, -0.2411908140655239, 0.24459725692501746, True
-4.292069583255797, 6.21486377093302, 0.4498775205286911, -0.25045539828472707, -0.2411908140655239, 0.24459725692501746, True
1.9277529181564308, 1.5814951869136875, -2.320901626679542, -0.25045539828472707, -0.2411908140655239, 0.24459725692501746, True
-5.770529036184893, 0.853643355606069, 0.2569066041419825, -0.25045539828472707, -0.2411908140655239, 0.24459725692501746, True
0.20456265386451555, 0.15390400761577006, -0.8548284596623863, -0.25045539828472707, -0.2411908140655239, 0.24459725692501746, True
-2.3027388599253293, 1.862721240263225, -0.8739216036117576, -0.25045539828472707, -0.2411908140655239, 0.24459725692501746, True
-1.2564792376554497, 3.7392877849741684, 2.59256693707993, -0.25045539828472707, -0.2411908140655239, 0.24459725692501746, False
6.072922263159516, 3.7852700269487176, -1.5319226211608183, -0.25045539828472707, -0.2411908140655239, 0.24459725692501746, False
-1.8169298830459528, 6.117826222940092, -1.4386133101278624, -0.25045539828472707, -0.2411908140655239, 0.24459725692501746, False
0.105303214766713, -0.3078438207882064, -2.909619829462009, -0.25045539828472707, -0.2411908140655239, 0.24459725692501746, True
-1.096050076105799, -3.036535529081079, -3.1166579446785305, -0.25045539828472707, -0.2411908140655239, 0.24459725692501746, True
5.730315981702164, -4.617723371902094, -1.3968691696342974, -0.25045539828472707, -0.2411908140655239, 0.24459725692501746, True
4.815188103004173, -0.039365328922457365, 2.3774571493370544, -0.25045539828472707, -0.2411908140655239, 0.24459725692501746, True
0.4067786341063542, -2.4402766273176146, 2.196734954544108, -0.25045539828472707, -0.2411908140655239, 0.24459725692501746, False
-2.7762067014898664, 0.6030283947836423, -1.9584609123775312, -0.25045539828472707, -0.2411908140655239, 0.24459725692501746, True
2.1639797490574306, -2.406484974247842, -3.1312631052955333, -0.25045539828472707, -0.2411908140655239, 0.24459725692501746, True
4.209298949680493, -6.089950135215896, 1.1842155753865375, -0.25045539828472707, -0.2411908140655239, 0.24459725692501746, True
-0.6764908952630435, -3.8248180519199915, 2.455352777652987, -0.25045539828472707, -0.2411908140655239, 0.24459725692501746, True
-0.01646875419128513, -3.2368915960675553, -2.494402382788259, -0.25045539828472707, -0.2411908140655239, 0.24459725692501746, True
3.133845939762777, 0.2576173124611971, -3.0180690676985398, -0.25045539828472707, -0.2411908140655239, 0.24459725692501746, True
5.190591163869664, -4.159265431157761, 2.1077920540708766, -0.25045539828472707, -0.2411908140655239, 0.24459725692501746, True
5.073987034099389, -5.567398066620763, -0.762834388031628, -0.25045539828472707, -0.2411908140655239, 0.24459725692501746, True
-0.8386089378733708, 3.6905152815027034, 0.7380981663048871, -0.25045539828472707, -0.2411908140655239, 0.24459725692501746, False
-3.2465923981228344, 6.244018474713021, -2.8148381613110534, -0.25045539828472707, -0.2411908140655239, 0.24459725692501746, True
3.461066346264216, 2.2374244246757655, -0.29142208843800477, -0.25045539828472707, -0.2411908140655239, 0.24459725692501746, True
1.0265241362124327, -2.300683707219942, 2.3731711411344216, -0.25045539828472707, -0.2411908140655239, 0.24459725692501746, True
-3.7444812708101236, -2.602202652327486, 1.6794251627282932, -0.25045539828472707, -0.2411908140655239, 0.24459725692501746, False
-4.02575282613704, -0.9857256702918935, -2.976628379293972, -0.25045539828472707, -0.2411908140655239, 0.24459725692501746, True
-5.559021311695125, -1.9057952261295403, 0.3691097090668696, -0.25045539828472707, -0.2411908140655239, 0.24459725692501746, False
-3.2360041901426886, 4.214312063683991, -0.4872918924641181, -0.25045539828472707, -0.2411908140655239, 0.24459725692501746, False
-2.506771316588852, 3.7527181172938935, -2.683081105621363, -0.25045539828472707, -0.2411908140655239, 0.24459725692501746, True
-4.411191411002468, 1.0165643024359863, -1.0408257507453786, -0.25045539828472707, -0.2411908140655239, 0.24459725692501746, True
-2.652123193443524, 4.547180030842487, 1.5558412889939763, -0.25045539828472707, -0.2411908140655239, 0.24459725692501746, False
-1.5611839224565172, 4.1987213367323495, -0.11944869932188684, -0.25045539828472707, -0.2411908140655239, 0.24459725692501746, False
0.6696586862387521, -5.679349556437484, 2.5537562688961915, -0.25045539828472707, -0.2411908140655239, 0.24459725692501746, True
2.721513429255129, 5.3247750786862476, 0.8638775022177425, -0.25045539828472707, -0.2411908140655239, 0.24459725692501746, True
5.188260815468309, -2.431595399671172, -1.4267698535024746, -0.25045539828472707, -0.2411908140655239, 0.24459725692501746, False
3.444051071253213, 2.1997342203303134, 1.8818093243648848, -0.25045539828472707, -0.2411908140655239, 0.24459725692501746, True
1.8186111224402843, 6.0327244472295956, -2.8784709723756596, -0.25045539828472707, -0.2411908140655239, 0.24459725692501746, False
2.926759200730915, 0.7741105135511477, 2.95323309402177, -0.25045539828472707, -0.2411908140655239, 0.24459725692501746, True
5.274277273414013, 1.935990853176099, -1.4564563064596365, -0.25045539828472707, -0.2411908140655239, 0.24459725692501746, True
-3.8912054296565866, -1.3721228911109264, -2.3732512099305048, -0.25045539828472707, -0.2411908140655239, 0.24459725692501746, False
4.312528782869018, 3.366247775684826, 1.9460358170059635, -0.25045539828472707, -0.2411908140655239, 0.24459725692501746, False
-6.1293682780387915, 3.6641299876164464, 3.0810155619261135, -0.25045539828472707, -0.2411908140655239, 0.24459725692501746, True
-0.11616531722838275, 4.496357341115262, 0.6533757673698433, -0.25045539828472707, -0.2411908140655239, 0.24459725692501746, False
2.280279740294839, -3.8559217171969293, -2.0647928644942732, -0.25045539828472707, -0.2411908140655239, 0.24459725692501746, True
-2.755882353033106, 5.151683975253611, -2.5459827889003113, -0.25045539828472707, -0.2411908140655239, 0.24459725692501746, False
4.040010468905834, -0.004895903478073116, 1.3621744788005392, -0.25045539828472707, -0.2411908140655239, 0.24459725692501746, True
-6.260851964153079, -0.8822131578160448, 2.0364816964030252, -0.25045539828472707, -0.2411908140655239, 0.24459725692501746, False
2.7401315792521572, 0.3494865261643829, -1.7590556761278582, -0.25045539828472707, -0.2411908140655239, 0.24459725692501746, True
3.851010027163186, -0.25841668217369396, 2.103933185111644, -0.25045539828472707, -0.2411908140655239, 0.24459725692501746, True
3.5737500256892094, -5.72940414484424, -1.920266276565156, -0.25045539828472707, -0.2411908140655239, 0.24459725692501746, True
3.9312354082543806, 3.5549108731986667, -2.693653814523243, -0.25045539828472707, -0.2411908140655239, 0.24459725692501746, True
-3.693785831375485, -6.083344825082207, 1.6097023433226125, -0.25045539828472707, -0.2411908140655239, 0.24459725692501746, True
5.521441834222472, 3.5429946804821313, 1.5504358738048083, -0.25045539828472707, -0.2411908140655239, 0.24459725692501746, False
-0.1823795965791799, -2.7353712592742805, -1.6929920554616336, -0.25045539828472707, -0.2411908140655239, 0.24459725692501746, True
6.189674171822237, -1.238310939118488, 1.2423295143247488, -0.25045539828472707, -0.2411908140655239, 0.24459725692501746, False
4.84667839817531, -2.3440348110066784, 0.45884015871152384, -0.25045539828472707, -0.2411908140655239, 0.24459725692501746, False
2.064458054506064, 1.9992485942126201, -1.183509223868063, -0.25045539828472707, -0.2411908140655239, 0.24459725692501746, True
0.18308013017837688, -3.850029152527293, -2.87756183482188, -0.25045539828472707, -0.2411908140655239, 0.24459725692501746, True
5.638155377662223, 2.8031377251523892, -0.9904832245048487, -0.25045539828472707, -0.2411908140655239, 0.24459725692501746, True
5.234827134991546, -4.2866265400271795, -1.125520448538321, -0.25045539828472707, -0.2411908140655239, 0.24459725692501746, True
3.4000676796863303, -0.054160690935636246, 2.151006856843245, -0.25045539828472707, -0.2411908140655239, 0.24459725692501746, True
5.178542048075418, 2.2788956848899016, -1.1962415304837135, -0.25045539828472707, -0.2411908140655239, 0.24459725692501746, True
-0.5385076669281261, 2.640687622211141, 2.757644311134772, -0.25045539828472707, -0.2411908140655239, 0.24459725692501746, True
-3.842738529325288, 2.856773464854408, 1.176585188786289, -0.25045539828472707, -0.2411908140655239, 0.24459725692501746, True
0.9215378147024991, -4.602173693156789, -2.975839577335497, -0.25045539828472707, -0.2411908140655239, 0.24459725692501746, True
3.863754900664839, 5.371165986548478, -2.7367260413599634, -0.25045539828472707, -0.2411908140655239, 0.24459725692501746, False
4.731753733592463, 4.466069891827701, 1.9999236143236647, -0.25045539828472707, -0.2411908140655239, 0.24459725692501746, False
-2.817468924516103, 5.883969585877793, 2.465538562858173, -0.25045539828472707, -0.2411908140655239, 0.24459725692501746, True
1.3249022231603567, -2.861478977572282, 1.779042857953165, -0.25045539828472707, -0.2411908140655239, 0.24459725692501746, True
-5.394509121278202, 1.4760801272420405, -0.4265454653004572, -0.25045539828472707, -0.2411908140655239, 0.24459725692501746, True
2.81092615596644, -4.919409264072985, 0.7853689995493585, -0.25045539828472707, -0.2411908140655239, 0.24459725692501746, True
3.003579526266453, -0.5212944607159917, 1.098899693130429, -0.25045539828472707, -0.2411908140655239, 0.24459725692501746, True
-2.2876628626239293, 1.0778930327548002, -3.047672890328998, -0.25045539828472707, -0.2411908140655239, 0.24459725692501746, True
5.984263833890106, 0.8893612344754649, 0.5912234857708918, -0.25045539828472707, -0.2411908140655239, 0.24459725692501746, True
3.1712326969726696, 3.879240209253494, -2.7516269854341053, -0.25045539828472707, -0.2411908140655239, 0.24459725692501746, False
1.5886365422398274, 0.5734253931763327, 1.0655167369449803, -0.25045539828472707, -0.2411908140655239, 0.24459725692501746, True
4.63161004434477, -5.796562088495068, -2.0828537541260763, -0.25045539828472707, -0.2411908140655239, 0.24459725692501746, True
-0.5105619856486321, 4.296668063969735, -0.058269066114502444, -0.25045539828472707, -0.2411908140655239, 0.24459725692501746, False
2.11254195585321, 6.023012332565482, 0.06964437204359664, -0.25045539828472707, -0.2411908140655239, 0.24459725692501746, False
-3.9321803066057424, 2.01432740771015, 2.6034515519674297, -0.25045539828472707, -0.2411908140655239, 0.24459725692501746, True
1.1619412165589642, 4.283118106246329, 1.4520093275649453, -0.25045539828472707, -0.2411908140655239, 0.24459725692501746, False
-2.2850480531530604, 5.9599665231461785, 1.4254429403964979, -0.25045539828472707, -0.2411908140655239, 0.24459725692501746, True
-1.1032812815980604, 2.2767644016385002, 1.1157459092807667, -0.25045539828472707, -0.2411908140655239, 0.24459725692501746, True
-4.406866077682535, 5.792250120085795, 1.4420961836262878, -0.25045539828472707, -0.2411908140655239, 0.24459725692501746, True
-5.298549985658118, 1.3547924404206277, -2.038572887601236, -0.25045539828472707, -0.2411908140655239, 0.24459725692501746, True
3.9442295503384504, -1.740376191102997, 0.8858863830341441, -0.25045539828472707, -0.2411908140655239, 0.24459725692501746, False
-4.7648497849875895, -0.6071348161094532, -3.069675150284793, -0.25045539828472707, -0.2411908140655239, 0.24459725692501746, True
4.148276308740176, 4.105313466572763, 0.4523170977554303, -0.25045539828472707, -0.2411908140655239, 0.24459725692501746, False
2.145092872814258, -1.5910174505317585, 0.4508989142704496, -0.25045539828472707, -0.2411908140655239, 0.24459725692501746, True
-0.22688277509760457, -3.937856344298167, -0.6360861209258837, -0.25045539828472707, -0.2411908140655239, 0.24459725692501746, True
-3.4098876878614983, 4.962316394108644, 1.8106366997314831, -0.25045539828472707, -0.2411908140655239, 0.24459725692501746, True
-1.9453134117539994, -0.8829403344090121, 1.4785956652832493, -0.25045539828472707, -0.2411908140655239, 0.24459725692501746, True
5.161057931002828, 3.389770704985061, 0.09385086641477569, -0.25045539828472707, -0.2411908140655239, 0.24459725692501746, False
-3.391629294214211, 3.119366739062741, 2.6312996930956585, -0.25045539828472707, -0.2411908140655239, 0.24459725692501746, False
5.3543496755087325, 5.444485281228205, 0.5155369448357994, -0.25045539828472707, -0.2411908140655239, 0.24459725692501746, False
-1.282428385182432, 4.094569969498911, -3.060686412325404, -0.25045539828472707, -0.2411908140655239, 0.24459725692501746, True
-0.6911341432368294, 3.164620981192698, -1.9346234443339998, -0.25045539828472707, -0.2411908140655239, 0.24459725692501746, True
5.727295743286952, -2.3934671937669494, -2.5853398910709893, -0.25045539828472707, -0.2411908140655239, 0.24459725692501746, True
6.2503459344800145, -2.1532255702446506, -0.5753350573780587, -0.25045539828472707, -0.2411908140655239, 0.24459725692501746, False
