-1.9586292424677616, 0.5085000192861235, 0.6099066790719929, -0.3421344052773928, -0.4062467701720057, 0.37500093348475994, False
6.030756607110934, 2.2573314264704685, -2.288231597734863, -0.3421344052773928, -0.4062467701720057, 0.37500093348475994, False
-5.561950763465764, -4.11607049476499, 1.9301392726937046, -0.3421344052773928, -0.4062467701720057, 0.37500093348475994, False
4.598114537825815, 5.490135495655464, -0.3159379527071322, -0.3421344052773928, -0.4062467701720057, 0.37500093348475994, False
-3.1746847182954885, 4.004994188952573, 1.2152655493214404, -0.3421344052773928, -0.4062467701720057, 0.37500093348475994, False
3.0055168884925756, 5.165599013994619, 2.3114097572541548, -0.3421344052773928, -0.4062467701720057, 0.37500093348475994, False
-4.135087972387517, -3.199318644418087, -2.8651787793560266, -0.3421344052773928, -0.4062467701720057, 0.37500093348475994, True
-1.7334570376777911, 0.2726025970865118, 1.3388464176301405, -0.3421344052773928, -0.4062467701720057, 0.37500093348475994, False
-0.8270017522944224, -3.532246758209438, 2.3628277269051576, -0.3421344052773928, -0.4062467701720057, 0.37500093348475994, False
-1.5090318124710125, -2.0871734795122325, -0.44833140666128646, -0.3421344052773928, -0.4062467701720057, 0.37500093348475994, False
-3.1138750836486326, -3.7383097878232876, 1.8319981492721542, -0.3421344052773928, -0.4062467701720057, 0.37500093348475994, False
0.2600554856712982, -3.3822707999427797, -3.087379100868344, -0.3421344052773928, -0.4062467701720057, 0.37500093348475994, True
2.6737353188699604, 2.11224870140256, 1.7007137493016513, -0.3421344052773928, -0.4062467701720057, 0.37500093348475994, False
-1.6751079539913052, 5.723265077001017, -1.907734029772781, -0.3421344052773928, -0.4062467701720057, 0.37500093348475994, False
6.18098991788553, -0.9222504984168127, -1.8041224879871964, -0.3421344052773928, -0.4062467701720057, 0.37500093348475994, False
-3.5506501957555248, -6.150061077201984, 0.3403093667317876, -0.3421344052773928, -0.4062467701720057, 0.37500093348475994, False
-2.466487017387135, 5.252999020804463, -1.4496462307514255, -0.3421344052773928, -0.4062467701720057, 0.37500093348475994, False
2.302640522327499, 5.54984132367316, 1.9407131213448698, -0.3421344052773928, -0.4062467701720057, 0.37500093348475994, False
1.40639698135476, 5.213106734441887, 2.1873531588254984, -0.3421344052773928, -0.4062467701720057, 0.37500093348475994, False
4.334126223356016, 5.8902292346291905, 3.061258269832095, -0.3421344052773928, -0.4062467701720057, 0.37500093348475994, True
-2.170574391009742, 6.066525593270763, 2.3107479263093387, -0.3421344052773928, -0.4062467701720057, 0.37500093348475994, False
-2.1833847376067865, -2.669578579031514, -1.8574979404061571, -0.3421344052773928, -0.4062467701720057, 0.37500093348475994, False
-2.418984355955067, -3.916297480025924, -0.7820595111815556, -0.3421344052773928, -0.4062467701720057, 0.37500093348475994, False
-2.873700465139405, 0.31264238801261524, 1.043768840396515, -0.3421344052773928, -0.4062467701720057, 0.37500093348475994, False
-5.428551364338632, -3.5508649844196336, -0.8439835441198626, -0.3421344052773928, -0.4062467701720057, 0.37500093348475994, False
-5.059733148042215, 0.5522912256171635, 0.037684838477802796, -0.3421344052773928, -0.4062467701720057, 0.37500093348475994, False
0.8035674475685193, 0.5227184729768055, 2.0558790579772017, -0.3421344052773928, -0.4062467701720057, 0.37500093348475994, False
6.184965247805939, 6.084471189661615, -0.7910330835051838, -0.3421344052773928, -0.4062467701720057, 0.37500093348475994, False
-4.013557162179952, -3.9545943537465145, 0.006560664150131679, -0.3421344052773928, -0.4062467701720057, 0.37500093348475994, False
6.267426552881094, -2.742130689517564, -1.7261128833404926, -0.3421344052773928, -0.4062467701720057, 0.37500093348475994, False
0.6299386891703778, -1.6675263449330702, -0.759161394554877, -0.3421344052773928, -0.4062467701720057, 0.37500093348475994, False
-1.238211431786576, 1.1309207211269925, 1.5262014530091497, -0.3421344052773928, -0.4062467701720057, 0.37500093348475994, False
6.083265058031971, 0.8106511820720925, 1.672824564823344, -0.3421344052773928, -0.4062467701720057, 0.37500093348475994, False
1.2711096865471996, -1.7922852665574922, 2.348822051726877, -0.3421344052773928, -0.4062467701720057, 0.37500093348475994, False
0.04716766108411541, 5.98312328922751, 1.8817323322380952, -0.3421344052773928, -0.4062467701720057, 0.37500093348475994, False
4.523195048870656, 1.138550338696679, -1.6302370807558293, -0.3421344052773928, -0.4062467701720057, 0.37500093348475994, False
4.026310206579588, -1.0839835408068215, 0.3678877695337528, -0.3421344052773928, -0.4062467701720057, 0.37500093348475994, False
-3.4435681629496955, -4.463900879189571, 2.185364388034446, -0.3421344052773928, -0.4062467701720057, 0.37500093348475994, False
-0.11824956892801275, 3.91596935311485, -1.807166322335437, -0.3421344052773928, -0.4062467701720057, 0.37500093348475994, False
0.478797026777781, 5.331361107437511, -0.838173333526222, -0.3421344052773928, -0.4062467701720057, 0.37500093348475994, False
3.1276164479195305, 6.205527570289316, 0.7321870355218834, -0.3421344052773928, -0.4062467701720057, 0.37500093348475994, False
5.215849998846286, 6.200036133953141, -0.2742721403898165, -0.3421344052773928, -0.4062467701720057, 0.37500093348475994, False
2.7377725654760905, -3.6088752172307945, -0.9149505615701221, -0.3421344052773928, -0.4062467701720057, 0.37500093348475994, False
5.561864241957684, 5.681773272653706, 1.078932416930778, -0.3421344052773928, -0.4062467701720057, 0.37500093348475994, False
3.930577889433545, 2.9678946814301614, -0.11746460775088208, -0.3421344052773928, -0.4062467701720057, 0.37500093348475994, False
1.137821563962703, -5.956161554614408, 0.8326090324267756, -0.3421344052773928, -0.4062467701720057, 0.37500093348475994, False
-4.858250815619471, -4.981373629653225, 1.435510375844987, -0.3421344052773928, -0.4062467701720057, 0.37500093348475994, False
-2.167064122201019, -5.312101091787143, 0.9534328084529475, -0.3421344052773928, -0.4062467701720057, 0.37500093348475994, False
3.844612116627113, 6.208442668445182, 1.5672660187337115, -0.3421344052773928, -0.4062467701720057, 0.37500093348475994, False
-3.2146831748265745, -3.234892765004976, 0.9605503221508807, -0.3421344052773928, -0.4062467701720057, 0.37500093348475994, False
-2.021695870053933, -3.698460270856167, 2.1192336542987418, -0.3421344052773928, -0.4062467701720057, 0.37500093348475994, False
4.625456933360773, -3.7706322413285127, -0.3210907443735378, -0.3421344052773928, -0.4062467701720057, 0.37500093348475994, False
-4.198135671708189, 1.7377255718928382, 1.6610025172716592, -0.3421344052773928, -0.4062467701720057, 0.37500093348475994, False
5.747938750881302, -1.5515212240941878, -2.347272913790387, -0.3421344052773928, -0.4062467701720057, 0.37500093348475994, False
-5.564114513274449, 2.347230322593324, -0.6763462350419833, -0.3421344052773928, -0.4062467701720057, 0.37500093348475994, False
-2.392714149325332, 3.676848367070793, -0.8035878531879641, -0.3421344052773928, -0.4062467701720057, 0.37500093348475994, False
6.104049579112983, -1.3699037896899862, 3.064568256789922, -0.3421344052773928, -0.4062467701720057, 0.37500093348475994, True
-3.7952391184168617, -5.33040985672655, 1.2361881452264765, -0.3421344052773928, -0.4062467701720057, 0.37500093348475994, False
3.4026303628239294, -2.0828203430412975, -1.8962285617974517, -0.3421344052773928, -0.4062467701720057, 0.37500093348475994, False
-2.9336163885270103, 4.234703336052014, -2.0887312765215924, -0.3421344052773928, -0.4062467701720057, 0.37500093348475994, False
4.871846670205356, 1.8391765656326147, 1.9641276734104105, -0.3421344052773928, -0.4062467701720057, 0.37500093348475994, False
-5.4067931156110305, 3.417775415452084, -0.9832177771029595, -0.3421344052773928, -0.4062467701720057, 0.37500093348475994, True
0.1506169830845252, 3.5049616997996136, 2.8273347243600533, -0.3421344052773928, -0.4062467701720057, 0.37500093348475994, False
5.790187116526626, -0.8244307046497994, -1.9539533402972467, -0.3421344052773928, -0.4062467701720057, 0.37500093348475994, False
-0.5055024454111461, -1.1954650418508654, -2.963161507939345, -0.3421344052773928, -0.4062467701720057, 0.37500093348475994, True
2.1773783393594783, -4.353292020177641, 0.5467786210617684, -0.3421344052773928, -0.4062467701720057, 0.37500093348475994, False
-2.3862475417131064, 1.2562520743422638, 2.388605566962223, -0.3421344052773928, -0.4062467701720057, 0.37500093348475994, False
4.5954234875331, -3.2797913266166283, -0.26346388440265844, -0.3421344052773928, -0.4062467701720057, 0.37500093348475994, False
-4.2742247265515365, 5.62413577350922, -0.6295489282602138, -0.3421344052773928, -0.4062467701720057, 0.37500093348475994, False
4.938778066484748, -0.20988759619341302, -2.342842858451882, -0.3421344052773928, -0.4062467701720057, 0.37500093348475994, False
-0.31778165174374173, 1.5186384508860975, -2.51834727903294, -0.3421344052773928, -0.4062467701720057, 0.37500093348475994, False
-5.444537563832657, -6.155011910700354, -0.9797758942936272, -0.3421344052773928, -0.4062467701720057, 0.37500093348475994, False
-0.40162531447884486, -4.419157098925002, -1.0405823755764936, -0.3421344052773928, -0.4062467701720057, 0.37500093348475994, False
4.860957371557573, 5.1760374649860825, 2.9981162936339807, -0.3421344052773928, -0.4062467701720057, 0.37500093348475994, True
-3.8660828917535306, -4.736717598537904, 0.5514899019884836, -0.3421344052773928, -0.4062467701720057, 0.37500093348475994, False
-4.4466912239644, -0.6816129652692942, -0.7285249488119478, -0.3421344052773928, -0.4062467701720057, 0.37500093348475994, False
4.12742747062239, 4.107778908845331, -2.6809491098521656, -0.3421344052773928, -0.4062467701720057, 0.37500093348475994, False
1.196560263187986, -0.2649865709890866, -1.0940589509544303, -0.3421344052773928, -0.4062467701720057, 0.37500093348475994, False
6.130580407002377, 3.4783021584053824, -1.9954006590877331, -0.3421344052773928, -0.4062467701720057, 0.37500093348475994, False
4.019225206704711, -0.21347773750034005, -2.08820814571006, -0.3421344052773928, -0.4062467701720057, 0.37500093348475994, True
4.88369052908434, -1.5283726111697344, 2.3660212473003748, -0.3421344052773928, -0.4062467701720057, 0.37500093348475994, False
-0.5539560925233662, -0.3809250539812066, -1.8914049560952497, -0.3421344052773928, -0.4062467701720057, 0.37500093348475994, False
-5.209457485502755, 4.830009733777308, -1.6494745395586732, -0.3421344052773928, -0.4062467701720057, 0.37500093348475994, False
5.54541811668571, 0.39620797873515823, 0.4698081271726573, -0.3421344052773928, -0.4062467701720057, 0.37500093348475994, False
3.4127154506885393, 3.457731782908972, 0.10897702022309641, -0.3421344052773928, -0.4062467701720057, 0.37500093348475994, False
-5.490271531368733, -5.388093106949803, -0.7922185569388329, -0.3421344052773928, -0.4062467701720057, 0.37500093348475994, False
3.746459940789645, -0.07155287670948063, 1.3631103873592307, -0.3421344052773928, -0.4062467701720057, 0.37500093348475994, False
5.300090555429563, -5.701707205671282, 2.229080851735267, -0.3421344052773928, -0.4062467701720057, 0.37500093348475994, False
-0.7765146781456043, -5.57264170456455, -1.4799545664602383, -0.3421344052773928, -0.4062467701720057, 0.37500093348475994, False
5.560490216137932, 1.7530337614579032, -2.5491725027656718, -0.3421344052773928, -0.4062467701720057, 0.37500093348475994, False
5.623017839903543, 4.9794244685615645, -2.9992945599896035, -0.3421344052773928, -0.4062467701720057, 0.37500093348475994, True
4.305668576915393, -2.757283925998954, 2.5535211959043824, -0.3421344052773928, -0.4062467701720057, 0.37500093348475994, False
-4.571077392499897, -1.7063226082085334, 0.35643803492053827, -0.3421344052773928, -0.4062467701720057, 0.37500093348475994, False
1.613327978828032, -1.5162604895157328, -2.642803882699941, -0.3421344052773928, -0.4062467701720057, 0.37500093348475994, False
-4.705986873025389, -6.127353403855908, 2.8475164334470957, -0.3421344052773928, -0.4062467701720057, 0.37500093348475994, False
2.186256794987571, 5.943787484635827, -0.4164306180109225, -0.3421344052773928, -0.4062467701720057, 0.37500093348475994, False
3.593638039671527, 4.650422493034544, 1.7774326962557776, -0.3421344052773928, -0.4062467701720057, 0.37500093348475994, False
-6.035533006997242, 2.9855391965779194, -0.674102493630794, -0.3421344052773928, -0.4062467701720057, 0.37500093348475994, False
-2.1777525151122195, 0.9310473018664256, 1.582675157610062, -0.3421344052773928, -0.4062467701720057, 0.37500093348475994, False
3.033702416894199, 3.8899471486908723, -0.8751135968854866, -0.3421344052773928, -0.4062467701720057, 0.37500093348475994, False
5.834269572336739, 4.738625587329034, 2.910809421840331, -0.3421344052773928, -0.4062467701720057, 0.37500093348475994, True
2.3402698813282665, 2.5498391455930385, 1.2951462002117395, -0.3421344052773928, -0.4062467701720057, 0.37500093348475994, False
1.2160338863388205, 5.074658958149078, 0.6823951627048097, -0.3421344052773928, -0.4062467701720057, 0.37500093348475994, False
-0.19714786097577086, -0.2999015476932767, -2.3847814366884976, -0.3421344052773928, -0.4062467701720057, 0.37500093348475994, False
-0.8119098920266188, 1.8402176750614707, -0.41319840293667864, -0.3421344052773928, -0.4062467701720057, 0.37500093348475994, False
-2.82733461935034, 3.747636275546874, 0.5431455669503507, -0.3421344052773928, -0.4062467701720057, 0.37500093348475994, False
-1.1925779682819995, -4.067796808794199, 1.742354551236672, -0.3421344052773928, -0.4062467701720057, 0.37500093348475994, False
3.508716079195853, 0.036097557797369895, -1.0549696937001132, -0.3421344052773928, -0.4062467701720057, 0.37500093348475994, False
-2.6985983371253686, -3.5635664149350017, 2.9398599417470246, -0.3421344052773928, -0.4062467701720057, 0.37500093348475994, True
2.5100734451467606, -1.7984701768728213, 0.016944212774669065, -0.3421344052773928, -0.4062467701720057, 0.37500093348475994, False
-1.964276692552409, 4.7243196643077745, -0.8403822988072638, -0.3421344052773928, -0.4062467701720057, 0.37500093348475994, False
-0.046039117300681554, -5.454490360261134, 1.0597572697260471, -0.3421344052773928, -0.4062467701720057, 0.37500093348475994, False
5.892600150846835, -0.8029965719049299, 2.4381021231125404, -0.3421344052773928, -0.4062467701720057, 0.37500093348475994, False
2.5147758762628136, -5.731050885840359, 1.1944506982835605, -0.3421344052773928, -0.4062467701720057, 0.37500093348475994, False
-1.6049757352293978, 3.1837398531143073, 2.1855264297320582, -0.3421344052773928, -0.4062467701720057, 0.37500093348475994, False
0.3639243483369965, -4.495740233512928, 2.33106972321153, -0.3421344052773928, -0.4062467701720057, 0.37500093348475994, False
0.7092648367889511, -3.7145421990480125, -1.3617302016898634, -0.3421344052773928, -0.4062467701720057, 0.37500093348475994, False
2.4062497571724943, -4.040873287103603, 2.968084569928987, -0.3421344052773928, -0.4062467701720057, 0.37500093348475994, True
-1.9791710388760722, 4.039949044997554, -1.4679050440315327, -0.3421344052773928, -0.4062467701720057, 0.37500093348475994, False
4.971128435937715, 1.0208416281218424, 2.056685143599501, -0.3421344052773928, -0.4062467701720057, 0.37500093348475994, False
-1.32784091740103, -5.503259220490312, 1.3352972296174643, -0.3421344052773928, -0.4062467701720057, 0.37500093348475994, False
0.4083992302299393, -0.48031865485950753, 1.0408423442394623, -0.3421344052773928, -0.4062467701720057, 0.37500093348475994, False
3.8748260565085957, 6.110006722805666, 1.3820094730753825, -0.3421344052773928, -0.4062467701720057, 0.37500093348475994, False
0.28544301934582705, -2.6643260164518727, -2.9613653504049644, -0.3421344052773928, -0.4062467701720057, 0.37500093348475994, True
1.4511457939731267, -1.9789404571562992, -1.1047529740481932, -0.3421344052773928, -0.4062467701720057, 0.37500093348475994, False
2.5387776697726174, -4.691628155210349, -0.2397673628052277, -0.3421344052773928, -0.4062467701720057, 0.37500093348475994, False
1.6416589849965915, 2.0362104445484768, 1.0890012113868845, -0.3421344052773928, -0.4062467701720057, 0.37500093348475994, False
-5.3766420499147785, -2.581891932028023, -0.7134778507262478, -0.3421344052773928, -0.4062467701720057, 0.37500093348475994, True
5.861489209166617, 4.612212206852538, 1.5202623813135112, -0.3421344052773928, -0.4062467701720057, 0.37500093348475994, False
2.58345531638415, -0.2763998529008145, 2.0918811959169314, -0.3421344052773928, -0.4062467701720057, 0.37500093348475994, False
-6.169496308148843, -2.9806360194784793, 2.1758391598851823, -0.3421344052773928, -0.4062467701720057, 0.37500093348475994, False
-4.515335159598101, 4.3423511895765134, -2.7294627409971937, -0.3421344052773928, -0.4062467701720057, 0.37500093348475994, False
-2.1975851599084164, -4.389639801100995, 0.2036124904583403, -0.3421344052773928, -0.4062467701720057, 0.37500093348475994, False
2.86404773485571, 3.34729015142179, -1.4803844441206637, -0.3421344052773928, -0.4062467701720057, 0.37500093348475994, False
0.6105180433906074, -3.2425294279238996, 2.382789839919546, -0.3421344052773928, -0.4062467701720057, 0.37500093348475994, False
-4.884621928469594, -1.772929184885001, -0.1079130806564681, -0.3421344052773928, -0.4062467701720057, 0.37500093348475994, False
-3.2914540525482336, 2.4185201958459857e-05, 0.47038996213676976, -0.3421344052773928, -0.4062467701720057, 0.37500093348475994, False
-3.3469631435900142, -2.6349951524203523, 2.2430801935634124, -0.3421344052773928, -0.4062467701720057, 0.37500093348475994, False
-5.051395776200735, 5.153463349183875, -2.5691048637922087, -0.3421344052773928, -0.4062467701720057, 0.37500093348475994, False
-5.321736776817444, 0.32000376363213423, 1.4494092379431098, -0.3421344052773928, -0.4062467701720057, 0.37500093348475994, False
0.17184953788850166, -2.952269487876902, 2.285299878396608, -0.3421344052773928, -0.4062467701720057, 0.37500093348475994, False
-2.9299937334097095, -1.994055573866432, -1.5446359294652792, -0.3421344052773928, -0.4062467701720057, 0.37500093348475994, False
-0.6530582592242746, 3.264968670228729, -0.6315700971283791, -0.3421344052773928, -0.4062467701720057, 0.37500093348475994, False
-2.1149382558635015, -5.8061541567211545, -2.0245976768143246, -0.3421344052773928, -0.4062467701720057, 0.37500093348475994, True
3.1416645344158187, 5.515823638439732, 1.9327230637515616, -0.3421344052773928, -0.4062467701720057, 0.37500093348475994, False
6.15686456283953, 4.342933751956483, 2.4144613483821873, -0.3421344052773928, -0.4062467701720057, 0.37500093348475994, False
-1.7433730491559158, -5.397811697382827, -1.6774636179255118, -0.3421344052773928, -0.4062467701720057, 0.37500093348475994, False
0.9127905941707812, 0.6146419101678333, 2.8150517667969703, -0.3421344052773928, -0.4062467701720057, 0.37500093348475994, False
-5.8480862996536125, -2.4184603099906203, 0.668954221845258, -0.3421344052773928, -0.4062467701720057, 0.37500093348475994, False
1.3409268898650177, 2.837210136877852, -1.385984714428371, -0.3421344052773928, -0.4062467701720057, 0.37500093348475994, False
0.20816589697230015, 2.2119067650177904, -2.101077528960986, -0.3421344052773928, -0.4062467701720057, 0.37500093348475994, False
5.57431032888692, -0.764555230430549, 1.635856234065125, -0.3421344052773928, -0.4062467701720057, 0.37500093348475994, False
0.7575907488912001, -1.4470405039415768, -0.8873697777284084, -0.3421344052773928, -0.4062467701720057, 0.37500093348475994, False
-3.3592021774882017, -2.6141043934440997, 1.1837043183640583, -0.3421344052773928, -0.4062467701720057, 0.37500093348475994, False
4.843832747718853, 5.367932310247022, 2.085997683980165, -0.3421344052773928, -0.4062467701720057, 0.37500093348475994, False
5.791753827163898, -5.4788228126609, 0.9225541222424729, -0.3421344052773928, -0.4062467701720057, 0.37500093348475994, False
-0.769603836393344, 6.151946870222471, 0.030638252953632428, -0.3421344052773928, -0.4062467701720057, 0.37500093348475994, False
-4.463154032361623, -6.029270485874753, 1.0283514079580538, -0.3421344052773928, -0.4062467701720057, 0.37500093348475994, False
3.9964148380073947, 3.6894760193710177, -1.234829378967274, -0.3421344052773928, -0.4062467701720057, 0.37500093348475994, False
4.284729615480979, 0.32904190173151004, 2.9832735706561087, -0.3421344052773928, -0.4062467701720057, 0.37500093348475994, True
5.555363131911864, 2.2609226963933526, 0.448908819847909, -0.3421344052773928, -0.4062467701720057, 0.37500093348475994, False
2.7161170416514704, -3.8319193692953895, -2.5804683242691597, -0.3421344052773928, -0.4062467701720057, 0.37500093348475994, False
0.16435177287119007, -3.4077983192554298, 0.5114077882515611, -0.3421344052773928, -0.4062467701720057, 0.37500093348475994, False
3.5582488469537683, -0.46855378708991147, -2.764789430376898, -0.3421344052773928, -0.4062467701720057, 0.37500093348475994, True
-0.44153914391760996, -4.73054522370497, -1.3550889451980064, -0.3421344052773928, -0.4062467701720057, 0.37500093348475994, False
3.5463883904620648, 3.270087725415065, -2.73819290561565, -0.3421344052773928, -0.4062467701720057, 0.37500093348475994, False
4.695611428509613, -4.060702756116649, -2.224723957346605, -0.3421344052773928, -0.4062467701720057, 0.37500093348475994, False
2.5824414948784664, -2.851410004532584, -1.2745151828773527, -0.3421344052773928, -0.4062467701720057, 0.37500093348475994, False
0.6548009954736482, -3.682937282854829, -2.5774786848812727, -0.3421344052773928, -0.4062467701720057, 0.37500093348475994, False
-4.50857476032316, -1.2751984661030287, -1.4670458539454116, -0.3421344052773928, -0.4062467701720057, 0.37500093348475994, False
2.3564286401319894, -0.4716514581211442, -2.840274358207526, -0.3421344052773928, -0.4062467701720057, 0.37500093348475994, False
1.8526362535404086, -0.710892141867566, -0.5984703627861165, -0.3421344052773928, -0.4062467701720057, 0.37500093348475994, False
5.335317223264784, 4.378091734037305, -1.4466897817451951, -0.3421344052773928, -0.4062467701720057, 0.37500093348475994, False
4.81703579843343, -2.5570385480987112, -1.8376715999258, -0.3421344052773928, -0.4062467701720057, 0.37500093348475994, False
3.5753033292137264, -0.3068660142207307, 0.43196665085767894, -0.3421344052773928, -0.4062467701720057, 0.37500093348475994, True
5.700616578602244, 0.10403311959420591, -2.4160838747149684, -0.3421344052773928, -0.4062467701720057, 0.37500093348475994, False
-2.6515911319962076, -5.871292843773363, 1.5838504195587193, -0.3421344052773928, -0.4062467701720057, 0.37500093348475994, False
-3.2915053201507005, 3.921922619887031, 0.7572470462298999, -0.3421344052773928, -0.4062467701720057, 0.37500093348475994, False
2.420720030480256, 2.4631409193969365, 2.2241753603463, -0.3421344052773928, -0.4062467701720057, 0.37500093348475994, False
4.819467643263476, 5.925347006851151, -2.4685914678361045, -0.3421344052773928, -0.4062467701720057, 0.37500093348475994, False
1.1990730159596588, -4.326493412601515, -2.459572957388727, -0.3421344052773928, -0.4062467701720057, 0.37500093348475994, False
3.6360978384548357, -2.155019106819224, -0.015718851538839562, -0.3421344052773928, -0.4062467701720057, 0.37500093348475994, False
3.895822690050556, -5.2905831053318515, 0.4135515092417754, -0.3421344052773928, -0.4062467701720057, 0.37500093348475994, False
1.9765220724012824, -4.203319997545623, 0.4952134134617028, -0.3421344052773928, -0.4062467701720057, 0.37500093348475994, False
-2.8078751451524693, -0.11601089518803764, 1.4007047838321256, -0.3421344052773928, -0.4062467701720057, 0.37500093348475994, False
-5.416232177017152, -3.5491882463453983, -2.2007339435651314, -0.3421344052773928, -0.4062467701720057, 0.37500093348475994, False
4.569141463900387, -5.332942183195065, 0.4218269656372535, -0.3421344052773928, -0.4062467701720057, 0.37500093348475994, False
3.0197678533601664, -5.272062401453014, -1.389618556717657, -0.3421344052773928, -0.4062467701720057, 0.37500093348475994, False
5.874088984699734, -3.3149747223326287, -0.04009447904045338, -0.3421344052773928, -0.4062467701720057, 0.37500093348475994, False
6.0820372346106595, 5.853537311224967, 1.8748632943601375, -0.3421344052773928, -0.4062467701720057, 0.37500093348475994, False
-2.0324593259894908, 1.8191869298872856, -0.10023335834090297, -0.3421344052773928, -0.4062467701720057, 0.37500093348475994, False
3.067421460171051, 3.403158088078035, 2.371084898959273, -0.3421344052773928, -0.4062467701720057, 0.37500093348475994, False
2.5073734374672885, -3.3078386275334104, 1.7331275145665979, -0.3421344052773928, -0.4062467701720057, 0.37500093348475994, False
-2.682796717722216, 1.2664214454753688, -2.334347420039324, -0.3421344052773928, -0.4062467701720057, 0.37500093348475994, False
3.6883923010769326, 2.231434855177797, 2.3217744657074473, -0.3421344052773928, -0.4062467701720057, 0.37500093348475994, False
-5.28708349575737, 2.3108674627450387, -1.0645750690304805, -0.3421344052773928, -0.4062467701720057, 0.37500093348475994, False
0.011133645647119828, -5.755945515267455, 2.9108563567619017, -0.3421344052773928, -0.4062467701720057, 0.37500093348475994, True
0.7767044166367976, 5.897721464922542, -0.2362634263739789, -0.3421344052773928, -0.4062467701720057, 0.37500093348475994, False
4.508289688475569, 0.42683228374452753, 2.068187654091121, -0.3421344052773928, -0.4062467701720057, 0.37500093348475994, False
0.4567789119170085, -1.2332744810354352, 3.036816105777368, -0.3421344052773928, -0.4062467701720057, 0.37500093348475994, True
