1.902097160487262, 4.713177357980582, 1.1241787479311691, -0.09575315263308415, -0.14563379573489055, 0.2194904990807809, True
-3.378756849483421, 2.2594493803103823, -0.4758499524964006, -0.09575315263308415, -0.14563379573489055, 0.2194904990807809, True
-2.134622449550297, 3.9253152922685697, -2.538694061715767, -0.09575315263308415, -0.14563379573489055, 0.2194904990807809, True
-6.091127510646214, 5.970351997041581, 0.08596583872945107, -0.09575315263308415, -0.14563379573489055, 0.2194904990807809, True
-0.6789658797655633, -4.61637356712503, 2.9171631784291066, -0.09575315263308415, -0.14563379573489055, 0.2194904990807809, True
0.6420060797570484, 1.7030616102383904, -1.399526088446192, -0.09575315263308415, -0.14563379573489055, 0.2194904990807809, True
4.085170813678099, -0.6067302706963069, -0.9155348183750118, -0.09575315263308415, -0.14563379573489055, 0.2194904990807809, True
0.13287838843668176, 6.101890705726131, 1.2574304175753381, -0.09575315263308415, -0.14563379573489055, 0.2194904990807809, True
3.732137453580984, -6.28038852736539, 0.5407693598336021, -0.09575315263308415, -0.14563379573489055, 0.2194904990807809, True
1.7865059084905628, -0.1824308162573658, -2.0008008848462753, -0.09575315263308415, -0.14563379573489055, 0.2194904990807809, True
4.319557487099473, 1.7876000762710262, -1.232760166676766, -0.09575315263308415, -0.14563379573489055, 0.2194904990807809, True
2.205485776615646, 4.715648000541671, 2.686914697735115, -0.09575315263308415, -0.14563379573489055, 0.2194904990807809, True
3.9918026895336283, -0.8497590795859873, 0.5056213062301902, -0.09575315263308415, -0.14563379573489055, 0.2194904990807809, True
-2.1965038585024095, -0.44940591093863347, -0.014553424252173652, -0.09575315263308415, -0.14563379573489055, 0.2194904990807809, True
-1.1487473664493848, 3.3273406970244963, -1.1550293409790635, -0.09575315263308415, -0.14563379573489055, 0.2194904990807809, True
-2.6088198022271007, -0.7615792226136051, 1.483734931649611, -0.09575315263308415, -0.14563379573489055, 0.2194904990807809, True
-2.619466499145781, 1.9206908503968823, -1.0155072586127107, -0.09575315263308415, -0.14563379573489055, 0.2194904990807809, True
-2.7736420847819496, -5.4424201832634385, 1.8983896397196869, -0.09575315263308415, -0.14563379573489055, 0.2194904990807809, True
1.506550934841794, -2.8198721085210776, 0.5722119670418895, -0.09575315263308415, -0.14563379573489055, 0.2194904990807809, True
-4.5822969566451395, -3.4836913342208797, -0.8022384661714659, -0.09575315263308415, -0.14563379573489055, 0.2194904990807809, True
-0.18042560407148311, 1.0613924575061207, 0.4240796312093771, -0.09575315263308415, -0.14563379573489055, 0.2194904990807809, True
-2.212003137904845, -6.079865810496001, -2.087514015219148, -0.09575315263308415, -0.14563379573489055, 0.2194904990807809, True
-3.802029343279653, -3.7923783716459107, 1.2807298476431592, -0.09575315263308415, -0.14563379573489055, 0.2194904990807809, True
-2.9350605170703785, 0.5257602137258166, 0.08354462614908265, -0.09575315263308415, -0.14563379573489055, 0.2194904990807809, True
-1.9977293230413764, -4.3264515110019, 1.839336363065752, -0.09575315263308415, -0.14563379573489055, 0.2194904990807809, True
-3.7635937163186686, 5.500183306368685, -2.614720007810082, -0.09575315263308415, -0.14563379573489055, 0.2194904990807809, True
6.277029985120517, 0.35434173321631324, -2.5198589859845555, -0.09575315263308415, -0.14563379573489055, 0.2194904990807809, True
5.383408946789176, -0.7988966683841419, -0.5257469080040509, -0.09575315263308415, -0.14563379573489055, 0.2194904990807809, True
2.9425704919200424, 1.1173844215370323, -0.3924211429756257, -0.09575315263308415, -0.14563379573489055, 0.2194904990807809, True
5.840346633759797, 2.4835081940682606, 0.6639872433738772, -0.09575315263308415, -0.14563379573489055, 0.2194904990807809, True
1.986518307922589, 5.84267126807951, 1.0613235701465964, -0.09575315263308415, -0.14563379573489055, 0.2194904990807809, True
2.2482932629256425, -4.518154936249728, -0.2383332527505373, -0.09575315263308415, -0.14563379573489055, 0.2194904990807809, True
0.5820693300626418, -4.23600162656879, 1.8096723661790692, -0.09575315263308415, -0.14563379573489055, 0.2194904990807809, True
-2.5786070407240715, 4.64871059938641, 0.8843582717901866, -0.09575315263308415, -0.14563379573489055, 0.2194904990807809, True
1.6994778257011633, -4.786441385033845, -2.501407863845684, -0.09575315263308415, -0.14563379573489055, 0.2194904990807809, True
3.678234344576026, 6.168290423437382, 3.0156481863838334, -0.09575315263308415, -0.14563379573489055, 0.2194904990807809, True
-3.3670794291121804, -3.682924336597281, 0.10475261665885949, -0.09575315263308415, -0.14563379573489055, 0.2194904990807809, True
2.7655825865898436, 4.69643353134034, -0.24006507164801727, -0.09575315263308415, -0.14563379573489055, 0.2194904990807809, True
-6.079262839999529, -5.629704372590035, 2.530508865928198, -0.09575315263308415, -0.14563379573489055, 0.2194904990807809, True
0.8352684192380018, -4.686762211787848, 1.3036184834874982, -0.09575315263308415, -0.14563379573489055, 0.2194904990807809, True
1.9281028690885638, 4.468510170921681, -3.062458742420364, -0.09575315263308415, -0.14563379573489055, 0.2194904990807809, True
-3.174845704988563, 3.36803666730534, 1.694084553373373, -0.09575315263308415, -0.14563379573489055, 0.2194904990807809, True
2.500426441001945, -3.8379508974557663, -0.446503158243337, -0.09575315263308415, -0.14563379573489055, 0.2194904990807809, True
2.931930156988697, 0.6198556067417806, -0.028243385698138557, -0.09575315263308415, -0.14563379573489055, 0.2194904990807809, True
4.526285737242608, 0.8194295733903454, 1.7161911757267756, -0.09575315263308415, -0.14563379573489055, 0.2194904990807809, True
5.902498074144738, 4.050228369513272, -2.788473000608931, -0.09575315263308415, -0.14563379573489055, 0.2194904990807809, True
-2.4268395239885807, 1.218253904899865, -3.1043061850209797, -0.09575315263308415, -0.14563379573489055, 0.2194904990807809, True
-1.3551540612772666, -0.24042561417390562, 2.8407251929454684, -0.09575315263308415, -0.14563379573489055, 0.2194904990807809, True
5.515098355912098, -2.2482308579555923, 1.5160623102365989, -0.09575315263308415, -0.14563379573489055, 0.2194904990807809, True
5.452175338713079, 5.569252033469004, 0.07665012251254932, -0.09575315263308415, -0.14563379573489055, 0.2194904990807809, True
-3.0878161189829734, -1.432380526272449, -0.6959484933541895, -0.09575315263308415, -0.14563379573489055, 0.2194904990807809, True
-0.08176326036760173, -4.818516288783616, -0.8067400881649127, -0.09575315263308415, -0.14563379573489055, 0.2194904990807809, True
1.950088673948752, 3.162121213154233, 1.7280664909891525, -0.09575315263308415, -0.14563379573489055, 0.2194904990807809, True
0.8387145979083899, -0.3662981286224758, -2.203059577466632, -0.09575315263308415, -0.14563379573489055, 0.2194904990807809, True
5.407551958413855, -1.1650511187041266, -3.034383438111941, -0.09575315263308415, -0.14563379573489055, 0.2194904990807809, True
-4.809274053819765, 4.484685774086104, 1.2879618786683267, -0.09575315263308415, -0.14563379573489055, 0.2194904990807809, True
-3.791003645586822, 2.630474891332664, 2.3612227990075416, -0.09575315263308415, -0.14563379573489055, 0.2194904990807809, True
-1.3514278897061525, 4.408843580433, 1.1206975519672024, -0.09575315263308415, -0.14563379573489055, 0.2194904990807809, True
2.061561646078026, -4.815285395850495, 3.017250632191386, -0.09575315263308415, -0.14563379573489055, 0.2194904990807809, True
6.265043330733095, 4.231461065087537, -0.8563383836126897, -0.09575315263308415, -0.14563379573489055, 0.2194904990807809, True
0.04599110939012885, -4.053015400211438, 1.68885537379271, -0.09575315263308415, -0.14563379573489055, 0.2194904990807809, True
4.386308427186108, 0.1524582699826018, 2.4497697961936513, -0.09575315263308415, -0.14563379573489055, 0.2194904990807809, True
5.25360179380815, 4.998190086199218, -0.29068236129728975, -0.09575315263308415, -0.14563379573489055, 0.2194904990807809, True
2.0189038633234517, -1.654651025353802, -2.36165122151734, -0.09575315263308415, -0.14563379573489055, 0.2194904990807809, True
-3.3382814430748544, 4.656130788370069, 0.11849086425613287, -0.09575315263308415, -0.14563379573489055, 0.2194904990807809, True
-2.8277290129275254, -0.6726891818554126, 2.4056794201373304, -0.09575315263308415, -0.14563379573489055, 0.2194904990807809, True
-0.908687113812773, 6.188871085288019, 2.4791472137356934, -0.09575315263308415, -0.14563379573489055, 0.2194904990807809, True
-4.097634433734186, -1.2983724430346841, 1.9952484983254326, -0.09575315263308415, -0.14563379573489055, 0.2194904990807809, True
4.46938538869157, -5.681543983066303, 0.2187068141827604, -0.09575315263308415, -0.14563379573489055, 0.2194904990807809, True
-0.18139739926877496, -2.5209484538266014, 1.7401929222384975, -0.09575315263308415, -0.14563379573489055, 0.2194904990807809, True
4.7044722828164325, -5.64412326396948, 1.4877588720545614, -0.09575315263308415, -0.14563379573489055, 0.2194904990807809, True
1.954410710548407, -1.3324611282963463, 2.9401563441386784, -0.09575315263308415, -0.14563379573489055, 0.2194904990807809, True
1.5078195297001438, -4.623264123837661, 1.8988941482847803, -0.09575315263308415, -0.14563379573489055, 0.2194904990807809, True
1.1512950644040512, 1.400461080562887, 1.1033133379270517, -0.09575315263308415, -0.14563379573489055, 0.2194904990807809, True
2.2298187858413385, -5.079132508063131, -0.5565749142647074, -0.09575315263308415, -0.14563379573489055, 0.2194904990807809, True
-1.9480959911529947, -3.9287507362727534, -1.970327131104322, -0.09575315263308415, -0.14563379573489055, 0.2194904990807809, True
-2.579999706463396, -3.464288835728551, -0.058586226490205284, -0.09575315263308415, -0.14563379573489055, 0.2194904990807809, True
-5.3047526793871524, 3.0369781202238926, 2.808744171025328, -0.09575315263308415, -0.14563379573489055, 0.2194904990807809, True
-2.024627640282513, 5.876407224620907, -2.816837163011045, -0.09575315263308415, -0.14563379573489055, 0.2194904990807809, True
0.300160377465823, -5.979326652673067, 2.697328185113509, -0.09575315263308415, -0.14563379573489055, 0.2194904990807809, True
-0.41257015190664514, -5.771947732868769, 0.6708941101133501, -0.09575315263308415, -0.14563379573489055, 0.2194904990807809, True
-4.199082380149324, -5.217472734890848, -1.1399031205217796, -0.09575315263308415, -0.14563379573489055, 0.2194904990807809, True
3.3920936995369892, 2.247783999569453, -0.97183249816658, -0.09575315263308415, -0.14563379573489055, 0.2194904990807809, True
2.051038581482242, -2.111840630815096, 1.1011083937262791, -0.09575315263308415, -0.14563379573489055, 0.2194904990807809, True
-2.008942720080169, -0.038305011021108726, -1.5016126570877115, -0.09575315263308415, -0.14563379573489055, 0.2194904990807809, True
3.9896587027409876, -3.1654723120028097, 1.8151896400215497, -0.09575315263308415, -0.14563379573489055, 0.2194904990807809, True
-4.54136805962226, 5.2155271553079015, 2.850390676378267, -0.09575315263308415, -0.14563379573489055, 0.2194904990807809, True
0.5218080631419326, 5.183073475827964, -1.8200636467062268, -0.09575315263308415, -0.14563379573489055, 0.2194904990807809, True
4.809323563765695, -0.6483667655245684, 2.5111384654608733, -0.09575315263308415, -0.14563379573489055, 0.2194904990807809, True
-5.060243434304284, -3.2681599233346295, 1.8837139882840006, -0.09575315263308415, -0.14563379573489055, 0.2194904990807809, True
-1.3783220201319093, -1.4974079386070889, -2.837489723531948, -0.09575315263308415, -0.14563379573489055, 0.2194904990807809, True
3.5277917665895604, -2.9970770986229702, 0.8182166960855861, -0.09575315263308415, -0.14563379573489055, 0.2194904990807809, True
-1.621374936562547, 3.4459011635367762, -0.8303126694392278, -0.09575315263308415, -0.14563379573489055, 0.2194904990807809, True
3.124898420241685, -0.7673757909805401, -2.3000460399781097, -0.09575315263308415, -0.14563379573489055, 0.2194904990807809, True
-0.5418113653781571, 3.5462148487058585, -0.9172973940092812, -0.09575315263308415, -0.14563379573489055, 0.2194904990807809, True
-3.3772289910900457, -2.573808620451383, 2.3725155071476314, -0.09575315263308415, -0.14563379573489055, 0.2194904990807809, True
3.2198773614513883, -1.0661277599001737, -2.5954480447570614, -0.09575315263308415, -0.14563379573489055, 0.2194904990807809, True
4.688206613341178, -0.9709298981308754, -2.6165186375744396, -0.09575315263308415, -0.14563379573489055, 0.2194904990807809, True
-0.9455685740495641, 1.8319359513672495, -1.9766376021236316, -0.09575315263308415, -0.14563379573489055, 0.2194904990807809, True
-4.163523933040292, 1.5625822863945178, 2.443680922425309, -0.09575315263308415, -0.14563379573489055, 0.2194904990807809, True
