4.274847642149551, -4.380064166479846, 0.18888303526448746, 0.43564073130412395, 0.015343661091859917, 0.6695986296787964, False
0.04476750129535123, -3.917584185732381, -3.003487519224636, 0.43564073130412395, 0.015343661091859917, 0.6695986296787964, True
-2.8487586102176445, 4.550510737342417, 2.4818845216278573, 0.43564073130412395, 0.015343661091859917, 0.6695986296787964, False
4.545737992238831, 2.5590728676604133, -2.980409216738522, 0.43564073130412395, 0.015343661091859917, 0.6695986296787964, True
0.19821830705417032, -6.185735096458892, 2.4685512861411745, 0.43564073130412395, 0.015343661091859917, 0.6695986296787964, False
-3.6177440161958025, 1.0874432089890496, -2.8371784488245595, 0.43564073130412395, 0.015343661091859917, 0.6695986296787964, False
-4.1674694188077055, 4.549786320083763, 1.6709344661880516, 0.43564073130412395, 0.015343661091859917, 0.6695986296787964, False
-3.4116361729011606, 1.9932606139956661, 2.630253193844279, 0.43564073130412395, 0.015343661091859917, 0.6695986296787964, False
2.8130139382259927, -1.8218579771602927, -1.0584524062874707, 0.43564073130412395, 0.015343661091859917, 0.6695986296787964, True
-1.8736556827982627, 2.344841144367363, -0.11212858346682086, 0.43564073130412395, 0.015343661091859917, 0.6695986296787964, False
1.615049072029609, 6.2351709391338375, 1.006432360387275, 0.43564073130412395, 0.015343661091859917, 0.6695986296787964, False
0.996431677747263, -5.067859975502712, -0.8210956277793606, 0.43564073130412395, 0.015343661091859917, 0.6695986296787964, False
1.3448066840173292, 6.126182121176118, -0.46464533149871245, 0.43564073130412395, 0.015343661091859917, 0.6695986296787964, False
3.158249627864935, 2.7089909720795937, 1.2823292687340881, 0.43564073130412395, 0.015343661091859917, 0.6695986296787964, False
-2.161254529975139, -4.212078062652461, -0.4303253898915078, 0.43564073130412395, 0.015343661091859917, 0.6695986296787964, False
0.6043290404698789, 0.21586244510258723, -1.2370386820167611, 0.43564073130412395, 0.015343661091859917, 0.6695986296787964, False
3.321824526317254, -0.006246143443865648, -3.0536003469801494, 0.43564073130412395, 0.015343661091859917, 0.6695986296787964, True
-1.7150372731563328, -4.902848088937686, -2.4939841997182737, 0.43564073130412395, 0.015343661091859917, 0.6695986296787964, False
-1.1388129706350778, -3.00441969529916, 1.0365709333650228, 0.43564073130412395, 0.015343661091859917, 0.6695986296787964, False
4.995486174472692, 1.5281769277461814, -1.3361371150036865, 0.43564073130412395, 0.015343661091859917, 0.6695986296787964, False
4.593870310947761, 5.394728529093527, 0.04604259904422259, 0.43564073130412395, 0.015343661091859917, 0.6695986296787964, False
-0.34615907138680857, 0.07607161317762134, 2.6694901198499634, 0.43564073130412395, 0.015343661091859917, 0.6695986296787964, False
-0.029808736819014747, -3.9842009792407564, 1.2491635236068364, 0.43564073130412395, 0.015343661091859917, 0.6695986296787964, False
5.1072434106871984, -5.635689113561004, 1.5448721583316152, 0.43564073130412395, 0.015343661091859917, 0.6695986296787964, False
-1.1938982675827132, -3.3856731596354877, 2.5999430734148836, 0.43564073130412395, 0.015343661091859917, 0.6695986296787964, False
-5.1995517632041155, 1.9371987280070648, 0.950611333011957, 0.43564073130412395, 0.015343661091859917, 0.6695986296787964, False
-3.4585894305426454, 5.43026667036364, 3.136963881046424, 0.43564073130412395, 0.015343661091859917, 0.6695986296787964, True
6.139762773688727, 3.035415474887481, 1.2552248725089328, 0.43564073130412395, 0.015343661091859917, 0.6695986296787964, False
-0.6053508971801156, -1.7634854453618631, 2.5935311404405192, 0.43564073130412395, 0.015343661091859917, 0.6695986296787964, False
-1.0141481278775073, -4.304385389648064, -2.632074658620861, 0.43564073130412395, 0.015343661091859917, 0.6695986296787964, False
0.4845421074247689, -5.748401354091728, 0.9027712726564596, 0.43564073130412395, 0.015343661091859917, 0.6695986296787964, False
1.5500721408856073, 3.194333557693069, -1.0317275512445758, 0.43564073130412395, 0.015343661091859917, 0.6695986296787964, False
-3.902762709522966, -2.679433134185367, -2.295748540046679, 0.43564073130412395, 0.015343661091859917, 0.6695986296787964, False
-1.554450601415133, -0.957240925009307, 0.4912065062808706, 0.43564073130412395, 0.015343661091859917, 0.6695986296787964, False
5.637639622950166, -0.47364957965394705, 2.5230663005816476, 0.43564073130412395, 0.015343661091859917, 0.6695986296787964, False
-3.923679421494184, -2.6632720968555383, 1.2241204860996167, 0.43564073130412395, 0.015343661091859917, 0.6695986296787964, False
4.043224360423755, -3.208456018133815, 1.9397338181206214, 0.43564073130412395, 0.015343661091859917, 0.6695986296787964, False
3.9848256977404493, -4.236202376763266, 2.987581564098252, 0.43564073130412395, 0.015343661091859917, 0.6695986296787964, True
-5.080446115537781, 4.29106246928569, -3.007187111022121, 0.43564073130412395, 0.015343661091859917, 0.6695986296787964, True
-1.0367074823713525, 2.842014327574848, -1.5860655098857221, 0.43564073130412395, 0.015343661091859917, 0.6695986296787964, False
3.6656575748414983, -4.643294408077479, -2.2416744778428104, 0.43564073130412395, 0.015343661091859917, 0.6695986296787964, False
4.630794831094423, -2.6565207771901544, 0.8819421794593989, 0.43564073130412395, 0.015343661091859917, 0.6695986296787964, False
5.287001917126505, -3.754037511198812, 2.2063446391935297, 0.43564073130412395, 0.015343661091859917, 0.6695986296787964, False
4.962306477681908, 0.6233179025122828, 2.072064987467072, 0.43564073130412395, 0.015343661091859917, 0.6695986296787964, False
0.7621229180596281, -0.3760620678055995, -2.4766139206985476, 0.43564073130412395, 0.015343661091859917, 0.6695986296787964, False
-0.580732495324102, -3.7760944641635783, 3.0379668427855995, 0.43564073130412395, 0.015343661091859917, 0.6695986296787964, True
-4.807511178269361, -3.6312967161087317, 2.3761693162984185, 0.43564073130412395, 0.015343661091859917, 0.6695986296787964, False
4.511187549802651, -6.253980204628685, 0.3982774223527903, 0.43564073130412395, 0.015343661091859917, 0.6695986296787964, False
4.800967388836838, 0.7747632874420392, 1.3630351237663039, 0.43564073130412395, 0.015343661091859917, 0.6695986296787964, False
6.230394433839464, -2.473663024569417, 2.407321003439959, 0.43564073130412395, 0.015343661091859917, 0.6695986296787964, False
2.4785704377867432, 4.479711503219221, 1.3650029503557626, 0.43564073130412395, 0.015343661091859917, 0.6695986296787964, False
0.6933455899345873, -2.426788948805476, -0.07248737979677822, 0.43564073130412395, 0.015343661091859917, 0.6695986296787964, False
5.150558275368031, 2.0080291052228993, -1.9833203978633542, 0.43564073130412395, 0.015343661091859917, 0.6695986296787964, False
-5.497535960841471, 4.822893722780611, 2.1801706207090668, 0.43564073130412395, 0.015343661091859917, 0.6695986296787964, False
-5.630836262061328, 0.038060631351404695, -2.8683025268594298, 0.43564073130412395, 0.015343661091859917, 0.6695986296787964, True
1.8524947614693872, 5.9556429970683755, -2.1113732108978205, 0.43564073130412395, 0.015343661091859917, 0.6695986296787964, False
-3.991262871381539, 3.83417866971112, -2.288533092612037, 0.43564073130412395, 0.015343661091859917, 0.6695986296787964, False
0.28857479117569174, -1.411653672108966, 2.6293928053363382, 0.43564073130412395, 0.015343661091859917, 0.6695986296787964, False
-3.9311894144161807, 2.6269551021550868, -0.8389404799951437, 0.43564073130412395, 0.015343661091859917, 0.6695986296787964, False
-2.9944968799756055, -4.04648800082222, 0.48019640184811907, 0.43564073130412395, 0.015343661091859917, 0.6695986296787964, False
-5.797346585855124, 2.069777762478214, 0.4831047076199573, 0.43564073130412395, 0.015343661091859917, 0.6695986296787964, False
-2.803076399065885, 4.663110969949807, 2.838704471942947, 0.43564073130412395, 0.015343661091859917, 0.6695986296787964, False
-4.6978537872169195, -2.4062897241993246, -3.1377251945563844, 0.43564073130412395, 0.015343661091859917, 0.6695986296787964, True
-3.7071754513540087, -0.9939178650042972, -0.6530462457936306, 0.43564073130412395, 0.015343661091859917, 0.6695986296787964, False
4.739732177983555, 5.494389390272493, 2.787705850386394, 0.43564073130412395, 0.015343661091859917, 0.6695986296787964, False
1.4714704414622393, -4.212289978191024, -0.22287895779160216, 0.43564073130412395, 0.015343661091859917, 0.6695986296787964, False
4.856617897204806, -3.6461615462059918, -0.5159307501518811, 0.43564073130412395, 0.015343661091859917, 0.6695986296787964, False
-0.38777172745990995, -1.2428858081857594, 0.0388656332173789, 0.43564073130412395, 0.015343661091859917, 0.6695986296787964, False
0.8779219443923996, 4.473624229280301, -1.466158432099477, 0.43564073130412395, 0.015343661091859917, 0.6695986296787964, False
1.9511061493354305, 2.099239446187628, -2.5705781732525192, 0.43564073130412395, 0.015343661091859917, 0.6695986296787964, False
-6.068106679018654, -2.613615730543286, -2.2698687739464334, 0.43564073130412395, 0.015343661091859917, 0.6695986296787964, False
-5.339720404869183, 0.294385588254654, 3.028350303516163, 0.43564073130412395, 0.015343661091859917, 0.6695986296787964, True
-1.986562072984679, 6.246716577565664, -2.3543433357542387, 0.43564073130412395, 0.015343661091859917, 0.6695986296787964, False
5.267462697880083, 5.468300102362079, 1.2499056991739605, 0.43564073130412395, 0.015343661091859917, 0.6695986296787964, False
4.61384023437242, 1.7485524693847871, 3.0816242118288804, 0.43564073130412395, 0.015343661091859917, 0.6695986296787964, True
-3.8497092200316296, 3.0787768368211577, 2.6250109952658365, 0.43564073130412395, 0.015343661091859917, 0.6695986296787964, False
-4.147180833755778, 3.3663011818178585, -0.9530462037940501, 0.43564073130412395, 0.015343661091859917, 0.6695986296787964, False
0.9230791247506804, -3.395834222336365, 0.8672427106183775, 0.43564073130412395, 0.015343661091859917, 0.6695986296787964, False
-4.749800527021893, -4.225643561851632, -1.3010844378110118, 0.43564073130412395, 0.015343661091859917, 0.6695986296787964, False
5.651026610246255, 3.6222832174767454, 1.2520324306381925, 0.43564073130412395, 0.015343661091859917, 0.6695986296787964, False
5.955793076001674, -5.003130745140156, 2.5525389226474147, 0.43564073130412395, 0.015343661091859917, 0.6695986296787964, False
-1.0611681557968389, 5.595488740749435, 2.8241813793652977, 0.43564073130412395, 0.015343661091859917, 0.6695986296787964, False
0.6424481517452438, -1.1313181900791767, 1.573983575032309, 0.43564073130412395, 0.015343661091859917, 0.6695986296787964, False
1.9337314307736353, -2.67296465102856, -0.4209178330740153, 0.43564073130412395, 0.015343661091859917, 0.6695986296787964, False
-3.7163749453004598, 3.8360303188789313, 2.668328630902618, 0.43564073130412395, 0.015343661091859917, 0.6695986296787964, False
-3.6957279772672047, 1.5588084582244885, 0.4222095291828687, 0.43564073130412395, 0.015343661091859917, 0.6695986296787964, False
1.5256545059673456, 4.354532302594878, 2.8815614719502074, 0.43564073130412395, 0.015343661091859917, 0.6695986296787964, True
-1.3912706904395273, 0.5537632170257485, -2.2763979873066806, 0.43564073130412395, 0.015343661091859917, 0.6695986296787964, False
-3.3556084542694, -1.9423379382033135, 2.267463315946733, 0.43564073130412395, 0.015343661091859917, 0.6695986296787964, False
-1.9710689616817687, -6.1014048643378, 1.8786279299144546, 0.43564073130412395, 0.015343661091859917, 0.6695986296787964, False
0.5006688419242531, 1.8454261649871242, -2.106931297748986, 0.43564073130412395, 0.015343661091859917, 0.6695986296787964, False
5.790870744960934, -3.934960542613979, -1.5771874682295846, 0.43564073130412395, 0.015343661091859917, 0.6695986296787964, False
-0.868966552765781, -5.384319683748011, 1.1111122331830732, 0.43564073130412395, 0.015343661091859917, 0.6695986296787964, False
-5.9752274517021835, 4.824412032608139, -0.9806318693461988, 0.43564073130412395, 0.015343661091859917, 0.6695986296787964, False
-1.7547683112204755, 0.8983752599626849, -1.8456726616941193, 0.43564073130412395, 0.015343661091859917, 0.6695986296787964, False
2.090922996794438, 0.48645383366578177, 1.571039271547578, 0.43564073130412395, 0.015343661091859917, 0.6695986296787964, False
-1.8881913512558848, -4.882312942671418, 1.653016143157143, 0.43564073130412395, 0.015343661091859917, 0.6695986296787964, False
6.226642726689672, 6.086100353113533, 0.03883853632144385, 0.43564073130412395, 0.015343661091859917, 0.6695986296787964, False
-0.6587429560328335, 6.274074692281129, -2.256679925178859, 0.43564073130412395, 0.015343661091859917, 0.6695986296787964, False
0.6175316328064326, 1.1947009306601322, -1.9219550872795952, 0.43564073130412395, 0.015343661091859917, 0.6695986296787964, False
