-1.9928234665955618, 0.5148821660522893, -1.9682591583150544, -0.44788257520577546, 0.2532854978359569, 0.5607491073440931, True
2.1395177899412285, -5.411954536053136, 0.4152281263047537, -0.44788257520577546, 0.2532854978359569, 0.5607491073440931, True
-5.140665685102051, 2.5591694110716308, 0.9023841193992803, -0.44788257520577546, 0.2532854978359569, 0.5607491073440931, True
3.0979573258447157, 0.015187340949048611, -0.5086662465070257, -0.44788257520577546, 0.2532854978359569, 0.5607491073440931, False
-5.136037009149701, -0.17335503375068484, 3.0679310044962653, -0.44788257520577546, 0.2532854978359569, 0.5607491073440931, True
1.7830240116568223, 1.0566014090050402, -0.29814154450642194, -0.44788257520577546, 0.2532854978359569, 0.5607491073440931, True
0.496344052018447, 2.0987945362418277, 1.4566011504699743, -0.44788257520577546, 0.2532854978359569, 0.5607491073440931, True
-2.116960927506593, -5.843261447829242, 1.7349125227643905, -0.44788257520577546, 0.2532854978359569, 0.5607491073440931, True
5.926033382352683, 3.047426991369404, 1.759378410672527, -0.44788257520577546, 0.2532854978359569, 0.5607491073440931, True
2.617474832385012, -1.9086473035689444, 0.8190984161584458, -0.44788257520577546, 0.2532854978359569, 0.5607491073440931, False
-0.1186910990875365, 3.848871337817725, -0.7798509772714017, -0.44788257520577546, 0.2532854978359569, 0.5607491073440931, False
0.63004047139294, 0.660146225448873, 2.9090666197193915, -0.44788257520577546, 0.2532854978359569, 0.5607491073440931, True
-0.4325160713324365, 4.619650739841953, 2.0866563671950233, -0.44788257520577546, 0.2532854978359569, 0.5607491073440931, False
-4.950418578231256, -6.230003956452017, -3.06828615890087, -0.44788257520577546, 0.2532854978359569, 0.5607491073440931, True
2.2573752825564757, -4.001845283438269, 0.8850933303264839, -0.44788257520577546, 0.2532854978359569, 0.5607491073440931, True
1.06936902625789, 3.606341010519749, -1.8421966369388285, -0.44788257520577546, 0.2532854978359569, 0.5607491073440931, True
3.3836813561409844, 3.2894977796183973, -2.186920527391751, -0.44788257520577546, 0.2532854978359569, 0.5607491073440931, True
-4.362508810623515, 2.8361031343639596, 1.8274277742369174, -0.44788257520577546, 0.2532854978359569, 0.5607491073440931, True
0.5718296512712779, 6.206419348543198, -1.8884229163352442, -0.44788257520577546, 0.2532854978359569, 0.5607491073440931, False
-2.9925949469561663, -2.722682758391588, -0.11716518984863367, -0.44788257520577546, 0.2532854978359569, 0.5607491073440931, False
-0.728996987152966, -2.032364989296388, -1.3534092630181307, -0.44788257520577546, 0.2532854978359569, 0.5607491073440931, True
6.179251301823371, -4.721099266387073, -0.6285632021470926, -0.44788257520577546, 0.2532854978359569, 0.5607491073440931, True
-3.5465523761909714, -1.6883462468975772, -2.3251234118046926, -0.44788257520577546, 0.2532854978359569, 0.5607491073440931, False
3.281905905917279, -3.278836734195205, -1.2137617096331845, -0.44788257520577546, 0.2532854978359569, 0.5607491073440931, True
5.8546385341227545, -3.8255940623976827, -2.8704838729043147, -0.44788257520577546, 0.2532854978359569, 0.5607491073440931, True
-1.27218761138736, -3.844029278814021, 2.8840794842465165, -0.44788257520577546, 0.2532854978359569, 0.5607491073440931, True
-5.7738815131568995, 1.1927259416808242, -0.9990754814455589, -0.44788257520577546, 0.2532854978359569, 0.5607491073440931, True
3.917479797609774, 1.588127339702134, -0.32364722728090545, -0.44788257520577546, 0.2532854978359569, 0.5607491073440931, True
1.3155910762350445, -2.401883270749673, -1.0620476822523255, -0.44788257520577546, 0.2532854978359569, 0.5607491073440931, False
2.0072602154041483, 2.420913838345582, 0.08330702735648243, -0.44788257520577546, 0.2532854978359569, 0.5607491073440931, True
-2.1756653387785265, -1.192037841152544, -2.0577387320220977, -0.44788257520577546, 0.2532854978359569, 0.5607491073440931, False
-4.0000077877785305, 0.09939714492243557, 2.4760685304276633, -0.44788257520577546, 0.2532854978359569, 0.5607491073440931, True
1.8273008812844278, 1.7048243104482141, -0.49970315930109077, -0.44788257520577546, 0.2532854978359569, 0.5607491073440931, True
4.091019099928866, 4.420557781239932, -2.278100631888693, -0.44788257520577546, 0.2532854978359569, 0.5607491073440931, False
-4.715869784584633, 4.037993686229264, 1.7326155931279503, -0.44788257520577546, 0.2532854978359569, 0.5607491073440931, False
4.771778263583064, -3.121612822829607, 3.087924289696134, -0.44788257520577546, 0.2532854978359569, 0.5607491073440931, True
-5.136758087829816, 1.5346656232626428, 2.1392152053991618, -0.44788257520577546, 0.2532854978359569, 0.5607491073440931, True
-3.9443178052734598, 3.5804673237323303, -2.4876310962260955, -0.44788257520577546, 0.2532854978359569, 0.5607491073440931, True
-1.2466029037246242, 0.628055127270791, -1.0826462078864818, -0.44788257520577546, 0.2532854978359569, 0.5607491073440931, True
3.853994423682437, 2.8945618777527535, 2.0198239610463036, -0.44788257520577546, 0.2532854978359569, 0.5607491073440931, True
6.035772701757711, 1.8175357139122656, 1.6834869131176653, -0.44788257520577546, 0.2532854978359569, 0.5607491073440931, True
5.931578011852679, 4.504296415436656, -2.3691783380553257, -0.44788257520577546, 0.2532854978359569, 0.5607491073440931, False
-0.13770273360812801, 2.3465678764818527, 2.314458044395658, -0.44788257520577546, 0.2532854978359569, 0.5607491073440931, True
0.05501429617695397, 5.403575256842485, -1.4816165940616948, -0.44788257520577546, 0.2532854978359569, 0.5607491073440931, False
3.5116562886450744, 4.38242044166463, 2.458723178668051, -0.44788257520577546, 0.2532854978359569, 0.5607491073440931, False
5.017982976176135, 3.928499614720728, -1.684071551625043, -0.44788257520577546, 0.2532854978359569, 0.5607491073440931, False
-0.8731914926842617, -4.099040549790905, -1.3645830582868144, -0.44788257520577546, 0.2532854978359569, 0.5607491073440931, True
4.6246150774555534, 5.676412374998655, -3.110819514781191, -0.44788257520577546, 0.2532854978359569, 0.5607491073440931, True
-0.5771391648655237, 4.5075663586402595, -2.675740124343289, -0.44788257520577546, 0.2532854978359569, 0.5607491073440931, False
4.93142623882178, -1.5701531793932073, -0.9839029815293667, -0.44788257520577546, 0.2532854978359569, 0.5607491073440931, False
6.011281179942426, -4.399068961201107, -3.1100026141802726, -0.44788257520577546, 0.2532854978359569, 0.5607491073440931, True
2.5337259395934133, 0.6710435516262621, -2.732049463208834, -0.44788257520577546, 0.2532854978359569, 0.5607491073440931, True
1.2730937225665082, -0.5526508184416743, 1.4908239854162195, -0.44788257520577546, 0.2532854978359569, 0.5607491073440931, True
-5.990281243544545, 0.46659344964352023, -0.19476372310274392, -0.44788257520577546, 0.2532854978359569, 0.5607491073440931, True
-1.3952819568290256, 0.7601557518081501, 1.5228287160113387, -0.44788257520577546, 0.2532854978359569, 0.5607491073440931, True
5.444884219072149, -2.457579524605561, 0.6480590795488741, -0.44788257520577546, 0.2532854978359569, 0.5607491073440931, False
0.5167573406851469, -1.0601618859992437, -2.0455487804822923, -0.44788257520577546, 0.2532854978359569, 0.5607491073440931, False
4.038535527680208, -3.4790928355269446, 1.156780757323947, -0.44788257520577546, 0.2532854978359569, 0.5607491073440931, True
0.06865586458514183, 3.5014380687802102, 0.31959461279413803, -0.44788257520577546, 0.2532854978359569, 0.5607491073440931, False
-0.5864756799154041, 3.9807156546126645, 2.147583855560325, -0.44788257520577546, 0.2532854978359569, 0.5607491073440931, False
4.722950574454227, 3.8073048045156614, 1.0048672672324717, -0.44788257520577546, 0.2532854978359569, 0.5607491073440931, False
6.108387680624622, -5.523663473602304, 1.9632641396524138, -0.44788257520577546, 0.2532854978359569, 0.5607491073440931, True
0.12563528177550154, 2.3249846494933557, -0.5059450023447933, -0.44788257520577546, 0.2532854978359569, 0.5607491073440931, True
1.3406801615182786, 2.341901955041381, 2.8090359165722205, -0.44788257520577546, 0.2532854978359569, 0.5607491073440931, True
-0.11428791486080492, -2.6293198425701623, -0.1304912377037275, -0.44788257520577546, 0.2532854978359569, 0.5607491073440931, False
4.63006449238361, 5.396345646189989, -1.170593461352185, -0.44788257520577546, 0.2532854978359569, 0.5607491073440931, False
0.6179310408914711, 0.35512581061470616, -1.2219807739889381, -0.44788257520577546, 0.2532854978359569, 0.5607491073440931, True
0.1883066447157029, 5.893115537173573, 0.9044640573859661, -0.44788257520577546, 0.2532854978359569, 0.5607491073440931, False
4.394772742762147, -5.687841887925154, -1.1194813254292484, -0.44788257520577546, 0.2532854978359569, 0.5607491073440931, True
2.633128430894807, 2.4673357930358595, -3.0525353812861464, -0.44788257520577546, 0.2532854978359569, 0.5607491073440931, True
-2.7001818491662846, -4.362845165992421, 1.444351645704721, -0.44788257520577546, 0.2532854978359569, 0.5607491073440931, True
0.741024717434251, -2.9852309964555475, -1.9322365729455881, -0.44788257520577546, 0.2532854978359569, 0.5607491073440931, True
0.8803927199311143, -6.025089337781783, -2.5119394410323213, -0.44788257520577546, 0.2532854978359569, 0.5607491073440931, True
-4.701239707688271, -0.9976649130476831, -0.5288718709339433, -0.44788257520577546, 0.2532854978359569, 0.5607491073440931, False
0.19197759519708235, -0.8145616358839485, 1.339488102837323, -0.44788257520577546, 0.2532854978359569, 0.5607491073440931, False
3.41687137851018, 1.8603062058917654, -0.43836836132958323, -0.44788257520577546, 0.2532854978359569, 0.5607491073440931, True
0.551623146876441, -2.79103827050102, 2.5558219195716028, -0.44788257520577546, 0.2532854978359569, 0.5607491073440931, False
4.675070711549386, 2.3381046652191646, 0.028743006478015865, -0.44788257520577546, 0.2532854978359569, 0.5607491073440931, True
3.3407897943609974, 2.8976059667405956, -1.5882700780239427, -0.44788257520577546, 0.2532854978359569, 0.5607491073440931, True
3.073926292612347, -5.999674870332666, -1.5226294076052105, -0.44788257520577546, 0.2532854978359569, 0.5607491073440931, True
4.60506242712602, 5.043536432064078, -0.036696079034743256, -0.44788257520577546, 0.2532854978359569, 0.5607491073440931, False
-3.7923448711786123, 1.6867441031730586, 0.37515895672691846, -0.44788257520577546, 0.2532854978359569, 0.5607491073440931, True
6.19015764900802, 3.548924611105356, 1.8858306911956113, -0.44788257520577546, 0.2532854978359569, 0.5607491073440931, False
5.327564921773604, -1.5162680832147188, 2.422807094055748, -0.44788257520577546, 0.2532854978359569, 0.5607491073440931, False
-0.003278860805473016, 0.06892816719367101, -0.5025703943031772, -0.44788257520577546, 0.2532854978359569, 0.5607491073440931, False
5.96289032921786, -3.366193724227435, 2.521464466246238, -0.44788257520577546, 0.2532854978359569, 0.5607491073440931, True
-4.8270325971747425, -2.7519628281463966, 2.2880108676526945, -0.44788257520577546, 0.2532854978359569, 0.5607491073440931, False
0.06297929083556042, -5.601573841399475, -2.4593045282143526, -0.44788257520577546, 0.2532854978359569, 0.5607491073440931, True
-3.0085285058572437, -1.9057947006189933, -2.7404390111316643, -0.44788257520577546, 0.2532854978359569, 0.5607491073440931, False
1.9581215878155298, 4.519698831138834, 0.28395729909105194, -0.44788257520577546, 0.2532854978359569, 0.5607491073440931, False
-1.452532981386006, -2.048744761571789, -2.1686452737570345, -0.44788257520577546, 0.2532854978359569, 0.5607491073440931, False
-5.287457869966323, 4.316435019580348, 1.1382673167149182, -0.44788257520577546, 0.2532854978359569, 0.5607491073440931, False
-2.0112852689702203, -0.15304164141500198, 0.5478514837428898, -0.44788257520577546, 0.2532854978359569, 0.5607491073440931, True
0.8575921758930578, -4.5812571192139675, 1.072215987057005, -0.44788257520577546, 0.2532854978359569, 0.5607491073440931, True
6.010204856781792, -0.9885577201953701, 0.277232661222659, -0.44788257520577546, 0.2532854978359569, 0.5607491073440931, False
-3.7444556452029585, -1.5270907383709158, -2.4054158946129918, -0.44788257520577546, 0.2532854978359569, 0.5607491073440931, False
0.031125270980992603, -4.533261601865254, 1.5050645576058477, -0.44788257520577546, 0.2532854978359569, 0.5607491073440931, True
2.4895341726255236, -0.008160783226167645, 0.006580398220626726, -0.44788257520577546, 0.2532854978359569, 0.5607491073440931, False
-5.695156636515992, 4.9809794087072365, 0.12822398717377004, -0.44788257520577546, 0.2532854978359569, 0.5607491073440931, False
2.1413563470439527, -6.242969665050681, -2.480064306241984, -0.44788257520577546, 0.2532854978359569, 0.5607491073440931, False
-2.331796076733834, 4.661054046477158, -0.7855803625083402, -0.44788257520577546, 0.2532854978359569, 0.5607491073440931, False
2.908243288228146, -3.8302586611616434, 0.3761166057770109, -0.44788257520577546, 0.2532854978359569, 0.5607491073440931, True
4.464011936301647, -5.928761761436528, 2.2762631644405538, -0.44788257520577546, 0.2532854978359569, 0.5607491073440931, True
1.6330239428765427, -2.7228429369430778, 2.1208661053788127, -0.44788257520577546, 0.2532854978359569, 0.5607491073440931, False
4.899101437201153, -2.318836255820142, -2.6747334930135738, -0.44788257520577546, 0.2532854978359569, 0.5607491073440931, False
1.6626643098789904, 1.376637185745004, -1.516531196690939, -0.44788257520577546, 0.2532854978359569, 0.5607491073440931, True
-4.154845659249407, 1.616428806691581, -2.0229147236936984, -0.44788257520577546, 0.2532854978359569, 0.5607491073440931, True
5.451737883005437, -0.5372390883340543, 3.0472194272239452, -0.44788257520577546, 0.2532854978359569, 0.5607491073440931, True
4.832786997552505, 1.3373444204983098, 1.9902359649010988, -0.44788257520577546, 0.2532854978359569, 0.5607491073440931, True
5.264862217288263, 1.691353136577888, 1.87723101155545, -0.44788257520577546, 0.2532854978359569, 0.5607491073440931, True
4.812021746877974, -4.846149942790096, 2.3799701057378453, -0.44788257520577546, 0.2532854978359569, 0.5607491073440931, True
-2.112936046626694, 3.4556230513981525, -1.5262946867267584, -0.44788257520577546, 0.2532854978359569, 0.5607491073440931, True
-0.07194930669607658, 6.172538803147363, -3.114158383094922, -0.44788257520577546, 0.2532854978359569, 0.5607491073440931, True
5.942295893122479, -5.146086927869022, -0.9884449788181953, -0.44788257520577546, 0.2532854978359569, 0.5607491073440931, True
3.033760094150022, 4.777443148318163, -1.588729666875184, -0.44788257520577546, 0.2532854978359569, 0.5607491073440931, False
5.539159026452614, 4.838867984568626, 1.8625004031653498, -0.44788257520577546, 0.2532854978359569, 0.5607491073440931, False
6.208040637584089, 5.024617689414018, 2.6454643722782416, -0.44788257520577546, 0.2532854978359569, 0.5607491073440931, False
-1.627106841906019, 2.0733893616613486, 1.5901988345366274, -0.44788257520577546, 0.2532854978359569, 0.5607491073440931, True
-0.3781859963599281, 4.156646213480801, 2.5258816387081904, -0.44788257520577546, 0.2532854978359569, 0.5607491073440931, False
2.2275045386640038, 1.937326735097189, -1.451172104399846, -0.44788257520577546, 0.2532854978359569, 0.5607491073440931, True
-2.2867968300783423, -5.3648153275150845, 2.2872020408210325, -0.44788257520577546, 0.2532854978359569, 0.5607491073440931, True
6.194061743128097, -4.379318529197693, -2.3830891045192444, -0.44788257520577546, 0.2532854978359569, 0.5607491073440931, True
1.4650570942530434, -3.593397458801387, 2.60189761418565, -0.44788257520577546, 0.2532854978359569, 0.5607491073440931, True
-2.1927337888529292, -4.962640815219354, 1.5677991604457544, -0.44788257520577546, 0.2532854978359569, 0.5607491073440931, True
-3.6844933437522274, -0.33857939364910816, 0.27044796634410506, -0.44788257520577546, 0.2532854978359569, 0.5607491073440931, False
0.6904567900905487, -5.086364395596549, 1.3185644588256054, -0.44788257520577546, 0.2532854978359569, 0.5607491073440931, True
-2.915423697707609, 2.918950373102808, 2.210344680225795, -0.44788257520577546, 0.2532854978359569, 0.5607491073440931, True
-4.065390498131266, 1.123425882871481, 1.2057388126512771, -0.44788257520577546, 0.2532854978359569, 0.5607491073440931, True
2.3404263428209013, -0.9128263903448621, 2.66134157048048, -0.44788257520577546, 0.2532854978359569, 0.5607491073440931, False
2.820091391685157, 4.884277245743874, -1.091041981729818, -0.44788257520577546, 0.2532854978359569, 0.5607491073440931, False
1.1110715038076506, -0.7854225978822784, 2.015615010769756, -0.44788257520577546, 0.2532854978359569, 0.5607491073440931, False
0.8799209724601438, -3.9588269389461503, -2.856547667047022, -0.44788257520577546, 0.2532854978359569, 0.5607491073440931, True
5.2445423951851655, 2.5466558195629236, -1.599408731606671, -0.44788257520577546, 0.2532854978359569, 0.5607491073440931, True
-0.3485327101867002, -5.255396593174462, 0.584774860636601, -0.44788257520577546, 0.2532854978359569, 0.5607491073440931, True
3.1508319273139573, 3.101717040870337, 2.6990903093010967, -0.44788257520577546, 0.2532854978359569, 0.5607491073440931, False
2.868267504684784, 3.829116331269116, -1.0826458194597626, -0.44788257520577546, 0.2532854978359569, 0.5607491073440931, False
-0.6538535228957256, 1.6755014039691787, -2.3652215568400177, -0.44788257520577546, 0.2532854978359569, 0.5607491073440931, True
1.49751897159857, -4.651284305965036, -0.1055770416922246, -0.44788257520577546, 0.2532854978359569, 0.5607491073440931, True
-0.6591071647329718, 6.099365561801797, -1.0550861399053817, -0.44788257520577546, 0.2532854978359569, 0.5607491073440931, False
-2.1296607523622457, -3.444751860107403, 2.837393217747323, -0.44788257520577546, 0.2532854978359569, 0.5607491073440931, True
1.8243747218699458, -3.8003192956418173, -1.0134050687718097, -0.44788257520577546, 0.2532854978359569, 0.5607491073440931, True
-5.590469330643476, 2.7915588705710146, -2.4921248454662632, -0.44788257520577546, 0.2532854978359569, 0.5607491073440931, True
0.28152487660732906, 3.7363374421491837, 2.1096464142529525, -0.44788257520577546, 0.2532854978359569, 0.5607491073440931, False
-0.5033491053215124, -0.08664653260373978, 0.4679688781331923, -0.44788257520577546, 0.2532854978359569, 0.5607491073440931, True
4.506723190978814, 4.17434004603599, 1.6556652135365635, -0.44788257520577546, 0.2532854978359569, 0.5607491073440931, False
5.5340509361626875, -3.6269890358879535, -0.526255904818262, -0.44788257520577546, 0.2532854978359569, 0.5607491073440931, True
0.3696866137389012, -4.065240735110139, -1.1487927095140504, -0.44788257520577546, 0.2532854978359569, 0.5607491073440931, True
-2.2976160906245267, -5.738301944277104, 1.019161651572448, -0.44788257520577546, 0.2532854978359569, 0.5607491073440931, True
1.2997585630441053, -6.115389111171085, 0.6301533066842304, -0.44788257520577546, 0.2532854978359569, 0.5607491073440931, True
-1.9108164790157627, 1.198003541169867, -3.1299194196617317, -0.44788257520577546, 0.2532854978359569, 0.5607491073440931, True
-4.530781127434391, 5.4901346843696235, 3.0502147247082574, -0.44788257520577546, 0.2532854978359569, 0.5607491073440931, True
-1.8740797996690466, 3.0790904375143366, 0.9499858989286976, -0.44788257520577546, 0.2532854978359569, 0.5607491073440931, False
-2.0945834407004345, -2.2310457443000056, -1.6689852270949292, -0.44788257520577546, 0.2532854978359569, 0.5607491073440931, False
-5.540554143603706, 5.580225332964131, -1.314440492389341, -0.44788257520577546, 0.2532854978359569, 0.5607491073440931, False
3.194317126944833, -3.760026320442202, 2.859509501688988, -0.44788257520577546, 0.2532854978359569, 0.5607491073440931, True
-4.033831869654124, 1.8867047004113306, 0.6059154988854707, -0.44788257520577546, 0.2532854978359569, 0.5607491073440931, True
-3.649421171771805, 3.33224837132299, -2.953918979937603, -0.44788257520577546, 0.2532854978359569, 0.5607491073440931, True
2.880520436023163, -5.676488349696337, -0.7283873358155799, -0.44788257520577546, 0.2532854978359569, 0.5607491073440931, True
3.443100095141274, 0.9340762162204488, -2.7682664519406344, -0.44788257520577546, 0.2532854978359569, 0.5607491073440931, True
4.380299490554808, -5.21981779088634, 2.3575283774299747, -0.44788257520577546, 0.2532854978359569, 0.5607491073440931, True
4.448174201712167, -0.6361721340747479, 1.4240775211402337, -0.44788257520577546, 0.2532854978359569, 0.5607491073440931, False
6.109573239829626, 1.9932403757461312, -0.5297877147985215, -0.44788257520577546, 0.2532854978359569, 0.5607491073440931, True
5.889110648260182, 2.9393635211002813, -0.35546215526387437, -0.44788257520577546, 0.2532854978359569, 0.5607491073440931, True
-2.6960168237283244, -6.092116688608121, 0.2122371866749897, -0.44788257520577546, 0.2532854978359569, 0.5607491073440931, True
-1.1497762767336495, 2.5413693062761755, 3.1337686041488046, -0.44788257520577546, 0.2532854978359569, 0.5607491073440931, True
0.8048984044606087, 0.34632298775400816, 1.291566437290979, -0.44788257520577546, 0.2532854978359569, 0.5607491073440931, True
-1.0526265371398908, 0.1753317231503484, -0.973353036049085, -0.44788257520577546, 0.2532854978359569, 0.5607491073440931, True
1.3731377795490927, -4.110346846283638, -3.1197799159783983, -0.44788257520577546, 0.2532854978359569, 0.5607491073440931, True
-6.104097098126095, 0.4041854190126184, -0.5955015581876384, -0.44788257520577546, 0.2532854978359569, 0.5607491073440931, True
1.3178159526181412, 4.0829818024975815, -1.6621354612441432, -0.44788257520577546, 0.2532854978359569, 0.5607491073440931, False
4.6877013565829255, 1.5703547458677116, -2.5499461230316354, -0.44788257520577546, 0.2532854978359569, 0.5607491073440931, True
5.033632575062967, 1.6863256332725696, -2.136618897981701, -0.44788257520577546, 0.2532854978359569, 0.5607491073440931, True
-4.175831922841322, 4.548938428481442, 0.7978351663853296, -0.44788257520577546, 0.2532854978359569, 0.5607491073440931, False
1.1608556481927899, 2.240674896726043, -2.344612156248776, -0.44788257520577546, 0.2532854978359569, 0.5607491073440931, True
-4.610498859739998, -4.276682819172366, -2.0979846567901745, -0.44788257520577546, 0.2532854978359569, 0.5607491073440931, True
-0.8720220442814837, -4.865512554063523, 1.4023673248073427, -0.44788257520577546, 0.2532854978359569, 0.5607491073440931, True
5.2594774517737, -2.43888927136535, -2.3007384545901477, -0.44788257520577546, 0.2532854978359569, 0.5607491073440931, True
5.538090880681393, -2.696045003050587, -0.24476219548481026, -0.44788257520577546, 0.2532854978359569, 0.5607491073440931, False
3.9264122548946094, 4.346851479910702, 2.8667387121494077, -0.44788257520577546, 0.2532854978359569, 0.5607491073440931, True
4.444146790889853, 3.9617515575580597, -2.6208577203588925, -0.44788257520577546, 0.2532854978359569, 0.5607491073440931, True
3.401655906070035, 1.9035187445858721, 2.7300458351708663, -0.44788257520577546, 0.2532854978359569, 0.5607491073440931, True
-1.3379175912403136, 1.3650367464595057, -1.4058175434420281, -0.44788257520577546, 0.2532854978359569, 0.5607491073440931, True
-0.6836471665400854, -2.637419306086242, 1.353604463991644, -0.44788257520577546, 0.2532854978359569, 0.5607491073440931, False
3.509226867690261, -4.920332445004302, -2.23294378157629, -0.44788257520577546, 0.2532854978359569, 0.5607491073440931, True
-0.5976873391688775, -3.9160549818221284, -1.6151221052332396, -0.44788257520577546, 0.2532854978359569, 0.5607491073440931, True
4.743618156169841, -0.8022265357127516, -0.3404701883335868, -0.44788257520577546, 0.2532854978359569, 0.5607491073440931, False
-2.5604947619317517, -1.2613361338733622, -2.891212988366633, -0.44788257520577546, 0.2532854978359569, 0.5607491073440931, True
5.398734294700352, -1.4489157594297692, 2.7289266431098795, -0.44788257520577546, 0.2532854978359569, 0.5607491073440931, False
-1.9918849151475655, 5.550784130912184, 0.22638953595202915, -0.44788257520577546, 0.2532854978359569, 0.5607491073440931, False
-0.19738097144091782, 1.1996934256396585, -2.717961439837343, -0.44788257520577546, 0.2532854978359569, 0.5607491073440931, True
1.4100739492799867, 1.5108792445740198, -0.14806170978300814, -0.44788257520577546, 0.2532854978359569, 0.5607491073440931, True
5.653171355524622, -5.734407758679377, 0.08975765023871363, -0.44788257520577546, 0.2532854978359569, 0.5607491073440931, True
5.2131775317539955, 1.7737834635044223, -1.7898027899717424, -0.44788257520577546, 0.2532854978359569, 0.5607491073440931, True
4.0985782639248, -0.28504540858272165, -1.9391636947738187, -0.44788257520577546, 0.2532854978359569, 0.5607491073440931, False
2.5976841566454354, 2.7936230693148705, 0.8948223230824475, -0.44788257520577546, 0.2532854978359569, 0.5607491073440931, True
-3.828841633513827, -1.036629225680894, 1.1384702261912452, -0.44788257520577546, 0.2532854978359569, 0.5607491073440931, True
-0.5651833080054693, -4.0390553081349605, -0.8672023501702721, -0.44788257520577546, 0.2532854978359569, 0.5607491073440931, True
3.1522024521883587, 0.9374464176678599, -0.7737944080215873, -0.44788257520577546, 0.2532854978359569, 0.5607491073440931, True
-0.8208927371958943, -3.85404279666027, -2.6331673207007156, -0.44788257520577546, 0.2532854978359569, 0.5607491073440931, True
-1.4011822775806593, 0.5791265412219877, 0.9294846965783368, -0.44788257520577546, 0.2532854978359569, 0.5607491073440931, True
