-5.298452984892403, 4.739702942811883, -2.363514777884805, 0.014158280947094815, -0.1300689042014459, 0.05566466937290038, True
-5.223563315783723, 0.12318190047497968, 0.018663853766943905, 0.014158280947094815, -0.1300689042014459, 0.05566466937290038, True
-0.27985778438174425, 5.210899897157271, 2.846936485568599, 0.014158280947094815, -0.1300689042014459, 0.05566466937290038, True
-6.127491955151103, 5.442383588457604, -2.9994147702504708, 0.014158280947094815, -0.1300689042014459, 0.05566466937290038, True
-3.3463140001843037, -4.301505819886097, 0.5079485024544441, 0.014158280947094815, -0.1300689042014459, 0.05566466937290038, True
-3.099054388677892, -0.15057384519109362, -2.6302970415259455, 0.014158280947094815, -0.1300689042014459, 0.05566466937290038, True
5.841136142865453, -3.7551859120337125, 1.161322406324107, 0.014158280947094815, -0.1300689042014459, 0.05566466937290038, True
1.0544218677341721, -6.022332075158124, -2.4394471326058618, 0.014158280947094815, -0.1300689042014459, 0.05566466937290038, True
1.9305651813761795, -4.847067405364256, -0.2709938495610116, 0.014158280947094815, -0.1300689042014459, 0.05566466937290038, True
-5.4731115798354715, 2.5277882082487704, 2.157779894480792, 0.014158280947094815, -0.1300689042014459, 0.05566466937290038, True
-4.365919523594229, 3.920228305588889, 0.4873723463019397, 0.014158280947094815, -0.1300689042014459, 0.05566466937290038, True
5.005415250703182, -4.387029828785297, 2.154013928850982, 0.014158280947094815, -0.1300689042014459, 0.05566466937290038, True
4.399405979718914, -6.095378394302202, 0.09088740590946864, 0.014158280947094815, -0.1300689042014459, 0.05566466937290038, True
3.4068964348566215, 3.727616421312474, -2.8132578637626673, 0.014158280947094815, -0.1300689042014459, 0.05566466937290038, True
4.684684001505973, -3.6409172013160696, -0.5950036463378972, 0.014158280947094815, -0.1300689042014459, 0.05566466937290038, True
3.0837950393753246, -1.5764789448720764, 0.14856003248726868, 0.014158280947094815, -0.1300689042014459, 0.05566466937290038, True
-2.671693749136914, 5.455965933283421, 2.125163131661056, 0.014158280947094815, -0.1300689042014459, 0.05566466937290038, True
-1.8024926206047693, -5.832858639949668, 2.217419411329468, 0.014158280947094815, -0.1300689042014459, 0.05566466937290038, True
-2.841381708977962, 1.584716394355036, 0.2929414457257269, 0.014158280947094815, -0.1300689042014459, 0.05566466937290038, True
-2.8130658881967463, 5.118136685879579, 2.043541274629786, 0.014158280947094815, -0.1300689042014459, 0.05566466937290038, True
1.7439360873227354, 5.329305973686125, 0.865491966454262, 0.014158280947094815, -0.1300689042014459, 0.05566466937290038, True
-4.237700173867323, -0.7725474629006737, 0.5217119869391622, 0.014158280947094815, -0.1300689042014459, 0.05566466937290038, True
-3.94660642135596, -1.5641437327821661, 0.3405707300980092, 0.014158280947094815, -0.1300689042014459, 0.05566466937290038, True
-1.788972791698689, 0.7598655182462535, -3.067884904485158, 0.014158280947094815, -0.1300689042014459, 0.05566466937290038, True
-2.033159626168487, 2.1486270497996642, 1.4358195235757982, 0.014158280947094815, -0.1300689042014459, 0.05566466937290038, True
-5.903428481986635, -3.3749085695171153, 1.968072906263397, 0.014158280947094815, -0.1300689042014459, 0.05566466937290038, True
5.132130024392463, -2.2604136396958108, -2.0790937944869468, 0.014158280947094815, -0.1300689042014459, 0.05566466937290038, True
5.198165257979566, -5.436462961200179, 2.8863653959945603, 0.014158280947094815, -0.1300689042014459, 0.05566466937290038, True
-0.42026565953246475, -4.4718547385677905, -0.16813700913129948, 0.014158280947094815, -0.1300689042014459, 0.05566466937290038, True
3.4983383963361376, 0.9836104395347691, -0.5453837706107438, 0.014158280947094815, -0.1300689042014459, 0.05566466937290038, True
5.087265811539192, -3.75619147262525, -1.367372106352328, 0.014158280947094815, -0.1300689042014459, 0.05566466937290038, True
4.722527153561586, -0.38552253878676535, 2.651457274694538, 0.014158280947094815, -0.1300689042014459, 0.05566466937290038, True
-1.2143496604261683, 1.6510827922222973, 2.4851731523064755, 0.014158280947094815, -0.1300689042014459, 0.05566466937290038, True
-1.1778061963797768, 1.722214149347078, -1.953235319409585, 0.014158280947094815, -0.1300689042014459, 0.05566466937290038, True
-6.114668920066274, -1.2310964031079559, -2.8164712198536184, 0.014158280947094815, -0.1300689042014459, 0.05566466937290038, True
6.062563471588684, -0.2490923384576318, -0.6051453825954987, 0.014158280947094815, -0.1300689042014459, 0.05566466937290038, True
1.7643422680031033, -2.4587790517019616, -0.27887784349597045, 0.014158280947094815, -0.1300689042014459, 0.05566466937290038, True
0.10702717382666904, 4.252906348589368, 0.29395531105103867, 0.014158280947094815, -0.1300689042014459, 0.05566466937290038, True
-5.83818343494814, 1.886495074569499, 1.6129360815599725, 0.014158280947094815, -0.1300689042014459, 0.05566466937290038, True
-0.9924230749258109, 0.2198021526023517, 0.5609357230583418, 0.014158280947094815, -0.1300689042014459, 0.05566466937290038, True
5.424541409960462, -5.856722722633966, 0.6519690147041479, 0.014158280947094815, -0.1300689042014459, 0.05566466937290038, True
-4.937044902741637, 0.9358027027991955, -0.15643490706218133, 0.014158280947094815, -0.1300689042014459, 0.05566466937290038, True
0.09276044306658271, -0.16210986706589647, -0.570958653849003, 0.014158280947094815, -0.1300689042014459, 0.05566466937290038, True
-0.944504344385078, -2.332222333458448, 0.5089174374599676, 0.014158280947094815, -0.1300689042014459, 0.05566466937290038, True
-5.574653608358021, 2.894707514556801, 1.6046884986230259, 0.014158280947094815, -0.1300689042014459, 0.05566466937290038, True
-0.5576763234257696, 3.1241858416725155, -0.4802403782306506, 0.014158280947094815, -0.1300689042014459, 0.05566466937290038, True
-1.0423643275789418, -2.0380901539004403, -1.3531672467700069, 0.014158280947094815, -0.1300689042014459, 0.05566466937290038, True
2.719179839548092, 5.854194905550733, -1.3493158421070606, 0.014158280947094815, -0.1300689042014459, 0.05566466937290038, True
-3.8534368309143265, 2.50952920041202, -2.3463662723717373, 0.014158280947094815, -0.1300689042014459, 0.05566466937290038, True
-1.2387514761303828, -5.645030556063623, 1.5460107637445466, 0.014158280947094815, -0.1300689042014459, 0.05566466937290038, True
0.8411963136407454, -0.05542097635574006, 1.9659430238150524, 0.014158280947094815, -0.1300689042014459, 0.05566466937290038, True
3.249417241121428, -3.4343689324216995, -1.4773708527931708, 0.014158280947094815, -0.1300689042014459, 0.05566466937290038, True
5.201798758509295, 4.348632451049898, -2.0544129705600342, 0.014158280947094815, -0.1300689042014459, 0.05566466937290038, True
-1.0400770635034169, 0.8778164735014746, -1.1489800538530848, 0.014158280947094815, -0.1300689042014459, 0.05566466937290038, True
-0.872390751688334, 0.2041426745778976, 1.4785551764844689, 0.014158280947094815, -0.1300689042014459, 0.05566466937290038, True
-2.0366414620119606, -4.136565440989342, -1.790683677885745, 0.014158280947094815, -0.1300689042014459, 0.05566466937290038, True
0.5081710675589415, 3.459526844915395, -1.9156356497200275, 0.014158280947094815, -0.1300689042014459, 0.05566466937290038, True
2.745170076754425, -1.5232042831714008, -1.42943995712945, 0.014158280947094815, -0.1300689042014459, 0.05566466937290038, True
3.2566885992837626, 4.820230333824858, 1.2345252636013537, 0.014158280947094815, -0.1300689042014459, 0.05566466937290038, True
-4.668488641511656, -5.137207573383871, 2.5314499955484795, 0.014158280947094815, -0.1300689042014459, 0.05566466937290038, True
-4.88843356555553, -3.6967194334445503, 2.6373675411082447, 0.014158280947094815, -0.1300689042014459, 0.05566466937290038, True
-4.502670252288045, -1.8054244100495662, 0.8102302292591994, 0.014158280947094815, -0.1300689042014459, 0.05566466937290038, True
-1.113581804573057, 0.5389728881330456, -3.1275539772623797, 0.014158280947094815, -0.1300689042014459, 0.05566466937290038, True
-6.007812997961933, -5.8701199938776725, 0.6470691860290394, 0.014158280947094815, -0.1300689042014459, 0.05566466937290038, True
-3.4699755908849945, -4.657168396515932, -1.7170775873935742, 0.014158280947094815, -0.1300689042014459, 0.05566466937290038, True
3.811507017699837, 5.727723099790969, 2.375324435521197, 0.014158280947094815, -0.1300689042014459, 0.05566466937290038, True
-4.992196279954287, 2.781609799324942, 0.2973725212907672, 0.014158280947094815, -0.1300689042014459, 0.05566466937290038, True
-2.5076139997263405, -5.889143349160133, 2.2249784722678605, 0.014158280947094815, -0.1300689042014459, 0.05566466937290038, True
-4.107284939211313, -3.160363085613048, 2.7862711728257255, 0.014158280947094815, -0.1300689042014459, 0.05566466937290038, True
-2.817118374239829, 5.069504164557671, -2.978762979894688, 0.014158280947094815, -0.1300689042014459, 0.05566466937290038, True
-5.137689410540369, 5.6173595159361245, 0.07799048503043471, 0.014158280947094815, -0.1300689042014459, 0.05566466937290038, True
2.6110667275061274, -5.830579457056994, 2.85940312211686, 0.014158280947094815, -0.1300689042014459, 0.05566466937290038, True
-5.06723834715103, 5.536023602871957, 1.237170653385541, 0.014158280947094815, -0.1300689042014459, 0.05566466937290038, True
-5.372396707539439, -2.4235257957021688, -0.6966030502706344, 0.014158280947094815, -0.1300689042014459, 0.05566466937290038, True
4.96218574801196, -3.428012944231008, -1.8946497840239505, 0.014158280947094815, -0.1300689042014459, 0.05566466937290038, True
-0.2795402983097768, 1.219464563330094, 0.8558208129175702, 0.014158280947094815, -0.1300689042014459, 0.05566466937290038, True
-4.113387051081515, 4.109294795433396, -0.21451540431549354, 0.014158280947094815, -0.1300689042014459, 0.05566466937290038, True
-2.86822706663059, -0.6292742754002383, 2.888402349019948, 0.014158280947094815, -0.1300689042014459, 0.05566466937290038, True
-3.088877019629049, 2.110037549806014, 1.3392133035243683, 0.014158280947094815, -0.1300689042014459, 0.05566466937290038, True
-2.2713501246836296, -4.078420234993038, -1.8792389287482705, 0.014158280947094815, -0.1300689042014459, 0.05566466937290038, True
0.45905202636274467, -4.981717975996874, 2.5445297346708324, 0.014158280947094815, -0.1300689042014459, 0.05566466937290038, True
2.020286381339206, 6.266677380714659, -2.1375154364717552, 0.014158280947094815, -0.1300689042014459, 0.05566466937290038, True
-3.7831878965626258, 0.08128421087789928, -0.9586516383017005, 0.014158280947094815, -0.1300689042014459, 0.05566466937290038, True
3.854728271934137, -0.09608418196102875, -2.706904427027121, 0.014158280947094815, -0.1300689042014459, 0.05566466937290038, True
4.626159967854507, 4.6618890827419595, -1.3943812030842093, 0.014158280947094815, -0.1300689042014459, 0.05566466937290038, True
4.347932843787344, -2.7157169118395452, -0.016323770671889726, 0.014158280947094815, -0.1300689042014459, 0.05566466937290038, True
-5.877376141786546, -4.000901270396433, -3.1409069027320555, 0.014158280947094815, -0.1300689042014459, 0.05566466937290038, True
-4.724444253973397, -1.5202796763973065, 1.4142123625143341, 0.014158280947094815, -0.1300689042014459, 0.05566466937290038, True
4.162931443558376, -0.5724120583690144, -0.614669441272476, 0.014158280947094815, -0.1300689042014459, 0.05566466937290038, True
-5.042148063749062, 1.396127573779058, -0.12722127032150876, 0.014158280947094815, -0.1300689042014459, 0.05566466937290038, True
3.9720307046856007, -2.6845877870032737, 1.8941829208473155, 0.014158280947094815, -0.1300689042014459, 0.05566466937290038, True
-3.1776271447883664, -2.4743585862389805, 2.682354301209016, 0.014158280947094815, -0.1300689042014459, 0.05566466937290038, True
-3.0395810699934183, -3.3716575353205775, 0.21161812264399593, 0.014158280947094815, -0.1300689042014459, 0.05566466937290038, True
0.9063195427043222, 2.5491871480344024, 1.7698447514561293, 0.014158280947094815, -0.1300689042014459, 0.05566466937290038, True
-3.5303220859997024, 1.4869757730289717, 0.42236265544105933, 0.014158280947094815, -0.1300689042014459, 0.05566466937290038, True
-2.901070263160055, 0.06379810285634235, -1.7620637732359221, 0.014158280947094815, -0.1300689042014459, 0.05566466937290038, True
3.1869056100404993, -5.880332937842018, 1.9924112626844899, 0.014158280947094815, -0.1300689042014459, 0.05566466937290038, True
0.27239131860260546, 2.5224508885180956, -2.8742682686215844, 0.014158280947094815, -0.1300689042014459, 0.05566466937290038, True
-1.9891272227361165, -4.663986730773412, -2.4108960449393733, 0.014158280947094815, -0.1300689042014459, 0.05566466937290038, True
-2.047745282235999, 1.3999151326084558, -2.3169312275399303, 0.014158280947094815, -0.1300689042014459, 0.05566466937290038, True
1.9365001814992198, 3.577252628328125, -1.4321029805562207, 0.014158280947094815, -0.1300689042014459, 0.05566466937290038, True
-5.614275283889906, -4.837926181382424, 0.09445786487271723, 0.014158280947094815, -0.1300689042014459, 0.05566466937290038, True
-0.18901239662694191, -6.02775188125524, -1.7099962040966186, 0.014158280947094815, -0.1300689042014459, 0.05566466937290038, True
-4.881683362244922, 0.5285626967700559, 0.8601347558433909, 0.014158280947094815, -0.1300689042014459, 0.05566466937290038, True
6.206951821910829, -1.82037457309002, -2.510182382590034, 0.014158280947094815, -0.1300689042014459, 0.05566466937290038, True
-3.689965682756144, -4.377168398037174, 0.4468972035560408, 0.014158280947094815, -0.1300689042014459, 0.05566466937290038, True
-4.260663026801163, -0.5251054050848643, -0.28796478285567106, 0.014158280947094815, -0.1300689042014459, 0.05566466937290038, True
-4.474400031912719, 4.12769677710099, 2.7469261946596344, 0.014158280947094815, -0.1300689042014459, 0.05566466937290038, True
-3.759372536746415, 2.984374573457224, -0.2485444610949945, 0.014158280947094815, -0.1300689042014459, 0.05566466937290038, True
3.4975340686346446, 4.000206751146278, 3.101847810206145, 0.014158280947094815, -0.1300689042014459, 0.05566466937290038, True
3.94510498815176, -4.911801241832754, -0.019138041311264065, 0.014158280947094815, -0.1300689042014459, 0.05566466937290038, True
0.03517944124977479, 5.326062219439342, 2.959187267793009, 0.014158280947094815, -0.1300689042014459, 0.05566466937290038, True
2.7201711112092273, 0.5222374177219828, 0.027327931033410024, 0.014158280947094815, -0.1300689042014459, 0.05566466937290038, True
2.5434196134342475, -2.90975239604187, 0.5451621305850134, 0.014158280947094815, -0.1300689042014459, 0.05566466937290038, True
-3.110374197531845, -4.264244047073685, 2.4246574669461447, 0.014158280947094815, -0.1300689042014459, 0.05566466937290038, True
-1.759071765690173, -4.98369932780955, -0.9922027049694861, 0.014158280947094815, -0.1300689042014459, 0.05566466937290038, True
-5.728078452777044, 3.693898385016018, 1.2643307655998077, 0.014158280947094815, -0.1300689042014459, 0.05566466937290038, True
4.767825715648332, -1.6230090649545614, 3.0960355156744006, 0.014158280947094815, -0.1300689042014459, 0.05566466937290038, True
-5.015711311188144, -4.836096633668667, 1.0788073227641997, 0.014158280947094815, -0.1300689042014459, 0.05566466937290038, True
-5.596451951664737, 3.319386269462983, 2.8305656877777414, 0.014158280947094815, -0.1300689042014459, 0.05566466937290038, True
-2.0701298471953073, -5.58501293799356, 0.7654634464156125, 0.014158280947094815, -0.1300689042014459, 0.05566466937290038, True
6.209170830903599, -4.008639274197418, -0.7090959506095813, 0.014158280947094815, -0.1300689042014459, 0.05566466937290038, True
6.235738406032558, -2.669893847884274, -2.101991950372433, 0.014158280947094815, -0.1300689042014459, 0.05566466937290038, True
2.7141423373292, -3.371226378476432, -1.0096837545390254, 0.014158280947094815, -0.1300689042014459, 0.05566466937290038, True
-6.162786535973719, -1.364990283095243, 0.17950800842936543, 0.014158280947094815, -0.1300689042014459, 0.05566466937290038, True
2.938957964011678, -2.3416337376456804, 3.0755838996385148, 0.014158280947094815, -0.1300689042014459, 0.05566466937290038, True
-1.4102689952145022, -0.13903318526694264, 0.5268102016710898, 0.014158280947094815, -0.1300689042014459, 0.05566466937290038, True
2.845557427500639, 3.559440454224646, 0.26557779753908006, 0.014158280947094815, -0.1300689042014459, 0.05566466937290038, True
-2.404236754367335, 0.4413050634915372, -0.35758118936741967, 0.014158280947094815, -0.1300689042014459, 0.05566466937290038, True
-0.5856867752312143, -5.541583135819396, -0.08677725466240815, 0.014158280947094815, -0.1300689042014459, 0.05566466937290038, True
-1.4590798082140655, 2.7479188476554413, 2.9697280125547527, 0.014158280947094815, -0.1300689042014459, 0.05566466937290038, True
2.636166653022178, 0.345866714646224, -1.0986698331592764, 0.014158280947094815, -0.1300689042014459, 0.05566466937290038, True
1.6687860503165224, 0.6872619228113681, 2.306861522536604, 0.014158280947094815, -0.1300689042014459, 0.05566466937290038, True
-4.0314411747868775, -5.52960138174522, 0.436829189650739, 0.014158280947094815, -0.1300689042014459, 0.05566466937290038, True
-1.381374482382446, 0.7383310227355482, 1.5610668911509196, 0.014158280947094815, -0.1300689042014459, 0.05566466937290038, True
6.122315158769679, -4.782281574998113, -0.8023365811433734, 0.014158280947094815, -0.1300689042014459, 0.05566466937290038, True
-3.460562610703564, 3.998915411029884, 0.7108943761944331, 0.014158280947094815, -0.1300689042014459, 0.05566466937290038, True
1.4692452035284447, -0.25919700628027, 0.2028472593850159, 0.014158280947094815, -0.1300689042014459, 0.05566466937290038, True
1.243198602324889, 2.1881991875423488, 2.9933068624213597, 0.014158280947094815, -0.1300689042014459, 0.05566466937290038, True
-2.478172485657547, -1.749552606386362, 0.03483961253677803, 0.014158280947094815, -0.1300689042014459, 0.05566466937290038, True
-0.49497334210939226, -6.17332809083101, -2.6613456309907835, 0.014158280947094815, -0.1300689042014459, 0.05566466937290038, True
-0.06823276113255794, 4.737500794350746, -0.1405782815005825, 0.014158280947094815, -0.1300689042014459, 0.05566466937290038, True
4.766763838543925, 2.8831823905007194, -0.6392026131455646, 0.014158280947094815, -0.1300689042014459, 0.05566466937290038, True
-4.067901602701507, -2.1060912450681872, -0.43761536406959944, 0.014158280947094815, -0.1300689042014459, 0.05566466937290038, True
-1.9206983511772506, 5.04832144308094, -1.5853873527169797, 0.014158280947094815, -0.1300689042014459, 0.05566466937290038, True
-2.0527581747258, -3.4600661422905996, -0.5547725164601878, 0.014158280947094815, -0.1300689042014459, 0.05566466937290038, True
-1.6136433273571251, 0.9482583122611024, 1.7652735706382439, 0.014158280947094815, -0.1300689042014459, 0.05566466937290038, True
-2.451202986945257, 1.5482249415752527, 1.917744555602904, 0.014158280947094815, -0.1300689042014459, 0.05566466937290038, True
-4.121783810505678, -5.533212657347724, 1.3855267039522117, 0.014158280947094815, -0.1300689042014459, 0.05566466937290038, True
3.913188690785727, 2.686028825142037, 2.541877390950165, 0.014158280947094815, -0.1300689042014459, 0.05566466937290038, True
3.516636251812324, 4.023541755511539, -2.830135967942977, 0.014158280947094815, -0.1300689042014459, 0.05566466937290038, True
-5.661308630607461, 4.68201537900948, 2.03400133687531, 0.014158280947094815, -0.1300689042014459, 0.05566466937290038, True
-2.186898917698982, 0.799260936617415, 2.3733687458825425, 0.014158280947094815, -0.1300689042014459, 0.05566466937290038, True
4.145126524982137, -6.1644805507930025, -1.707344676443142, 0.014158280947094815, -0.1300689042014459, 0.05566466937290038, True
-5.969224262660008, -3.923122756979784, 1.3179680783695815, 0.014158280947094815, -0.1300689042014459, 0.05566466937290038, True
0.3277231251403805, -3.4693153858755537, 2.514455249365782, 0.014158280947094815, -0.1300689042014459, 0.05566466937290038, True
4.683435139973152, -6.178133910039958, -0.019923069450109576, 0.014158280947094815, -0.1300689042014459, 0.05566466937290038, True
-2.211591716280374, 0.6660429274298991, 2.317461456999742, 0.014158280947094815, -0.1300689042014459, 0.05566466937290038, True
-1.568034195232742, 1.037492259158359, -0.8337108143843062, 0.014158280947094815, -0.1300689042014459, 0.05566466937290038, True
-1.388594496719854, 6.281852403390003, 2.8867848158789995, 0.014158280947094815, -0.1300689042014459, 0.05566466937290038, True
3.024464148975044, 2.5798374143861036, -2.652128355570533, 0.014158280947094815, -0.1300689042014459, 0.05566466937290038, True
-2.3023057504986304, 3.583990926232051, 0.7442888691229439, 0.014158280947094815, -0.1300689042014459, 0.05566466937290038, True
5.185104801079184, -1.1645578612411054, 2.798123492356086, 0.014158280947094815, -0.1300689042014459, 0.05566466937290038, True
0.6690864050689633, 2.1843581647963415, 1.7317268837237867, 0.014158280947094815, -0.1300689042014459, 0.05566466937290038, True
-6.1634178844900696, 3.56971528632584, -1.4133042517605934, 0.014158280947094815, -0.1300689042014459, 0.05566466937290038, True
-4.488330861411669, 3.087363229464442, 0.33794137985357064, 0.014158280947094815, -0.1300689042014459, 0.05566466937290038, True
5.932426250802415, -4.124012001628867, 1.1608532761657075, 0.014158280947094815, -0.1300689042014459, 0.05566466937290038, True
-3.297994349662043, -4.608311564197026, 1.1608731494966706, 0.014158280947094815, -0.1300689042014459, 0.05566466937290038, True
5.126381923520945, 2.1596600721976618, -2.7420253181762653, 0.014158280947094815, -0.1300689042014459, 0.05566466937290038, True
2.516588572388425, -5.273802732275581, 0.9402958118472231, 0.014158280947094815, -0.1300689042014459, 0.05566466937290038, True
2.0805902748961795, 5.60393700501084, -2.030261346540599, 0.014158280947094815, -0.1300689042014459, 0.05566466937290038, True
-2.093984697169798, 1.5132619551159259, -1.027620947522268, 0.014158280947094815, -0.1300689042014459, 0.05566466937290038, True
-6.162017123846407, -1.844889237789979, -2.2695956904640497, 0.014158280947094815, -0.1300689042014459, 0.05566466937290038, True
-6.080284271816947, -5.883390142057355, 0.7632649951441555, 0.014158280947094815, -0.1300689042014459, 0.05566466937290038, True
3.591299717640643, 5.126899854855941, 1.5823621904207341, 0.014158280947094815, -0.1300689042014459, 0.05566466937290038, True
-5.994836962139581, -3.217920386027901, 3.1411142425469514, 0.014158280947094815, -0.1300689042014459, 0.05566466937290038, True
5.563680535174624, -0.5730167412307683, -1.3686654812641899, 0.014158280947094815, -0.1300689042014459, 0.05566466937290038, True
2.370420890563013, 6.154422787191304, -1.597722771472646, 0.014158280947094815, -0.1300689042014459, 0.05566466937290038, True
2.2667751947419443, 4.356839611046992, -0.27371561566565106, 0.014158280947094815, -0.1300689042014459, 0.05566466937290038, True
0.21132967112570888, -3.789201865703149, -0.6902826293215649, 0.014158280947094815, -0.1300689042014459, 0.05566466937290038, True
5.653393429608977, 4.199448220238406, 1.2895821568261008, 0.014158280947094815, -0.1300689042014459, 0.05566466937290038, True
-4.84137054819036, -0.19157379114769402, 3.006478467729954, 0.014158280947094815, -0.1300689042014459, 0.05566466937290038, True
4.904156391717395, 3.5373556073539145, -0.8795645604410498, 0.014158280947094815, -0.1300689042014459, 0.05566466937290038, True
-5.900472267353293, 6.240152309721543, -2.9125219106290072, 0.014158280947094815, -0.1300689042014459, 0.05566466937290038, True
4.253258983375067, -0.7771545076416242, 0.374751841210359, 0.014158280947094815, -0.1300689042014459, 0.05566466937290038, True
2.6247129393493562, -0.20340900774741577, 2.365328452054018, 0.014158280947094815, -0.1300689042014459, 0.05566466937290038, True
-1.740699504669367, 4.512494617884791, -2.140816775289158, 0.014158280947094815, -0.1300689042014459, 0.05566466937290038, True
2.1255311423413037, -6.06766000539664, 1.416037199404303, 0.014158280947094815, -0.1300689042014459, 0.05566466937290038, True
5.9598644354510935, 5.874598359458082, 2.019092891261611, 0.014158280947094815, -0.1300689042014459, 0.05566466937290038, True
-1.5530533553666652, -3.5658960461851184, -2.3267718464201033, 0.014158280947094815, -0.1300689042014459, 0.05566466937290038, True
1.0597069838124389, -5.912373487634709, -2.3181799600067636, 0.014158280947094815, -0.1300689042014459, 0.05566466937290038, True
-4.504652961791828, -0.025571463947848372, -0.5329593951933655, 0.014158280947094815, -0.1300689042014459, 0.05566466937290038, True
-4.679265732224877, -1.481089025610932, 1.39157892275479, 0.014158280947094815, -0.1300689042014459, 0.05566466937290038, True
-3.586425168807366, 1.846182012846807, -2.6378335849336847, 0.014158280947094815, -0.1300689042014459, 0.05566466937290038, True
-5.774650156105352, -0.2824112014662141, -2.4937221892746573, 0.014158280947094815, -0.1300689042014459, 0.05566466937290038, True
3.933803718164979, -5.7063654099907115, -2.3318334816497797, 0.014158280947094815, -0.1300689042014459, 0.05566466937290038, True
2.6342783580272577, 0.9083236594121189, 2.0403534845412103, 0.014158280947094815, -0.1300689042014459, 0.05566466937290038, True
-0.46407302379424387, -2.0902908155277204, -2.804186242229002, 0.014158280947094815, -0.1300689042014459, 0.05566466937290038, True
-0.39602044401045955, -2.976128672035039, 1.70748948499676, 0.014158280947094815, -0.1300689042014459, 0.05566466937290038, True
0.8634998867927433, 1.5863929306882323, 1.6628979217764348, 0.014158280947094815, -0.1300689042014459, 0.05566466937290038, True
