1.7528200813723753, 2.5118044599120495, 0.6537482932243814, -0.37405242170307107, -0.3106069409112918, 0.512112950114918, True
0.759879631937955, 1.8365811245345185, 1.0133332674999789, -0.37405242170307107, -0.3106069409112918, 0.512112950114918, True
-5.628394841453104, -4.521787340331047, 1.0756127223351424, -0.37405242170307107, -0.3106069409112918, 0.512112950114918, True
-1.6249018375469477, -1.3478281629068443, -0.2559253794580174, -0.37405242170307107, -0.3106069409112918, 0.512112950114918, False
-0.3369590244426215, -2.8510175666936095, -2.3300359670021864, -0.37405242170307107, -0.3106069409112918, 0.512112950114918, True
1.0713287441416837, 0.5348675793453808, -0.2036890112268388, -0.37405242170307107, -0.3106069409112918, 0.512112950114918, True
-3.0059748772573607, 2.406873753372656, 2.1725234608193436, -0.37405242170307107, -0.3106069409112918, 0.512112950114918, True
3.4181212899494717, 4.109892604173689, 0.8455289917084614, -0.37405242170307107, -0.3106069409112918, 0.512112950114918, False
-4.825725773771508, 5.1799423417467825, -2.1238241234662496, -0.37405242170307107, -0.3106069409112918, 0.512112950114918, False
-2.653016950585595, -3.428708351484838, -1.2886348304722208, -0.37405242170307107, -0.3106069409112918, 0.512112950114918, True
0.7440523816968518, 0.7858315042314477, 1.3410177886794568, -0.37405242170307107, -0.3106069409112918, 0.512112950114918, True
3.713399493696313, 6.061572414758782, -2.9502016349769518, -0.37405242170307107, -0.3106069409112918, 0.512112950114918, True
-5.431170916744939, -1.3505881165139586, 2.492409797791865, -0.37405242170307107, -0.3106069409112918, 0.512112950114918, False
1.0511404071338415, 5.818266604789468, -1.6900122287693402, -0.37405242170307107, -0.3106069409112918, 0.512112950114918, False
2.8354269167513113, -0.13165979953720797, -0.8117468822703411, -0.37405242170307107, -0.3106069409112918, 0.512112950114918, False
3.9053820215176156, 2.517413511750876, -1.146956844604709, -0.37405242170307107, -0.3106069409112918, 0.512112950114918, True
5.855747096354532, -1.7254502525262723, 0.36600674676450273, -0.37405242170307107, -0.3106069409112918, 0.512112950114918, False
-4.45123328531458, 3.256929549475336, 0.9202572512459177, -0.37405242170307107, -0.3106069409112918, 0.512112950114918, False
3.702042558060656, 5.3898540314901116, 2.0949967818444755, -0.37405242170307107, -0.3106069409112918, 0.512112950114918, False
5.262114212048644, -3.017482831529537, -0.5259206709624342, -0.37405242170307107, -0.3106069409112918, 0.512112950114918, True
5.097524328439793, 0.2489016195502023, -0.26674007424904556, -0.37405242170307107, -0.3106069409112918, 0.512112950114918, True
4.5238406615304445, -0.037817257277400707, 1.9447578975298594, -0.37405242170307107, -0.3106069409112918, 0.512112950114918, True
-2.037829931573884, 3.947390104589381, -2.4038483886568582, -0.37405242170307107, -0.3106069409112918, 0.512112950114918, True
-4.483096283257286, 2.5438474845368777, 0.6041191706690627, -0.37405242170307107, -0.3106069409112918, 0.512112950114918, True
4.3779137316636945, 0.32985997775454834, -0.8332781161067682, -0.37405242170307107, -0.3106069409112918, 0.512112950114918, True
5.695010717773018, 3.674199835935518, 1.0007766319873577, -0.37405242170307107, -0.3106069409112918, 0.512112950114918, False
-2.7577655222156183, -3.8082739542208626, 2.659402721719335, -0.37405242170307107, -0.3106069409112918, 0.512112950114918, True
2.7456312856449596, 3.808249392454588, 3.045584917045816, -0.37405242170307107, -0.3106069409112918, 0.512112950114918, True
3.9582209782263913, 2.9124598627353393, 0.2911404316718351, -0.37405242170307107, -0.3106069409112918, 0.512112950114918, True
3.496844255048007, -5.157089115116526, -2.8682523289562396, -0.37405242170307107, -0.3106069409112918, 0.512112950114918, True
-4.146524118415938, -3.509589100159306, 2.0588872564439926, -0.37405242170307107, -0.3106069409112918, 0.512112950114918, True
0.15019218142530644, 2.2640220357719762, -1.4219542507036877, -0.37405242170307107, -0.3106069409112918, 0.512112950114918, True
6.051948447200719, -5.755319211677999, -0.8126568675275498, -0.37405242170307107, -0.3106069409112918, 0.512112950114918, True
-1.9356481620624413, 3.8546037571772853, 0.7623340175569675, -0.37405242170307107, -0.3106069409112918, 0.512112950114918, False
-5.015816040587373, 4.657741826109847, 1.9391885442007268, -0.37405242170307107, -0.3106069409112918, 0.512112950114918, False
0.48402413115471976, -4.710677361117613, -0.5152865334932546, -0.37405242170307107, -0.3106069409112918, 0.512112950114918, True
3.2800852914772864, -0.7501558182612538, 0.46226053297176817, -0.37405242170307107, -0.3106069409112918, 0.512112950114918, True
-2.600476236015791, -3.615298370733601, 2.5089383188638035, -0.37405242170307107, -0.3106069409112918, 0.512112950114918, True
1.4247315178011766, -3.671361471092819, -0.1880908555893006, -0.37405242170307107, -0.3106069409112918, 0.512112950114918, True
-1.768810164691887, -0.9738604509864528, 2.8885285237171425, -0.37405242170307107, -0.3106069409112918, 0.512112950114918, False
-0.9462336398687441, 3.6749251866202357, 1.6924593581361274, -0.37405242170307107, -0.3106069409112918, 0.512112950114918, False
1.1601454150166077, 4.095707110355418, 0.6334083424156627, -0.37405242170307107, -0.3106069409112918, 0.512112950114918, True
-4.2011848632348805, 6.089888824437919, 2.501431060548745, -0.37405242170307107, -0.3106069409112918, 0.512112950114918, True
0.6740455506925027, 5.343032650626233, 2.1949126697072128, -0.37405242170307107, -0.3106069409112918, 0.512112950114918, False
-5.920829458673866, 5.351922413408484, -2.595549075242087, -0.37405242170307107, -0.3106069409112918, 0.512112950114918, False
1.980283803177059, -5.487015151608788, 0.5124179585091082, -0.37405242170307107, -0.3106069409112918, 0.512112950114918, True
-6.058221260007189, -3.5273244859248734, -1.4941881354203566, -0.37405242170307107, -0.3106069409112918, 0.512112950114918, True
2.440074938451666, 4.642725083353154, 0.8115999661851361, -0.37405242170307107, -0.3106069409112918, 0.512112950114918, False
-6.255614390292631, 4.825219630251116, 2.7679380435035776, -0.37405242170307107, -0.3106069409112918, 0.512112950114918, False
-2.1941337678114916, -0.6661156482565218, 1.3623117315603004, -0.37405242170307107, -0.3106069409112918, 0.512112950114918, False
-4.93245231682985, 0.23162697605168248, -2.120478499622301, -0.37405242170307107, -0.3106069409112918, 0.512112950114918, True
4.004373326226149, -0.8774753980896257, -1.1273362290704898, -0.37405242170307107, -0.3106069409112918, 0.512112950114918, False
2.1090748190832773, -0.4978575938362937, 0.7600370935478589, -0.37405242170307107, -0.3106069409112918, 0.512112950114918, False
-5.64693488175717, -1.0040948930212696, 2.1067546280757288, -0.37405242170307107, -0.3106069409112918, 0.512112950114918, False
-5.295025524123617, 0.6119829807461681, 0.8294583579477481, -0.37405242170307107, -0.3106069409112918, 0.512112950114918, True
4.199444985911409, -5.922094864924998, -2.019113315557167, -0.37405242170307107, -0.3106069409112918, 0.512112950114918, True
-0.06893008722735061, 2.007571225136262, 2.046634082225114, -0.37405242170307107, -0.3106069409112918, 0.512112950114918, True
-0.17898868684059366, 6.098837818605885, 0.9810279351122908, -0.37405242170307107, -0.3106069409112918, 0.512112950114918, True
-2.6115282220114464, -1.801816612357661, -2.2258925089011163, -0.37405242170307107, -0.3106069409112918, 0.512112950114918, False
-3.0480564252165547, 1.5147809802872905, -1.8103750598728265, -0.37405242170307107, -0.3106069409112918, 0.512112950114918, True
4.844322022933104, -5.860222521258527, -0.986060745934255, -0.37405242170307107, -0.3106069409112918, 0.512112950114918, True
-5.815724212679662, -0.5417625496186451, -1.7530231312680378, -0.37405242170307107, -0.3106069409112918, 0.512112950114918, False
-3.1729130718738725, -1.8782329849810093, -2.837527217939489, -0.37405242170307107, -0.3106069409112918, 0.512112950114918, False
2.4525063464397068, -2.2563158933855787, -0.10594797206903994, -0.37405242170307107, -0.3106069409112918, 0.512112950114918, False
2.6933934731580162, -2.0315281927477686, 1.5589560541012153, -0.37405242170307107, -0.3106069409112918, 0.512112950114918, False
-1.1680921367926977, -4.908339233724295, 2.145184873642127, -0.37405242170307107, -0.3106069409112918, 0.512112950114918, True
-2.4062085780208577, 1.0542064937766513, 1.14859513919279, -0.37405242170307107, -0.3106069409112918, 0.512112950114918, True
0.15167659061785255, 3.254191108260885, 2.146534525965281, -0.37405242170307107, -0.3106069409112918, 0.512112950114918, False
5.821965736359715, 3.5237741469811894, -2.322173825132458, -0.37405242170307107, -0.3106069409112918, 0.512112950114918, True
2.601030750342936, -1.617163512165333, -0.8951761149230477, -0.37405242170307107, -0.3106069409112918, 0.512112950114918, False
-1.5104614528199294, -1.4471268929044587, 0.5041562975821523, -0.37405242170307107, -0.3106069409112918, 0.512112950114918, False
3.6228866951589502, 2.5945421495429013, -3.0692979246476213, -0.37405242170307107, -0.3106069409112918, 0.512112950114918, True
-1.270344750161895, 5.533834530438407, -2.6178533904186585, -0.37405242170307107, -0.3106069409112918, 0.512112950114918, False
-5.866874242325292, 2.9148638928485617, 1.7750290214386402, -0.37405242170307107, -0.3106069409112918, 0.512112950114918, True
-6.2363688071685495, 4.025803509920063, -2.4625375804076484, -0.37405242170307107, -0.3106069409112918, 0.512112950114918, False
5.492244182022304, -2.524646772589306, 3.000953004714818, -0.37405242170307107, -0.3106069409112918, 0.512112950114918, True
-0.06354772301480427, -5.411464898136775, -0.7318587908078529, -0.37405242170307107, -0.3106069409112918, 0.512112950114918, True
-3.3816121351262622, 1.856325330892389, 0.5717146849426067, -0.37405242170307107, -0.3106069409112918, 0.512112950114918, True
1.1472388352969176, -2.20134229759051, -2.6028530661889686, -0.37405242170307107, -0.3106069409112918, 0.512112950114918, True
-0.5325366194543024, -3.1154505385883535, 0.36938042517574576, -0.37405242170307107, -0.3106069409112918, 0.512112950114918, False
-0.311233125942568, 5.93212991525197, -1.6272207249147437, -0.37405242170307107, -0.3106069409112918, 0.512112950114918, False
5.557585846659691, 2.387000476186147, -0.5566645215192376, -0.37405242170307107, -0.3106069409112918, 0.512112950114918, True
1.679846888371534, 6.183279542829789, -0.8803388863491204, -0.37405242170307107, -0.3106069409112918, 0.512112950114918, False
-1.5854370659611172, -0.21629460045214532, 2.0290034635551804, -0.37405242170307107, -0.3106069409112918, 0.512112950114918, True
1.1340268390851653, -1.0939057139483, 0.1715544580624324, -0.37405242170307107, -0.3106069409112918, 0.512112950114918, False
0.3653045810060549, -2.466156802551647, 2.71283085819939, -0.37405242170307107, -0.3106069409112918, 0.512112950114918, False
5.004732862943955, 5.6379472119363765, -3.129205457465817, -0.37405242170307107, -0.3106069409112918, 0.512112950114918, True
-2.113037657165915, -5.813836908453245, -2.3284435823095433, -0.37405242170307107, -0.3106069409112918, 0.512112950114918, True
-0.7044327015830198, 0.3650916692953645, -1.6124792989583578, -0.37405242170307107, -0.3106069409112918, 0.512112950114918, True
-1.2719395683407226, 0.3324186711406929, -2.7968771072497582, -0.37405242170307107, -0.3106069409112918, 0.512112950114918, True
1.5942740419912944, -0.6431665417517332, -2.525016697568769, -0.37405242170307107, -0.3106069409112918, 0.512112950114918, False
-5.986667941925356, 2.177037038432463, 3.0669341664531116, -0.37405242170307107, -0.3106069409112918, 0.512112950114918, True
3.949306677953615, -5.3617308640227, -0.8751787356556773, -0.37405242170307107, -0.3106069409112918, 0.512112950114918, True
1.3567909908268874, 5.943399712923279, 1.5749876991343967, -0.37405242170307107, -0.3106069409112918, 0.512112950114918, True
-1.2517927530966633, 3.5908191072953137, 3.1265113552270973, -0.37405242170307107, -0.3106069409112918, 0.512112950114918, True
5.542381129545005, -5.604676438067275, 1.3674903962024398, -0.37405242170307107, -0.3106069409112918, 0.512112950114918, True
6.198015770991356, 2.4749436340240223, 2.7553212738853894, -0.37405242170307107, -0.3106069409112918, 0.512112950114918, True
-4.790570466591337, 2.514360645510221, -0.8013341766622237, -0.37405242170307107, -0.3106069409112918, 0.512112950114918, True
4.847767860111045, -1.0414448324687005, -1.5463524156220876, -0.37405242170307107, -0.3106069409112918, 0.512112950114918, False
5.7688453328352445, 1.1877766562108958, -0.25782558973635217, -0.37405242170307107, -0.3106069409112918, 0.512112950114918, True
5.888301815337915, 3.933943326111814, 1.8636886124200878, -0.37405242170307107, -0.3106069409112918, 0.512112950114918, False
4.675667978809715, -3.306472383730217, 2.428313712478195, -0.37405242170307107, -0.3106069409112918, 0.512112950114918, True
-2.4019682236276485, 1.063229302249539, -1.4314275524713473, -0.37405242170307107, -0.3106069409112918, 0.512112950114918, True
2.6242375372255857, -3.479543821422637, -0.8714121225463844, -0.37405242170307107, -0.3106069409112918, 0.512112950114918, True
-0.21216111296150775, 5.698109772147584, -0.4534342748633353, -0.37405242170307107, -0.3106069409112918, 0.512112950114918, False
-2.767194971146936, 1.025119542229187, 1.6211107609246396, -0.37405242170307107, -0.3106069409112918, 0.512112950114918, True
-5.556093477437769, -2.29414026141247, 1.5171152664073597, -0.37405242170307107, -0.3106069409112918, 0.512112950114918, False
-1.783229854487046, 0.8518662132476855, 0.632402604368, -0.37405242170307107, -0.3106069409112918, 0.512112950114918, True
3.86427638002724, -0.9559844421157706, 2.5235912524714035, -0.37405242170307107, -0.3106069409112918, 0.512112950114918, False
3.4355731269710432, 2.445270807579668, -2.1433799512389435, -0.37405242170307107, -0.3106069409112918, 0.512112950114918, True
-5.600448735095808, 4.320082428836933, -1.9817481901557552, -0.37405242170307107, -0.3106069409112918, 0.512112950114918, False
1.8357787365220712, 2.9936177308917173, -1.4691369280590794, -0.37405242170307107, -0.3106069409112918, 0.512112950114918, True
-4.356644461885844, 5.190646986899804, 1.0167377048761148, -0.37405242170307107, -0.3106069409112918, 0.512112950114918, False
0.07059666483404037, 2.7484277596126763, -1.4538633495289683, -0.37405242170307107, -0.3106069409112918, 0.512112950114918, True
-4.157546455491072, -5.2968526306138966, -1.0346822082825877, -0.37405242170307107, -0.3106069409112918, 0.512112950114918, True
2.5212952999485907, -1.8914654021904997, 1.0984886629831632, -0.37405242170307107, -0.3106069409112918, 0.512112950114918, False
-4.8312559338314855, -3.856687558717928, -2.246030731148398, -0.37405242170307107, -0.3106069409112918, 0.512112950114918, True
-1.413751099337449, 3.724127195188375, 1.0684322989425015, -0.37405242170307107, -0.3106069409112918, 0.512112950114918, False
6.195161270565432, 3.753340867117842, -0.5656192520936889, -0.37405242170307107, -0.3106069409112918, 0.512112950114918, False
-1.4246221873531697, -0.4584624928041041, -1.4962863940275402, -0.37405242170307107, -0.3106069409112918, 0.512112950114918, False
1.175695899575536, -0.4575522395487148, -2.5431229821910106, -0.37405242170307107, -0.3106069409112918, 0.512112950114918, False
2.2027932701599706, -2.504841739837151, -2.8528136478361894, -0.37405242170307107, -0.3106069409112918, 0.512112950114918, False
2.8851195746247207, 0.575072546211695, -2.070476453057788, -0.37405242170307107, -0.3106069409112918, 0.512112950114918, True
-4.712206654210932, -1.2549125039969047, 2.010295680405619, -0.37405242170307107, -0.3106069409112918, 0.512112950114918, False
-5.341299345814603, 4.238263446670711, -1.5786736632237859, -0.37405242170307107, -0.3106069409112918, 0.512112950114918, True
2.9414976179288352, 0.7326958964681882, -2.9786978973371516, -0.37405242170307107, -0.3106069409112918, 0.512112950114918, True
-2.440366141599197, -4.155637570130173, 2.920913720942252, -0.37405242170307107, -0.3106069409112918, 0.512112950114918, True
-2.2003047464235737, -2.9739430281962744, 0.6378245352906675, -0.37405242170307107, -0.3106069409112918, 0.512112950114918, False
5.884088675553425, 3.2038103488454617, -2.5380813448109647, -0.37405242170307107, -0.3106069409112918, 0.512112950114918, True
1.269665644068679, 5.884094725404358, 1.8164030778674505, -0.37405242170307107, -0.3106069409112918, 0.512112950114918, True
-3.804910133942958, -0.4206372016118154, 2.255459680046651, -0.37405242170307107, -0.3106069409112918, 0.512112950114918, True
-5.690694124942979, -1.0818715354200341, 0.24048063870137293, -0.37405242170307107, -0.3106069409112918, 0.512112950114918, False
2.292198118021174, -1.5859577069946909, -0.19518815319106775, -0.37405242170307107, -0.3106069409112918, 0.512112950114918, False
-4.1053795916441205, -0.8607380668403275, -0.0861361832420533, -0.37405242170307107, -0.3106069409112918, 0.512112950114918, False
-0.5372597753119068, -1.6691072895283483, 0.4600131208416993, -0.37405242170307107, -0.3106069409112918, 0.512112950114918, False
-0.20271898983603798, -0.3060446175849041, 2.6729917209643244, -0.37405242170307107, -0.3106069409112918, 0.512112950114918, True
-4.336039091570363, 3.183751912067427, 1.4777310270189083, -0.37405242170307107, -0.3106069409112918, 0.512112950114918, False
-1.9380419475336623, -3.346450995595199, 1.7527323610114474, -0.37405242170307107, -0.3106069409112918, 0.512112950114918, True
4.553510875802244, 1.5752221518557823, 0.3275668912679057, -0.37405242170307107, -0.3106069409112918, 0.512112950114918, True
-6.114081823912002, 6.181174826040536, 2.5556514118023514, -0.37405242170307107, -0.3106069409112918, 0.512112950114918, True
0.037878760313428295, -6.1977352408638975, -1.7707742315639228, -0.37405242170307107, -0.3106069409112918, 0.512112950114918, False
-3.603736937438223, -4.379740532142229, -2.3566885135431543, -0.37405242170307107, -0.3106069409112918, 0.512112950114918, True
-2.0884111454970533, 4.648089537678224, 1.2336414493850603, -0.37405242170307107, -0.3106069409112918, 0.512112950114918, False
2.051427182263181, 2.2243845640734037, 2.129109573233884, -0.37405242170307107, -0.3106069409112918, 0.512112950114918, True
6.251841914314591, 4.907826201251478, -1.5681090242867572, -0.37405242170307107, -0.3106069409112918, 0.512112950114918, False
2.7848668653115762, 1.7165132423202607, -0.5480832560095901, -0.37405242170307107, -0.3106069409112918, 0.512112950114918, True
-4.729970904434915, 2.813325575154824, 1.2195125014035177, -0.37405242170307107, -0.3106069409112918, 0.512112950114918, True
-3.3231417478638487, -0.6615483976550394, 1.5022080063786332, -0.37405242170307107, -0.3106069409112918, 0.512112950114918, False
-3.348773294852872, 0.12833369644311876, -0.5855136355992094, -0.37405242170307107, -0.3106069409112918, 0.512112950114918, True
6.040066644849743, -1.1852001137498025, 0.3703593664339486, -0.37405242170307107, -0.3106069409112918, 0.512112950114918, False
0.8399069953727976, -2.942021696692948, 2.2355135784607842, -0.37405242170307107, -0.3106069409112918, 0.512112950114918, False
2.3413953787903132, -1.5905257236581178, 0.6816004646302711, -0.37405242170307107, -0.3106069409112918, 0.512112950114918, False
2.035213909267199, -1.6838446651229413, -2.0121091497361725, -0.37405242170307107, -0.3106069409112918, 0.512112950114918, False
0.9910105779516689, -0.7321528808380293, 1.8175119089629455, -0.37405242170307107, -0.3106069409112918, 0.512112950114918, False
2.081025338445544, -3.9188948708558904, -2.5916451859197496, -0.37405242170307107, -0.3106069409112918, 0.512112950114918, True
1.9058579848074437, 4.805849845968272, -0.22102287190841396, -0.37405242170307107, -0.3106069409112918, 0.512112950114918, False
-1.9918331112986225, 0.8049859805342727, -1.6103245579200405, -0.37405242170307107, -0.3106069409112918, 0.512112950114918, True
1.1206676394559762, 3.332184125261147, 3.0899993042206644, -0.37405242170307107, -0.3106069409112918, 0.512112950114918, True
-5.976506945327895, 6.078243143920671, 2.8487373071268998, -0.37405242170307107, -0.3106069409112918, 0.512112950114918, True
3.703005267120444, 1.2472433994500376, -0.6971193761375538, -0.37405242170307107, -0.3106069409112918, 0.512112950114918, True
2.8161992082387446, -1.4223758835238005, -2.4662295542150465, -0.37405242170307107, -0.3106069409112918, 0.512112950114918, False
1.6139385104615886, 5.082536820005849, -2.6107623328032163, -0.37405242170307107, -0.3106069409112918, 0.512112950114918, False
-1.3328758419635376, 6.056017210781571, -0.7246500432007301, -0.37405242170307107, -0.3106069409112918, 0.512112950114918, False
-4.71327833228509, 0.7165594294250619, -1.414899415923687, -0.37405242170307107, -0.3106069409112918, 0.512112950114918, True
-5.481414428317847, 4.2111407552180555, 0.9782585046366403, -0.37405242170307107, -0.3106069409112918, 0.512112950114918, False
3.5207533356223735, 5.648262070459108, -2.537732698631946, -0.37405242170307107, -0.3106069409112918, 0.512112950114918, True
5.953063264629684, 4.996826892947489, -2.669726618765923, -0.37405242170307107, -0.3106069409112918, 0.512112950114918, False
5.246089135494088, 0.62373180630855, 0.0031950507143405638, -0.37405242170307107, -0.3106069409112918, 0.512112950114918, True
2.246305313934597, -4.242171342563039, 1.3889781385566318, -0.37405242170307107, -0.3106069409112918, 0.512112950114918, True
5.279089118010303, -3.736497713527397, -2.833418603959375, -0.37405242170307107, -0.3106069409112918, 0.512112950114918, True
-3.106423483580346, 3.071102900880721, 2.433826428076612, -0.37405242170307107, -0.3106069409112918, 0.512112950114918, False
2.1772916476745188, -3.7854203603574605, -0.00491677964166648, -0.37405242170307107, -0.3106069409112918, 0.512112950114918, True
0.3163838254900986, -1.8791804324293135, 2.97169887709056, -0.37405242170307107, -0.3106069409112918, 0.512112950114918, True
-3.435398442461986, 2.9920208595890667, -0.5141423768051037, -0.37405242170307107, -0.3106069409112918, 0.512112950114918, True
-0.3347593150446997, -6.206426267825426, 2.533476096329684, -0.37405242170307107, -0.3106069409112918, 0.512112950114918, True
-2.6341396778011177, 3.6036058888310087, 0.4845114767649954, -0.37405242170307107, -0.3106069409112918, 0.512112950114918, False
-2.240293854482813, -0.428423925099394, -0.7838159012211019, -0.37405242170307107, -0.3106069409112918, 0.512112950114918, True
-3.4182160660532994, 2.750529000568738, 2.8407441412393366, -0.37405242170307107, -0.3106069409112918, 0.512112950114918, True
-0.015636589835795967, 1.4020887592933127, -0.7385645534027159, -0.37405242170307107, -0.3106069409112918, 0.512112950114918, True
-5.370789384229092, -4.050892907289331, -1.0166960379771335, -0.37405242170307107, -0.3106069409112918, 0.512112950114918, True
2.294253389496598, -2.34591069294519, -2.8652840551758634, -0.37405242170307107, -0.3106069409112918, 0.512112950114918, False
-4.545114786243473, -3.1171028801567617, 0.9290682706775142, -0.37405242170307107, -0.3106069409112918, 0.512112950114918, False
0.2766397258246247, -0.9518947087817384, -1.2967920190809221, -0.37405242170307107, -0.3106069409112918, 0.512112950114918, False
0.40030631729658595, 0.30777756083332974, -2.3698453978140264, -0.37405242170307107, -0.3106069409112918, 0.512112950114918, True
-3.3999031023449287, -3.122381283286017, -0.5273821899337752, -0.37405242170307107, -0.3106069409112918, 0.512112950114918, True
5.34984787947554, 5.452688064543247, -0.4351641657714356, -0.37405242170307107, -0.3106069409112918, 0.512112950114918, False
-3.0306059933678724, -5.304080123319815, -2.6615696993740814, -0.37405242170307107, -0.3106069409112918, 0.512112950114918, True
-2.9077631354955003, -3.6679735805360214, 1.0924585173828287, -0.37405242170307107, -0.3106069409112918, 0.512112950114918, True
-5.88560294820261, 2.786942360310883, 0.9698384512568543, -0.37405242170307107, -0.3106069409112918, 0.512112950114918, True
-4.0639646152386835, 0.4388830516594897, -0.7896368228752144, -0.37405242170307107, -0.3106069409112918, 0.512112950114918, True
-4.468462797644232, -5.225627446913195, -0.8919267248307166, -0.37405242170307107, -0.3106069409112918, 0.512112950114918, True
5.544233179664806, 1.3889707480792897, -2.595113603464509, -0.37405242170307107, -0.3106069409112918, 0.512112950114918, True
-5.475136175682718, -1.7245190771266001, -2.7716749227688227, -0.37405242170307107, -0.3106069409112918, 0.512112950114918, False
3.8517747040459565, -1.7016406246400706, 2.6901901979555056, -0.37405242170307107, -0.3106069409112918, 0.512112950114918, False
-3.6236841266694264, 2.7149624720571843, -2.202195601551042, -0.37405242170307107, -0.3106069409112918, 0.512112950114918, True
-2.728536796041518, 4.49085295442414, -2.6713705525441434, -0.37405242170307107, -0.3106069409112918, 0.512112950114918, False
-0.11287467142551755, -3.2704263550372894, -0.29087419295677996, -0.37405242170307107, -0.3106069409112918, 0.512112950114918, True
-1.929964129997491, 0.2955269881991347, -0.5268992444584062, -0.37405242170307107, -0.3106069409112918, 0.512112950114918, True
0.23205517788534458, 5.862203711894315, -2.008571558761008, -0.37405242170307107, -0.3106069409112918, 0.512112950114918, False
-1.586265264149918, 2.8394584560025304, 2.6250690501499827, -0.37405242170307107, -0.3106069409112918, 0.512112950114918, True
