2.877586389865943, 3.2502465220232875, 0.23554658290779162, -0.11512642410875196, 0.0562799017214588, -0.7202368451385558, False
-1.0746029387002496, -0.9482453278114296, 2.874461197102077, -0.11512642410875196, 0.0562799017214588, -0.7202368451385558, False
0.17277258739079748, -2.7338923488462354, 1.5988836315991266, -0.11512642410875196, 0.0562799017214588, -0.7202368451385558, False
1.936854246361257, 0.4850534490086469, 0.4087510355105266, -0.11512642410875196, 0.0562799017214588, -0.7202368451385558, False
-4.290781717467606, -5.436827555242328, -0.8914412550582789, -0.11512642410875196, 0.0562799017214588, -0.7202368451385558, False
0.9380735515578964, 1.635736322388957, 1.62734057347802, -0.11512642410875196, 0.0562799017214588, -0.7202368451385558, False
2.54459236697209, 6.116431123266846, 1.1749801505908692, -0.11512642410875196, 0.0562799017214588, -0.7202368451385558, False
1.739335389495432, 6.034375214904944, 1.0540505352362173, -0.11512642410875196, 0.0562799017214588, -0.7202368451385558, False
-5.4741236700432045, -5.731046693666373, -0.4570200413045442, -0.11512642410875196, 0.0562799017214588, -0.7202368451385558, False
-3.8330675236240843, -2.5167835919491623, 1.0473303758868457, -0.11512642410875196, 0.0562799017214588, -0.7202368451385558, False
1.9379556717992834, 2.2262115536407983, 0.9374194466232488, -0.11512642410875196, 0.0562799017214588, -0.7202368451385558, False
-1.0636833424224665, -3.2106430421111294, 1.640791522345351, -0.11512642410875196, 0.0562799017214588, -0.7202368451385558, False
1.6165076675227628, 0.5485256990233891, -0.20819803455264596, -0.11512642410875196, 0.0562799017214588, -0.7202368451385558, False
-1.3132202436391767, 5.046955550575268, 2.2581020243694487, -0.11512642410875196, 0.0562799017214588, -0.7202368451385558, False
3.5329212293726453, 5.1759690334510555, -0.9348621713295451, -0.11512642410875196, 0.0562799017214588, -0.7202368451385558, False
4.733619950734067, 4.991491597468993, 2.1541389905624584, -0.11512642410875196, 0.0562799017214588, -0.7202368451385558, False
2.1776643953992174, 4.709348243073402, 3.109515405319798, -0.11512642410875196, 0.0562799017214588, -0.7202368451385558, True
4.790846352503527, -3.7811114207233887, -1.2277921784822743, -0.11512642410875196, 0.0562799017214588, -0.7202368451385558, False
5.884452260658973, 6.211661367773258, 2.6053744989896366, -0.11512642410875196, 0.0562799017214588, -0.7202368451385558, False
4.1867830606372465, -5.342856461066625, 0.6276471503812004, -0.11512642410875196, 0.0562799017214588, -0.7202368451385558, False
-2.521021788011433, 3.391656839857749, 1.180820137894795, -0.11512642410875196, 0.0562799017214588, -0.7202368451385558, False
-0.24048101484188322, -3.1131592606789034, -1.7356393153137633, -0.11512642410875196, 0.0562799017214588, -0.7202368451385558, False
1.6976025568846547, 5.471739418073881, -0.07429762099462689, -0.11512642410875196, 0.0562799017214588, -0.7202368451385558, False
3.025092553775652, -1.4006148637230647, -1.7619434316916192, -0.11512642410875196, 0.0562799017214588, -0.7202368451385558, False
-1.9444573716360116, -2.1675935255128183, -3.012622311382717, -0.11512642410875196, 0.0562799017214588, -0.7202368451385558, True
2.643469057212755, 0.8481993857497132, -1.85326379769818, -0.11512642410875196, 0.0562799017214588, -0.7202368451385558, False
-2.5070551284186555, -5.957626784290589, -2.7624368485692354, -0.11512642410875196, 0.0562799017214588, -0.7202368451385558, False
6.139433656279804, -0.24155360753076138, 2.4589709722674415, -0.11512642410875196, 0.0562799017214588, -0.7202368451385558, False
-5.243070547492776, -3.2974382057973894, 0.07381702367703769, -0.11512642410875196, 0.0562799017214588, -0.7202368451385558, False
2.8966908611922584, 3.944310472274676, 1.8827803418908324, -0.11512642410875196, 0.0562799017214588, -0.7202368451385558, False
2.0438838637950507, -1.479387323677484, 2.297256146640005, -0.11512642410875196, 0.0562799017214588, -0.7202368451385558, False
-1.0837505172580322, -5.719423044607457, -1.1385186942236043, -0.11512642410875196, 0.0562799017214588, -0.7202368451385558, False
0.06268552021141538, 2.4251249877387853, -2.168474827213709, -0.11512642410875196, 0.0562799017214588, -0.7202368451385558, False
0.5801711276648396, -4.006240265919316, -0.4219875638416397, -0.11512642410875196, 0.0562799017214588, -0.7202368451385558, False
4.466630820092458, 0.8571308514962181, 0.5363568775207361, -0.11512642410875196, 0.0562799017214588, -0.7202368451385558, False
1.8484498881881937, 3.3733871739286183, 0.5930698067722733, -0.11512642410875196, 0.0562799017214588, -0.7202368451385558, False
-4.196136319264827, 1.4392026251527144, 0.2580193880292101, -0.11512642410875196, 0.0562799017214588, -0.7202368451385558, True
1.9782906616115152, 0.5625462411091142, 1.924756130875127, -0.11512642410875196, 0.0562799017214588, -0.7202368451385558, False
6.087900517801128, 3.5170309203851158, 0.7697870829767037, -0.11512642410875196, 0.0562799017214588, -0.7202368451385558, False
-1.1261960520925856, -0.2645676584952765, -0.6006685302958577, -0.11512642410875196, 0.0562799017214588, -0.7202368451385558, False
-6.274643506833989, 5.596496673466934, -1.0528176414857517, -0.11512642410875196, 0.0562799017214588, -0.7202368451385558, False
-0.6863946165259396, 0.13654521119684038, -0.20548167645387938, -0.11512642410875196, 0.0562799017214588, -0.7202368451385558, False
0.10894077522563972, -1.9426212561778788, 2.381620144898686, -0.11512642410875196, 0.0562799017214588, -0.7202368451385558, False
3.2045096393731196, 1.6973412793022282, -2.407269007565097, -0.11512642410875196, 0.0562799017214588, -0.7202368451385558, False
-0.3137385674002724, 1.2209252521194722, -3.053908691590843, -0.11512642410875196, 0.0562799017214588, -0.7202368451385558, True
3.550629301758555, 5.465141871226402, 3.027535442424905, -0.11512642410875196, 0.0562799017214588, -0.7202368451385558, True
-1.566838842163663, -1.9441213587664352, 1.7962076096468458, -0.11512642410875196, 0.0562799017214588, -0.7202368451385558, False
-1.0115766399816657, -6.148933486378927, -0.2895046520499158, -0.11512642410875196, 0.0562799017214588, -0.7202368451385558, False
-5.0968939867570295, -0.1972910622910531, 2.885682122020511, -0.11512642410875196, 0.0562799017214588, -0.7202368451385558, True
4.420620670656108, 5.631300353058119, -1.9116708839778647, -0.11512642410875196, 0.0562799017214588, -0.7202368451385558, False
-2.685394769956001, 0.0019105760797017979, -0.9990311772904783, -0.11512642410875196, 0.0562799017214588, -0.7202368451385558, False
-2.3709910887060373, -0.5520748542215763, -0.9203410247791575, -0.11512642410875196, 0.0562799017214588, -0.7202368451385558, False
-5.769549198008492, -1.4374074300305102, 0.01779737335428555, -0.11512642410875196, 0.0562799017214588, -0.7202368451385558, False
3.6355625393044786, 3.2005693411108034, 0.6888541995904527, -0.11512642410875196, 0.0562799017214588, -0.7202368451385558, False
-4.307005696869934, -2.8029537109476186, -1.3899178527737797, -0.11512642410875196, 0.0562799017214588, -0.7202368451385558, False
-2.1822691114037687, 4.5700857119565566, 0.8699186234127705, -0.11512642410875196, 0.0562799017214588, -0.7202368451385558, False
-4.185744231201953, -3.7786481175840696, -1.6315038018336923, -0.11512642410875196, 0.0562799017214588, -0.7202368451385558, False
-1.2175867484834244, 0.06280900343684159, 0.40215338918408605, -0.11512642410875196, 0.0562799017214588, -0.7202368451385558, False
4.2263058613994655, 4.692213574703734, -1.1102752034109717, -0.11512642410875196, 0.0562799017214588, -0.7202368451385558, False
0.4277747919449597, -5.507336699029898, -1.5754996867351518, -0.11512642410875196, 0.0562799017214588, -0.7202368451385558, False
4.430729761372016, -3.6135330679973037, -0.5319470687405672, -0.11512642410875196, 0.0562799017214588, -0.7202368451385558, False
-5.871937218086057, 2.7145072781351445, -2.0164452434012334, -0.11512642410875196, 0.0562799017214588, -0.7202368451385558, False
4.242125568350955, 1.5656810284744367, -1.5373706891975298, -0.11512642410875196, 0.0562799017214588, -0.7202368451385558, False
3.893710955403737, 3.1331249001915857, -0.39627394474169364, -0.11512642410875196, 0.0562799017214588, -0.7202368451385558, False
-0.3235070974946961, 5.380006850512256, -1.5910067837407162, -0.11512642410875196, 0.0562799017214588, -0.7202368451385558, False
0.6627382603747138, 1.326624202485574, 2.687448190816802, -0.11512642410875196, 0.0562799017214588, -0.7202368451385558, False
1.072493270730786, 0.9442688901953691, 2.3456440332381163, -0.11512642410875196, 0.0562799017214588, -0.7202368451385558, False
-2.0241506914199734, 4.5492912172605955, 0.5563679213561805, -0.11512642410875196, 0.0562799017214588, -0.7202368451385558, False
-2.332829440755056, -2.251548766132937, -1.5440458052133592, -0.11512642410875196, 0.0562799017214588, -0.7202368451385558, False
5.574620811765367, -1.2627050365667793, -0.4141837415836167, -0.11512642410875196, 0.0562799017214588, -0.7202368451385558, False
2.2771276118650867, 1.2527455752452195, 0.9586051656216821, -0.11512642410875196, 0.0562799017214588, -0.7202368451385558, False
2.1001409874777117, 2.056503125586284, -1.419571052384146, -0.11512642410875196, 0.0562799017214588, -0.7202368451385558, False
0.5085982089563617, -5.358385320174687, -0.5275362276630307, -0.11512642410875196, 0.0562799017214588, -0.7202368451385558, False
3.2067302106489386, -0.6115714860505967, 0.6218558485862569, -0.11512642410875196, 0.0562799017214588, -0.7202368451385558, False
-1.8536673992880184, -5.109680803721809, -2.8633895544056416, -0.11512642410875196, 0.0562799017214588, -0.7202368451385558, False
3.960160050813732, -0.6726977076933638, 2.362458528388717, -0.11512642410875196, 0.0562799017214588, -0.7202368451385558, False
0.43296745316120244, 2.1889387999704226, 3.01105861506461, -0.11512642410875196, 0.0562799017214588, -0.7202368451385558, True
-0.6656756790229021, -3.699980913297122, 2.40495385631389, -0.11512642410875196, 0.0562799017214588, -0.7202368451385558, False
2.747947560517149, 5.258228532474673, -1.2776385644591546, -0.11512642410875196, 0.0562799017214588, -0.7202368451385558, False
5.025296221269471, -3.506217010738373, -2.1732789155553505, -0.11512642410875196, 0.0562799017214588, -0.7202368451385558, False
2.1609091674771843, -2.101983000784365, 0.9770141508203949, -0.11512642410875196, 0.0562799017214588, -0.7202368451385558, False
-3.2391897238922773, 3.3065356543749704, 2.967877369553727, -0.11512642410875196, 0.0562799017214588, -0.7202368451385558, True
-1.3718201143121522, -3.5196544962237857, -0.6051444209416701, -0.11512642410875196, 0.0562799017214588, -0.7202368451385558, False
-2.562715664407874, 0.9670715027902768, -0.4639618717978591, -0.11512642410875196, 0.0562799017214588, -0.7202368451385558, False
-4.598613146862487, -0.22005246961044822, -2.9020056045355407, -0.11512642410875196, 0.0562799017214588, -0.7202368451385558, True
-5.89937149272738, -1.6084428891151843, 0.4388102331285837, -0.11512642410875196, 0.0562799017214588, -0.7202368451385558, False
-5.281824735959261, -1.5456427164232869, -0.9094563195108609, -0.11512642410875196, 0.0562799017214588, -0.7202368451385558, False
-4.512084738987015, 4.046295418147071, 1.8613521293540227, -0.11512642410875196, 0.0562799017214588, -0.7202368451385558, False
4.372593517890623, -4.872840462280193, 1.9331337908755337, -0.11512642410875196, 0.0562799017214588, -0.7202368451385558, False
-5.291734240535638, -3.2755011640134324, -2.114200439315111, -0.11512642410875196, 0.0562799017214588, -0.7202368451385558, False
5.6528180262225405, 6.218321244763819, -1.4942347908589164, -0.11512642410875196, 0.0562799017214588, -0.7202368451385558, False
-3.137411445421523, -0.018490243877399948, 0.9856978848797073, -0.11512642410875196, 0.0562799017214588, -0.7202368451385558, False
-5.366805812928939, 3.412049375891133, -2.806128847879364, -0.11512642410875196, 0.0562799017214588, -0.7202368451385558, False
-4.850774491801582, 0.1290184385451898, -2.0061121929596233, -0.11512642410875196, 0.0562799017214588, -0.7202368451385558, False
4.536695984674141, 4.057667202451736, -0.4197079086289537, -0.11512642410875196, 0.0562799017214588, -0.7202368451385558, False
-5.477229496586396, -3.531995289183731, -0.27762161845242783, -0.11512642410875196, 0.0562799017214588, -0.7202368451385558, False
-0.7723895254077942, -4.45184260950841, -2.1330113576766774, -0.11512642410875196, 0.0562799017214588, -0.7202368451385558, False
-0.43550707435850544, -3.6966258672519112, -0.0011990758878637209, -0.11512642410875196, 0.0562799017214588, -0.7202368451385558, False
-2.3410673651463054, 5.921263676378592, 2.6968206917395197, -0.11512642410875196, 0.0562799017214588, -0.7202368451385558, False
4.772049906365256, -2.2185020250152574, 0.11316322893056929, -0.11512642410875196, 0.0562799017214588, -0.7202368451385558, False
