4.2736952893532845, 3.859693766749313, 0.1787601363383189, -0.34281664037015347, -0.3587506226566982, 0.5229271614731092, False
1.7948636430485312, -4.888915485822304, -1.9232088944522947, -0.34281664037015347, -0.3587506226566982, 0.5229271614731092, False
-5.1736031023518, 6.033924402903038, 0.13050673829508197, -0.34281664037015347, -0.3587506226566982, 0.5229271614731092, False
2.4325518915993403, -3.9075690796505187, -0.45984935613114963, -0.34281664037015347, -0.3587506226566982, 0.5229271614731092, False
4.173439609011865, 2.1096618623120005, 2.9628284639343168, -0.34281664037015347, -0.3587506226566982, 0.5229271614731092, True
5.4057173937346175, -4.025016157673232, 0.04357682623599324, -0.34281664037015347, -0.3587506226566982, 0.5229271614731092, False
-0.5233275043738326, -3.0144155060610505, -1.8197253785135266, -0.34281664037015347, -0.3587506226566982, 0.5229271614731092, False
-3.0938645577548014, 4.750666302977907, 2.9015325746916565, -0.34281664037015347, -0.3587506226566982, 0.5229271614731092, True
3.504412762643147, -5.239559161477053, -2.8038421183619415, -0.34281664037015347, -0.3587506226566982, 0.5229271614731092, False
-5.207754504932987, 1.1396606915185776, -2.018628969966812, -0.34281664037015347, -0.3587506226566982, 0.5229271614731092, False
-1.3206631488164557, 4.557019449263709, 2.1912946008031673, -0.34281664037015347, -0.3587506226566982, 0.5229271614731092, False
-5.713741603279534, 3.903786143759289, -2.314834138420963, -0.34281664037015347, -0.3587506226566982, 0.5229271614731092, False
2.6467954114187524, -2.0800999489650076, -1.7542366729115373, -0.34281664037015347, -0.3587506226566982, 0.5229271614731092, False
4.318937820521448, 0.744844536514913, 1.210305979106197, -0.34281664037015347, -0.3587506226566982, 0.5229271614731092, False
-3.057944418178192, 4.8232203042757344, -0.8056276255375843, -0.34281664037015347, -0.3587506226566982, 0.5229271614731092, False
1.8577106694999088, 4.976355552761934, -2.320779298012731, -0.34281664037015347, -0.3587506226566982, 0.5229271614731092, False
2.4869880799575323, 4.465070936144549, -2.1047609214552594, -0.34281664037015347, -0.3587506226566982, 0.5229271614731092, False
-1.3940323946528697, -3.3896918403849075, -1.5922009743232195, -0.34281664037015347, -0.3587506226566982, 0.5229271614731092, False
4.042039504418467, 3.898526263372455, -1.157714448053066, -0.34281664037015347, -0.3587506226566982, 0.5229271614731092, False
2.232438770546665, 4.513096782802288, -0.16113061203049783, -0.34281664037015347, -0.3587506226566982, 0.5229271614731092, False
0.6270340371431482, 3.5528887168654038, 2.889365801748581, -0.34281664037015347, -0.3587506226566982, 0.5229271614731092, True
2.3022047632485467, 3.7031913427946836, -0.02499241771760996, -0.34281664037015347, -0.3587506226566982, 0.5229271614731092, False
-4.128512643754994, -0.15886307864080873, -1.1717186426578443, -0.34281664037015347, -0.3587506226566982, 0.5229271614731092, False
-4.464485347640994, 4.812695486590432, -3.0924246967065696, -0.34281664037015347, -0.3587506226566982, 0.5229271614731092, True
5.573217857997504, 0.7311149848325647, -1.3944322686037731, -0.34281664037015347, -0.3587506226566982, 0.5229271614731092, False
-3.9638003030522664, 0.4418387538592432, 2.792632682638888, -0.34281664037015347, -0.3587506226566982, 0.5229271614731092, False
5.120753950187503, -1.8396032868065904, 1.3939282649089195, -0.34281664037015347, -0.3587506226566982, 0.5229271614731092, False
-5.7070334945681, -4.775037996903366, -0.5920058705864819, -0.34281664037015347, -0.3587506226566982, 0.5229271614731092, False
-1.588439271186913, -3.2782369576883967, -2.379207950214359, -0.34281664037015347, -0.3587506226566982, 0.5229271614731092, False
4.106467898441373, -2.289248546020019, -0.7416051414823985, -0.34281664037015347, -0.3587506226566982, 0.5229271614731092, False
0.141090061591564, -4.401331456462733, -2.5637417874774795, -0.34281664037015347, -0.3587506226566982, 0.5229271614731092, False
-4.998126886972754, -4.108214229196143, -2.6737250102866073, -0.34281664037015347, -0.3587506226566982, 0.5229271614731092, False
-4.9343136397769545, 5.352095305303131, 1.8960899130060893, -0.34281664037015347, -0.3587506226566982, 0.5229271614731092, False
5.330866171185059, -3.468516597700203, 1.504163387611153, -0.34281664037015347, -0.3587506226566982, 0.5229271614731092, False
3.2500262999293525, 3.0919577992365355, -2.709750736071581, -0.34281664037015347, -0.3587506226566982, 0.5229271614731092, False
-3.2077410124471175, 0.9050470656146805, 3.013986003875222, -0.34281664037015347, -0.3587506226566982, 0.5229271614731092, True
-1.1052451483496144, 4.734502828285862, -0.17582976404119766, -0.34281664037015347, -0.3587506226566982, 0.5229271614731092, False
2.9321745386488924, 3.2990626343583997, 2.789381266371871, -0.34281664037015347, -0.3587506226566982, 0.5229271614731092, False
6.139282230698569, -2.6179010586180818, 1.2826681101805706, -0.34281664037015347, -0.3587506226566982, 0.5229271614731092, False
-3.552765690847227, 4.912742801619359, -1.893238343323664, -0.34281664037015347, -0.3587506226566982, 0.5229271614731092, False
-2.452066452019909, 3.838131314181302, -2.2385208066380895, -0.34281664037015347, -0.3587506226566982, 0.5229271614731092, False
-1.2341073696095615, 1.9788347666631108, 2.133429394985515, -0.34281664037015347, -0.3587506226566982, 0.5229271614731092, False
5.176631320467882, 6.012042030062338, 2.1539214591314986, -0.34281664037015347, -0.3587506226566982, 0.5229271614731092, False
1.6535266668351873, -0.5111487508872878, -0.6737094469187794, -0.34281664037015347, -0.3587506226566982, 0.5229271614731092, False
3.7276755754439854, -5.276341806744238, 3.1341492715872397, -0.34281664037015347, -0.3587506226566982, 0.5229271614731092, True
4.83218157123682, -4.399168601017816, -2.664129620529706, -0.34281664037015347, -0.3587506226566982, 0.5229271614731092, False
-1.054936302212309, 4.532074857525965, 1.3325041491074474, -0.34281664037015347, -0.3587506226566982, 0.5229271614731092, False
4.3386209584114255, 2.183022623930487, -2.678755698176384, -0.34281664037015347, -0.3587506226566982, 0.5229271614731092, False
-4.760211454906757, -2.6817170885034236, 2.6420945292546953, -0.34281664037015347, -0.3587506226566982, 0.5229271614731092, False
2.2545891616799825, -2.780447286249408, -2.3711482076329196, -0.34281664037015347, -0.3587506226566982, 0.5229271614731092, False
-2.2133447766420735, 6.210616213915264, 2.9349393507875545, -0.34281664037015347, -0.3587506226566982, 0.5229271614731092, True
-2.0890261802033026, 6.006250643761625, 0.1662885076797238, -0.34281664037015347, -0.3587506226566982, 0.5229271614731092, False
1.0940358796520835, 3.9471153949387734, 1.6432443906068297, -0.34281664037015347, -0.3587506226566982, 0.5229271614731092, True
-0.617253477583227, 0.5249657433133139, -3.135544641931896, -0.34281664037015347, -0.3587506226566982, 0.5229271614731092, True
-0.569796749864186, -3.817884656602715, -2.4860709521010387, -0.34281664037015347, -0.3587506226566982, 0.5229271614731092, False
-4.7518806522274035, -1.535349174719701, 0.9977703929626811, -0.34281664037015347, -0.3587506226566982, 0.5229271614731092, False
-5.700601347850544, 1.0470879643707187, -1.8298983611332846, -0.34281664037015347, -0.3587506226566982, 0.5229271614731092, False
-5.805448034629608, 4.095395481112627, -2.3993104707190174, -0.34281664037015347, -0.3587506226566982, 0.5229271614731092, False
-5.947088088517141, -4.78701078429706, 0.9245336448643693, -0.34281664037015347, -0.3587506226566982, 0.5229271614731092, False
0.5283590742600337, -5.6686557065117835, 1.3384237108224735, -0.34281664037015347, -0.3587506226566982, 0.5229271614731092, False
0.9865523755347914, 3.7504893668969537, -0.27689366575437546, -0.34281664037015347, -0.3587506226566982, 0.5229271614731092, True
-4.4854809735693975, 1.6529939125977116, 2.4420491597062632, -0.34281664037015347, -0.3587506226566982, 0.5229271614731092, False
-4.455395157424126, 0.5191545069737531, 2.531391182276068, -0.34281664037015347, -0.3587506226566982, 0.5229271614731092, False
-1.8916986568160485, -6.059667987012359, -2.6195573665687695, -0.34281664037015347, -0.3587506226566982, 0.5229271614731092, False
5.231591955743198, 0.938629464960778, -0.0231896733457857, -0.34281664037015347, -0.3587506226566982, 0.5229271614731092, False
2.1734822638188707, 4.2580478979445004, -2.150803014226063, -0.34281664037015347, -0.3587506226566982, 0.5229271614731092, False
-4.286248669410368, -4.323573935876665, 1.8102167078385945, -0.34281664037015347, -0.3587506226566982, 0.5229271614731092, False
3.064676554689406, -5.039251596731237, 3.053933281008125, -0.34281664037015347, -0.3587506226566982, 0.5229271614731092, True
4.344309804224144, -1.8895957756310136, 0.03179793916081275, -0.34281664037015347, -0.3587506226566982, 0.5229271614731092, False
3.3087152747215285, -0.2429917154437513, -0.3906906331174347, -0.34281664037015347, -0.3587506226566982, 0.5229271614731092, False
3.5150628062971503, 5.26762698988348, 1.8020563586661122, -0.34281664037015347, -0.3587506226566982, 0.5229271614731092, False
-2.751313581607417, 3.5380392213434124, -1.2072901789092367, -0.34281664037015347, -0.3587506226566982, 0.5229271614731092, False
-4.081961963811473, -0.24658055973843318, -0.46277357375812933, -0.34281664037015347, -0.3587506226566982, 0.5229271614731092, False
3.504948598114316, 6.123533030428208, 1.2932035520056218, -0.34281664037015347, -0.3587506226566982, 0.5229271614731092, False
-2.823168282047084, 4.926896538523598, -2.8039212603963826, -0.34281664037015347, -0.3587506226566982, 0.5229271614731092, False
4.692807367611472, -2.4549261587522593, -2.6530223152168, -0.34281664037015347, -0.3587506226566982, 0.5229271614731092, False
-0.5134462340230321, -5.106825176296969, 1.1601565968985712, -0.34281664037015347, -0.3587506226566982, 0.5229271614731092, False
-4.911292689468001, 1.8480746633748169, 2.7024665733357107, -0.34281664037015347, -0.3587506226566982, 0.5229271614731092, False
0.4609086515755605, -5.308634140367463, 1.0618848453134948, -0.34281664037015347, -0.3587506226566982, 0.5229271614731092, False
-4.099914831441577, 3.848980413149519, 2.1987168342467367, -0.34281664037015347, -0.3587506226566982, 0.5229271614731092, False
-0.8867521478473614, -0.03858806052459052, -0.03350416563098113, -0.34281664037015347, -0.3587506226566982, 0.5229271614731092, False
-0.9300997359352561, 4.67089259344106, 1.1389558303785892, -0.34281664037015347, -0.3587506226566982, 0.5229271614731092, False
-2.701130679504054, -0.48515586347614814, 1.7788559083524325, -0.34281664037015347, -0.3587506226566982, 0.5229271614731092, False
5.782028346753059, -1.5266439002670973, 2.3378647548394307, -0.34281664037015347, -0.3587506226566982, 0.5229271614731092, False
5.500901738377113, -6.0530429210783625, 0.5127731667807374, -0.34281664037015347, -0.3587506226566982, 0.5229271614731092, False
-4.993105684996305, 5.68497426601283, 0.7676296382470351, -0.34281664037015347, -0.3587506226566982, 0.5229271614731092, False
-2.6254589959989367, -2.7168117965597824, -1.522009984528303, -0.34281664037015347, -0.3587506226566982, 0.5229271614731092, False
4.531594862695364, 3.6946820419463577, -0.8440319889225103, -0.34281664037015347, -0.3587506226566982, 0.5229271614731092, False
1.16180758157516, -1.191776214223668, 3.064775953733192, -0.34281664037015347, -0.3587506226566982, 0.5229271614731092, True
4.642225172692132, -0.272568044904574, -2.58629074334757, -0.34281664037015347, -0.3587506226566982, 0.5229271614731092, False
2.1601781831862326, -4.934198829580566, 2.8775799177108476, -0.34281664037015347, -0.3587506226566982, 0.5229271614731092, True
-2.9590399954318367, -2.879844000351201, 2.208228169741843, -0.34281664037015347, -0.3587506226566982, 0.5229271614731092, False
-2.8281914051642767, -5.664498179946276, -1.469193999263328, -0.34281664037015347, -0.3587506226566982, 0.5229271614731092, False
-1.712893309794853, -5.894337081505737, -0.5561170796674384, -0.34281664037015347, -0.3587506226566982, 0.5229271614731092, False
0.49397868794481425, 6.26255270025541, 0.5363566471154733, -0.34281664037015347, -0.3587506226566982, 0.5229271614731092, False
-2.962595833792574, -0.7035758724411343, -1.81206478287287, -0.34281664037015347, -0.3587506226566982, 0.5229271614731092, False
1.4180237550465407, 2.109757437823758, -0.45629158845186524, -0.34281664037015347, -0.3587506226566982, 0.5229271614731092, False
-4.873667865677708, 2.528106091170452, -0.11748559201892839, -0.34281664037015347, -0.3587506226566982, 0.5229271614731092, False
-3.751214254166249, 3.6662061350728816, 0.9522040711602893, -0.34281664037015347, -0.3587506226566982, 0.5229271614731092, False
-4.346207371093408, -2.5725042239163223, 2.5128117077474945, -0.34281664037015347, -0.3587506226566982, 0.5229271614731092, False
