5.86076629124962, -2.3038347990292007, -2.2115397836405792, -0.14429752068696755, 0.019125914376176723, 0.24492764501006703, True
1.7499475823897264, 4.9280534065729285, 3.1080376062388186, -0.14429752068696755, 0.019125914376176723, 0.24492764501006703, True
4.6816087116716005, -1.4814819092326035, -1.2773386270277016, -0.14429752068696755, 0.019125914376176723, 0.24492764501006703, True
-1.2818947271898375, -1.6142298394710277, 0.9658150730296393, -0.14429752068696755, 0.019125914376176723, 0.24492764501006703, True
-6.242546295024685, -0.7396296824230708, 1.8317058721599606, -0.14429752068696755, 0.019125914376176723, 0.24492764501006703, True
4.359068959949775, 0.5377190492828623, 2.746780480619795, -0.14429752068696755, 0.019125914376176723, 0.24492764501006703, True
1.474892168806055, -2.5378262453817007, 0.030357147894345626, -0.14429752068696755, 0.019125914376176723, 0.24492764501006703, True
-5.535645499524243, 6.096723795562699, -0.28779618884779223, -0.14429752068696755, 0.019125914376176723, 0.24492764501006703, True
2.567220875238897, -0.9437153422222169, -1.9162122488250009, -0.14429752068696755, 0.019125914376176723, 0.24492764501006703, True
1.1478838750932736, 4.178246690509662, 3.1229753393616955, -0.14429752068696755, 0.019125914376176723, 0.24492764501006703, True
4.802077820718814, -1.4454048256775254, 2.360616919482508, -0.14429752068696755, 0.019125914376176723, 0.24492764501006703, True
-0.9307731312211205, 0.31510200017541123, -0.8655983606473301, -0.14429752068696755, 0.019125914376176723, 0.24492764501006703, True
3.243924028991417, 4.823792485341025, -2.223465370844255, -0.14429752068696755, 0.019125914376176723, 0.24492764501006703, True
-2.503643902774854, 1.1254431806400556, -2.5779581270994454, -0.14429752068696755, 0.019125914376176723, 0.24492764501006703, True
-1.2860309306175832, 3.304622351985998, 0.7531659170805232, -0.14429752068696755, 0.019125914376176723, 0.24492764501006703, True
0.1304788869695983, -3.933975213657543, 1.557476306317243, -0.14429752068696755, 0.019125914376176723, 0.24492764501006703, True
0.850915320298399, 3.7514249697551527, 2.8135640007514544, -0.14429752068696755, 0.019125914376176723, 0.24492764501006703, True
0.7333180459478816, -2.608163148560091, -2.8503944666067054, -0.14429752068696755, 0.019125914376176723, 0.24492764501006703, True
-0.32884292630673695, 0.9821748789863687, -2.4071452880776096, -0.14429752068696755, 0.019125914376176723, 0.24492764501006703, True
-1.653587976967259, 0.5429964705419641, -1.0995660333763988, -0.14429752068696755, 0.019125914376176723, 0.24492764501006703, True
-4.32359417642786, 2.513112425422152, -1.7338159809569647, -0.14429752068696755, 0.019125914376176723, 0.24492764501006703, True
-3.6228084918435783, -1.4351002285153953, 2.5061127567717936, -0.14429752068696755, 0.019125914376176723, 0.24492764501006703, True
0.6564855222456805, -2.9950670173715355, -1.8097362806084878, -0.14429752068696755, 0.019125914376176723, 0.24492764501006703, True
-2.0750218269475935, 4.877883637769207, -0.11142455037016408, -0.14429752068696755, 0.019125914376176723, 0.24492764501006703, True
1.960746701241046, 4.610997496986959, -0.764266616936589, -0.14429752068696755, 0.019125914376176723, 0.24492764501006703, True
5.4548669237973435, 6.069279736221743, -2.0081601821499477, -0.14429752068696755, 0.019125914376176723, 0.24492764501006703, True
4.07302986418688, -3.320725310211131, -2.4313297866187096, -0.14429752068696755, 0.019125914376176723, 0.24492764501006703, True
-4.943909956488817, 3.230154351736733, 1.6629818468198474, -0.14429752068696755, 0.019125914376176723, 0.24492764501006703, True
0.9833644605470901, -3.533043640490295, -1.4056082560399439, -0.14429752068696755, 0.019125914376176723, 0.24492764501006703, True
-4.646220478688424, 2.749891789669043, -2.963092332427007, -0.14429752068696755, 0.019125914376176723, 0.24492764501006703, True
2.4020578788651434, -6.1519355261630535, -2.3666836605430746, -0.14429752068696755, 0.019125914376176723, 0.24492764501006703, True
0.07387240871282419, 0.22284631788362397, -1.2765690992689838, -0.14429752068696755, 0.019125914376176723, 0.24492764501006703, True
-3.3426874160543942, -1.227779347835762, 0.5876771897865463, -0.14429752068696755, 0.019125914376176723, 0.24492764501006703, True
-2.4368362414688116, 3.6214796847293336, -2.8069709549510473, -0.14429752068696755, 0.019125914376176723, 0.24492764501006703, True
-0.4941975125557452, -4.280894445246494, -2.3723490183645763, -0.14429752068696755, 0.019125914376176723, 0.24492764501006703, True
2.7348244100048174, -5.9174329136226556, 3.0961984158274385, -0.14429752068696755, 0.019125914376176723, 0.24492764501006703, True
-3.3256567304756146, -3.2229128827604114, -0.12494789395339367, -0.14429752068696755, 0.019125914376176723, 0.24492764501006703, True
-2.4017570684439677, -2.7030588689161976, -2.905767656161217, -0.14429752068696755, 0.019125914376176723, 0.24492764501006703, True
0.06712781026099535, 3.102846379542008, 2.836098721191469, -0.14429752068696755, 0.019125914376176723, 0.24492764501006703, True
0.6766831794565675, 0.8286653150868704, 2.3531658683276975, -0.14429752068696755, 0.019125914376176723, 0.24492764501006703, True
-3.6846423410856723, -5.953508505147968, -1.510164191062367, -0.14429752068696755, 0.019125914376176723, 0.24492764501006703, True
2.1307571498984714, 3.0810696085511733, -1.5406108077560172, -0.14429752068696755, 0.019125914376176723, 0.24492764501006703, True
4.242910136530083, 5.507532337874801, -0.4325981071991136, -0.14429752068696755, 0.019125914376176723, 0.24492764501006703, True
-5.310860606852531, -3.708672293961706, -1.2847064937113426, -0.14429752068696755, 0.019125914376176723, 0.24492764501006703, True
-2.9384553904801884, 1.0668071571999125, -2.0072256788070324, -0.14429752068696755, 0.019125914376176723, 0.24492764501006703, True
-3.38807022727127, 5.218551638430288, 0.17533218535734152, -0.14429752068696755, 0.019125914376176723, 0.24492764501006703, True
-2.890357503529814, 4.835955284841733, 0.2400551115173477, -0.14429752068696755, 0.019125914376176723, 0.24492764501006703, True
4.919757763671113, -2.4287581193261922, 1.5772762486921108, -0.14429752068696755, 0.019125914376176723, 0.24492764501006703, True
4.349155949070758, 6.247572108024372, -0.3511496189039667, -0.14429752068696755, 0.019125914376176723, 0.24492764501006703, True
4.723628842425883, 5.141514193146186, 0.886435283955886, -0.14429752068696755, 0.019125914376176723, 0.24492764501006703, True
-2.0851590660308563, -1.5451809017501184, -3.102313754674585, -0.14429752068696755, 0.019125914376176723, 0.24492764501006703, True
-3.383016144209818, -2.0506457216454104, 2.1562841677201794, -0.14429752068696755, 0.019125914376176723, 0.24492764501006703, True
-0.11438936176131342, 2.5930854407009463, 0.16854766386404618, -0.14429752068696755, 0.019125914376176723, 0.24492764501006703, True
5.248666205648464, -4.994585082809753, 2.038952329462653, -0.14429752068696755, 0.019125914376176723, 0.24492764501006703, True
-2.299793603441285, -6.228705217448864, 2.7381240820342594, -0.14429752068696755, 0.019125914376176723, 0.24492764501006703, True
-0.9497453957199866, -3.73770007044363, -2.4092915838564406, -0.14429752068696755, 0.019125914376176723, 0.24492764501006703, True
-2.3374467258690874, -1.9997197358701406, -2.954749985545976, -0.14429752068696755, 0.019125914376176723, 0.24492764501006703, True
-1.5491689761716927, -0.06420008634373353, -2.546356328942637, -0.14429752068696755, 0.019125914376176723, 0.24492764501006703, True
0.8573706150047409, 3.4503531921342354, -1.3798560111071925, -0.14429752068696755, 0.019125914376176723, 0.24492764501006703, True
5.732279017618474, 1.6177068241012282, 0.31990272376794504, -0.14429752068696755, 0.019125914376176723, 0.24492764501006703, True
5.3477151466797785, 0.5479556955310452, 0.9486993709233813, -0.14429752068696755, 0.019125914376176723, 0.24492764501006703, True
-1.498710382748385, 1.088932663297009, 2.6251052784239883, -0.14429752068696755, 0.019125914376176723, 0.24492764501006703, True
0.590409779255678, -2.6920602095313226, 2.5716794318023313, -0.14429752068696755, 0.019125914376176723, 0.24492764501006703, True
0.0930401682276285, -1.2097027101912534, 2.9921324603200246, -0.14429752068696755, 0.019125914376176723, 0.24492764501006703, True
1.9272055618074724, 0.07130279801478068, -1.4771671910688522, -0.14429752068696755, 0.019125914376176723, 0.24492764501006703, True
6.058793505483161, 4.045285474037257, -0.275553584105098, -0.14429752068696755, 0.019125914376176723, 0.24492764501006703, True
-4.448020091814102, 2.62194349092087, 1.722565127768168, -0.14429752068696755, 0.019125914376176723, 0.24492764501006703, True
5.027099551207343, 1.8914307157551402, -2.0242248510863456, -0.14429752068696755, 0.019125914376176723, 0.24492764501006703, True
-6.14533972782146, -1.1534993194107086, 2.463039554599776, -0.14429752068696755, 0.019125914376176723, 0.24492764501006703, True
5.35698039619305, -5.105938370617709, 0.4149224659365034, -0.14429752068696755, 0.019125914376176723, 0.24492764501006703, True
-0.3758375359088877, -5.598265217425011, 2.7092587627167743, -0.14429752068696755, 0.019125914376176723, 0.24492764501006703, True
1.7990214318390674, 1.5864376941308107, -2.681065240913687, -0.14429752068696755, 0.019125914376176723, 0.24492764501006703, True
2.327530713725702, -4.3719848899877904, -0.5624876717650786, -0.14429752068696755, 0.019125914376176723, 0.24492764501006703, True
-3.1032900731006334, 3.025440837511784, 1.274434870623531, -0.14429752068696755, 0.019125914376176723, 0.24492764501006703, True
-5.842348763783795, -4.7204782375487335, -1.948680453882855, -0.14429752068696755, 0.019125914376176723, 0.24492764501006703, True
5.728578052173468, 1.641228833378796, -1.6719138978249342, -0.14429752068696755, 0.019125914376176723, 0.24492764501006703, True
-2.001889144234064, -4.402484180043526, 0.4762421138329178, -0.14429752068696755, 0.019125914376176723, 0.24492764501006703, True
0.5906083456048519, -2.904198309580584, 0.7983253118052609, -0.14429752068696755, 0.019125914376176723, 0.24492764501006703, True
-2.039794217830079, -4.619338422518327, -0.5600494094924149, -0.14429752068696755, 0.019125914376176723, 0.24492764501006703, True
1.0198339063136306, 1.297566073346288, 1.1581613607364742, -0.14429752068696755, 0.019125914376176723, 0.24492764501006703, True
1.8533937549985762, -3.1320632966773085, -1.8969364130440776, -0.14429752068696755, 0.019125914376176723, 0.24492764501006703, True
1.8457084058615685, 5.024200644932648, -0.7986247484435562, -0.14429752068696755, 0.019125914376176723, 0.24492764501006703, True
-2.0893498572626763, 1.1211361011776688, -3.117018281468716, -0.14429752068696755, 0.019125914376176723, 0.24492764501006703, True
0.8458217428063772, 1.4117958358931881, 0.20562934334633454, -0.14429752068696755, 0.019125914376176723, 0.24492764501006703, True
5.52753379910606, -2.6778400896410264, -1.5133700389371578, -0.14429752068696755, 0.019125914376176723, 0.24492764501006703, True
-5.823853497367348, 4.454431142106598, -1.6133923784098505, -0.14429752068696755, 0.019125914376176723, 0.24492764501006703, True
4.075623338907548, -1.4800522108271794, -0.17429206993577395, -0.14429752068696755, 0.019125914376176723, 0.24492764501006703, True
-4.50671684831872, 2.56351720863835, 1.4314779080624547, -0.14429752068696755, 0.019125914376176723, 0.24492764501006703, True
-2.5086392857069106, -4.291262148357749, -2.1693159552567076, -0.14429752068696755, 0.019125914376176723, 0.24492764501006703, True
3.2782089941448778, -3.034290872899324, -2.3804804121157357, -0.14429752068696755, 0.019125914376176723, 0.24492764501006703, True
5.491119496189562, 3.3613151241166808, -2.7234224264536375, -0.14429752068696755, 0.019125914376176723, 0.24492764501006703, True
-3.3937504679354245, -2.351528104923908, 0.47483898221951515, -0.14429752068696755, 0.019125914376176723, 0.24492764501006703, True
-4.153271392324531, -6.1228559911753555, -1.1397624377843747, -0.14429752068696755, 0.019125914376176723, 0.24492764501006703, True
-3.8522100796726715, 2.2804298579363422, -1.7951289943609705, -0.14429752068696755, 0.019125914376176723, 0.24492764501006703, True
-5.931637313209194, 4.505176868113811, 1.7920116368243217, -0.14429752068696755, 0.019125914376176723, 0.24492764501006703, True
-0.39892838341945147, 5.465646104455875, -0.5258150986009169, -0.14429752068696755, 0.019125914376176723, 0.24492764501006703, True
0.17250247592317436, 6.158529273396642, -1.5483289338111828, -0.14429752068696755, 0.019125914376176723, 0.24492764501006703, True
-5.902211138683187, 0.14190508045958516, 1.5975037013331033, -0.14429752068696755, 0.019125914376176723, 0.24492764501006703, True
-0.13647478045893724, 0.8586911644519857, -2.1551907967568686, -0.14429752068696755, 0.019125914376176723, 0.24492764501006703, True
2.2157890526464463, 5.850052002182272, -1.8847644233862784, -0.14429752068696755, 0.019125914376176723, 0.24492764501006703, True
