6.273154398307279, -0.4503784692643418, -1.0815877620390442, 0.15149429038740703, -0.258966300764223, 0.4561039575426369, False
5.5920643406596255, -6.03552850637916, -0.009832124554259636, 0.15149429038740703, -0.258966300764223, 0.4561039575426369, False
-6.275456513502821, 3.998956129022737, -3.0781161463473525, 0.15149429038740703, -0.258966300764223, 0.4561039575426369, True
-5.5745917599745844, -3.272546088608827, 1.1363259557884948, 0.15149429038740703, -0.258966300764223, 0.4561039575426369, False
0.9551925552966329, -0.807316732980774, 0.5525375993350607, 0.15149429038740703, -0.258966300764223, 0.4561039575426369, False
-3.2356682129766563, 4.509389508171141, -2.8585909396259277, 0.15149429038740703, -0.258966300764223, 0.4561039575426369, True
-4.5483664414883425, 1.2754846586186757, -0.8575977541216941, 0.15149429038740703, -0.258966300764223, 0.4561039575426369, False
-2.015368152430442, -4.303981907332583, 0.044683256316199405, 0.15149429038740703, -0.258966300764223, 0.4561039575426369, False
0.5900648709237801, -4.276343483815482, -2.8036187622420425, 0.15149429038740703, -0.258966300764223, 0.4561039575426369, False
-1.9946651189924083, -5.358882983438569, 0.46284299956455044, 0.15149429038740703, -0.258966300764223, 0.4561039575426369, False
-1.6296704428400712, -1.8655921487551659, -1.780169919527942, 0.15149429038740703, -0.258966300764223, 0.4561039575426369, False
-3.8270949319894707, 1.5299840872103205, -2.049657810113539, 0.15149429038740703, -0.258966300764223, 0.4561039575426369, False
2.593963183721641, -5.490824176531139, 0.41138097283654496, 0.15149429038740703, -0.258966300764223, 0.4561039575426369, False
5.854175577762433, -3.3291585240126493, -1.207729167352467, 0.15149429038740703, -0.258966300764223, 0.4561039575426369, False
-0.7611909906346401, -6.057205226887117, -1.9480546080850123, 0.15149429038740703, -0.258966300764223, 0.4561039575426369, True
4.535388360232707, 1.6510873877228045, 0.6428324969134649, 0.15149429038740703, -0.258966300764223, 0.4561039575426369, False
5.232859615601894, -6.072670650188568, 1.2670524590169983, 0.15149429038740703, -0.258966300764223, 0.4561039575426369, False
-4.747537038641235, 2.986763574442369, -0.8390806421715835, 0.15149429038740703, -0.258966300764223, 0.4561039575426369, False
-5.149977006710064, 3.9984677459224667, -0.028767062599695414, 0.15149429038740703, -0.258966300764223, 0.4561039575426369, False
-3.1544571453420707, 1.100944678600694, 0.69293333664876, 0.15149429038740703, -0.258966300764223, 0.4561039575426369, False
6.138667440790895, -6.277101953618789, 2.765391385112551, 0.15149429038740703, -0.258966300764223, 0.4561039575426369, False
-5.061704111276326, 1.3544230765274001, 1.289289233283255, 0.15149429038740703, -0.258966300764223, 0.4561039575426369, False
5.517330563368283, 5.546253898179678, 0.5322706565952622, 0.15149429038740703, -0.258966300764223, 0.4561039575426369, True
-2.3967737174592396, 5.842015041544618, -0.2626533916041529, 0.15149429038740703, -0.258966300764223, 0.4561039575426369, False
-1.4303000641352526, -0.6995053898780395, 2.9849877791782804, 0.15149429038740703, -0.258966300764223, 0.4561039575426369, True
-0.44846716743338355, 1.6833980111042726, 0.4439033488437145, 0.15149429038740703, -0.258966300764223, 0.4561039575426369, False
-1.5102843168389324, 2.959225563464541, 1.006646068742528, 0.15149429038740703, -0.258966300764223, 0.4561039575426369, False
4.74352673097745, 0.02791515272640943, -1.9576535957059198, 0.15149429038740703, -0.258966300764223, 0.4561039575426369, True
-1.7940028388931601, 0.46236426894250116, -0.6860532805558153, 0.15149429038740703, -0.258966300764223, 0.4561039575426369, False
2.6327924500228512, 5.443873007861617, -0.27054894130080553, 0.15149429038740703, -0.258966300764223, 0.4561039575426369, False
-4.679577611401254, -1.2467230540434144, 2.989888779724475, 0.15149429038740703, -0.258966300764223, 0.4561039575426369, True
-0.5347571625533094, 1.37421824482926, -0.29797356337779846, 0.15149429038740703, -0.258966300764223, 0.4561039575426369, False
-4.9255239921562675, 4.693833902930576, -2.6371012992355336, 0.15149429038740703, -0.258966300764223, 0.4561039575426369, False
-3.6076836203114753, 1.4366186250800537, 1.6401224164448296, 0.15149429038740703, -0.258966300764223, 0.4561039575426369, False
-2.5572751201692157, -0.2245099598280964, 1.512150462252464, 0.15149429038740703, -0.258966300764223, 0.4561039575426369, False
1.2637553442227052, 1.4797870993423352, -0.25856994638047315, 0.15149429038740703, -0.258966300764223, 0.4561039575426369, False
5.459421431643259, 2.4705811779750455, 2.81041680034801, 0.15149429038740703, -0.258966300764223, 0.4561039575426369, False
-2.6034695017762965, 3.8332826285281456, 2.7324280628594115, 0.15149429038740703, -0.258966300764223, 0.4561039575426369, False
3.489136606100084, -5.533344921977729, 3.083698603558414, 0.15149429038740703, -0.258966300764223, 0.4561039575426369, True
-0.6074051581498274, -5.722444578013158, -0.5639075768208035, 0.15149429038740703, -0.258966300764223, 0.4561039575426369, False
-4.507127644088548, 0.16923912047373157, 1.1728219421830453, 0.15149429038740703, -0.258966300764223, 0.4561039575426369, False
3.007499609177067, 5.70945149794508, 1.353327602705952, 0.15149429038740703, -0.258966300764223, 0.4561039575426369, False
-1.1564058602551226, -4.590025989847867, -1.6705237782401474, 0.15149429038740703, -0.258966300764223, 0.4561039575426369, False
-2.3375057279677716, -5.8335588713121975, 2.479401451887445, 0.15149429038740703, -0.258966300764223, 0.4561039575426369, False
-2.9181332161076927, 5.486130542906633, -0.8050743321471656, 0.15149429038740703, -0.258966300764223, 0.4561039575426369, False
1.0873142453524824, 5.9678230726252846, 2.5140062027857173, 0.15149429038740703, -0.258966300764223, 0.4561039575426369, False
5.3620180877593775, -1.1717699844667306, -1.149154231455564, 0.15149429038740703, -0.258966300764223, 0.4561039575426369, False
-0.20739216864868038, 5.277324544544516, 1.6361496972425167, 0.15149429038740703, -0.258966300764223, 0.4561039575426369, False
-4.5458938834509235, -1.3682610832017392, -0.19083322890975385, 0.15149429038740703, -0.258966300764223, 0.4561039575426369, False
-2.324679186588068, 3.957910449634042, 2.149316235622104, 0.15149429038740703, -0.258966300764223, 0.4561039575426369, False
0.31378552742929955, 3.0699744137325506, -1.7247566719415437, 0.15149429038740703, -0.258966300764223, 0.4561039575426369, False
3.594625119623327, 5.719361640193698, 0.5712644350268885, 0.15149429038740703, -0.258966300764223, 0.4561039575426369, False
-2.7063150309785122, 3.192400907422128, -1.2615634220507352, 0.15149429038740703, -0.258966300764223, 0.4561039575426369, False
-5.0505060707145, -5.409109907642885, -2.0526397186965983, 0.15149429038740703, -0.258966300764223, 0.4561039575426369, False
6.166625782788275, -2.370023323269859, 0.8541896495425911, 0.15149429038740703, -0.258966300764223, 0.4561039575426369, False
2.123134678009974, -1.2875653907378082, 0.01658148617272337, 0.15149429038740703, -0.258966300764223, 0.4561039575426369, False
-5.104702280895473, 0.5907091485557423, 2.208441715804148, 0.15149429038740703, -0.258966300764223, 0.4561039575426369, False
2.1249206837865167, -0.8204485995960695, -2.9764447713456326, 0.15149429038740703, -0.258966300764223, 0.4561039575426369, True
-4.158159556532228, -1.9818219762411395, 0.8785243943868766, 0.15149429038740703, -0.258966300764223, 0.4561039575426369, True
0.46109451594763406, 2.574404811135638, -1.049904992182502, 0.15149429038740703, -0.258966300764223, 0.4561039575426369, False
5.904690117791878, -3.9751015364221485, -0.9602168245880178, 0.15149429038740703, -0.258966300764223, 0.4561039575426369, False
0.36142085649810873, 0.22183056525949763, -2.6495174932438914, 0.15149429038740703, -0.258966300764223, 0.4561039575426369, False
-4.405421790773897, -5.31744634290182, 2.5511015601763525, 0.15149429038740703, -0.258966300764223, 0.4561039575426369, False
3.1142905747091714, -5.532827329790678, -2.9962725640977137, 0.15149429038740703, -0.258966300764223, 0.4561039575426369, True
4.433407404447529, -1.1987776795261267, -2.40325703127389, 0.15149429038740703, -0.258966300764223, 0.4561039575426369, True
5.1380323498237335, -3.802285048910166, -0.47986032974917237, 0.15149429038740703, -0.258966300764223, 0.4561039575426369, False
0.5928430668572888, 4.939020834262152, 0.649597610896608, 0.15149429038740703, -0.258966300764223, 0.4561039575426369, False
-6.198604401617411, -6.112223670327358, -0.5815777373617443, 0.15149429038740703, -0.258966300764223, 0.4561039575426369, False
-0.18041353239299074, -6.031884393186631, -1.7084838141716177, 0.15149429038740703, -0.258966300764223, 0.4561039575426369, False
2.2531160819731433, -3.942604343432353, 1.0985879188279366, 0.15149429038740703, -0.258966300764223, 0.4561039575426369, False
6.105179433572163, 1.2302362698309315, -2.7851292557536276, 0.15149429038740703, -0.258966300764223, 0.4561039575426369, False
-5.10448907254548, -1.7752037088515795, -0.24835533353339345, 0.15149429038740703, -0.258966300764223, 0.4561039575426369, False
3.728531210756733, 5.976405320811461, 1.9206397810997933, 0.15149429038740703, -0.258966300764223, 0.4561039575426369, False
0.6514460015072565, 0.06482994450283108, -0.847529855613856, 0.15149429038740703, -0.258966300764223, 0.4561039575426369, False
-5.458761032066889, 2.7070828876929447, -0.7267644680195975, 0.15149429038740703, -0.258966300764223, 0.4561039575426369, False
4.459064208924431, -2.711846636777661, -1.0742850348847415, 0.15149429038740703, -0.258966300764223, 0.4561039575426369, False
1.0020694336903446, -1.5252729051513239, 2.7747377379256104, 0.15149429038740703, -0.258966300764223, 0.4561039575426369, False
6.038902822481351, 2.626500623911273, -0.3241307673284677, 0.15149429038740703, -0.258966300764223, 0.4561039575426369, False
4.341566589009949, -2.0940846096331533, 0.7344102455661865, 0.15149429038740703, -0.258966300764223, 0.4561039575426369, False
1.934171333354545, 2.5088802902936624, 1.765931854212801, 0.15149429038740703, -0.258966300764223, 0.4561039575426369, False
2.1624046190017054, -0.7609496263732227, -0.6673726218789939, 0.15149429038740703, -0.258966300764223, 0.4561039575426369, False
-4.3721331364229625, -5.635151373955815, -1.1398978369087502, 0.15149429038740703, -0.258966300764223, 0.4561039575426369, False
-3.164180173247187, -3.706750667405779, -1.3275005916383642, 0.15149429038740703, -0.258966300764223, 0.4561039575426369, False
-1.1669218105349906, 0.0429245741338784, -2.8455175233322128, 0.15149429038740703, -0.258966300764223, 0.4561039575426369, False
-0.02742385734299191, -3.0460350860129863, 2.665759455205757, 0.15149429038740703, -0.258966300764223, 0.4561039575426369, False
3.712070650402291, -1.4765956885548235, 0.6034715990546711, 0.15149429038740703, -0.258966300764223, 0.4561039575426369, True
-4.939187887764236, -4.5238147081984454, -2.7260369110061573, 0.15149429038740703, -0.258966300764223, 0.4561039575426369, False
3.8186811374078697, -3.8613893133176163, 2.9676043560279375, 0.15149429038740703, -0.258966300764223, 0.4561039575426369, True
-0.11850456084295757, -3.6660584180524807, 0.8772131183071856, 0.15149429038740703, -0.258966300764223, 0.4561039575426369, False
2.528708146514891, 0.8240168242856196, 1.6770101851829189, 0.15149429038740703, -0.258966300764223, 0.4561039575426369, False
1.7516065086576162, 2.0200727182417637, 0.14195117307300853, 0.15149429038740703, -0.258966300764223, 0.4561039575426369, False
5.46860219728419, -1.1430582268397114, 0.13332545573799592, 0.15149429038740703, -0.258966300764223, 0.4561039575426369, True
0.2653503602248879, 3.0415315948740425, -2.5440552264709027, 0.15149429038740703, -0.258966300764223, 0.4561039575426369, False
-3.609531816078604, -4.786855385688966, -0.35583520585850925, 0.15149429038740703, -0.258966300764223, 0.4561039575426369, False
-4.017332016354478, -1.235622392540531, -1.9152246979470624, 0.15149429038740703, -0.258966300764223, 0.4561039575426369, True
0.5975822974124156, 6.020408676842354, -0.6516251347009456, 0.15149429038740703, -0.258966300764223, 0.4561039575426369, False
-3.5457029814754826, 0.6202846717346695, -1.2731569919899197, 0.15149429038740703, -0.258966300764223, 0.4561039575426369, False
-3.6616267440564387, 4.627397692861063, 1.4099685711649625, 0.15149429038740703, -0.258966300764223, 0.4561039575426369, False
5.004124370276168, -6.245951134480677, -0.17431504588430569, 0.15149429038740703, -0.258966300764223, 0.4561039575426369, False
4.648043149385167, 5.901387447882598, 1.3884333484030487, 0.15149429038740703, -0.258966300764223, 0.4561039575426369, False
