-1.6129057488769982, 0.6480209235319183, 2.6828750799302554, -0.07302084772420903, -0.04574931860859477, -0.016224001783900377, True
-1.3744425311724218, 1.9588032215849633, 2.0414334331789066, -0.07302084772420903, -0.04574931860859477, -0.016224001783900377, True
0.2607867425836474, -5.009674562285298, 2.6427000860647434, -0.07302084772420903, -0.04574931860859477, -0.016224001783900377, True
4.467704827849774, -0.6059585669428555, -1.4831596339825108, -0.07302084772420903, -0.04574931860859477, -0.016224001783900377, True
-2.8737019179908416, 3.328728435710442, 0.545297136557878, -0.07302084772420903, -0.04574931860859477, -0.016224001783900377, True
0.8131643526029455, 3.461206803197138, 2.763695181250907, -0.07302084772420903, -0.04574931860859477, -0.016224001783900377, True
3.0998736862575917, -4.792207747867789, -0.42549997355492275, -0.07302084772420903, -0.04574931860859477, -0.016224001783900377, True
5.306309351024492, 1.914892845151888, 2.3549326753699003, -0.07302084772420903, -0.04574931860859477, -0.016224001783900377, True
-2.051767879440442, -3.3245850278370743, -1.7033064014696542, -0.07302084772420903, -0.04574931860859477, -0.016224001783900377, True
-1.9381364780564896, -5.671317765622894, -1.2694344937993898, -0.07302084772420903, -0.04574931860859477, -0.016224001783900377, True
-5.5313403230798235, -4.349817041928149, -2.5224312618554805, -0.07302084772420903, -0.04574931860859477, -0.016224001783900377, True
-4.4782658054293725, -3.436488346548279, -1.1212451961306225, -0.07302084772420903, -0.04574931860859477, -0.016224001783900377, True
2.8763270509383148, 3.8981497927807567, -1.5882579484058152, -0.07302084772420903, -0.04574931860859477, -0.016224001783900377, True
5.637455407606991, -4.495270519988515, 0.2005021823511397, -0.07302084772420903, -0.04574931860859477, -0.016224001783900377, True
5.97598494166192, 3.4788119154671264, 1.2167498162736123, -0.07302084772420903, -0.04574931860859477, -0.016224001783900377, True
2.5279602031673445, -2.9059211747723848, -0.20369262979025216, -0.07302084772420903, -0.04574931860859477, -0.016224001783900377, True
0.2279821127948276, 5.9070143129468065, -1.554819681372506, -0.07302084772420903, -0.04574931860859477, -0.016224001783900377, True
0.034276769733480705, 1.4724913512616737, -1.5452994688013935, -0.07302084772420903, -0.04574931860859477, -0.016224001783900377, True
-2.113099859757205, -2.259745633371746, 2.5225373072127706, -0.07302084772420903, -0.04574931860859477, -0.016224001783900377, True
-3.799954058218839, -5.561648419813669, -2.975784564232778, -0.07302084772420903, -0.04574931860859477, -0.016224001783900377, True
3.2299264623662793, -5.492173073426262, 0.9459637706474133, -0.07302084772420903, -0.04574931860859477, -0.016224001783900377, True
-3.737164847383625, 4.213323337766646, 1.3346652083666468, -0.07302084772420903, -0.04574931860859477, -0.016224001783900377, True
-2.836673944844809, 0.1516585215200772, -2.041525192096308, -0.07302084772420903, -0.04574931860859477, -0.016224001783900377, True
-0.3824742452458194, -4.8324944354476695, 2.769368646910377, -0.07302084772420903, -0.04574931860859477, -0.016224001783900377, True
1.3299080025479535, 2.8077437269410375, -0.8174519060710734, -0.07302084772420903, -0.04574931860859477, -0.016224001783900377, True
4.489216577803422, -1.205129582189043, 3.107176513085708, -0.07302084772420903, -0.04574931860859477, -0.016224001783900377, True
-0.7990974562647022, -2.350288238415493, 3.0899034981882965, -0.07302084772420903, -0.04574931860859477, -0.016224001783900377, True
-1.8922512347021092, 4.82106186111359, 1.596945449928354, -0.07302084772420903, -0.04574931860859477, -0.016224001783900377, True
0.8136511488571809, 3.191875695184155, -2.9832552011451394, -0.07302084772420903, -0.04574931860859477, -0.016224001783900377, True
-3.648072325450682, 0.4054365485285558, -2.1466829065100974, -0.07302084772420903, -0.04574931860859477, -0.016224001783900377, True
0.2560840964262727, -4.999228199383188, -0.8667968361845397, -0.07302084772420903, -0.04574931860859477, -0.016224001783900377, True
2.9888606989691926, -1.4590532342104954, -1.6890038815721569, -0.07302084772420903, -0.04574931860859477, -0.016224001783900377, True
2.0206739303388055, 1.9805467834113006, -1.581327533480481, -0.07302084772420903, -0.04574931860859477, -0.016224001783900377, True
3.808917951918346, -5.708364022574938, -1.6907183557937329, -0.07302084772420903, -0.04574931860859477, -0.016224001783900377, True
-3.8298498563591084, 4.374694648117538, -2.035943835951919, -0.07302084772420903, -0.04574931860859477, -0.016224001783900377, True
-5.365988142012981, -0.12070258665739075, -2.604262965351377, -0.07302084772420903, -0.04574931860859477, -0.016224001783900377, True
5.046115276981753, -0.8556763240317045, 1.9895121585667992, -0.07302084772420903, -0.04574931860859477, -0.016224001783900377, True
-3.75703131658547, -3.6954367912947697, 2.425463518121382, -0.07302084772420903, -0.04574931860859477, -0.016224001783900377, True
1.4205073231786844, -0.17005973728634416, 2.5825432694175063, -0.07302084772420903, -0.04574931860859477, -0.016224001783900377, True
-2.0259661963127833, -3.62090134754135, 1.1581030107193913, -0.07302084772420903, -0.04574931860859477, -0.016224001783900377, True
5.566427305442252, -4.902956997423689, -2.2875959959203684, -0.07302084772420903, -0.04574931860859477, -0.016224001783900377, True
1.2441733661034906, 3.287016714377895, -0.017237018295718, -0.07302084772420903, -0.04574931860859477, -0.016224001783900377, True
-6.232469762668442, 2.6860254658425315, 1.313246324069632, -0.07302084772420903, -0.04574931860859477, -0.016224001783900377, True
4.78867405879466, 4.041125082974302, -1.6617005066191641, -0.07302084772420903, -0.04574931860859477, -0.016224001783900377, True
-3.08326700977948, -2.8096310646905933, -1.9564085008972874, -0.07302084772420903, -0.04574931860859477, -0.016224001783900377, True
-1.4514220717767934, -5.52272121627585, -1.2789640619376315, -0.07302084772420903, -0.04574931860859477, -0.016224001783900377, True
0.33188624393391564, 3.6792991163350948, -0.9942819589464915, -0.07302084772420903, -0.04574931860859477, -0.016224001783900377, True
3.4500876589106486, 5.029667982518916, 2.76433549576654, -0.07302084772420903, -0.04574931860859477, -0.016224001783900377, True
-3.3999608488916797, 3.964405466948966, -0.10857227955984472, -0.07302084772420903, -0.04574931860859477, -0.016224001783900377, True
2.7613527098815567, 4.289289494510069, 0.27077953499520246, -0.07302084772420903, -0.04574931860859477, -0.016224001783900377, True
6.072810191928548, -2.182321876704888, -1.8238242730846663, -0.07302084772420903, -0.04574931860859477, -0.016224001783900377, True
3.2498670745107177, 6.2455681398176335, 1.4333077578188913, -0.07302084772420903, -0.04574931860859477, -0.016224001783900377, True
-1.275616862392865, 4.711397953613229, 0.831032128495726, -0.07302084772420903, -0.04574931860859477, -0.016224001783900377, True
-4.409126326774359, 4.800646760225241, 1.6274766902936406, -0.07302084772420903, -0.04574931860859477, -0.016224001783900377, True
4.210911785673677, -3.333668107844465, -0.4420948158366089, -0.07302084772420903, -0.04574931860859477, -0.016224001783900377, True
5.0718819121387835, 5.558053799955289, -0.6400503637102442, -0.07302084772420903, -0.04574931860859477, -0.016224001783900377, True
-3.53783593210584, 5.57565032294133, 0.556947913016721, -0.07302084772420903, -0.04574931860859477, -0.016224001783900377, True
3.943399527123134, -6.07044438177421, 1.263377391410124, -0.07302084772420903, -0.04574931860859477, -0.016224001783900377, True
1.4138328603579184, 4.915082992844114, -0.17210956904493546, -0.07302084772420903, -0.04574931860859477, -0.016224001783900377, True
0.19661340332870303, 2.0001040951570843, 2.464229214864077, -0.07302084772420903, -0.04574931860859477, -0.016224001783900377, True
0.06008885837412592, -4.083746399307076, 2.6698836490667377, -0.07302084772420903, -0.04574931860859477, -0.016224001783900377, True
-3.7687508119238875, -1.6529148768429884, 1.5687624512274825, -0.07302084772420903, -0.04574931860859477, -0.016224001783900377, True
-0.8763136155533129, -5.892127489210488, -2.119545772582356, -0.07302084772420903, -0.04574931860859477, -0.016224001783900377, True
2.6935640380434176, -3.9154806348534867, 2.211518044585734, -0.07302084772420903, -0.04574931860859477, -0.016224001783900377, True
-2.216923665672729, -3.3509168668251075, -2.5381236907706684, -0.07302084772420903, -0.04574931860859477, -0.016224001783900377, True
-1.90415414332187, -2.401935423292795, 1.7787359589029013, -0.07302084772420903, -0.04574931860859477, -0.016224001783900377, True
1.3156605673707462, 1.6856582853467605, 0.38807086340735575, -0.07302084772420903, -0.04574931860859477, -0.016224001783900377, True
2.2094195201510622, -1.465559276514628, 0.22117416966491543, -0.07302084772420903, -0.04574931860859477, -0.016224001783900377, True
2.329580110311543, 4.502886918890955, -0.3242536075679281, -0.07302084772420903, -0.04574931860859477, -0.016224001783900377, True
-1.1880193301497597, -1.231330827392707, 2.782257131031333, -0.07302084772420903, -0.04574931860859477, -0.016224001783900377, True
-3.7976522948601588, -2.2046294465436382, -0.4356010013813325, -0.07302084772420903, -0.04574931860859477, -0.016224001783900377, True
-2.3546620241903238, -1.1432958714489203, 1.71387013072947, -0.07302084772420903, -0.04574931860859477, -0.016224001783900377, True
-3.4568215810221954, 0.9160198380725859, -2.7841853276812323, -0.07302084772420903, -0.04574931860859477, -0.016224001783900377, True
5.661337188856834, 5.833311832261867, 2.6902929552880117, -0.07302084772420903, -0.04574931860859477, -0.016224001783900377, True
-6.251899023188079, 3.0660248469127716, -2.4818155602471483, -0.07302084772420903, -0.04574931860859477, -0.016224001783900377, True
4.014515814283305, -3.818553224145785, 1.9228467812356076, -0.07302084772420903, -0.04574931860859477, -0.016224001783900377, True
-2.8243284361913936, 6.16118080066077, 0.7870306111151244, -0.07302084772420903, -0.04574931860859477, -0.016224001783900377, True
3.182979970811042, -3.275566031072424, -1.5033712303120794, -0.07302084772420903, -0.04574931860859477, -0.016224001783900377, True
-2.4617959678049535, -2.8919918070923094, -0.8581948533329431, -0.07302084772420903, -0.04574931860859477, -0.016224001783900377, True
3.008419685696172, -4.995220085447758, -0.23037018903693784, -0.07302084772420903, -0.04574931860859477, -0.016224001783900377, True
-5.959569801204605, -4.603972747037148, 1.9020589689959255, -0.07302084772420903, -0.04574931860859477, -0.016224001783900377, True
5.9650755921304555, 2.6761938402748005, 2.1640285939351225, -0.07302084772420903, -0.04574931860859477, -0.016224001783900377, True
-3.8422287779602513, -6.1906381947883045, 1.4223677275660682, -0.07302084772420903, -0.04574931860859477, -0.016224001783900377, True
-1.8262988100542525, -4.590605419474908, 0.606108996909573, -0.07302084772420903, -0.04574931860859477, -0.016224001783900377, True
-5.351935495480997, -2.149421949686773, 0.2180241745065823, -0.07302084772420903, -0.04574931860859477, -0.016224001783900377, True
-2.462501146311919, -1.2257092458154508, -1.0336011348471361, -0.07302084772420903, -0.04574931860859477, -0.016224001783900377, True
-5.564857670707324, 2.3237533374152246, -0.7427889921413176, -0.07302084772420903, -0.04574931860859477, -0.016224001783900377, True
-2.1219758839847884, -5.0013567624851145, 2.1157531416558397, -0.07302084772420903, -0.04574931860859477, -0.016224001783900377, True
-1.2180567002561054, 4.4928182788006215, -2.2465909881218313, -0.07302084772420903, -0.04574931860859477, -0.016224001783900377, True
-6.093691167842151, 0.5679394181523438, 1.437494581760772, -0.07302084772420903, -0.04574931860859477, -0.016224001783900377, True
-1.0998842515096285, -1.6448318821666188, 1.592211440971803, -0.07302084772420903, -0.04574931860859477, -0.016224001783900377, True
-5.533304386063806, 5.792741594114606, -2.25378124037121, -0.07302084772420903, -0.04574931860859477, -0.016224001783900377, True
-3.9838165046093437, 2.4678746809976353, 2.9110351988672205, -0.07302084772420903, -0.04574931860859477, -0.016224001783900377, True
2.560255908624299, -0.3770150286119591, -0.6676810966867692, -0.07302084772420903, -0.04574931860859477, -0.016224001783900377, True
1.5200123409004656, -0.9108609366423233, 0.11332126807738341, -0.07302084772420903, -0.04574931860859477, -0.016224001783900377, True
-6.156259420458495, 1.958227842644444, 2.4986006851436597, -0.07302084772420903, -0.04574931860859477, -0.016224001783900377, True
-0.06586578560107892, 3.898802466476246, 2.6109085736769995, -0.07302084772420903, -0.04574931860859477, -0.016224001783900377, True
0.5446166317368029, -2.971446028744722, -1.1890442350488744, -0.07302084772420903, -0.04574931860859477, -0.016224001783900377, True
1.0671926723121086, -3.230998937668097, -0.1960128287933487, -0.07302084772420903, -0.04574931860859477, -0.016224001783900377, True
-5.431672915113506, 0.9818903548843565, -1.6428666796053275, -0.07302084772420903, -0.04574931860859477, -0.016224001783900377, True
