2.0834937031923335, -5.249678202098718, 2.09838598991473, 0.4106692237486085, 0.30347949865423474, -0.7372949388674737, False
3.0373129355316504, 5.845241606937652, 1.339493361671762, 0.4106692237486085, 0.30347949865423474, -0.7372949388674737, False
-4.615401862422095, 3.490675641356363, 0.05643520844431871, 0.4106692237486085, 0.30347949865423474, -0.7372949388674737, False
-3.9615331681409454, -3.7898459867546133, -2.501381336426605, 0.4106692237486085, 0.30347949865423474, -0.7372949388674737, False
3.958083663394129, 1.2304987521074295, 2.886426721206007, 0.4106692237486085, 0.30347949865423474, -0.7372949388674737, True
1.2830791160943686, 3.4126179593852957, -1.7123656050492149, 0.4106692237486085, 0.30347949865423474, -0.7372949388674737, False
2.255292189208591, 5.720215597358932, -0.34512490534327833, 0.4106692237486085, 0.30347949865423474, -0.7372949388674737, False
-4.5616535860696334, -5.282268660646215, -0.7298377320001226, 0.4106692237486085, 0.30347949865423474, -0.7372949388674737, False
-4.698442596837548, -1.0626624343100222, -2.8633289468224676, 0.4106692237486085, 0.30347949865423474, -0.7372949388674737, True
-4.5626276757205115, -4.4846050522759935, 1.0465677883812248, 0.4106692237486085, 0.30347949865423474, -0.7372949388674737, False
-3.959302618595583, 4.0480303729164735, 0.2029534433960829, 0.4106692237486085, 0.30347949865423474, -0.7372949388674737, False
4.354744746098362, -5.423251984111814, 1.6527872727927884, 0.4106692237486085, 0.30347949865423474, -0.7372949388674737, False
1.2847829674152536, -5.523591692975189, -1.0449404059865968, 0.4106692237486085, 0.30347949865423474, -0.7372949388674737, False
5.551069182961914, 0.28876157584677475, -1.8345305435833288, 0.4106692237486085, 0.30347949865423474, -0.7372949388674737, False
1.4643419746519388, 2.8014066984233335, 1.928397685168994, 0.4106692237486085, 0.30347949865423474, -0.7372949388674737, False
-5.790924081016396, -6.025062197092128, -1.042588760651785, 0.4106692237486085, 0.30347949865423474, -0.7372949388674737, False
-5.936291270978148, -4.264827254620634, -1.587366839775774, 0.4106692237486085, 0.30347949865423474, -0.7372949388674737, False
4.5868879157835565, -4.539162213091713, -1.8019169687994288, 0.4106692237486085, 0.30347949865423474, -0.7372949388674737, False
-4.072184077559365, 2.388482305870175, -0.8682816845736476, 0.4106692237486085, 0.30347949865423474, -0.7372949388674737, False
4.054642841501176, 1.5309447887389345, -0.47993560657303913, 0.4106692237486085, 0.30347949865423474, -0.7372949388674737, False
2.6987266699343877, -4.291859956247237, -1.8313936839992497, 0.4106692237486085, 0.30347949865423474, -0.7372949388674737, False
4.404071285237267, -1.6597144502374341, 0.623702809466228, 0.4106692237486085, 0.30347949865423474, -0.7372949388674737, False
3.4096022445446135, -4.999209398952039, 0.7695852422301668, 0.4106692237486085, 0.30347949865423474, -0.7372949388674737, False
1.5237673179950484, 5.603076483513595, -0.3591460218837761, 0.4106692237486085, 0.30347949865423474, -0.7372949388674737, False
3.4534376092182697, 1.4687807883823298, 0.20473552071915968, 0.4106692237486085, 0.30347949865423474, -0.7372949388674737, False
3.141253049420307, -1.5963617008502258, -1.412418984667203, 0.4106692237486085, 0.30347949865423474, -0.7372949388674737, False
0.8360207021481161, -4.513536359927556, 3.021656319067299, 0.4106692237486085, 0.30347949865423474, -0.7372949388674737, True
5.584252722604454, 3.371501858077268, 2.64863657600492, 0.4106692237486085, 0.30347949865423474, -0.7372949388674737, False
-5.741885927934636, 3.8470485974465234, 2.189559554663945, 0.4106692237486085, 0.30347949865423474, -0.7372949388674737, False
5.762203458188267, -5.050749574900694, 0.7281304401205952, 0.4106692237486085, 0.30347949865423474, -0.7372949388674737, False
-2.915382917027963, -4.0216002692532555, 2.4414450349751444, 0.4106692237486085, 0.30347949865423474, -0.7372949388674737, False
-1.4788611160062883, -5.969190051482499, 0.7460321298539219, 0.4106692237486085, 0.30347949865423474, -0.7372949388674737, False
-4.778536613574317, 0.9737757787889096, -1.504179878929249, 0.4106692237486085, 0.30347949865423474, -0.7372949388674737, False
3.87193965437228, -0.774142808063317, 1.9421738719778432, 0.4106692237486085, 0.30347949865423474, -0.7372949388674737, False
-0.3817123049471851, -5.777079345661239, 2.9272397936170176, 0.4106692237486085, 0.30347949865423474, -0.7372949388674737, True
5.9543405601852015, 5.848886785830848, -0.3371145918262841, 0.4106692237486085, 0.30347949865423474, -0.7372949388674737, False
5.448055177479773, 2.748771285301821, 0.9153221619147907, 0.4106692237486085, 0.30347949865423474, -0.7372949388674737, False
-2.2467724053434486, 4.576225439485391, -1.631828530333355, 0.4106692237486085, 0.30347949865423474, -0.7372949388674737, False
2.0751912629259053, 2.59973216808368, -0.1086034265573601, 0.4106692237486085, 0.30347949865423474, -0.7372949388674737, False
3.9927481806794685, -2.699353877674074, -0.9423931472842288, 0.4106692237486085, 0.30347949865423474, -0.7372949388674737, False
-3.723786976864487, -1.9486503280417153, 1.4825082488127963, 0.4106692237486085, 0.30347949865423474, -0.7372949388674737, False
4.967640462687907, -1.1074122384074805, -0.3560538574450498, 0.4106692237486085, 0.30347949865423474, -0.7372949388674737, False
3.1621498577878047, -0.28766268764132885, -0.5125828816650895, 0.4106692237486085, 0.30347949865423474, -0.7372949388674737, False
-4.555623206355467, -1.2433579196463045, 0.68686842464707, 0.4106692237486085, 0.30347949865423474, -0.7372949388674737, False
6.2306730274308215, 4.865017464359111, -1.3133898442606007, 0.4106692237486085, 0.30347949865423474, -0.7372949388674737, False
6.085600508046781, -3.6683753098486527, -3.082044472063922, 0.4106692237486085, 0.30347949865423474, -0.7372949388674737, True
3.4873593825422766, -4.363905363003721, 0.7521134006723824, 0.4106692237486085, 0.30347949865423474, -0.7372949388674737, False
-0.8096334651585106, 3.9228728453672748, 2.024709182494588, 0.4106692237486085, 0.30347949865423474, -0.7372949388674737, False
-5.555494605148924, -4.627131072098156, 0.5138481116572811, 0.4106692237486085, 0.30347949865423474, -0.7372949388674737, False
-1.606799650840756, -1.842120613639385, -1.158897807942537, 0.4106692237486085, 0.30347949865423474, -0.7372949388674737, False
-5.930648032063193, 0.019487729432094092, -0.4982563870551866, 0.4106692237486085, 0.30347949865423474, -0.7372949388674737, False
3.519466223478396, 4.203688128858923, 3.111539475486328, 0.4106692237486085, 0.30347949865423474, -0.7372949388674737, True
5.389263388964858, -2.1227287822473846, -0.10595096776548196, 0.4106692237486085, 0.30347949865423474, -0.7372949388674737, False
-1.6897728734655812, -1.4897493052780302, -2.688541078035439, 0.4106692237486085, 0.30347949865423474, -0.7372949388674737, False
-2.6643168596818474, -5.6061014676132475, 0.4617601942350462, 0.4106692237486085, 0.30347949865423474, -0.7372949388674737, False
4.378277023402916, 3.674806734338654, 0.9250810031452561, 0.4106692237486085, 0.30347949865423474, -0.7372949388674737, False
0.32933891367339196, -6.249184335703147, -2.674195107478951, 0.4106692237486085, 0.30347949865423474, -0.7372949388674737, False
-0.9430063230403825, -0.10911392485966953, -0.90893421659535, 0.4106692237486085, 0.30347949865423474, -0.7372949388674737, False
5.980435589942889, 4.500744693822693, 1.5739300139580363, 0.4106692237486085, 0.30347949865423474, -0.7372949388674737, False
-2.6717272936586687, -4.950873212985727, 1.1277324751757885, 0.4106692237486085, 0.30347949865423474, -0.7372949388674737, False
6.128714553765127, -5.933400834859213, 0.3883631206208791, 0.4106692237486085, 0.30347949865423474, -0.7372949388674737, False
6.059503519544373, -1.8042571211196572, 0.2032665671962528, 0.4106692237486085, 0.30347949865423474, -0.7372949388674737, False
-4.318585669909678, 0.24895367591558681, 1.627346301342583, 0.4106692237486085, 0.30347949865423474, -0.7372949388674737, False
-2.618150210355161, 2.878841136896508, -1.0923716564940449, 0.4106692237486085, 0.30347949865423474, -0.7372949388674737, False
3.606218597514948, -2.61108001682648, -1.1410538718870242, 0.4106692237486085, 0.30347949865423474, -0.7372949388674737, False
-5.1947054052776345, 1.945795944105436, 0.6393369536311075, 0.4106692237486085, 0.30347949865423474, -0.7372949388674737, False
3.608161525642382, -1.5184431518990884, 1.5607701643330856, 0.4106692237486085, 0.30347949865423474, -0.7372949388674737, False
-0.8375706360825319, 4.670644037825221, 2.2349484104238373, 0.4106692237486085, 0.30347949865423474, -0.7372949388674737, False
-0.9652565822187542, 2.7602348341940477, 0.15279055091766436, 0.4106692237486085, 0.30347949865423474, -0.7372949388674737, False
5.740842728695036, -0.15712596002205892, -2.2327529166214584, 0.4106692237486085, 0.30347949865423474, -0.7372949388674737, False
3.4084860884759998, 3.921775718161184, 1.1187739999145325, 0.4106692237486085, 0.30347949865423474, -0.7372949388674737, False
-5.235506225702205, -5.76689883741641, -0.1547966549190023, 0.4106692237486085, 0.30347949865423474, -0.7372949388674737, False
-1.8463683325263434, -6.022223271778487, -2.8534676235978926, 0.4106692237486085, 0.30347949865423474, -0.7372949388674737, False
-1.2285807564550453, -1.4605281154829601, -1.5508319561204793, 0.4106692237486085, 0.30347949865423474, -0.7372949388674737, False
-1.0990072299626528, -1.607507499277097, -1.9779941269238743, 0.4106692237486085, 0.30347949865423474, -0.7372949388674737, False
1.4801441751100812, 1.1950511901305783, 0.7144262800543686, 0.4106692237486085, 0.30347949865423474, -0.7372949388674737, False
6.268255484110318, 1.6198269513299586, 2.132269761601277, 0.4106692237486085, 0.30347949865423474, -0.7372949388674737, False
6.1353499030731395, -0.6888755054145665, 1.6435998301464938, 0.4106692237486085, 0.30347949865423474, -0.7372949388674737, False
-5.224164951950054, 6.000484355528469, 2.8556222708532983, 0.4106692237486085, 0.30347949865423474, -0.7372949388674737, True
-5.251537239073242, 2.805526819934977, 0.15007825299674815, 0.4106692237486085, 0.30347949865423474, -0.7372949388674737, False
-0.40211998183024455, -0.714069380672611, 1.3055419741817111, 0.4106692237486085, 0.30347949865423474, -0.7372949388674737, False
5.270673658297607, -2.689429748112345, -0.38612762917833177, 0.4106692237486085, 0.30347949865423474, -0.7372949388674737, False
-0.44760849785868384, 2.8925662038741393, -1.5472516347801566, 0.4106692237486085, 0.30347949865423474, -0.7372949388674737, False
-3.0222858181696433, 3.356754852304352, -0.36502313944471965, 0.4106692237486085, 0.30347949865423474, -0.7372949388674737, False
3.8393593588803228, 2.7007786208672826, -1.4956982938608963, 0.4106692237486085, 0.30347949865423474, -0.7372949388674737, False
-3.5382430075407343, -2.063111232634731, 1.2583176844234467, 0.4106692237486085, 0.30347949865423474, -0.7372949388674737, False
-1.9253473684584987, -2.8961022586356355, 2.506352598509996, 0.4106692237486085, 0.30347949865423474, -0.7372949388674737, False
-0.7076508035544542, -1.2427810911131543, 0.2826378923400883, 0.4106692237486085, 0.30347949865423474, -0.7372949388674737, False
-2.7523088152270185, -3.7107355099016046, 0.42578422817047734, 0.4106692237486085, 0.30347949865423474, -0.7372949388674737, False
0.008615250835527277, -4.385028253134381, -2.682751594058808, 0.4106692237486085, 0.30347949865423474, -0.7372949388674737, False
-2.5299024679434896, -2.689207477801033, 0.7281505854669841, 0.4106692237486085, 0.30347949865423474, -0.7372949388674737, False
1.5399902813591124, 4.623294447320648, -2.2726657524294263, 0.4106692237486085, 0.30347949865423474, -0.7372949388674737, False
5.0258588894258125, 4.773242593911876, 1.2045060684246556, 0.4106692237486085, 0.30347949865423474, -0.7372949388674737, False
-1.6713083551406145, -2.580041476648699, -2.7530641454797737, 0.4106692237486085, 0.30347949865423474, -0.7372949388674737, False
-0.6600977573234168, -1.6780822943070683, 3.087306920409741, 0.4106692237486085, 0.30347949865423474, -0.7372949388674737, True
-2.4065811213954436, 4.915106340285847, 1.0169486722885974, 0.4106692237486085, 0.30347949865423474, -0.7372949388674737, False
-5.600017268985963, 1.706386579838159, 1.25498252579367, 0.4106692237486085, 0.30347949865423474, -0.7372949388674737, False
-5.401809080287795, -0.9559194858029461, 0.04698740934720469, 0.4106692237486085, 0.30347949865423474, -0.7372949388674737, False
4.298711239542062, 0.8005658949413021, 0.013157194269397987, 0.4106692237486085, 0.30347949865423474, -0.7372949388674737, False
-5.305259119095992, -6.04412200828834, -1.6424742901789187, 0.4106692237486085, 0.30347949865423474, -0.7372949388674737, False
