0.11221726223256301, 2.9415468966944314, 2.6702012105739907, 0.41574171165501317, -0.3693109882439761, -0.4389300706899289, False
1.8624347830278971, -0.613530016237652, 2.8984881279848205, 0.41574171165501317, -0.3693109882439761, -0.4389300706899289, True
6.040550168104213, 3.749254962110495, 1.2475951285109783, 0.41574171165501317, -0.3693109882439761, -0.4389300706899289, False
-2.1124786335288803, -1.759896673310637, 1.9431794951283035, 0.41574171165501317, -0.3693109882439761, -0.4389300706899289, False
-0.005292160825956849, 5.028809856757311, -0.09106393964620807, 0.41574171165501317, -0.3693109882439761, -0.4389300706899289, False
-2.3372098643019217, 3.6236513129006322, 0.7201410007668994, 0.41574171165501317, -0.3693109882439761, -0.4389300706899289, False
-2.050334821357853, -5.815500925201314, -2.7339502613699302, 0.41574171165501317, -0.3693109882439761, -0.4389300706899289, False
-1.0295196024812352, 0.8198382248269231, 2.3961865937658997, 0.41574171165501317, -0.3693109882439761, -0.4389300706899289, False
3.982005992819463, -0.3072715916835538, 2.9345001334595535, 0.41574171165501317, -0.3693109882439761, -0.4389300706899289, True
5.781321457645351, -0.4771294707802989, 1.1779859727394628, 0.41574171165501317, -0.3693109882439761, -0.4389300706899289, False
3.204357273177548, -4.7918948691903775, 1.8477925649040419, 0.41574171165501317, -0.3693109882439761, -0.4389300706899289, False
1.3176447891541585, 5.785998668587137, -0.6968624908649073, 0.41574171165501317, -0.3693109882439761, -0.4389300706899289, False
-5.027436085341938, 1.4263291139126917, 1.1434595239372722, 0.41574171165501317, -0.3693109882439761, -0.4389300706899289, False
-3.6615043651851678, -0.6717770752720691, 1.235349460845586, 0.41574171165501317, -0.3693109882439761, -0.4389300706899289, False
2.8956579505258695, -4.989237631367895, -2.2069975060265477, 0.41574171165501317, -0.3693109882439761, -0.4389300706899289, False
1.9678429886410456, -5.654788183875574, 0.18719030360990363, 0.41574171165501317, -0.3693109882439761, -0.4389300706899289, False
-4.6868003917363, -1.5679260929280527, 1.055152170805811, 0.41574171165501317, -0.3693109882439761, -0.4389300706899289, False
-1.4374165932156533, 3.2646111382966527, -0.17715830672134558, 0.41574171165501317, -0.3693109882439761, -0.4389300706899289, False
0.06537829449472188, -4.617586204336393, 0.9773764621367755, 0.41574171165501317, -0.3693109882439761, -0.4389300706899289, False
1.7894502500053537, 5.307517694977584, -2.3046619306417044, 0.41574171165501317, -0.3693109882439761, -0.4389300706899289, False
1.953268267660425, 2.8593061165167537, -1.40222292674327, 0.41574171165501317, -0.3693109882439761, -0.4389300706899289, False
-2.865983122467794, 1.5976048768950735, -1.2355542386851233, 0.41574171165501317, -0.3693109882439761, -0.4389300706899289, False
-5.787724249437934, -5.845100581876851, -1.3859267522881886, 0.41574171165501317, -0.3693109882439761, -0.4389300706899289, False
1.6848329700241091, 3.156675262123171, 1.7921802704124383, 0.41574171165501317, -0.3693109882439761, -0.4389300706899289, False
3.0708577601803224, -5.952941734281124, 1.5210486631417002, 0.41574171165501317, -0.3693109882439761, -0.4389300706899289, False
-5.151898264060939, -5.539106827242245, -1.4268831790834946, 0.41574171165501317, -0.3693109882439761, -0.4389300706899289, False
-6.0187679411897665, 2.119014647072344, -0.7836236690912735, 0.41574171165501317, -0.3693109882439761, -0.4389300706899289, False
4.1822410728734045, 4.776728404214074, 0.4482538128312834, 0.41574171165501317, -0.3693109882439761, -0.4389300706899289, False
4.835287066543275, -5.9962179926076296, -0.08047204890566206, 0.41574171165501317, -0.3693109882439761, -0.4389300706899289, False
0.9308998071965728, 5.533423371237385, -2.76608641345958, 0.41574171165501317, -0.3693109882439761, -0.4389300706899289, False
0.7459715761195342, 1.2049852673654886, -1.7673015629150568, 0.41574171165501317, -0.3693109882439761, -0.4389300706899289, False
-3.3692600999829847, -0.5511734396170587, 0.26049852259271233, 0.41574171165501317, -0.3693109882439761, -0.4389300706899289, False
5.847091092299296, 0.88687762377719, -2.4697828014155334, 0.41574171165501317, -0.3693109882439761, -0.4389300706899289, False
1.9714319394339181, 4.98842800546973, -0.7535790525358115, 0.41574171165501317, -0.3693109882439761, -0.4389300706899289, False
1.2536451483442042, -6.105789855928542, 1.0905337243994886, 0.41574171165501317, -0.3693109882439761, -0.4389300706899289, False
4.053900994460067, 4.595576925943776, -1.7343559025219772, 0.41574171165501317, -0.3693109882439761, -0.4389300706899289, False
5.92349144529987, -3.863557119350541, 0.16518027020916026, 0.41574171165501317, -0.3693109882439761, -0.4389300706899289, False
0.7524700308573955, 2.176381588061787, 0.6917242429838906, 0.41574171165501317, -0.3693109882439761, -0.4389300706899289, False
4.283385281790027, 4.564966993636826, 0.3463550118648162, 0.41574171165501317, -0.3693109882439761, -0.4389300706899289, False
-2.2708808002624536, -1.916753537787323, 0.5572903581274482, 0.41574171165501317, -0.3693109882439761, -0.4389300706899289, False
-0.8974694496098765, 4.8551025870608555, -0.09178316693893152, 0.41574171165501317, -0.3693109882439761, -0.4389300706899289, False
2.4920861593162424, -4.595714161204183, -0.25388968344654694, 0.41574171165501317, -0.3693109882439761, -0.4389300706899289, False
2.4860555138493545, 2.3376686307354593, -2.5062395930916352, 0.41574171165501317, -0.3693109882439761, -0.4389300706899289, False
-0.2689663757151015, -4.740125514991279, 1.4370926137147366, 0.41574171165501317, -0.3693109882439761, -0.4389300706899289, False
5.220120161626976, 4.904094885989306, -3.0739652645433657, 0.41574171165501317, -0.3693109882439761, -0.4389300706899289, True
1.4244254620700314, 3.1348106110399545, 0.3470751704011925, 0.41574171165501317, -0.3693109882439761, -0.4389300706899289, False
-1.3057172203465486, 2.7631073120474916, -2.70241616600439, 0.41574171165501317, -0.3693109882439761, -0.4389300706899289, False
-1.5969140077687518, -3.0318342682034056, 2.4302109389530777, 0.41574171165501317, -0.3693109882439761, -0.4389300706899289, False
-5.127204043433506, 5.056700540476209, -1.9396776783153198, 0.41574171165501317, -0.3693109882439761, -0.4389300706899289, False
5.717084082775825, 2.006785474813219, 1.2397799181092637, 0.41574171165501317, -0.3693109882439761, -0.4389300706899289, False
2.529747371219118, -2.8877642049589576, 1.324942839961893, 0.41574171165501317, -0.3693109882439761, -0.4389300706899289, False
-3.6779174194745416, 0.05857212017965363, 1.7954590666855834, 0.41574171165501317, -0.3693109882439761, -0.4389300706899289, False
-6.110737186235758, -5.297510939214533, -0.4854468465228323, 0.41574171165501317, -0.3693109882439761, -0.4389300706899289, False
-4.781251935234286, 5.164491107987928, -1.6420676389400566, 0.41574171165501317, -0.3693109882439761, -0.4389300706899289, False
3.815139755473428, -5.799340218650249, 2.4802443728452213, 0.41574171165501317, -0.3693109882439761, -0.4389300706899289, False
2.134440500365299, 4.48181816568977, -1.4869730392152638, 0.41574171165501317, -0.3693109882439761, -0.4389300706899289, False
6.034501257135048, 3.7107783719908767, 0.5914158354905434, 0.41574171165501317, -0.3693109882439761, -0.4389300706899289, False
3.0695123602737784, -2.0578925849416176, 3.0894979932581075, 0.41574171165501317, -0.3693109882439761, -0.4389300706899289, True
2.1019671766677863, 5.15968728498588, -0.8536869133894989, 0.41574171165501317, -0.3693109882439761, -0.4389300706899289, False
-4.781446037784079, 4.3496961771558755, -0.10077358185586016, 0.41574171165501317, -0.3693109882439761, -0.4389300706899289, False
-5.5749621146133235, 5.326335609956773, 2.7304441409011506, 0.41574171165501317, -0.3693109882439761, -0.4389300706899289, False
-6.0296086266202416, -3.387867946945589, 1.9575034839732783, 0.41574171165501317, -0.3693109882439761, -0.4389300706899289, False
-4.538121744814789, -3.114346605076068, -2.6347815554855516, 0.41574171165501317, -0.3693109882439761, -0.4389300706899289, False
-0.5755990600868515, -1.2391993778834198, -3.0881222467419622, 0.41574171165501317, -0.3693109882439761, -0.4389300706899289, True
-5.0596372499015025, -2.2181260364025057, -0.7131571281832647, 0.41574171165501317, -0.3693109882439761, -0.4389300706899289, False
-4.9678557877540035, -3.525620691776052, -1.8127889342405819, 0.41574171165501317, -0.3693109882439761, -0.4389300706899289, False
2.4138486401909276, -2.3162159898546393, -1.5445416013652278, 0.41574171165501317, -0.3693109882439761, -0.4389300706899289, False
-4.262348894583177, 2.6568860552684335, 0.19274846461487893, 0.41574171165501317, -0.3693109882439761, -0.4389300706899289, False
-3.1391385363179265, 1.5595444583562212, -1.3873369878036161, 0.41574171165501317, -0.3693109882439761, -0.4389300706899289, False
-3.8397520592135668, -6.183692612734036, -2.853060431128797, 0.41574171165501317, -0.3693109882439761, -0.4389300706899289, False
-5.583842592418807, 1.1080013388739678, 1.7592052923474615, 0.41574171165501317, -0.3693109882439761, -0.4389300706899289, False
1.6460092139131657, -6.099710382697008, 1.8425494036307546, 0.41574171165501317, -0.3693109882439761, -0.4389300706899289, False
-2.3400955270363784, 3.5836898492301845, -2.69469236549491, 0.41574171165501317, -0.3693109882439761, -0.4389300706899289, False
-3.446036890139323, -2.529801731314256, 3.0821115143508084, 0.41574171165501317, -0.3693109882439761, -0.4389300706899289, True
-4.118775364380721, -1.4069430545437607, -1.8465363868857492, 0.41574171165501317, -0.3693109882439761, -0.4389300706899289, False
6.188998162364934, 1.8012743211302382, 2.5063444766052827, 0.41574171165501317, -0.3693109882439761, -0.4389300706899289, False
2.0818684173116306, -1.0201773220887196, 2.521158076526704, 0.41574171165501317, -0.3693109882439761, -0.4389300706899289, False
1.943345682246532, 5.369008767861365, -2.221652051100152, 0.41574171165501317, -0.3693109882439761, -0.4389300706899289, False
-1.5553599064901098, -3.7270567771970864, 2.38103309519558, 0.41574171165501317, -0.3693109882439761, -0.4389300706899289, False
4.602867340988167, -3.6156519813584973, 2.258509645154904, 0.41574171165501317, -0.3693109882439761, -0.4389300706899289, False
-1.075716973608067, 1.0559828079340638, 2.028119876544266, 0.41574171165501317, -0.3693109882439761, -0.4389300706899289, False
3.86333050482369, -2.3361848994687215, -0.5935362873288303, 0.41574171165501317, -0.3693109882439761, -0.4389300706899289, False
-0.42853244467174, -0.8436980961983602, 3.0030182469444764, 0.41574171165501317, -0.3693109882439761, -0.4389300706899289, True
-3.0944410266660354, -4.750991792460223, 1.5808771956575987, 0.41574171165501317, -0.3693109882439761, -0.4389300706899289, False
3.6302080399787595, -5.211983089744288, -1.4696542198646547, 0.41574171165501317, -0.3693109882439761, -0.4389300706899289, False
-4.3588857960088125, 4.310433159634618, -0.9998137431816674, 0.41574171165501317, -0.3693109882439761, -0.4389300706899289, False
1.1204179449312601, -1.298408964704283, 2.1093386604907858, 0.41574171165501317, -0.3693109882439761, -0.4389300706899289, False
3.4631184950766123, 5.9211678669493715, -0.4458146677367756, 0.41574171165501317, -0.3693109882439761, -0.4389300706899289, False
-0.5940668828672342, -1.2973003962217362, -2.1059140300813564, 0.41574171165501317, -0.3693109882439761, -0.4389300706899289, False
3.8295276357402166, 4.001172532373401, -0.5579160934179339, 0.41574171165501317, -0.3693109882439761, -0.4389300706899289, False
-4.903019329687948, -4.36787923824662, -1.1290555808999838, 0.41574171165501317, -0.3693109882439761, -0.4389300706899289, False
-4.576614119422454, -1.6514428490135398, 2.2695083737521218, 0.41574171165501317, -0.3693109882439761, -0.4389300706899289, False
-3.0960668436058363, -4.924742303085777, 1.3374788848740211, 0.41574171165501317, -0.3693109882439761, -0.4389300706899289, False
3.9077060805727477, 0.9105422698969878, 0.3130753085757094, 0.41574171165501317, -0.3693109882439761, -0.4389300706899289, False
-1.9559624826523887, 3.465562489038639, 1.994027958823061, 0.41574171165501317, -0.3693109882439761, -0.4389300706899289, False
-5.9068532056651595, -4.830878899534867, 2.214522506101832, 0.41574171165501317, -0.3693109882439761, -0.4389300706899289, False
5.401263483305067, -0.34741753317690094, 1.5054571822391996, 0.41574171165501317, -0.3693109882439761, -0.4389300706899289, False
1.8554886642582176, -2.8992748742882934, -1.739529492861585, 0.41574171165501317, -0.3693109882439761, -0.4389300706899289, False
4.041426918784227, 2.53897067797185, 2.5466990021697145, 0.41574171165501317, -0.3693109882439761, -0.4389300706899289, False
2.8948346469012503, -5.733670856871165, 2.7732610975475867, 0.41574171165501317, -0.3693109882439761, -0.4389300706899289, False
