2.5940053453809924, -3.42214464067003, 0.502922615696968, 0.4820176715379656, -0.1250187226317251, -0.5805528725024346, False
0.24658332494055735, -6.0545209894160505, 2.460160321364694, 0.4820176715379656, -0.1250187226317251, -0.5805528725024346, False
-3.027861774770232, -3.1855346443754273, 1.3256690713310384, 0.4820176715379656, -0.1250187226317251, -0.5805528725024346, False
1.2607169022712368, 1.6215366899587185, -1.697211647791234, 0.4820176715379656, -0.1250187226317251, -0.5805528725024346, False
-2.5451700558168495, -0.9165416403227473, 0.07723829356476397, 0.4820176715379656, -0.1250187226317251, -0.5805528725024346, False
-2.3035668340797457, 5.6456475121720935, -1.7822772053318685, 0.4820176715379656, -0.1250187226317251, -0.5805528725024346, False
5.848513702333451, -1.9588454986801285, -1.940696919038799, 0.4820176715379656, -0.1250187226317251, -0.5805528725024346, False
-3.6375072042903613, 4.4977302852310235, -1.3375310941287293, 0.4820176715379656, -0.1250187226317251, -0.5805528725024346, False
-2.1828352238393247, -2.1774599654806126, -0.5808614998127526, 0.4820176715379656, -0.1250187226317251, -0.5805528725024346, False
-3.833454678861275, 0.6749789562191397, -0.6381452355394219, 0.4820176715379656, -0.1250187226317251, -0.5805528725024346, False
-1.7740491248586618, -0.6788914360870066, -2.5096282586987018, 0.4820176715379656, -0.1250187226317251, -0.5805528725024346, False
3.8670494267862594, -0.12028814193307902, -1.7218162467659153, 0.4820176715379656, -0.1250187226317251, -0.5805528725024346, False
-2.7093209063902943, -2.0295626968954315, -0.9853815548962213, 0.4820176715379656, -0.1250187226317251, -0.5805528725024346, False
-2.054639925672001, -1.37663793522532, -2.4046398630010124, 0.4820176715379656, -0.1250187226317251, -0.5805528725024346, False
0.54022506279677, 3.347565974784679, -1.0901425571029693, 0.4820176715379656, -0.1250187226317251, -0.5805528725024346, False
2.3431206970733225, 4.847955896826333, 1.959605235320402, 0.4820176715379656, -0.1250187226317251, -0.5805528725024346, False
1.5152573716366486, 3.708843329473261, -1.2855416646953923, 0.4820176715379656, -0.1250187226317251, -0.5805528725024346, False
0.4812143644750133, -4.44505759473474, -1.2677743638337937, 0.4820176715379656, -0.1250187226317251, -0.5805528725024346, False
-5.032703796986975, 0.9454632909088305, 0.06007742546538619, 0.4820176715379656, -0.1250187226317251, -0.5805528725024346, False
-3.6735415927751154, 4.396598392918946, -1.99135235941952, 0.4820176715379656, -0.1250187226317251, -0.5805528725024346, False
-3.660006007591095, 5.96116002416613, 2.385288419121263, 0.4820176715379656, -0.1250187226317251, -0.5805528725024346, False
-4.434894894838482, 1.0617443019049757, 0.5698044216678388, 0.4820176715379656, -0.1250187226317251, -0.5805528725024346, False
-6.068935074388098, 4.84642457227671, 2.733201786912235, 0.4820176715379656, -0.1250187226317251, -0.5805528725024346, False
1.1729041169780787, -4.796473961740308, 2.3282010048684914, 0.4820176715379656, -0.1250187226317251, -0.5805528725024346, False
-1.3152970655478393, 5.54851001487299, -1.3422148777014786, 0.4820176715379656, -0.1250187226317251, -0.5805528725024346, False
1.4935467595722756, -4.392002718236265, 2.0191090471461495, 0.4820176715379656, -0.1250187226317251, -0.5805528725024346, False
-1.2642485607107794, 1.9011620524668924, -2.553717107316326, 0.4820176715379656, -0.1250187226317251, -0.5805528725024346, False
-1.072325078072267, -3.3807379038231176, -2.9919336627420368, 0.4820176715379656, -0.1250187226317251, -0.5805528725024346, True
-5.4767749210383, 1.5929708864273797, 1.2891110830421102, 0.4820176715379656, -0.1250187226317251, -0.5805528725024346, False
0.5596464533530527, 0.2934606751563944, -2.1580127766539814, 0.4820176715379656, -0.1250187226317251, -0.5805528725024346, False
-3.0111030490312394, -1.057444398379908, -0.3587306801115848, 0.4820176715379656, -0.1250187226317251, -0.5805528725024346, False
0.02110015988040459, -4.761919233825697, 1.80137884548388, 0.4820176715379656, -0.1250187226317251, -0.5805528725024346, False
0.17832125496154472, -0.3433485406475052, 2.452876155094768, 0.4820176715379656, -0.1250187226317251, -0.5805528725024346, False
6.172705830852021, -5.114330644381119, 2.119328956737956, 0.4820176715379656, -0.1250187226317251, -0.5805528725024346, False
1.140331265567072, -1.6912361796923445, -0.4176781997477983, 0.4820176715379656, -0.1250187226317251, -0.5805528725024346, False
-3.576071310819511, 1.5773326222261268, -2.3194105889581613, 0.4820176715379656, -0.1250187226317251, -0.5805528725024346, False
4.778139046992914, 0.1136528677967572, 1.9030869565271367, 0.4820176715379656, -0.1250187226317251, -0.5805528725024346, False
0.9683689364413643, -2.0930722375604507, 1.799189640797751, 0.4820176715379656, -0.1250187226317251, -0.5805528725024346, False
-6.12064933503332, -2.4015198481980646, -2.782749956146044, 0.4820176715379656, -0.1250187226317251, -0.5805528725024346, False
-2.491214926641982, -0.25435835868265855, 1.362861696971657, 0.4820176715379656, -0.1250187226317251, -0.5805528725024346, False
5.230173627430892, 1.5721768323201513, 2.5806808357608064, 0.4820176715379656, -0.1250187226317251, -0.5805528725024346, False
2.504980132496879, 6.267387480887013, -1.734307925604448, 0.4820176715379656, -0.1250187226317251, -0.5805528725024346, False
3.3038763544825134, -4.480142990744322, -1.9324163047743348, 0.4820176715379656, -0.1250187226317251, -0.5805528725024346, False
-6.126234455114877, -1.8603594245156323, -1.2892964587311453, 0.4820176715379656, -0.1250187226317251, -0.5805528725024346, False
-4.7647850305570305, -3.8273348255853126, -2.584103703660677, 0.4820176715379656, -0.1250187226317251, -0.5805528725024346, False
-1.2361680925493816, 6.274178920097999, -2.8510418406774374, 0.4820176715379656, -0.1250187226317251, -0.5805528725024346, False
3.4497227460579882, 0.8795028389271922, -1.075614626959017, 0.4820176715379656, -0.1250187226317251, -0.5805528725024346, False
-1.0068549590269962, 1.023394251242535, -2.033176301552124, 0.4820176715379656, -0.1250187226317251, -0.5805528725024346, False
0.46124481015837393, -6.023719182895001, 0.23297086348171137, 0.4820176715379656, -0.1250187226317251, -0.5805528725024346, False
-3.988348540299649, 1.0041377781006187, -3.0564411607729727, 0.4820176715379656, -0.1250187226317251, -0.5805528725024346, True
2.7358780963852, -5.8570681048397475, 1.7319218762676272, 0.4820176715379656, -0.1250187226317251, -0.5805528725024346, False
-5.928870078395222, -5.617802214354408, -1.0380459916682447, 0.4820176715379656, -0.1250187226317251, -0.5805528725024346, False
-5.024931828541377, -4.509511690483008, -1.7907932016845878, 0.4820176715379656, -0.1250187226317251, -0.5805528725024346, False
-5.283553358119448, -2.0426590089702215, -2.3214802364583025, 0.4820176715379656, -0.1250187226317251, -0.5805528725024346, False
-6.044385595980845, 0.13805742163896806, 1.2286751125492454, 0.4820176715379656, -0.1250187226317251, -0.5805528725024346, False
-3.2895068113998898, 2.8541095418006535, -2.5521755526102208, 0.4820176715379656, -0.1250187226317251, -0.5805528725024346, False
-6.108745452071495, 5.139813257920533, 1.8258592472832724, 0.4820176715379656, -0.1250187226317251, -0.5805528725024346, False
4.681676929388971, 5.719233142385706, 0.6619651246289346, 0.4820176715379656, -0.1250187226317251, -0.5805528725024346, False
0.8563798678130867, -3.2269325717229362, 2.816282474666404, 0.4820176715379656, -0.1250187226317251, -0.5805528725024346, False
-5.0679768975745505, 3.1787776596995787, 0.004184722497822424, 0.4820176715379656, -0.1250187226317251, -0.5805528725024346, False
4.51479508199721, -3.0303765709723054, -1.445155868639741, 0.4820176715379656, -0.1250187226317251, -0.5805528725024346, False
-0.39630976166672927, -5.236103429263954, -2.309992876599222, 0.4820176715379656, -0.1250187226317251, -0.5805528725024346, False
3.570396146437936, 3.843529231411452, -2.0698021616360895, 0.4820176715379656, -0.1250187226317251, -0.5805528725024346, False
-5.273422739113314, 0.8078202919390254, -0.8757106348064019, 0.4820176715379656, -0.1250187226317251, -0.5805528725024346, False
5.784143341374524, -2.972342903521552, 2.7247418476923224, 0.4820176715379656, -0.1250187226317251, -0.5805528725024346, False
-3.6526749639395697, 3.2563330794215144, -3.003742602246096, 0.4820176715379656, -0.1250187226317251, -0.5805528725024346, True
-2.1138246945716466, -3.2309933222805816, 2.553146086905957, 0.4820176715379656, -0.1250187226317251, -0.5805528725024346, False
2.482958951667337, 1.4012511790309325, -3.112236146633712, 0.4820176715379656, -0.1250187226317251, -0.5805528725024346, True
-1.8758644889355294, 3.4331165067373224, -1.971676654471764, 0.4820176715379656, -0.1250187226317251, -0.5805528725024346, False
0.2763301633154205, -1.3769580982600873, 0.11547541383938009, 0.4820176715379656, -0.1250187226317251, -0.5805528725024346, False
-1.398462319759033, -0.7745967396718356, 3.050297375196503, 0.4820176715379656, -0.1250187226317251, -0.5805528725024346, True
0.7931427687601005, 1.1495586424562614, -1.2192731677516087, 0.4820176715379656, -0.1250187226317251, -0.5805528725024346, False
-5.053883852424365, 5.46047973718575, -0.3487019228011552, 0.4820176715379656, -0.1250187226317251, -0.5805528725024346, False
-3.140071070196449, -0.3384577367902324, -2.8796951618953583, 0.4820176715379656, -0.1250187226317251, -0.5805528725024346, False
4.98168869248512, 4.106111371044623, -0.5417891803314516, 0.4820176715379656, -0.1250187226317251, -0.5805528725024346, False
5.505193932805319, 5.8146197448840855, -1.1115129085251367, 0.4820176715379656, -0.1250187226317251, -0.5805528725024346, False
-0.6168152862885128, 1.0775469118179277, -0.4070299840662539, 0.4820176715379656, -0.1250187226317251, -0.5805528725024346, True
4.68099152289366, -5.05244890899281, 1.091591323177945, 0.4820176715379656, -0.1250187226317251, -0.5805528725024346, False
1.9726379791600817, 0.9589012295499977, 2.129388141802166, 0.4820176715379656, -0.1250187226317251, -0.5805528725024346, False
6.219001181923932, 3.4709416810109968, -1.4358710547117197, 0.4820176715379656, -0.1250187226317251, -0.5805528725024346, False
-3.668733848240833, -5.48131053962487, -1.1866072895718314, 0.4820176715379656, -0.1250187226317251, -0.5805528725024346, False
-1.9513812596623783, -1.9033668630133596, 0.3354056147284199, 0.4820176715379656, -0.1250187226317251, -0.5805528725024346, False
4.74934938463598, -1.5075756065595263, 0.24503320279036966, 0.4820176715379656, -0.1250187226317251, -0.5805528725024346, False
3.4738704249402375, 1.2167525683363998, -2.1565322735461017, 0.4820176715379656, -0.1250187226317251, -0.5805528725024346, False
-0.1350145512401406, -2.1553388564769786, 2.369719581176862, 0.4820176715379656, -0.1250187226317251, -0.5805528725024346, False
-4.346429317371559, -0.9595920884293623, -2.3058821550833266, 0.4820176715379656, -0.1250187226317251, -0.5805528725024346, False
-0.3995798722599293, 3.276924611176584, -2.6652648584955707, 0.4820176715379656, -0.1250187226317251, -0.5805528725024346, False
-6.151094456094422, 4.496197806556342, -0.9176322827642087, 0.4820176715379656, -0.1250187226317251, -0.5805528725024346, False
2.646313031905132, 1.0862982327506225, 2.813610073535128, 0.4820176715379656, -0.1250187226317251, -0.5805528725024346, False
5.452125445963267, 0.18082818960143499, 1.9379667111379373, 0.4820176715379656, -0.1250187226317251, -0.5805528725024346, False
3.5633115394840225, -1.3939126465888014, 2.499450957851754, 0.4820176715379656, -0.1250187226317251, -0.5805528725024346, False
5.524300200812849, -2.6672185441823832, -1.7844787245079117, 0.4820176715379656, -0.1250187226317251, -0.5805528725024346, False
-2.962687542913104, 5.096886952945923, -3.0212088958163172, 0.4820176715379656, -0.1250187226317251, -0.5805528725024346, True
-0.9425172538387399, 5.1549980852412105, -0.37559533380963384, 0.4820176715379656, -0.1250187226317251, -0.5805528725024346, False
0.08270248520975443, 0.5211007070924705, -1.0890485010216406, 0.4820176715379656, -0.1250187226317251, -0.5805528725024346, False
-2.657651029538019, 0.6466874512339098, 0.46439495347169935, 0.4820176715379656, -0.1250187226317251, -0.5805528725024346, False
2.4037749013020893, 0.3871177569428017, -1.2863475715472739, 0.4820176715379656, -0.1250187226317251, -0.5805528725024346, False
-1.712702606518441, -3.5941841765815368, 1.0468156533493733, 0.4820176715379656, -0.1250187226317251, -0.5805528725024346, False
0.8742660673893745, -1.6120795947693303, -2.4540972052141004, 0.4820176715379656, -0.1250187226317251, -0.5805528725024346, False
1.165359852039062, 5.253101746153963, 1.5398441461414638, 0.4820176715379656, -0.1250187226317251, -0.5805528725024346, False
