-1.2577477519166846, -5.036263793993666, -0.1829994724815327, -0.38108351591565537, 0.31640042326275764, 0.27718039467449396, False
3.1266487031838235, 1.3660898780081796, 0.6246265650825369, -0.38108351591565537, 0.31640042326275764, 0.27718039467449396, False
-2.9759996334471297, 0.5223048693103074, 0.15085110627334997, -0.38108351591565537, 0.31640042326275764, 0.27718039467449396, False
4.875291140269253, -2.187177438746885, -0.7854676338043141, -0.38108351591565537, 0.31640042326275764, 0.27718039467449396, False
-4.469670466360561, -2.191136273053367, -1.6590058127045522, -0.38108351591565537, 0.31640042326275764, 0.27718039467449396, False
-0.08546118470725084, -2.0204390823883287, -0.2971670417536867, -0.38108351591565537, 0.31640042326275764, 0.27718039467449396, False
1.1435130797792956, 4.553368780020829, -2.1922480202659176, -0.38108351591565537, 0.31640042326275764, 0.27718039467449396, False
0.6403934469599779, -4.408869028264254, 0.8172052978458977, -0.38108351591565537, 0.31640042326275764, 0.27718039467449396, False
-4.684585255451869, -2.2553026601971684, -1.4822432656576827, -0.38108351591565537, 0.31640042326275764, 0.27718039467449396, False
-2.081165200146274, 4.601521029967353, 0.9777989076457025, -0.38108351591565537, 0.31640042326275764, 0.27718039467449396, False
2.0326671876925957, 1.3136442008985671, 2.9114323036469383, -0.38108351591565537, 0.31640042326275764, 0.27718039467449396, True
3.2659803688150006, 3.3209425751132695, -0.5484880470397946, -0.38108351591565537, 0.31640042326275764, 0.27718039467449396, False
1.562887135668424, 0.4265232679330726, 2.2470940304066422, -0.38108351591565537, 0.31640042326275764, 0.27718039467449396, False
-1.1025567293195504, -2.5186302739667736, 0.5878078174371226, -0.38108351591565537, 0.31640042326275764, 0.27718039467449396, False
1.1331012372446612, -5.408687336597644, -1.3445343260322171, -0.38108351591565537, 0.31640042326275764, 0.27718039467449396, False
-3.573247159679537, 1.3828913699323016, -0.15992559310860965, -0.38108351591565537, 0.31640042326275764, 0.27718039467449396, False
5.0445402188055475, 5.851855502735553, 1.6700305983859893, -0.38108351591565537, 0.31640042326275764, 0.27718039467449396, False
-5.804148636060981, 5.81931647929691, 2.6566264869530185, -0.38108351591565537, 0.31640042326275764, 0.27718039467449396, False
-5.228591844461158, -1.6444533478348715, 2.012193083287473, -0.38108351591565537, 0.31640042326275764, 0.27718039467449396, False
-0.7222672275351449, 5.518169924684212, 1.2149837989191843, -0.38108351591565537, 0.31640042326275764, 0.27718039467449396, False
-0.523582583102514, -5.807401025520611, -0.04015216205335381, -0.38108351591565537, 0.31640042326275764, 0.27718039467449396, False
1.4747779916530241, -2.5345045709209546, 0.6378115780429843, -0.38108351591565537, 0.31640042326275764, 0.27718039467449396, False
4.649343617980451, -4.246626853038732, 2.6793832803541946, -0.38108351591565537, 0.31640042326275764, 0.27718039467449396, False
-0.4276305768200519, 3.468122359591309, -1.2543793173761155, -0.38108351591565537, 0.31640042326275764, 0.27718039467449396, True
-5.507163722173717, -4.777151383285587, -1.817265520244763, -0.38108351591565537, 0.31640042326275764, 0.27718039467449396, False
-1.3298229183863928, -4.932374973436774, -0.7620376532461424, -0.38108351591565537, 0.31640042326275764, 0.27718039467449396, False
2.320854469822873, 5.311749367514224, -2.0335734939618524, -0.38108351591565537, 0.31640042326275764, 0.27718039467449396, False
-3.41691640903467, 0.29478817270755187, -1.0128081239190028, -0.38108351591565537, 0.31640042326275764, 0.27718039467449396, False
-1.5421845309989726, -3.080782057673067, 2.0084119553243305, -0.38108351591565537, 0.31640042326275764, 0.27718039467449396, False
0.4053544887890981, -4.433297912519633, -2.639632876451542, -0.38108351591565537, 0.31640042326275764, 0.27718039467449396, False
-3.43545386774173, -6.111652660012678, 0.786406393394528, -0.38108351591565537, 0.31640042326275764, 0.27718039467449396, False
-0.39040199735840364, -1.4617199902766345, 2.3691007638814217, -0.38108351591565537, 0.31640042326275764, 0.27718039467449396, False
4.362969480530532, -4.7239564671258485, 0.7694649560789295, -0.38108351591565537, 0.31640042326275764, 0.27718039467449396, False
0.6419259340392687, 0.3838317119286945, -0.8209827919630048, -0.38108351591565537, 0.31640042326275764, 0.27718039467449396, False
-0.393151839034525, -4.987829070665165, 2.113998475665042, -0.38108351591565537, 0.31640042326275764, 0.27718039467449396, False
5.6473622870527205, -2.4455783211624795, -2.091949993260057, -0.38108351591565537, 0.31640042326275764, 0.27718039467449396, True
2.3148266123895755, 2.4322197216117925, 2.4599284060391255, -0.38108351591565537, 0.31640042326275764, 0.27718039467449396, False
3.8147430454854216, -3.0418825929652624, -3.095536836913715, -0.38108351591565537, 0.31640042326275764, 0.27718039467449396, True
-3.8514714522139855, -5.872507084015566, -2.3519086763545984, -0.38108351591565537, 0.31640042326275764, 0.27718039467449396, False
3.4818559494544026, 4.464694278360636, -0.07579858958479724, -0.38108351591565537, 0.31640042326275764, 0.27718039467449396, False
2.720611364399618, -0.5665270779835376, 1.9776316561296428, -0.38108351591565537, 0.31640042326275764, 0.27718039467449396, False
4.676155452241794, -5.2210959730197795, -1.6733104858841517, -0.38108351591565537, 0.31640042326275764, 0.27718039467449396, False
3.6228298614983974, -0.21618526168992602, -0.8875916151979011, -0.38108351591565537, 0.31640042326275764, 0.27718039467449396, False
-4.90779308713725, 3.166232179175905, -0.6363814016130709, -0.38108351591565537, 0.31640042326275764, 0.27718039467449396, False
5.614617528643565, 4.890798617801845, -1.243387505337897, -0.38108351591565537, 0.31640042326275764, 0.27718039467449396, False
5.5145843535370105, 4.768892211946312, 0.31882872316423727, -0.38108351591565537, 0.31640042326275764, 0.27718039467449396, False
-5.046574514952251, 0.058474464093672296, -0.4916017135426025, -0.38108351591565537, 0.31640042326275764, 0.27718039467449396, False
2.6982859934478345, 0.09227123427142025, -1.1549626044870165, -0.38108351591565537, 0.31640042326275764, 0.27718039467449396, True
-2.85972944648849, -5.9948595101712785, -1.0974213292644577, -0.38108351591565537, 0.31640042326275764, 0.27718039467449396, False
2.467519441420446, -5.325382838131048, 0.07286121820968594, -0.38108351591565537, 0.31640042326275764, 0.27718039467449396, False
-3.026234440623892, 2.713741102403578, -0.8359892095882269, -0.38108351591565537, 0.31640042326275764, 0.27718039467449396, False
-4.9282076536609045, 1.7831022719900602, -0.1918861552801081, -0.38108351591565537, 0.31640042326275764, 0.27718039467449396, False
3.7620145623312435, 1.0115039331839295, 0.20926186049411521, -0.38108351591565537, 0.31640042326275764, 0.27718039467449396, False
1.1530311305378502, 2.957144739317677, 2.5830815541625896, -0.38108351591565537, 0.31640042326275764, 0.27718039467449396, False
-4.343002612412541, 2.8605410497250485, 1.0323226921799113, -0.38108351591565537, 0.31640042326275764, 0.27718039467449396, False
-1.6263574755562953, -4.0089749309127996, -1.2100417917864512, -0.38108351591565537, 0.31640042326275764, 0.27718039467449396, False
3.1655433702767244, 2.2469021405431064, -1.1780111050018216, -0.38108351591565537, 0.31640042326275764, 0.27718039467449396, False
-1.6570776832240623, 3.7120428098599785, 1.0097874311729829, -0.38108351591565537, 0.31640042326275764, 0.27718039467449396, False
5.08582039841658, -0.3131043563291236, 0.5078180339617195, -0.38108351591565537, 0.31640042326275764, 0.27718039467449396, False
3.3829285091243726, 4.158287484480953, -3.1014521278609792, -0.38108351591565537, 0.31640042326275764, 0.27718039467449396, True
-1.6900940010755825, -1.408958037664065, 2.5234440618389087, -0.38108351591565537, 0.31640042326275764, 0.27718039467449396, False
-4.051979451231153, -1.15156776422931, -1.511511535793298, -0.38108351591565537, 0.31640042326275764, 0.27718039467449396, False
2.8787908933042825, -1.0563254445656298, 1.2743366338123465, -0.38108351591565537, 0.31640042326275764, 0.27718039467449396, False
-3.1390829240693967, -4.404432758446422, -2.682885894821264, -0.38108351591565537, 0.31640042326275764, 0.27718039467449396, False
3.6744750261991417, 5.65852065902301, -1.7433662991156111, -0.38108351591565537, 0.31640042326275764, 0.27718039467449396, False
-2.2184623851081824, 0.6385210308575227, 0.18704351935366725, -0.38108351591565537, 0.31640042326275764, 0.27718039467449396, False
-2.1772504259187375, -0.7866924884191375, -2.434307777460039, -0.38108351591565537, 0.31640042326275764, 0.27718039467449396, False
-4.373167323424009, 1.4910109437997026, -0.8274840012387097, -0.38108351591565537, 0.31640042326275764, 0.27718039467449396, False
-4.606328984120431, -4.418447012979146, -2.502880092639846, -0.38108351591565537, 0.31640042326275764, 0.27718039467449396, False
5.98807760428709, 3.5066239211816193, -2.52600410384553, -0.38108351591565537, 0.31640042326275764, 0.27718039467449396, True
-3.738316399548334, -0.7298388489748113, -1.9599960927902331, -0.38108351591565537, 0.31640042326275764, 0.27718039467449396, False
3.232382506692236, 4.967494846673219, 0.6331562095936896, -0.38108351591565537, 0.31640042326275764, 0.27718039467449396, False
-0.06158709414391694, 0.2945100359229471, -2.688123659211925, -0.38108351591565537, 0.31640042326275764, 0.27718039467449396, False
-4.498265530108439, -5.855213716141273, -1.066775545621637, -0.38108351591565537, 0.31640042326275764, 0.27718039467449396, False
-2.6853084556375673, 4.956573028785016, 0.0033869446047964935, -0.38108351591565537, 0.31640042326275764, 0.27718039467449396, False
2.1833677543492094, 0.7446456200951177, -0.7822126407046666, -0.38108351591565537, 0.31640042326275764, 0.27718039467449396, False
-2.888950860213861, 1.6021057994112669, 2.1038034402535706, -0.38108351591565537, 0.31640042326275764, 0.27718039467449396, False
5.828700869763415, 4.055364426310842, 1.230716229112037, -0.38108351591565537, 0.31640042326275764, 0.27718039467449396, False
-3.819094520233385, 2.164162983801953, 0.722373055149804, -0.38108351591565537, 0.31640042326275764, 0.27718039467449396, False
0.10133500223777414, -5.1256795721479165, 0.23360831285839412, -0.38108351591565537, 0.31640042326275764, 0.27718039467449396, False
1.1847130915924708, -0.40098048292017996, -2.8176766224904184, -0.38108351591565537, 0.31640042326275764, 0.27718039467449396, False
2.561035361565475, -1.4505783892480641, 1.217778563742388, -0.38108351591565537, 0.31640042326275764, 0.27718039467449396, False
0.7856607498576196, -0.8081987655836222, -2.7465559302266143, -0.38108351591565537, 0.31640042326275764, 0.27718039467449396, False
-3.895131816919063, 1.9700270309495789, -0.9938133094914656, -0.38108351591565537, 0.31640042326275764, 0.27718039467449396, False
-3.376940569914402, -0.7094731687693683, -0.3542113075688227, -0.38108351591565537, 0.31640042326275764, 0.27718039467449396, False
3.873853335701037, 1.8937249971335675, 0.06499750662356618, -0.38108351591565537, 0.31640042326275764, 0.27718039467449396, False
0.15984130912446215, -2.1468914571507227, -1.4157562997184823, -0.38108351591565537, 0.31640042326275764, 0.27718039467449396, False
2.007605769616875, -6.11702330417124, 2.782867723269117, -0.38108351591565537, 0.31640042326275764, 0.27718039467449396, False
2.7926232125192776, 2.098211929802087, -0.6406826240328414, -0.38108351591565537, 0.31640042326275764, 0.27718039467449396, False
2.4782460344071495, 3.2164160723707322, -0.6944521168102376, -0.38108351591565537, 0.31640042326275764, 0.27718039467449396, False
-1.1228151642369806, -5.926412425071761, 0.8714681872381354, -0.38108351591565537, 0.31640042326275764, 0.27718039467449396, False
-5.070268086202272, -1.6207768575260078, 0.2207570680131976, -0.38108351591565537, 0.31640042326275764, 0.27718039467449396, False
2.950297917493616, 4.605779421051098, -0.24216961213713795, -0.38108351591565537, 0.31640042326275764, 0.27718039467449396, False
4.189641330612563, -4.098912559129913, -1.2091617712728338, -0.38108351591565537, 0.31640042326275764, 0.27718039467449396, False
-3.039046793663334, 0.9208839267430546, 3.0569432019138425, -0.38108351591565537, 0.31640042326275764, 0.27718039467449396, True
0.3071524868309279, 1.424943086470237, 1.7094036160565906, -0.38108351591565537, 0.31640042326275764, 0.27718039467449396, False
0.8950669689133566, -1.5375053407929782, -2.6331245164159043, -0.38108351591565537, 0.31640042326275764, 0.27718039467449396, False
-3.338926815823386, -3.2229233887846784, -0.4987780447351202, -0.38108351591565537, 0.31640042326275764, 0.27718039467449396, False
4.1045852205306215, -4.46155495798032, -1.1071569485163075, -0.38108351591565537, 0.31640042326275764, 0.27718039467449396, False
-2.041415962252672, 4.164151096132974, 1.1992239818172843, -0.38108351591565537, 0.31640042326275764, 0.27718039467449396, False
