-2.51609540222565, -5.387203978230657, -1.7605954507196062, 0.20677934561609634, -0.18384561847832448, -0.343288987053638, False
3.9359273216275987, 4.324532596267007, 1.9608243722742786, 0.20677934561609634, -0.18384561847832448, -0.343288987053638, False
5.438216250199789, 5.356250549061199, -2.041484082059098, 0.20677934561609634, -0.18384561847832448, -0.343288987053638, False
-5.026741754140173, 0.23135677320532988, -1.0228208450586154, 0.20677934561609634, -0.18384561847832448, -0.343288987053638, False
-5.282684242542947, -2.8358831506694018, -0.30241917673026864, 0.20677934561609634, -0.18384561847832448, -0.343288987053638, False
-0.8607179884117029, -6.025952604964755, 1.9716352248834639, 0.20677934561609634, -0.18384561847832448, -0.343288987053638, True
1.542557263614933, 3.068572650593204, -2.284423479788948, 0.20677934561609634, -0.18384561847832448, -0.343288987053638, False
2.817634543138439, -3.647911011078527, 0.8540500305571261, 0.20677934561609634, -0.18384561847832448, -0.343288987053638, False
4.869572227786012, 6.061203880760296, -0.8230141201753738, 0.20677934561609634, -0.18384561847832448, -0.343288987053638, False
3.2616179151064557, 4.1983402683802105, -0.16294369847979784, 0.20677934561609634, -0.18384561847832448, -0.343288987053638, False
-6.131435883457428, 3.1425766245418245, -1.7237063302970193, 0.20677934561609634, -0.18384561847832448, -0.343288987053638, False
1.3367184795836087, 2.2186554583978495, 2.7487924467895892, 0.20677934561609634, -0.18384561847832448, -0.343288987053638, False
-0.3490668820725915, -1.3452183556584103, -0.2774864171316591, 0.20677934561609634, -0.18384561847832448, -0.343288987053638, False
0.12066469219785603, 2.0656935187011403, -1.1100012730554916, 0.20677934561609634, -0.18384561847832448, -0.343288987053638, False
-4.353150600503073, 2.092062634239106, -0.31702734189316395, 0.20677934561609634, -0.18384561847832448, -0.343288987053638, True
2.2662013665118117, 5.894757555226034, 0.008319843315217401, 0.20677934561609634, -0.18384561847832448, -0.343288987053638, False
4.684729730436095, -4.220053901156136, 2.1915155777591337, 0.20677934561609634, -0.18384561847832448, -0.343288987053638, False
1.804200739220704, -2.4191950615245283, 1.0212891797109576, 0.20677934561609634, -0.18384561847832448, -0.343288987053638, False
-0.6215285849249241, -2.2800085866112205, -0.42336687597246003, 0.20677934561609634, -0.18384561847832448, -0.343288987053638, False
-4.22009286277166, -4.500796448895631, -2.702452145837306, 0.20677934561609634, -0.18384561847832448, -0.343288987053638, False
3.0984214797399527, 5.4463610045968345, 2.011790706997121, 0.20677934561609634, -0.18384561847832448, -0.343288987053638, False
1.4142744650336656, -0.6499849736579204, 1.7810245611721411, 0.20677934561609634, -0.18384561847832448, -0.343288987053638, False
-1.5935428919989842, 4.472395092022895, -1.313453131131434, 0.20677934561609634, -0.18384561847832448, -0.343288987053638, False
-1.4556332158469596, 4.459899845044111, -2.1734320086479975, 0.20677934561609634, -0.18384561847832448, -0.343288987053638, False
0.26900441556103427, -1.4436403679797927, 1.3263112637774563, 0.20677934561609634, -0.18384561847832448, -0.343288987053638, False
-6.043757061005676, -2.672078192436369, 0.6892257801686257, 0.20677934561609634, -0.18384561847832448, -0.343288987053638, False
-1.793408727948246, 3.856627828849069, -0.33675424116786923, 0.20677934561609634, -0.18384561847832448, -0.343288987053638, False
4.269071907601651, -5.602744287847058, -0.4771349783872534, 0.20677934561609634, -0.18384561847832448, -0.343288987053638, False
-2.9295897738549934, 3.174749490636957, -1.8251857794303945, 0.20677934561609634, -0.18384561847832448, -0.343288987053638, False
6.116501392066192, -6.263962428313867, -1.9842504248106831, 0.20677934561609634, -0.18384561847832448, -0.343288987053638, False
3.240898087112864, 4.866319867730514, 0.44048194591544343, 0.20677934561609634, -0.18384561847832448, -0.343288987053638, False
-0.05078356378502935, 1.9063286770853978, -0.3604421656789243, 0.20677934561609634, -0.18384561847832448, -0.343288987053638, False
-1.033175363782008, -1.9912535663119808, 1.565639202323772, 0.20677934561609634, -0.18384561847832448, -0.343288987053638, False
-2.674444293003362, -0.5351409289995148, -1.1302457080668136, 0.20677934561609634, -0.18384561847832448, -0.343288987053638, False
2.724225983809742, 2.5327002165478927, -0.24905366873547674, 0.20677934561609634, -0.18384561847832448, -0.343288987053638, False
-0.7803881767775804, 3.386431429971566, 2.3712448660643517, 0.20677934561609634, -0.18384561847832448, -0.343288987053638, False
1.5820285414184898, 4.655390934963435, 0.6887100983748153, 0.20677934561609634, -0.18384561847832448, -0.343288987053638, False
-2.321177632515454, -6.234071863990441, -2.811150088825579, 0.20677934561609634, -0.18384561847832448, -0.343288987053638, False
-4.449140929491199, 5.681447122893902, 0.36443126417578187, 0.20677934561609634, -0.18384561847832448, -0.343288987053638, False
-4.51953153215228, 5.401252128378694, 2.082229343569116, 0.20677934561609634, -0.18384561847832448, -0.343288987053638, False
5.029569665027768, 1.5061302263262188, -1.3736268929320414, 0.20677934561609634, -0.18384561847832448, -0.343288987053638, True
-5.18146545951721, 2.670990716848049, -2.356510148432439, 0.20677934561609634, -0.18384561847832448, -0.343288987053638, False
1.435664644941646, 4.661651937139942, 1.2919546481881765, 0.20677934561609634, -0.18384561847832448, -0.343288987053638, False
0.14908142659405765, -0.912466715078744, 0.7549361915241541, 0.20677934561609634, -0.18384561847832448, -0.343288987053638, False
-2.738468032033453, 2.5871784800972915, 2.360134463005325, 0.20677934561609634, -0.18384561847832448, -0.343288987053638, False
1.2028754190183344, 0.4942105588271266, 2.5300458164332227, 0.20677934561609634, -0.18384561847832448, -0.343288987053638, False
0.8811085946176211, 0.13839731689360502, -0.9278271298872927, 0.20677934561609634, -0.18384561847832448, -0.343288987053638, False
1.1359837153712116, -0.3622422801100633, -0.04783631846417924, 0.20677934561609634, -0.18384561847832448, -0.343288987053638, False
-0.7205416265874671, 3.1046385149679967, -0.23475965597616, 0.20677934561609634, -0.18384561847832448, -0.343288987053638, False
0.6958530943258792, 1.340074618917754, -1.81782194294452, 0.20677934561609634, -0.18384561847832448, -0.343288987053638, False
4.479909398629177, -4.988334929566291, -2.5328052443578617, 0.20677934561609634, -0.18384561847832448, -0.343288987053638, True
5.764249734694035, -3.6861786265867544, -2.4643999357092707, 0.20677934561609634, -0.18384561847832448, -0.343288987053638, False
-0.3884920317535183, -1.5309175271148545, 1.4545144432030614, 0.20677934561609634, -0.18384561847832448, -0.343288987053638, False
-0.641235083485884, 4.120788710406748, -2.909345782493578, 0.20677934561609634, -0.18384561847832448, -0.343288987053638, True
2.5004402558511245, -0.27620588671013646, -0.648014522092971, 0.20677934561609634, -0.18384561847832448, -0.343288987053638, False
3.711145912351194, -5.563776697712909, 2.8707448542943776, 0.20677934561609634, -0.18384561847832448, -0.343288987053638, False
-5.022668048968126, 2.5178677364666378, 1.0281977799091875, 0.20677934561609634, -0.18384561847832448, -0.343288987053638, False
2.713805942069701, 2.736789448313793, 0.7926233356470345, 0.20677934561609634, -0.18384561847832448, -0.343288987053638, False
-3.0195654622751227, 0.6926153513795352, -0.6155958847130503, 0.20677934561609634, -0.18384561847832448, -0.343288987053638, False
-1.2908009689433415, 5.4850227629707184, -3.030542476818062, 0.20677934561609634, -0.18384561847832448, -0.343288987053638, True
0.7324703892274886, 5.734162335017116, -1.4412103316834337, 0.20677934561609634, -0.18384561847832448, -0.343288987053638, False
-3.730584632751228, 0.47080040203266904, 2.337633238311353, 0.20677934561609634, -0.18384561847832448, -0.343288987053638, False
-0.8667298080529617, 4.833083768189454, 0.9565984341434266, 0.20677934561609634, -0.18384561847832448, -0.343288987053638, False
5.010573603627272, -5.279481716068868, 0.227787640130638, 0.20677934561609634, -0.18384561847832448, -0.343288987053638, True
0.38544253218729274, -5.919173060206821, -2.0748492103564766, 0.20677934561609634, -0.18384561847832448, -0.343288987053638, False
-0.4845591847996955, -1.012004528512132, -2.272473416841856, 0.20677934561609634, -0.18384561847832448, -0.343288987053638, False
-5.955865793982994, 4.85274793312659, 2.6636929831215213, 0.20677934561609634, -0.18384561847832448, -0.343288987053638, False
-5.436929223145782, 1.1149312558656614, -1.9954600166361598, 0.20677934561609634, -0.18384561847832448, -0.343288987053638, False
2.6473660936840933, -0.4571834482502837, -0.961175278953736, 0.20677934561609634, -0.18384561847832448, -0.343288987053638, False
-1.3148306235012948, 0.7691982596066556, -2.115579137104338, 0.20677934561609634, -0.18384561847832448, -0.343288987053638, True
-1.9582863992558535, 0.4311951015282647, -0.7542043673023251, 0.20677934561609634, -0.18384561847832448, -0.343288987053638, False
5.787199157941727, -4.499323521300152, 1.8521296661687074, 0.20677934561609634, -0.18384561847832448, -0.343288987053638, False
3.3098292291990745, -0.7084449826480546, -1.144438441184096, 0.20677934561609634, -0.18384561847832448, -0.343288987053638, False
-4.8813407719350606, -3.6633792556812392, 1.4971156045259129, 0.20677934561609634, -0.18384561847832448, -0.343288987053638, False
-0.7777059957083354, -2.0772650003588717, -1.2336846479924193, 0.20677934561609634, -0.18384561847832448, -0.343288987053638, False
2.4768249254816315, 3.421648023681776, -0.11927834315300867, 0.20677934561609634, -0.18384561847832448, -0.343288987053638, False
-5.517642969231446, 2.305554270598435, -1.8668017623676438, 0.20677934561609634, -0.18384561847832448, -0.343288987053638, False
4.227618093855369, 2.053836737113679, 0.6942332569184271, 0.20677934561609634, -0.18384561847832448, -0.343288987053638, False
-0.388329098999999, 3.110906209658747, -2.0540720007720163, 0.20677934561609634, -0.18384561847832448, -0.343288987053638, False
2.7763362748432474, 2.9104224954704065, -1.9050174653353729, 0.20677934561609634, -0.18384561847832448, -0.343288987053638, True
1.75894875640045, 5.195880027870187, -2.3034283374188007, 0.20677934561609634, -0.18384561847832448, -0.343288987053638, False
-3.4920022367788954, 4.959416924707414, -2.565502801270826, 0.20677934561609634, -0.18384561847832448, -0.343288987053638, False
1.0474952213828574, -1.8074319996956678, -2.1918957568409185, 0.20677934561609634, -0.18384561847832448, -0.343288987053638, False
4.570560443242531, 3.84357010446897, -0.9069173001289594, 0.20677934561609634, -0.18384561847832448, -0.343288987053638, False
3.8344478338100423, -3.7483306840245225, -1.477413222266451, 0.20677934561609634, -0.18384561847832448, -0.343288987053638, False
3.757923006209829, 0.029350229136619888, -2.1041081618545134, 0.20677934561609634, -0.18384561847832448, -0.343288987053638, False
2.680413131079476, -4.088531908881428, 2.5349570655058926, 0.20677934561609634, -0.18384561847832448, -0.343288987053638, True
-1.0228722721497538, 6.007919867139819, 2.554516590463604, 0.20677934561609634, -0.18384561847832448, -0.343288987053638, False
-5.594920296387106, -1.9580932838098333, 0.42275454521894806, 0.20677934561609634, -0.18384561847832448, -0.343288987053638, False
2.134693766364517, -5.913933891850612, -2.765639851704287, 0.20677934561609634, -0.18384561847832448, -0.343288987053638, False
-5.492098234591635, 2.432522980309111, 0.5385056169189095, 0.20677934561609634, -0.18384561847832448, -0.343288987053638, False
-4.657993498874241, -1.3766686500298269, -1.7035989126400457, 0.20677934561609634, -0.18384561847832448, -0.343288987053638, False
-4.970791961624497, -1.4194567462489234, 0.7472374064433103, 0.20677934561609634, -0.18384561847832448, -0.343288987053638, False
1.9275864626021857, 3.5783118091501276, 0.0837034495559128, 0.20677934561609634, -0.18384561847832448, -0.343288987053638, False
-0.1956135008534421, 2.5408331225837912, 2.555965093635586, 0.20677934561609634, -0.18384561847832448, -0.343288987053638, False
5.063253954711122, 2.228309453045622, -1.3766500567097364, 0.20677934561609634, -0.18384561847832448, -0.343288987053638, False
-0.37499441431960623, 2.768773416818048, 0.8200099398413339, 0.20677934561609634, -0.18384561847832448, -0.343288987053638, False
5.4112364478809685, 0.21942959138225593, 0.1634420727921424, 0.20677934561609634, -0.18384561847832448, -0.343288987053638, False
-1.112329108188998, 2.4709039901625456, -2.993877795331971, 0.20677934561609634, -0.18384561847832448, -0.343288987053638, True
5.831032710700013, 5.533528986131476, 0.271192199825963, 0.20677934561609634, -0.18384561847832448, -0.343288987053638, False
-6.078231324422121, -2.357134576936794, 2.873561744221889, 0.20677934561609634, -0.18384561847832448, -0.343288987053638, False
4.5141452961858874, 2.9998677637119187, 1.4320380620416495, 0.20677934561609634, -0.18384561847832448, -0.343288987053638, False
3.3264703990772144, -1.359418688040357, -2.6112995244826465, 0.20677934561609634, -0.18384561847832448, -0.343288987053638, False
2.5271606482471274, -1.9090125321999114, -2.057910958888587, 0.20677934561609634, -0.18384561847832448, -0.343288987053638, False
-3.7690715318401407, -6.026018111087162, 1.2107321541606861, 0.20677934561609634, -0.18384561847832448, -0.343288987053638, False
3.4465021812336705, 1.1824703777908576, -1.0918250428583591, 0.20677934561609634, -0.18384561847832448, -0.343288987053638, False
3.9700955032130505, -3.257080691276891, -2.365299152943959, 0.20677934561609634, -0.18384561847832448, -0.343288987053638, False
3.923742914746052, 1.9176736037852482, -1.2773154688864168, 0.20677934561609634, -0.18384561847832448, -0.343288987053638, True
-0.9853949503263282, 5.08744785824239, 0.36024733283183297, 0.20677934561609634, -0.18384561847832448, -0.343288987053638, False
-2.204762973359781, -3.2523334163871085, 2.6701393038598917, 0.20677934561609634, -0.18384561847832448, -0.343288987053638, False
-1.9091389326439243, 0.12161678914574114, -1.0823926128610255, 0.20677934561609634, -0.18384561847832448, -0.343288987053638, False
-4.3212314986209615, -4.762339748178496, 1.5560022063902013, 0.20677934561609634, -0.18384561847832448, -0.343288987053638, True
0.06696343391566373, -3.0296244980158593, 2.4418321329197035, 0.20677934561609634, -0.18384561847832448, -0.343288987053638, False
-6.204436515447862, 5.244872103686497, 2.4275971769523856, 0.20677934561609634, -0.18384561847832448, -0.343288987053638, False
-0.13708735921163662, 5.3543174023308335, -2.6715818346640363, 0.20677934561609634, -0.18384561847832448, -0.343288987053638, False
5.6812918226239315, 0.9401292131091443, -0.6990394544471217, 0.20677934561609634, -0.18384561847832448, -0.343288987053638, True
2.841322433282043, -1.012796702006722, 0.3660524787409418, 0.20677934561609634, -0.18384561847832448, -0.343288987053638, False
-3.6813555311355364, 5.438021371970702, 2.645462484752408, 0.20677934561609634, -0.18384561847832448, -0.343288987053638, False
-0.6534478727480195, -4.245821496436542, -2.3229474533420285, 0.20677934561609634, -0.18384561847832448, -0.343288987053638, False
-4.69791167009713, -2.282041752708957, 0.058419621877726424, 0.20677934561609634, -0.18384561847832448, -0.343288987053638, False
2.798196249382297, 1.2929685421616774, 1.2708482975405877, 0.20677934561609634, -0.18384561847832448, -0.343288987053638, True
3.69734836653854, 0.4973960062906624, -0.3368293018061177, 0.20677934561609634, -0.18384561847832448, -0.343288987053638, False
5.254533230286059, -1.6915601578389516, -0.48018189694286706, 0.20677934561609634, -0.18384561847832448, -0.343288987053638, False
-3.2674855397354485, -1.1882596118704125, -1.3614531309441538, 0.20677934561609634, -0.18384561847832448, -0.343288987053638, False
-4.7897873815998135, 5.355061248040867, -0.41753477316533516, 0.20677934561609634, -0.18384561847832448, -0.343288987053638, False
0.25498117917920204, -5.447144500635944, 2.4343318410952275, 0.20677934561609634, -0.18384561847832448, -0.343288987053638, False
1.7697755768308703, 1.4094698182827496, -0.41868735366645105, 0.20677934561609634, -0.18384561847832448, -0.343288987053638, False
2.2443094835584976, -0.1644001025015207, -1.298187983181251, 0.20677934561609634, -0.18384561847832448, -0.343288987053638, False
-5.416885603770693, 2.1462286594769164, -1.3705149018166283, 0.20677934561609634, -0.18384561847832448, -0.343288987053638, False
-1.59919822362584, -1.1908400658027016, 1.4660123080871434, 0.20677934561609634, -0.18384561847832448, -0.343288987053638, False
1.323605387804629, 4.181176396378088, -0.8779237967277562, 0.20677934561609634, -0.18384561847832448, -0.343288987053638, False
5.9576019447663455, -3.7439909168216947, 3.087050588137833, 0.20677934561609634, -0.18384561847832448, -0.343288987053638, True
2.599834397475293, 4.3865990648167, 1.1673200095897904, 0.20677934561609634, -0.18384561847832448, -0.343288987053638, False
3.6618365091920335, 5.276704067606538, 0.6166667326188473, 0.20677934561609634, -0.18384561847832448, -0.343288987053638, False
-1.2069414143496422, 1.476397083400136, 1.16603028095943, 0.20677934561609634, -0.18384561847832448, -0.343288987053638, False
-3.6285745599860686, -0.2608645524634676, -0.827755482396737, 0.20677934561609634, -0.18384561847832448, -0.343288987053638, False
5.18027706145261, -3.900580559543553, 1.1039085387701846, 0.20677934561609634, -0.18384561847832448, -0.343288987053638, False
3.855212930433149, -0.11849439927858896, -1.3486967602427715, 0.20677934561609634, -0.18384561847832448, -0.343288987053638, False
4.873424907292174, 2.8255609136036437, -1.8194062490682736, 0.20677934561609634, -0.18384561847832448, -0.343288987053638, False
-6.11504291602509, -5.752988336263885, 0.9407638624818713, 0.20677934561609634, -0.18384561847832448, -0.343288987053638, False
3.2484075573598403, -2.5946575525105424, -1.4058095049993222, 0.20677934561609634, -0.18384561847832448, -0.343288987053638, False
3.5922033243957685, 2.50332284283855, 1.4058124131611853, 0.20677934561609634, -0.18384561847832448, -0.343288987053638, False
0.44480899159543164, 0.7176035132523477, 2.8019977324885623, 0.20677934561609634, -0.18384561847832448, -0.343288987053638, False
-4.727747439525463, -4.06279387229449, -1.1909263372619068, 0.20677934561609634, -0.18384561847832448, -0.343288987053638, False
5.32142515867155, -0.15098195361868427, 2.8531127559348777, 0.20677934561609634, -0.18384561847832448, -0.343288987053638, True
1.290811758844252, -2.4626435279911068, 0.7799925516058046, 0.20677934561609634, -0.18384561847832448, -0.343288987053638, False
-6.011702630306749, -4.0950628940533775, 2.0057913676086834, 0.20677934561609634, -0.18384561847832448, -0.343288987053638, False
-5.4990694653192085, -5.753709824458234, -2.6443898579770337, 0.20677934561609634, -0.18384561847832448, -0.343288987053638, False
-1.8695870245589834, 1.9904329589797545, 2.1290299863569153, 0.20677934561609634, -0.18384561847832448, -0.343288987053638, False
-0.34589274649699764, -0.6866541254048268, -2.506900194548599, 0.20677934561609634, -0.18384561847832448, -0.343288987053638, False
0.3128556778274385, 4.93145187238118, 0.8362780202640412, 0.20677934561609634, -0.18384561847832448, -0.343288987053638, False
-4.496107537541207, -1.0013579209870977, -1.5810196574594901, 0.20677934561609634, -0.18384561847832448, -0.343288987053638, False
-0.21080041478371125, -4.559072858206458, 2.2504250031067095, 0.20677934561609634, -0.18384561847832448, -0.343288987053638, False
1.4128403260369318, -0.7622348711181139, 1.311571523943912, 0.20677934561609634, -0.18384561847832448, -0.343288987053638, False
-6.04568622223948, -3.350886308134598, -2.100777439423409, 0.20677934561609634, -0.18384561847832448, -0.343288987053638, False
2.160155477622933, -3.6399445523372327, -0.008619932453363788, 0.20677934561609634, -0.18384561847832448, -0.343288987053638, False
-1.53975597869323, -5.108299560344567, -0.0034100384680151308, 0.20677934561609634, -0.18384561847832448, -0.343288987053638, True
-2.6779619540306303, 4.776950130696351, 0.6257975624132235, 0.20677934561609634, -0.18384561847832448, -0.343288987053638, False
3.5115772229806463, 1.3825540778104877, -0.33605304028713157, 0.20677934561609634, -0.18384561847832448, -0.343288987053638, False
-5.326333198753203, 4.165206343923606, -2.000542520172885, 0.20677934561609634, -0.18384561847832448, -0.343288987053638, False
-4.4565858827952045, 3.447863164035944, -1.3819560919236196, 0.20677934561609634, -0.18384561847832448, -0.343288987053638, False
-3.106227785653214, 4.079727342512191, -0.4826350357584803, 0.20677934561609634, -0.18384561847832448, -0.343288987053638, False
5.598641842259079, -5.863500020358868, -1.024130605845678, 0.20677934561609634, -0.18384561847832448, -0.343288987053638, False
-0.3430184302032586, -1.7280882591965963, 0.5333496304650014, 0.20677934561609634, -0.18384561847832448, -0.343288987053638, False
2.221303291095575, -4.251834754969959, 2.3504023782151906, 0.20677934561609634, -0.18384561847832448, -0.343288987053638, True
5.439951245126254, -5.361993264153645, 1.0314675363946817, 0.20677934561609634, -0.18384561847832448, -0.343288987053638, True
-5.07803687569678, -4.6504090882134355, 0.635530723557018, 0.20677934561609634, -0.18384561847832448, -0.343288987053638, False
-1.4820248168149845, 3.475456269566264, -0.09867459415876345, 0.20677934561609634, -0.18384561847832448, -0.343288987053638, False
-0.40067434506759714, 2.5451607146583406, -2.7761882521462193, 0.20677934561609634, -0.18384561847832448, -0.343288987053638, False
4.875083053116239, -4.209691324110425, 2.840260107112975, 0.20677934561609634, -0.18384561847832448, -0.343288987053638, False
-3.7898299307981342, 5.822872708407932, -1.4515757119608226, 0.20677934561609634, -0.18384561847832448, -0.343288987053638, False
-5.036244552731506, 5.825844828838916, 0.010801510651291757, 0.20677934561609634, -0.18384561847832448, -0.343288987053638, False
-0.9857705022249288, -5.679502643346845, -1.202178089465319, 0.20677934561609634, -0.18384561847832448, -0.343288987053638, False
-4.006153153744359, -6.136760355264996, 1.4049156716680935, 0.20677934561609634, -0.18384561847832448, -0.343288987053638, False
-2.735224445193652, 2.554650473058633, -0.5560820575393475, 0.20677934561609634, -0.18384561847832448, -0.343288987053638, False
1.424104104628273, -1.6720930289908766, 0.5883095113442622, 0.20677934561609634, -0.18384561847832448, -0.343288987053638, False
-3.588622292309687, 3.585982236767185, 2.557901424498704, 0.20677934561609634, -0.18384561847832448, -0.343288987053638, False
3.5017180327284922, 4.3847372553494, 0.5169026189462897, 0.20677934561609634, -0.18384561847832448, -0.343288987053638, False
5.349823463028278, -5.370518980734969, 1.0286160221930558, 0.20677934561609634, -0.18384561847832448, -0.343288987053638, True
5.206842734401739, -4.9168336133562205, -2.1359616411148807, 0.20677934561609634, -0.18384561847832448, -0.343288987053638, True
-0.7460456246136307, -3.5759240648964603, -2.618900631614035, 0.20677934561609634, -0.18384561847832448, -0.343288987053638, False
5.171752472458124, -3.938540570688951, -1.8876690196475308, 0.20677934561609634, -0.18384561847832448, -0.343288987053638, False
-1.720483511182799, 5.596074331885305, -1.5087551766693674, 0.20677934561609634, -0.18384561847832448, -0.343288987053638, False
-3.383463720669703, -0.2656146218814621, 0.28456619203312616, 0.20677934561609634, -0.18384561847832448, -0.343288987053638, False
-2.554550993555879, -5.01036834035545, 0.7732443815202017, 0.20677934561609634, -0.18384561847832448, -0.343288987053638, False
0.15989622461243336, -4.862189511899018, 0.22804303647033963, 0.20677934561609634, -0.18384561847832448, -0.343288987053638, False
-4.684725101468003, -5.939966710010202, -1.9373292430245415, 0.20677934561609634, -0.18384561847832448, -0.343288987053638, False
3.6950295538818523, 0.17579363423377625, 2.8843981768606586, 0.20677934561609634, -0.18384561847832448, -0.343288987053638, True
-5.136019975551948, -4.160405566095463, 1.707755176110699, 0.20677934561609634, -0.18384561847832448, -0.343288987053638, False
-2.4694009431602066, -5.647971566836742, 2.8896118074994686, 0.20677934561609634, -0.18384561847832448, -0.343288987053638, True
-1.8507209166446792, -0.3751212659317318, -2.518203718478083, 0.20677934561609634, -0.18384561847832448, -0.343288987053638, False
4.615014095251251, 2.7588968270681775, -0.13174181291075637, 0.20677934561609634, -0.18384561847832448, -0.343288987053638, False
0.7530462962789484, -0.9183114034474702, 2.853415595514413, 0.20677934561609634, -0.18384561847832448, -0.343288987053638, False
-2.4005245428442037, 2.511822716703982, 0.18557943404855548, 0.20677934561609634, -0.18384561847832448, -0.343288987053638, False
0.11521089417038599, 0.5028383185086351, -2.2324621558125792, 0.20677934561609634, -0.18384561847832448, -0.343288987053638, False
1.7927285784080222, 2.5165337944571036, -0.21957839283497194, 0.20677934561609634, -0.18384561847832448, -0.343288987053638, False
4.985378918610563, -2.31420401018261, 1.7660055802944177, 0.20677934561609634, -0.18384561847832448, -0.343288987053638, False
5.649177651931243, -0.6321559316923837, -2.6704545856455577, 0.20677934561609634, -0.18384561847832448, -0.343288987053638, False
2.323370200496255, -2.6530683328787643, -1.5283056329988693, 0.20677934561609634, -0.18384561847832448, -0.343288987053638, False
4.6459824048179375, -0.9733138735439146, 1.8335399654274056, 0.20677934561609634, -0.18384561847832448, -0.343288987053638, False
