6.052096293759485, -1.2832098219879207, -1.9869566722487404, 0.4466882984012229, 0.23084065711583412, 0.09070286980080866, False
4.110969656027544, 5.843501370730287, 1.5356238320389446, 0.4466882984012229, 0.23084065711583412, 0.09070286980080866, False
3.3990378266455057, 1.4447307723208684, 2.0692178766688922, 0.4466882984012229, 0.23084065711583412, 0.09070286980080866, False
-2.437836094161101, 1.2616473544457136, -0.11750010965185442, 0.4466882984012229, 0.23084065711583412, 0.09070286980080866, False
6.010693776738787, -4.157735091537418, -1.1182360801710707, 0.4466882984012229, 0.23084065711583412, 0.09070286980080866, False
5.073839199138932, 6.259258534657324, 0.41461719880081915, 0.4466882984012229, 0.23084065711583412, 0.09070286980080866, False
0.5816249370412905, -6.05564907961939, 0.34768484612518735, 0.4466882984012229, 0.23084065711583412, 0.09070286980080866, True
-1.5975442545483176, -4.158435663235304, 0.07750891105524316, 0.4466882984012229, 0.23084065711583412, 0.09070286980080866, False
-3.525436062829399, 2.231226574900898, 0.47428507321561186, 0.4466882984012229, 0.23084065711583412, 0.09070286980080866, False
-4.0629263826149495, 1.672901091316664, 1.2535900687437307, 0.4466882984012229, 0.23084065711583412, 0.09070286980080866, False
2.1035088998192517, -4.549684023689942, 2.772722763111026, 0.4466882984012229, 0.23084065711583412, 0.09070286980080866, False
1.7300601411814291, -1.823810873299096, -2.851298468749649, 0.4466882984012229, 0.23084065711583412, 0.09070286980080866, False
4.424530628901291, 3.9986711910423107, -1.0578870828294642, 0.4466882984012229, 0.23084065711583412, 0.09070286980080866, False
-2.4116648915666765, 0.9862407223744922, 2.204238500835432, 0.4466882984012229, 0.23084065711583412, 0.09070286980080866, False
-3.9286478045699558, 0.07682015539826637, 1.0576046202168063, 0.4466882984012229, 0.23084065711583412, 0.09070286980080866, False
2.3406552558331075, 2.458265425523237, -1.7176597594153329, 0.4466882984012229, 0.23084065711583412, 0.09070286980080866, False
-1.8028560564719749, -2.489570153727939, -0.5733363517569088, 0.4466882984012229, 0.23084065711583412, 0.09070286980080866, False
4.202059954881541, -6.261194332516013, -2.912252810274539, 0.4466882984012229, 0.23084065711583412, 0.09070286980080866, True
-5.111056279365823, -5.758239691795045, -1.9141783352937907, 0.4466882984012229, 0.23084065711583412, 0.09070286980080866, False
-4.9921737705957945, -3.8434267190061084, 2.6283585784976937, 0.4466882984012229, 0.23084065711583412, 0.09070286980080866, False
-1.4027756137946668, -3.0296230030121496, 2.2269604940292957, 0.4466882984012229, 0.23084065711583412, 0.09070286980080866, False
-5.6455336483956975, 3.8053481730430523, 2.17330331883099, 0.4466882984012229, 0.23084065711583412, 0.09070286980080866, False
1.4424251237181789, 5.844132254126579, 1.306859669899847, 0.4466882984012229, 0.23084065711583412, 0.09070286980080866, False
-6.11852874532987, 2.2155083100392545, 3.1219239476303615, 0.4466882984012229, 0.23084065711583412, 0.09070286980080866, True
-2.4825185628004176, 0.24055460170220044, 0.5100149306391506, 0.4466882984012229, 0.23084065711583412, 0.09070286980080866, False
-0.2773433983120448, -1.1963557220185717, 0.017449128241459277, 0.4466882984012229, 0.23084065711583412, 0.09070286980080866, False
-4.404471800125584, 1.889379388792472, -0.2885264887932171, 0.4466882984012229, 0.23084065711583412, 0.09070286980080866, False
-1.8428103308996446, -3.3396540956229077, 1.3456353845924092, 0.4466882984012229, 0.23084065711583412, 0.09070286980080866, False
-3.7178774224148676, -6.255071058608962, -2.5734485209996, 0.4466882984012229, 0.23084065711583412, 0.09070286980080866, False
2.4724061452723607, 1.117698550760796, -3.1299591707273104, 0.4466882984012229, 0.23084065711583412, 0.09070286980080866, True
-6.264116500456537, -5.150082578779497, -0.6578851198068509, 0.4466882984012229, 0.23084065711583412, 0.09070286980080866, False
-0.3468900398839434, -4.502993498808314, 2.758748103556795, 0.4466882984012229, 0.23084065711583412, 0.09070286980080866, False
-5.369412150432716, -1.8293430564816457, -3.004284390656692, 0.4466882984012229, 0.23084065711583412, 0.09070286980080866, True
-1.5670812882057819, 4.618390550525994, -2.3449407506966753, 0.4466882984012229, 0.23084065711583412, 0.09070286980080866, False
5.413878553258005, -3.340902064578348, -1.7173099488905539, 0.4466882984012229, 0.23084065711583412, 0.09070286980080866, False
-2.6171932640931335, 2.253858101238828, -2.057140878114111, 0.4466882984012229, 0.23084065711583412, 0.09070286980080866, False
-2.516560050284288, -3.715444816325341, -2.7339636137061483, 0.4466882984012229, 0.23084065711583412, 0.09070286980080866, False
4.435847378670582, 4.394563992221649, 2.7653575591716217, 0.4466882984012229, 0.23084065711583412, 0.09070286980080866, False
-0.7924821693796957, -2.4638487725044858, 0.763936652611179, 0.4466882984012229, 0.23084065711583412, 0.09070286980080866, False
4.770263039137641, 4.69711049196628, 1.2387178440136726, 0.4466882984012229, 0.23084065711583412, 0.09070286980080866, False
-5.147999875326333, -5.507568523396198, -0.3910526740613971, 0.4466882984012229, 0.23084065711583412, 0.09070286980080866, False
-4.511393150736142, -6.009288229765714, 0.09562954555663872, 0.4466882984012229, 0.23084065711583412, 0.09070286980080866, False
2.4917177349371222, -4.78593556235579, 2.7849880670444147, 0.4466882984012229, 0.23084065711583412, 0.09070286980080866, False
4.072734834758588, -6.005656608779598, -2.4321664247999637, 0.4466882984012229, 0.23084065711583412, 0.09070286980080866, False
1.5032925168989753, 6.080492956931991, 1.7382712625221606, 0.4466882984012229, 0.23084065711583412, 0.09070286980080866, False
-1.6527554077563176, 2.336322801673983, 0.5467138686104298, 0.4466882984012229, 0.23084065711583412, 0.09070286980080866, False
-0.9716655904015878, -1.8320874328541112, -0.38861845486826585, 0.4466882984012229, 0.23084065711583412, 0.09070286980080866, False
5.328065394471869, -1.5219879401976346, 0.23333577353515267, 0.4466882984012229, 0.23084065711583412, 0.09070286980080866, False
4.4202725382670405, 0.5766646697540141, 1.4600960948797779, 0.4466882984012229, 0.23084065711583412, 0.09070286980080866, False
-4.173042265251109, 0.2120174628582845, 1.482690343648681, 0.4466882984012229, 0.23084065711583412, 0.09070286980080866, False
1.3583967342554164, -3.9757297730865515, 2.9870244958050742, 0.4466882984012229, 0.23084065711583412, 0.09070286980080866, True
-5.468863943643344, 3.1277429124398424, 0.7014909296193816, 0.4466882984012229, 0.23084065711583412, 0.09070286980080866, False
2.9741268702078614, 5.723185529581665, 3.032311964616963, 0.4466882984012229, 0.23084065711583412, 0.09070286980080866, True
-1.3785458351856068, 3.306124812603569, -2.750038874649838, 0.4466882984012229, 0.23084065711583412, 0.09070286980080866, False
1.781190493024953, -5.140934040060586, -0.5580899788368834, 0.4466882984012229, 0.23084065711583412, 0.09070286980080866, False
-4.439842996391547, -4.607180211699112, 0.863271838588024, 0.4466882984012229, 0.23084065711583412, 0.09070286980080866, False
4.558431380172889, -6.266646387878723, 3.0983648021934256, 0.4466882984012229, 0.23084065711583412, 0.09070286980080866, True
4.300153812262689, -2.074994617482674, 1.6243346038673243, 0.4466882984012229, 0.23084065711583412, 0.09070286980080866, False
-5.1910949359492085, 3.927405145798531, 1.3469589590414301, 0.4466882984012229, 0.23084065711583412, 0.09070286980080866, False
3.9371730759040506, 5.62080404131383, -3.0616724597232006, 0.4466882984012229, 0.23084065711583412, 0.09070286980080866, True
5.962599476133146, 3.335370602524062, 2.546795129029115, 0.4466882984012229, 0.23084065711583412, 0.09070286980080866, False
-4.511902003755255, 5.274010886143621, -0.2170167867287085, 0.4466882984012229, 0.23084065711583412, 0.09070286980080866, False
-0.055098294884308174, 4.776859715953135, 1.8950364299853026, 0.4466882984012229, 0.23084065711583412, 0.09070286980080866, False
-0.1819917084876952, -5.817728559050662, 2.1662224926628975, 0.4466882984012229, 0.23084065711583412, 0.09070286980080866, True
2.4017821732296873, 2.6576460039466756, 1.8419560590998696, 0.4466882984012229, 0.23084065711583412, 0.09070286980080866, False
-0.7816224283189133, -2.336431475997306, -2.8738003451818166, 0.4466882984012229, 0.23084065711583412, 0.09070286980080866, False
-3.1655617822526936, 0.2760169586426793, 1.4408372728101142, 0.4466882984012229, 0.23084065711583412, 0.09070286980080866, False
-3.9091347758800046, 3.0641932276997768, -3.1290837208163405, 0.4466882984012229, 0.23084065711583412, 0.09070286980080866, True
-3.7718723124655167, 3.334907149079731, -0.37799536259538113, 0.4466882984012229, 0.23084065711583412, 0.09070286980080866, False
2.0181712406311316, 3.7933985666067223, -0.9227958893252293, 0.4466882984012229, 0.23084065711583412, 0.09070286980080866, False
-3.5308647936773423, 1.1891260650046647, 1.1311688306969598, 0.4466882984012229, 0.23084065711583412, 0.09070286980080866, False
2.3265595807795645, -5.1985640674868945, 1.2599712129077378, 0.4466882984012229, 0.23084065711583412, 0.09070286980080866, False
-5.240608808381355, 5.627178357272898, -0.7054261163380144, 0.4466882984012229, 0.23084065711583412, 0.09070286980080866, False
1.1879494334327898, 2.4754979761373725, -1.462136579833961, 0.4466882984012229, 0.23084065711583412, 0.09070286980080866, False
-0.5863060664031954, -6.0870472117219485, -2.4651125577248507, 0.4466882984012229, 0.23084065711583412, 0.09070286980080866, False
-1.8891114837164116, 2.2206248257342196, -0.2130086305826815, 0.4466882984012229, 0.23084065711583412, 0.09070286980080866, False
0.8500351351194357, 0.6088835006157662, 0.6573760571382383, 0.4466882984012229, 0.23084065711583412, 0.09070286980080866, False
-1.8244864371947083, 2.9595650895786, -2.6565334094704225, 0.4466882984012229, 0.23084065711583412, 0.09070286980080866, False
-5.475162856302548, 1.1424003969058925, -0.7779459302949596, 0.4466882984012229, 0.23084065711583412, 0.09070286980080866, False
5.429482896583931, -5.46024892818774, 3.0768792656317148, 0.4466882984012229, 0.23084065711583412, 0.09070286980080866, True
4.848479039678724, 5.536066651877395, -1.7152799186129368, 0.4466882984012229, 0.23084065711583412, 0.09070286980080866, False
-1.3129272488360462, 1.7185090394034788, -1.2730716776450728, 0.4466882984012229, 0.23084065711583412, 0.09070286980080866, False
3.881678287567638, -5.364894730202944, -2.22924462465378, 0.4466882984012229, 0.23084065711583412, 0.09070286980080866, False
6.158169525332594, 2.5370461277661818, -0.6030171549059347, 0.4466882984012229, 0.23084065711583412, 0.09070286980080866, False
6.134768965184163, -5.049297333636598, -2.7667949393499605, 0.4466882984012229, 0.23084065711583412, 0.09070286980080866, False
4.336455885085536, -0.6637794865534286, 1.576313098427324, 0.4466882984012229, 0.23084065711583412, 0.09070286980080866, False
6.105498811963777, -4.548598868127305, -1.9660147746156307, 0.4466882984012229, 0.23084065711583412, 0.09070286980080866, False
1.155736444147145, -1.3490571059746674, 1.4269563654403852, 0.4466882984012229, 0.23084065711583412, 0.09070286980080866, False
4.340397469120385, -0.8660483107214816, -0.6266054681762534, 0.4466882984012229, 0.23084065711583412, 0.09070286980080866, False
-3.85804806486412, 5.26360861031829, 0.654487028277007, 0.4466882984012229, 0.23084065711583412, 0.09070286980080866, False
1.9506068843487299, -1.9772593315265938, 1.366242989235345, 0.4466882984012229, 0.23084065711583412, 0.09070286980080866, False
-3.9370507812086495, 1.7385151902405003, 2.438326985511025, 0.4466882984012229, 0.23084065711583412, 0.09070286980080866, False
4.80786361744201, -2.822824176685789, -0.4298227741157108, 0.4466882984012229, 0.23084065711583412, 0.09070286980080866, False
1.172298284609826, 4.0868155410892335, 1.9991294422445778, 0.4466882984012229, 0.23084065711583412, 0.09070286980080866, False
0.3619928440144031, -5.057540075434553, -2.1619249878680247, 0.4466882984012229, 0.23084065711583412, 0.09070286980080866, True
1.9493497565448106, 4.967253728205151, -0.9940199447427478, 0.4466882984012229, 0.23084065711583412, 0.09070286980080866, False
-0.49065679605240486, 3.3325531815796943, 2.682695701108088, 0.4466882984012229, 0.23084065711583412, 0.09070286980080866, False
-5.032214771308508, 5.489819836435915, 0.9565742517370914, 0.4466882984012229, 0.23084065711583412, 0.09070286980080866, False
-4.310003304560164, -5.506890671294097, -1.0519251491028814, 0.4466882984012229, 0.23084065711583412, 0.09070286980080866, False
2.535638072638685, 3.7707623790557605, 1.8461949142895886, 0.4466882984012229, 0.23084065711583412, 0.09070286980080866, False
