-3.9643415937485407, -1.8076506070065346, 1.3681849973831808, -0.22335025814929443, -0.27251391379854184, -0.3230759483088377, False
-3.0236367613126416, 3.7205427835972795, -1.3398488091522855, -0.22335025814929443, -0.27251391379854184, -0.3230759483088377, False
5.0712557478091576, -5.546313329252505, -1.8856703342205505, -0.22335025814929443, -0.27251391379854184, -0.3230759483088377, False
-1.9662794748528212, 2.791315611032678, -0.7947488683980253, -0.22335025814929443, -0.27251391379854184, -0.3230759483088377, False
-5.81140416649382, -5.139300632345516, -0.1395667806165628, -0.22335025814929443, -0.27251391379854184, -0.3230759483088377, False
-4.310579230415935, -5.963259150056715, 1.0794612588932422, -0.22335025814929443, -0.27251391379854184, -0.3230759483088377, False
2.5924332180629683, -1.2158971018699107, 0.06067081303393973, -0.22335025814929443, -0.27251391379854184, -0.3230759483088377, False
0.9614717724993742, 5.456769086842986, -2.7124957420735503, -0.22335025814929443, -0.27251391379854184, -0.3230759483088377, False
-2.0742136412412746, -4.635922620035239, 1.5655283521423362, -0.22335025814929443, -0.27251391379854184, -0.3230759483088377, False
-4.616001338771628, 5.792064448018934, -0.483143266054475, -0.22335025814929443, -0.27251391379854184, -0.3230759483088377, False
0.805101769191273, 6.223248548426749, -3.0506645746693226, -0.22335025814929443, -0.27251391379854184, -0.3230759483088377, True
3.0398149765627362, -2.0210938533778684, -3.0479228036183112, -0.22335025814929443, -0.27251391379854184, -0.3230759483088377, True
-3.74131591056615, -5.0132591985549535, 0.4058413399066154, -0.22335025814929443, -0.27251391379854184, -0.3230759483088377, False
-0.2089591706039471, 3.1145350430438885, -1.9253652097350389, -0.22335025814929443, -0.27251391379854184, -0.3230759483088377, False
-2.6267513431047975, -3.736540841383497, -3.087329576313571, -0.22335025814929443, -0.27251391379854184, -0.3230759483088377, True
4.558126023634225, -5.830388607896595, 0.6993306358327254, -0.22335025814929443, -0.27251391379854184, -0.3230759483088377, False
-1.0142771986925734, 5.386061439798125, -1.009822655984515, -0.22335025814929443, -0.27251391379854184, -0.3230759483088377, False
-4.694667210796684, 4.32671293729093, 0.2695251305198014, -0.22335025814929443, -0.27251391379854184, -0.3230759483088377, False
2.3481530609965606, -0.243625100478555, 0.5545491530965623, -0.22335025814929443, -0.27251391379854184, -0.3230759483088377, False
-1.0195478530276114, 2.4303527506617026, -2.6692980466697276, -0.22335025814929443, -0.27251391379854184, -0.3230759483088377, False
2.4593497691509807, -4.778241566470413, 2.9769284029213674, -0.22335025814929443, -0.27251391379854184, -0.3230759483088377, True
-5.925762041607216, 3.1365828761445513, -0.3397972780593772, -0.22335025814929443, -0.27251391379854184, -0.3230759483088377, False
-3.517268799708729, 5.041977856138933, 1.388920976934207, -0.22335025814929443, -0.27251391379854184, -0.3230759483088377, False
-4.988545755347163, 3.011166501321929, -3.0385008656410246, -0.22335025814929443, -0.27251391379854184, -0.3230759483088377, True
2.6743925136450635, 4.80707360910448, 1.777962042100575, -0.22335025814929443, -0.27251391379854184, -0.3230759483088377, False
-0.5668622040162878, 5.7834300000951835, 1.5636044053525158, -0.22335025814929443, -0.27251391379854184, -0.3230759483088377, False
6.282838080073269, 1.8314105052830794, -2.9161027498917953, -0.22335025814929443, -0.27251391379854184, -0.3230759483088377, True
2.202246880137322, 5.241848632637781, -0.14083319246727521, -0.22335025814929443, -0.27251391379854184, -0.3230759483088377, False
5.361918830684498, -5.6914755756529924, 2.304812832940354, -0.22335025814929443, -0.27251391379854184, -0.3230759483088377, False
-1.8603057097993592, 3.525946566440119, -0.09050008644334007, -0.22335025814929443, -0.27251391379854184, -0.3230759483088377, False
-3.9818058522277546, 5.830693341941201, -0.5855527388510828, -0.22335025814929443, -0.27251391379854184, -0.3230759483088377, False
-5.703925661478479, -2.672300321575263, -3.0800216090790764, -0.22335025814929443, -0.27251391379854184, -0.3230759483088377, True
1.839184833274608, -2.9000327148778933, 2.5375700729791753, -0.22335025814929443, -0.27251391379854184, -0.3230759483088377, False
3.123356857178928, 1.1009951857349876, 2.7689310706173647, -0.22335025814929443, -0.27251391379854184, -0.3230759483088377, True
1.7883533348939196, -1.9989936471700487, 0.06515162193187995, -0.22335025814929443, -0.27251391379854184, -0.3230759483088377, False
-4.180344274747505, 6.249468474730724, 1.3681258213940257, -0.22335025814929443, -0.27251391379854184, -0.3230759483088377, False
1.7278982976815378, 0.372017091134194, -0.8789048468116918, -0.22335025814929443, -0.27251391379854184, -0.3230759483088377, False
-1.1378423284774515, 5.1434849120559605, -0.6707710544799697, -0.22335025814929443, -0.27251391379854184, -0.3230759483088377, False
3.574067712320417, -2.623513242990914, 1.527292468076884, -0.22335025814929443, -0.27251391379854184, -0.3230759483088377, False
1.3969589684948964, -4.697633401823669, 1.2965211789491145, -0.22335025814929443, -0.27251391379854184, -0.3230759483088377, True
5.198659047249597, -2.1999130092780526, 0.5853847518627471, -0.22335025814929443, -0.27251391379854184, -0.3230759483088377, False
0.26116040739292856, -2.4729302557824497, 0.6093666008215655, -0.22335025814929443, -0.27251391379854184, -0.3230759483088377, False
-0.025611391346058276, 4.670826918754289, -3.1296879004296527, -0.22335025814929443, -0.27251391379854184, -0.3230759483088377, True
0.47535873731942413, -0.6453131077810204, -2.7397880025241506, -0.22335025814929443, -0.27251391379854184, -0.3230759483088377, False
-2.5781790839436, 2.027588137048948, -1.7009837038618891, -0.22335025814929443, -0.27251391379854184, -0.3230759483088377, True
-0.21466155917723828, -0.6305916195792376, 2.274594362326341, -0.22335025814929443, -0.27251391379854184, -0.3230759483088377, False
-4.775737705056214, -0.4034716915486367, -2.2977683195921763, -0.22335025814929443, -0.27251391379854184, -0.3230759483088377, False
-5.740733324245084, -0.7328875182631283, -2.2675568424266292, -0.22335025814929443, -0.27251391379854184, -0.3230759483088377, False
1.3335623223913293, -4.964199541887294, -0.5813525305402996, -0.22335025814929443, -0.27251391379854184, -0.3230759483088377, False
3.136493818799, 5.888548643079401, -1.225007026484012, -0.22335025814929443, -0.27251391379854184, -0.3230759483088377, False
5.4052777765913, -4.031431804551135, 2.033729408284069, -0.22335025814929443, -0.27251391379854184, -0.3230759483088377, False
-2.8489496883645313, 0.9464219583712525, 3.1181444710836654, -0.22335025814929443, -0.27251391379854184, -0.3230759483088377, True
-1.0195750918611743, 4.0874962246119395, 1.8291848946720153, -0.22335025814929443, -0.27251391379854184, -0.3230759483088377, False
-0.17889304584910004, 2.666452657595636, 0.461667590162822, -0.22335025814929443, -0.27251391379854184, -0.3230759483088377, False
-0.37581130424708054, -4.931343828702065, -1.8324235881597535, -0.22335025814929443, -0.27251391379854184, -0.3230759483088377, False
-2.484069441604976, 2.518229512268201, -0.5378729355066749, -0.22335025814929443, -0.27251391379854184, -0.3230759483088377, False
5.127963895142921, 5.55721336153508, 1.6492385233520759, -0.22335025814929443, -0.27251391379854184, -0.3230759483088377, False
-4.554973789797161, 1.3487196767814602, 2.407968363911852, -0.22335025814929443, -0.27251391379854184, -0.3230759483088377, False
-6.23239894090533, -1.3483878801682696, 2.743347566455964, -0.22335025814929443, -0.27251391379854184, -0.3230759483088377, False
4.685221298076131, -2.4188741980149575, 1.9141429054655745, -0.22335025814929443, -0.27251391379854184, -0.3230759483088377, False
0.9303805271175198, 2.9289591848231673, -2.8758483311550793, -0.22335025814929443, -0.27251391379854184, -0.3230759483088377, False
1.8283132332244172, 4.172689444835639, 2.6886791417866807, -0.22335025814929443, -0.27251391379854184, -0.3230759483088377, False
-2.4565575259167827, 0.04388543004817258, -2.9288994268859123, -0.22335025814929443, -0.27251391379854184, -0.3230759483088377, True
0.4566375126373563, -4.056056924381065, 0.5666699498876837, -0.22335025814929443, -0.27251391379854184, -0.3230759483088377, True
5.108711610850248, -2.9965678219123664, -1.9096352033388058, -0.22335025814929443, -0.27251391379854184, -0.3230759483088377, False
1.718139416597337, -0.7592167963619083, 0.5036471928708859, -0.22335025814929443, -0.27251391379854184, -0.3230759483088377, False
1.3777673009448765, -3.4080642519894733, 0.954616405722934, -0.22335025814929443, -0.27251391379854184, -0.3230759483088377, False
-4.461330363771628, -3.1499757151404806, 0.673459857138508, -0.22335025814929443, -0.27251391379854184, -0.3230759483088377, False
2.7509133805016077, -0.13699345962965115, -0.18481321353784264, -0.22335025814929443, -0.27251391379854184, -0.3230759483088377, False
-2.399780212092953, -5.4397984668561215, -0.03799426693908137, -0.22335025814929443, -0.27251391379854184, -0.3230759483088377, True
2.7947974751813653, -0.837450237084683, -1.2062406274542727, -0.22335025814929443, -0.27251391379854184, -0.3230759483088377, False
-3.204356132551686, -3.7929296628455433, 2.594958289507802, -0.22335025814929443, -0.27251391379854184, -0.3230759483088377, False
3.940400614816941, -2.9227992876169275, 1.7242001701733756, -0.22335025814929443, -0.27251391379854184, -0.3230759483088377, False
3.9014798326687483, -4.125207728886024, 2.816090288283238, -0.22335025814929443, -0.27251391379854184, -0.3230759483088377, False
4.342247528461144, -4.183954139260765, -1.1057306611636104, -0.22335025814929443, -0.27251391379854184, -0.3230759483088377, False
-3.822152357159783, -1.1126139278566187, 0.9811267197170253, -0.22335025814929443, -0.27251391379854184, -0.3230759483088377, False
-2.678687233380924, -0.9831462185074447, -1.75287342078981, -0.22335025814929443, -0.27251391379854184, -0.3230759483088377, False
3.200395317093056, 5.671476678423348, 1.3591987965433958, -0.22335025814929443, -0.27251391379854184, -0.3230759483088377, False
2.7927760044170604, -2.1026670931494484, 2.962794654188815, -0.22335025814929443, -0.27251391379854184, -0.3230759483088377, True
-1.6945674606401635, 1.3534158107817769, 1.294381437911209, -0.22335025814929443, -0.27251391379854184, -0.3230759483088377, False
-2.103684584228592, -0.7654536611595901, 0.7629346414885796, -0.22335025814929443, -0.27251391379854184, -0.3230759483088377, False
5.139857924508915, 0.0017255617202671658, 2.6511231062736833, -0.22335025814929443, -0.27251391379854184, -0.3230759483088377, False
-3.4147582360034017, 6.2754765298854664, -2.9063133573620497, -0.22335025814929443, -0.27251391379854184, -0.3230759483088377, True
-2.1955423550676603, 1.807761429127119, 0.7985288669401824, -0.22335025814929443, -0.27251391379854184, -0.3230759483088377, False
-2.399625181438839, -4.283102401931922, 2.8041112425119774, -0.22335025814929443, -0.27251391379854184, -0.3230759483088377, False
-2.932127857301041, -3.77024564354506, -2.0412650593990813, -0.22335025814929443, -0.27251391379854184, -0.3230759483088377, False
1.1810699622981486, -1.9347979535537707, 0.38845881047469, -0.22335025814929443, -0.27251391379854184, -0.3230759483088377, False
1.5414552722360133, 0.22426234909860288, -0.9327882943193693, -0.22335025814929443, -0.27251391379854184, -0.3230759483088377, False
-3.908357575924046, 2.629795394189273, 0.5385681618613689, -0.22335025814929443, -0.27251391379854184, -0.3230759483088377, False
1.1353998988714462, 5.072373798712894, 0.5187002855241238, -0.22335025814929443, -0.27251391379854184, -0.3230759483088377, False
-5.499585423945563, -5.3900392038657685, -0.4744952420651356, -0.22335025814929443, -0.27251391379854184, -0.3230759483088377, False
-6.218370994297087, 4.90919136301447, -0.651560677153737, -0.22335025814929443, -0.27251391379854184, -0.3230759483088377, False
-2.3648359080155124, -1.6104916419392925, -0.6488954640856766, -0.22335025814929443, -0.27251391379854184, -0.3230759483088377, False
-1.1453000319600637, 0.9573929933373604, -2.190532511539906, -0.22335025814929443, -0.27251391379854184, -0.3230759483088377, False
-1.8092960489562682, 2.980759108683852, -1.2125062627091716, -0.22335025814929443, -0.27251391379854184, -0.3230759483088377, False
5.613172616255804, -1.2937776289942997, -1.626944957071774, -0.22335025814929443, -0.27251391379854184, -0.3230759483088377, False
2.040820309836908, 5.383841231875287, -1.4980390402370332, -0.22335025814929443, -0.27251391379854184, -0.3230759483088377, False
2.0286478141707764, -0.28101590990597014, 1.1910643211059355, -0.22335025814929443, -0.27251391379854184, -0.3230759483088377, False
-1.008954261459654, 3.7279962558646282, 0.29099983751228287, -0.22335025814929443, -0.27251391379854184, -0.3230759483088377, False
1.2822858744372168, 2.463483423151292, 1.8960591893491774, -0.22335025814929443, -0.27251391379854184, -0.3230759483088377, False
