2.091848779319756, 2.043419241095, -1.832312865218881, 0.11561209675422124, -0.4306746469694772, -0.3109101622698199, False
2.054473506484536, 4.264418960319285, 1.2181059579673281, 0.11561209675422124, -0.4306746469694772, -0.3109101622698199, False
-3.750969697332878, -2.1718154603984026, -1.8640747195930776, 0.11561209675422124, -0.4306746469694772, -0.3109101622698199, False
-0.45069222905048534, 3.0712472108305366, -1.2076420589115984, 0.11561209675422124, -0.4306746469694772, -0.3109101622698199, False
-5.923569441207977, 0.09064171965107537, 2.4687350891252064, 0.11561209675422124, -0.4306746469694772, -0.3109101622698199, False
-5.594665474475403, -6.118034372252955, -0.6366341026139475, 0.11561209675422124, -0.4306746469694772, -0.3109101622698199, False
2.0835634355918646, 4.437844490965421, -1.716704806400446, 0.11561209675422124, -0.4306746469694772, -0.3109101622698199, False
-5.58156157684854, 1.5877373547653528, 2.0459977823588202, 0.11561209675422124, -0.4306746469694772, -0.3109101622698199, False
4.113361298005536, 5.565095014433277, 1.8634803599901915, 0.11561209675422124, -0.4306746469694772, -0.3109101622698199, False
1.6230710024621153, 3.7077991380764637, 1.2473568415138683, 0.11561209675422124, -0.4306746469694772, -0.3109101622698199, False
1.7596291500994017, 5.813062941778643, 2.1067716508703285, 0.11561209675422124, -0.4306746469694772, -0.3109101622698199, False
2.8420769008066102, -5.222276427166735, 0.9008515104379171, 0.11561209675422124, -0.4306746469694772, -0.3109101622698199, False
0.27855295445895756, 5.827827738649283, 1.0219349033979421, 0.11561209675422124, -0.4306746469694772, -0.3109101622698199, False
2.515558982326974, 3.0330327379182442, 1.6186204459628364, 0.11561209675422124, -0.4306746469694772, -0.3109101622698199, False
5.460904946548585, 1.0983774787201135, 2.2684998201109163, 0.11561209675422124, -0.4306746469694772, -0.3109101622698199, False
3.1536586874308377, -4.88735530637733, 0.4260942475932965, 0.11561209675422124, -0.4306746469694772, -0.3109101622698199, False
2.859637634686308, -5.108062742328878, -0.4581661298198143, 0.11561209675422124, -0.4306746469694772, -0.3109101622698199, False
2.915129002428735, -2.8636339677605274, -2.2914594508198034, 0.11561209675422124, -0.4306746469694772, -0.3109101622698199, False
2.2352477517070337, -5.958548864786716, 0.95819213646622, 0.11561209675422124, -0.4306746469694772, -0.3109101622698199, False
-5.326540541729379, -0.5138971441665028, 2.574797372644383, 0.11561209675422124, -0.4306746469694772, -0.3109101622698199, False
5.870519275611315, 0.31089443596366984, -2.791377885286188, 0.11561209675422124, -0.4306746469694772, -0.3109101622698199, False
-4.695286628955923, -2.9000703663600986, 0.5077005662070606, 0.11561209675422124, -0.4306746469694772, -0.3109101622698199, False
-4.88587763059524, 5.4005040503776325, -1.207979015039352, 0.11561209675422124, -0.4306746469694772, -0.3109101622698199, False
3.938042723011602, -2.515244617504253, 0.33944133955518474, 0.11561209675422124, -0.4306746469694772, -0.3109101622698199, False
4.422504222250117, 2.728495863918498, 0.9247640096615362, 0.11561209675422124, -0.4306746469694772, -0.3109101622698199, False
2.1170834490605372, 5.088189944975042, -0.23542285434053856, 0.11561209675422124, -0.4306746469694772, -0.3109101622698199, False
0.31709968916415754, 1.7791853157713344, 2.5833776609028316, 0.11561209675422124, -0.4306746469694772, -0.3109101622698199, False
1.546352212861306, 2.2733650569674833, 2.397042318698235, 0.11561209675422124, -0.4306746469694772, -0.3109101622698199, False
-5.499984684075554, 1.1610676771130075, 2.004047236760263, 0.11561209675422124, -0.4306746469694772, -0.3109101622698199, False
-0.3003382949155773, 6.017350049874263, 0.47889312213157975, 0.11561209675422124, -0.4306746469694772, -0.3109101622698199, False
0.6424492727738045, 4.142534981255714, 1.4714933260951453, 0.11561209675422124, -0.4306746469694772, -0.3109101622698199, False
5.3180757714457805, 3.2776562749886526, -1.768192382329963, 0.11561209675422124, -0.4306746469694772, -0.3109101622698199, False
4.004391094298935, -0.9084262119213795, -3.0096294782832844, 0.11561209675422124, -0.4306746469694772, -0.3109101622698199, True
5.783844760441836, 1.090476101068095, 2.5817522458746645, 0.11561209675422124, -0.4306746469694772, -0.3109101622698199, False
4.877573164231141, -5.695603108315915, -2.217418101183454, 0.11561209675422124, -0.4306746469694772, -0.3109101622698199, False
4.409673672772197, 0.6170418669724134, 0.1122765046658114, 0.11561209675422124, -0.4306746469694772, -0.3109101622698199, False
1.9559704267431925, 5.100332410528724, 0.8545823065683393, 0.11561209675422124, -0.4306746469694772, -0.3109101622698199, False
6.215322841594553, 2.119903164935643, 2.501683455756961, 0.11561209675422124, -0.4306746469694772, -0.3109101622698199, False
-5.616802477764231, 4.022844078638705, 0.22598616943145844, 0.11561209675422124, -0.4306746469694772, -0.3109101622698199, False
-3.288403208223786, 3.115341847646599, 0.9068357287860902, 0.11561209675422124, -0.4306746469694772, -0.3109101622698199, False
6.269061547591022, 4.383698838465477, 2.564285168816202, 0.11561209675422124, -0.4306746469694772, -0.3109101622698199, False
5.52843296128494, -2.3511615627109577, 1.8001294784934885, 0.11561209675422124, -0.4306746469694772, -0.3109101622698199, False
5.907774930807717, -3.0283565718296757, 0.7607845780495541, 0.11561209675422124, -0.4306746469694772, -0.3109101622698199, False
3.9594019237490663, 4.50455639591379, -1.5628591960123337, 0.11561209675422124, -0.4306746469694772, -0.3109101622698199, False
-4.528523624819039, -0.04285461615126085, 0.6655139530182241, 0.11561209675422124, -0.4306746469694772, -0.3109101622698199, False
0.3058634416859478, -5.429584335657934, -2.7627219116911483, 0.11561209675422124, -0.4306746469694772, -0.3109101622698199, False
2.458930824508398, 5.617130165726444, 0.6683614191077751, 0.11561209675422124, -0.4306746469694772, -0.3109101622698199, False
-5.2687430400728115, 5.9382499611951545, 0.9437299862468072, 0.11561209675422124, -0.4306746469694772, -0.3109101622698199, False
-0.3023755234982257, 1.1785669809907278, -0.819783518743848, 0.11561209675422124, -0.4306746469694772, -0.3109101622698199, False
-5.324660147395781, -2.8073022292405154, 0.9853926254268037, 0.11561209675422124, -0.4306746469694772, -0.3109101622698199, False
5.572052662180981, 4.3061210545779804, -2.605491680274672, 0.11561209675422124, -0.4306746469694772, -0.3109101622698199, False
4.991612207197454, 3.8838918109745606, -0.45476294865012656, 0.11561209675422124, -0.4306746469694772, -0.3109101622698199, False
0.25442529065254504, 5.751716286164127, 2.5366295727923465, 0.11561209675422124, -0.4306746469694772, -0.3109101622698199, False
-4.172739427502053, -0.23842899946803442, 2.842960874635134, 0.11561209675422124, -0.4306746469694772, -0.3109101622698199, True
-5.224574635141687, 4.09396563740828, 3.009555447711498, 0.11561209675422124, -0.4306746469694772, -0.3109101622698199, True
-2.2666081412431742, -4.064590994728285, 2.7739768170925716, 0.11561209675422124, -0.4306746469694772, -0.3109101622698199, False
-5.769935250620619, 3.6574689644202216, 1.290504768796132, 0.11561209675422124, -0.4306746469694772, -0.3109101622698199, False
3.7100105095651603, 4.163324171363163, 1.4617981250420788, 0.11561209675422124, -0.4306746469694772, -0.3109101622698199, False
-0.02329125100601015, -3.9023439763869066, 2.904694323704325, 0.11561209675422124, -0.4306746469694772, -0.3109101622698199, True
5.428765631132361, 1.938457633571847, 3.100822751530795, 0.11561209675422124, -0.4306746469694772, -0.3109101622698199, True
5.744038313966662, 1.1830458995157, 0.9334820114458342, 0.11561209675422124, -0.4306746469694772, -0.3109101622698199, False
-3.479354030488775, 5.5680501133135945, 0.6689482080954372, 0.11561209675422124, -0.4306746469694772, -0.3109101622698199, False
-4.741968227001669, -3.5466046802950406, -2.595157080516887, 0.11561209675422124, -0.4306746469694772, -0.3109101622698199, False
-2.205250089510497, 0.03363690336508718, -1.70470949534133, 0.11561209675422124, -0.4306746469694772, -0.3109101622698199, False
2.447214908650629, 5.769611465461832, 2.0193334552782334, 0.11561209675422124, -0.4306746469694772, -0.3109101622698199, False
-5.023447255431082, -2.131984371978964, 1.0113461876839658, 0.11561209675422124, -0.4306746469694772, -0.3109101622698199, False
4.65657883169915, -2.8238443631414003, 2.4046256574412537, 0.11561209675422124, -0.4306746469694772, -0.3109101622698199, False
1.8167414862671425, -3.4335624919376606, 0.10766323171940151, 0.11561209675422124, -0.4306746469694772, -0.3109101622698199, False
-4.796597142434181, -1.8768001807754784, -2.2348142380544473, 0.11561209675422124, -0.4306746469694772, -0.3109101622698199, False
3.9413255420656146, 2.2373814342883076, -2.5291653300656765, 0.11561209675422124, -0.4306746469694772, -0.3109101622698199, False
4.501715781216133, -5.380084299282357, -2.4589304023093206, 0.11561209675422124, -0.4306746469694772, -0.3109101622698199, True
4.808172611361986, 0.8632415646951461, 2.718637175621171, 0.11561209675422124, -0.4306746469694772, -0.3109101622698199, False
-0.7977656554243975, -3.873374992466577, 2.8095177499215565, 0.11561209675422124, -0.4306746469694772, -0.3109101622698199, False
2.909587343747768, 3.5427440807337103, -2.082827318285358, 0.11561209675422124, -0.4306746469694772, -0.3109101622698199, False
1.577204381528536, -5.474483415829627, 1.6294021357057984, 0.11561209675422124, -0.4306746469694772, -0.3109101622698199, False
0.5141440267531419, 3.529337465585403, 1.374976699798089, 0.11561209675422124, -0.4306746469694772, -0.3109101622698199, False
-5.983296864295584, -5.994478090636905, 0.10019283323247397, 0.11561209675422124, -0.4306746469694772, -0.3109101622698199, False
4.3192903794318624, -0.5600024359505138, -0.8605315960557571, 0.11561209675422124, -0.4306746469694772, -0.3109101622698199, False
-6.137240158142871, -3.0743753483696747, -1.4473913147231208, 0.11561209675422124, -0.4306746469694772, -0.3109101622698199, False
2.958599343702616, -2.7143242725326364, -2.458210625113594, 0.11561209675422124, -0.4306746469694772, -0.3109101622698199, False
4.3579076762519975, 4.921998857005583, -0.40641155910516824, 0.11561209675422124, -0.4306746469694772, -0.3109101622698199, False
-3.274990324850988, 2.3365704137626295, 2.2469978271366626, 0.11561209675422124, -0.4306746469694772, -0.3109101622698199, False
-4.650072292441352, 3.5951635690847876, -2.2993811929584544, 0.11561209675422124, -0.4306746469694772, -0.3109101622698199, False
4.678326941008706, -4.4715789021656125, -0.92578309058716, 0.11561209675422124, -0.4306746469694772, -0.3109101622698199, False
1.3981738094645166, -2.2524689609557296, 1.7017780480451874, 0.11561209675422124, -0.4306746469694772, -0.3109101622698199, False
5.115968578614728, -2.220697328904217, -1.748740109853427, 0.11561209675422124, -0.4306746469694772, -0.3109101622698199, False
2.703761043249731, 0.990279694945837, -0.07487256513898277, 0.11561209675422124, -0.4306746469694772, -0.3109101622698199, False
4.579307277739117, -6.282472313381134, 0.47530883927851564, 0.11561209675422124, -0.4306746469694772, -0.3109101622698199, False
4.69826271164367, 4.0666853252901625, -1.2328818628376401, 0.11561209675422124, -0.4306746469694772, -0.3109101622698199, False
-3.7976389972384568, 4.7786869434368775, -2.2518991580459313, 0.11561209675422124, -0.4306746469694772, -0.3109101622698199, False
5.665404784245775, 3.493833164621881, 1.9878460396650786, 0.11561209675422124, -0.4306746469694772, -0.3109101622698199, False
5.341172566802298, 1.3869588810818962, 0.2963550186524406, 0.11561209675422124, -0.4306746469694772, -0.3109101622698199, False
-0.4059161238432063, 3.943044933729798, -2.7559843465822667, 0.11561209675422124, -0.4306746469694772, -0.3109101622698199, False
0.12572685812855333, -1.4453384008835206, 0.2568081298643943, 0.11561209675422124, -0.4306746469694772, -0.3109101622698199, False
-2.200359026903162, 5.1232266782185345, 2.378810738652091, 0.11561209675422124, -0.4306746469694772, -0.3109101622698199, False
3.8595250142770787, 2.785644832672599, 0.29132605605734607, 0.11561209675422124, -0.4306746469694772, -0.3109101622698199, False
-2.175782742883933, -3.7721740130645514, 0.25758807357208413, 0.11561209675422124, -0.4306746469694772, -0.3109101622698199, False
-0.12689359423798674, -1.4227926106264928, 2.2330375543817382, 0.11561209675422124, -0.4306746469694772, -0.3109101622698199, False
2.972817509999029, 6.261050599886776, 2.8954843526804366, 0.11561209675422124, -0.4306746469694772, -0.3109101622698199, True
1.3750317302611812, -2.689386935126078, 2.496320167256137, 0.11561209675422124, -0.4306746469694772, -0.3109101622698199, False
