2.8910174628373646, -0.608390021409833, -0.1658039953189614, -0.18005267974841177, 0.043482887191476416, 0.6838090660739431, False
4.976979383448279, -2.578774145999006, 0.8200395352393595, -0.18005267974841177, 0.043482887191476416, 0.6838090660739431, False
-2.0548721359278233, -4.046640364106555, 2.3797586320520177, -0.18005267974841177, 0.043482887191476416, 0.6838090660739431, True
0.1452732633377929, -5.595483910332334, -1.805929807542891, -0.18005267974841177, 0.043482887191476416, 0.6838090660739431, True
-2.3307718452823525, 4.343609629629297, -1.845550201182743, -0.18005267974841177, 0.043482887191476416, 0.6838090660739431, False
-5.358092949640766, -3.891517648499273, -2.035518593568593, -0.18005267974841177, 0.043482887191476416, 0.6838090660739431, True
-2.661390675030075, -3.036474989296098, -2.620230484236434, -0.18005267974841177, 0.043482887191476416, 0.6838090660739431, True
-5.978552877837354, -0.849139056811798, 0.05129978842105132, -0.18005267974841177, 0.043482887191476416, 0.6838090660739431, False
-4.933961739762974, -4.647508771287034, -0.6030867637189581, -0.18005267974841177, 0.043482887191476416, 0.6838090660739431, True
-2.745813670408304, -1.7686428861527848, -1.4835950831075946, -0.18005267974841177, 0.043482887191476416, 0.6838090660739431, False
-0.6426291440281791, 1.428788408293335, -1.1842417504135085, -0.18005267974841177, 0.043482887191476416, 0.6838090660739431, True
0.5261300472511703, 0.22228296196846742, -1.0333035898129208, -0.18005267974841177, 0.043482887191476416, 0.6838090660739431, True
5.215910082093547, -0.6931283545037044, 1.6461039399618898, -0.18005267974841177, 0.043482887191476416, 0.6838090660739431, False
0.8158743647132649, 5.138196755309666, 1.2429647363323468, -0.18005267974841177, 0.043482887191476416, 0.6838090660739431, False
-5.268851782614275, -4.850657067199612, 2.2876833320334313, -0.18005267974841177, 0.043482887191476416, 0.6838090660739431, True
-5.965032271051516, 4.432777549527911, 2.71982603370426, -0.18005267974841177, 0.043482887191476416, 0.6838090660739431, False
-4.121412775184698, 3.5801102929786506, -1.2153343020572904, -0.18005267974841177, 0.043482887191476416, 0.6838090660739431, True
4.577414471535368, 2.643163599583133, -0.25092419088129736, -0.18005267974841177, 0.043482887191476416, 0.6838090660739431, True
-0.8508671195603208, 5.579427478171116, 2.308445393320862, -0.18005267974841177, 0.043482887191476416, 0.6838090660739431, True
0.0790235919958171, 0.06633473980165316, 2.503141704452929, -0.18005267974841177, 0.043482887191476416, 0.6838090660739431, True
0.4728153570558211, 5.0763643211758875, -0.18724597228778794, -0.18005267974841177, 0.043482887191476416, 0.6838090660739431, False
4.696837624136267, -0.905064152951268, 1.1384195635965346, -0.18005267974841177, 0.043482887191476416, 0.6838090660739431, False
-1.746308847883304, 4.908083935180624, -1.437329768761002, -0.18005267974841177, 0.043482887191476416, 0.6838090660739431, False
5.004470864339897, -3.4073121012293663, -2.791371468240819, -0.18005267974841177, 0.043482887191476416, 0.6838090660739431, True
-0.4239751900555522, 3.924760388424014, -1.379546166461053, -0.18005267974841177, 0.043482887191476416, 0.6838090660739431, False
3.2204821417633624, 2.132821208488016, -1.8344196376018749, -0.18005267974841177, 0.043482887191476416, 0.6838090660739431, True
0.7164068762114848, -1.5357019568016108, 0.5078720525519356, -0.18005267974841177, 0.043482887191476416, 0.6838090660739431, True
4.155605008525853, -1.4366696196610835, 2.963256762043919, -0.18005267974841177, 0.043482887191476416, 0.6838090660739431, True
5.914895292229245, 5.702186325746476, -0.4372619024033262, -0.18005267974841177, 0.043482887191476416, 0.6838090660739431, False
0.9826974066923002, 2.2522999714779903, -0.2502181840753357, -0.18005267974841177, 0.043482887191476416, 0.6838090660739431, True
-5.921635471604596, -3.0314972040925747, -3.1258549417691626, -0.18005267974841177, 0.043482887191476416, 0.6838090660739431, True
-1.5210137786037974, 1.9009812643869743, 1.9564636028952904, -0.18005267974841177, 0.043482887191476416, 0.6838090660739431, True
-0.20972350941965967, -3.299173456345891, -2.50768982781198, -0.18005267974841177, 0.043482887191476416, 0.6838090660739431, True
4.033114860175642, 2.9679401346407275, 1.8356030372628354, -0.18005267974841177, 0.043482887191476416, 0.6838090660739431, True
2.965588516756867, -0.7167238882340801, 2.4610220122956328, -0.18005267974841177, 0.043482887191476416, 0.6838090660739431, True
5.268072937321222, -2.2456139211247796, 2.383887121056076, -0.18005267974841177, 0.043482887191476416, 0.6838090660739431, False
3.888345427012556, 4.94322179148903, -0.008704232524304523, -0.18005267974841177, 0.043482887191476416, 0.6838090660739431, True
-4.310943191003055, -4.710588242553711, -1.1244686157462653, -0.18005267974841177, 0.043482887191476416, 0.6838090660739431, True
5.046964037015957, 3.2042746690350725, 0.2811656441745085, -0.18005267974841177, 0.043482887191476416, 0.6838090660739431, False
-4.845294146534501, 0.5517940928506802, -1.8771504700175794, -0.18005267974841177, 0.043482887191476416, 0.6838090660739431, True
3.8248852305725034, 2.0123002357416073, 0.7011829651359407, -0.18005267974841177, 0.043482887191476416, 0.6838090660739431, True
-2.3609825180184134, -4.445034271307677, -0.34625625265373206, -0.18005267974841177, 0.043482887191476416, 0.6838090660739431, True
0.9753774286455563, 4.5589792931444055, -1.7398072163751988, -0.18005267974841177, 0.043482887191476416, 0.6838090660739431, True
2.552095065319124, -5.187558788776027, 0.8264488015000242, -0.18005267974841177, 0.043482887191476416, 0.6838090660739431, True
1.0796691734933805, -0.39132406762227134, -2.3632057591791935, -0.18005267974841177, 0.043482887191476416, 0.6838090660739431, False
1.6478068210997563, -5.599834804411523, 0.7439061079794818, -0.18005267974841177, 0.043482887191476416, 0.6838090660739431, True
3.4547938949937222, 2.8488939633754526, 0.25522755149827736, -0.18005267974841177, 0.043482887191476416, 0.6838090660739431, True
0.5679809409181571, 4.072480101214875, 1.6071673466888763, -0.18005267974841177, 0.043482887191476416, 0.6838090660739431, True
5.398877445663398, -4.538658822228714, -2.5243937830766736, -0.18005267974841177, 0.043482887191476416, 0.6838090660739431, True
0.9733662896095368, 3.7261860324429446, -0.5460394730791487, -0.18005267974841177, 0.043482887191476416, 0.6838090660739431, False
2.012064641034076, -4.8479881076855325, -2.2785627482297905, -0.18005267974841177, 0.043482887191476416, 0.6838090660739431, True
-1.5510825522958092, 0.7312144985025855, -0.16612868467514152, -0.18005267974841177, 0.043482887191476416, 0.6838090660739431, True
3.4231476721625658, 3.8592807361996204, -2.306467975976385, -0.18005267974841177, 0.043482887191476416, 0.6838090660739431, True
3.438980780856541, 1.3008113551940976, 0.16010503354005934, -0.18005267974841177, 0.043482887191476416, 0.6838090660739431, True
2.069997474450277, -3.878971228314707, 0.14151992954584225, -0.18005267974841177, 0.043482887191476416, 0.6838090660739431, True
-2.1069110390349266, 1.4447601403586479, -2.443002283292677, -0.18005267974841177, 0.043482887191476416, 0.6838090660739431, True
2.6415684222241023, 5.87114616840657, 2.0453489992748324, -0.18005267974841177, 0.043482887191476416, 0.6838090660739431, True
-2.8046705827693654, -2.0132483884197985, -2.109391821446045, -0.18005267974841177, 0.043482887191476416, 0.6838090660739431, False
-1.5010648881612418, 3.5602534651758813, 0.8933352675630069, -0.18005267974841177, 0.043482887191476416, 0.6838090660739431, False
-3.3501195540021285, 3.7277549714940807, 1.7253277207046809, -0.18005267974841177, 0.043482887191476416, 0.6838090660739431, False
1.8284793668167332, -4.155241084807864, -0.5004337441277236, -0.18005267974841177, 0.043482887191476416, 0.6838090660739431, True
-3.689424444911643, 4.412236599598712, 1.0899843914539087, -0.18005267974841177, 0.043482887191476416, 0.6838090660739431, True
5.316830183895217, -0.8371262441418779, 0.5586277187108029, -0.18005267974841177, 0.043482887191476416, 0.6838090660739431, False
1.3814538765774644, -3.3118540670079546, 1.3828295746899189, -0.18005267974841177, 0.043482887191476416, 0.6838090660739431, True
-4.978154311970433, -0.06754508134039927, -2.5027005531414166, -0.18005267974841177, 0.043482887191476416, 0.6838090660739431, False
5.343286538504927, 0.8451354816379322, -1.6622638615327405, -0.18005267974841177, 0.043482887191476416, 0.6838090660739431, True
4.314606705146584, -4.404505879465708, 1.5081763057439161, -0.18005267974841177, 0.043482887191476416, 0.6838090660739431, True
5.0710358547453165, -2.2706233982292616, 1.1769533328437296, -0.18005267974841177, 0.043482887191476416, 0.6838090660739431, True
4.842785625119024, -3.3944207692049324, 1.1320304003230701, -0.18005267974841177, 0.043482887191476416, 0.6838090660739431, True
1.9637857289047957, -5.792989816934657, 1.3316184919988503, -0.18005267974841177, 0.043482887191476416, 0.6838090660739431, True
-5.757265439274372, -4.071542071661767, -0.1913721036706182, -0.18005267974841177, 0.043482887191476416, 0.6838090660739431, True
2.2677177763615806, 2.05134348957354, -0.16484882015920332, -0.18005267974841177, 0.043482887191476416, 0.6838090660739431, True
5.050862095020678, -3.8526257008086655, -0.2357652574647986, -0.18005267974841177, 0.043482887191476416, 0.6838090660739431, True
0.9771609189449926, 3.8416067597108476, 2.2351369245744666, -0.18005267974841177, 0.043482887191476416, 0.6838090660739431, False
0.6931597739601889, -5.289106664250485, 1.7209959448472967, -0.18005267974841177, 0.043482887191476416, 0.6838090660739431, True
5.171846929019278, 1.3684002106901572, 1.131236091001842, -0.18005267974841177, 0.043482887191476416, 0.6838090660739431, True
3.5670806431563182, -1.3080488824564078, 3.012630250014987, -0.18005267974841177, 0.043482887191476416, 0.6838090660739431, True
5.723722196166936, 0.6216155266235592, 2.0686685581509847, -0.18005267974841177, 0.043482887191476416, 0.6838090660739431, True
-5.662929683385829, 0.8659037657056281, -0.3870567434415162, -0.18005267974841177, 0.043482887191476416, 0.6838090660739431, True
-4.1140943736541615, -2.1342135659423223, -0.8449410945882248, -0.18005267974841177, 0.043482887191476416, 0.6838090660739431, False
-0.3965362795034899, 1.5889433053131352, 1.2832734348431059, -0.18005267974841177, 0.043482887191476416, 0.6838090660739431, True
4.7877952818861065, 1.0322083885946354, 1.9500159957120689, -0.18005267974841177, 0.043482887191476416, 0.6838090660739431, True
-3.52496868864531, -5.086557444508629, 1.0940922889475857, -0.18005267974841177, 0.043482887191476416, 0.6838090660739431, True
4.970139526895556, -0.9211767327662903, 2.5645949821565726, -0.18005267974841177, 0.043482887191476416, 0.6838090660739431, False
1.1801609598206326, -2.597599004882543, 1.4308983527152286, -0.18005267974841177, 0.043482887191476416, 0.6838090660739431, False
0.6798925779328444, 4.9611340642267745, -2.32044911992466, -0.18005267974841177, 0.043482887191476416, 0.6838090660739431, False
5.747767725575509, -2.679705115006551, -1.666240079644634, -0.18005267974841177, 0.043482887191476416, 0.6838090660739431, True
2.6264686603250293, 5.791716627801909, -1.6254578813966598, -0.18005267974841177, 0.043482887191476416, 0.6838090660739431, True
3.9102903587671456, -4.872544235430745, 3.0793536840103064, -0.18005267974841177, 0.043482887191476416, 0.6838090660739431, True
0.8031460105073833, 4.514149202273561, 2.176746257222404, -0.18005267974841177, 0.043482887191476416, 0.6838090660739431, True
-0.21528330320198652, -1.9370341064109198, 0.5878274844879723, -0.18005267974841177, 0.043482887191476416, 0.6838090660739431, True
3.7822252417585833, -1.0715522175111234, 0.35791617122198405, -0.18005267974841177, 0.043482887191476416, 0.6838090660739431, False
-1.8612983365934417, -2.657983999391723, -0.9647952068774952, -0.18005267974841177, 0.043482887191476416, 0.6838090660739431, False
4.384809299818027, -6.163164112839917, 2.4978007307392414, -0.18005267974841177, 0.043482887191476416, 0.6838090660739431, True
-3.3865920192668604, -6.235846959448223, 1.892794099524055, -0.18005267974841177, 0.043482887191476416, 0.6838090660739431, True
-3.7225290039177032, -5.99869565613799, -0.28079200756602596, -0.18005267974841177, 0.043482887191476416, 0.6838090660739431, True
0.5308150739048667, -2.642838709049185, -0.2556816655236962, -0.18005267974841177, 0.043482887191476416, 0.6838090660739431, False
-5.006952171267782, 5.859342105357113, 2.501792788651156, -0.18005267974841177, 0.043482887191476416, 0.6838090660739431, True
-0.2739049927784052, -4.561418459441764, -0.3664147722581861, -0.18005267974841177, 0.043482887191476416, 0.6838090660739431, True
-2.9010539707685514, 1.2868144742601757, 2.3134446140713054, -0.18005267974841177, 0.043482887191476416, 0.6838090660739431, True
0.2940068780766518, 3.240697827488919, 1.5977636204954209, -0.18005267974841177, 0.043482887191476416, 0.6838090660739431, False
-2.03978159150716, 6.064118702218629, -0.33974551338165604, -0.18005267974841177, 0.043482887191476416, 0.6838090660739431, False
0.06908762643652988, 5.852374855783353, -2.756000476889296, -0.18005267974841177, 0.043482887191476416, 0.6838090660739431, False
2.592194044239889, -3.286481142767406, 2.6696396315732978, -0.18005267974841177, 0.043482887191476416, 0.6838090660739431, True
-0.732826833895583, 4.571588729499759, 2.998663441023398, -0.18005267974841177, 0.043482887191476416, 0.6838090660739431, True
2.128733478701003, -0.584946123456449, -1.5288954680114626, -0.18005267974841177, 0.043482887191476416, 0.6838090660739431, True
2.2158404281247197, 5.495416733828561, 1.3074981061666726, -0.18005267974841177, 0.043482887191476416, 0.6838090660739431, False
3.0156923177136754, 5.099714877305283, -0.9731922521307759, -0.18005267974841177, 0.043482887191476416, 0.6838090660739431, True
1.3105250874622847, 0.9920568482589145, 2.479057495128325, -0.18005267974841177, 0.043482887191476416, 0.6838090660739431, True
0.9451981665592672, -6.011615723883275, 2.484772222495369, -0.18005267974841177, 0.043482887191476416, 0.6838090660739431, True
-4.043425017539821, 3.5665575241795544, -1.1419919257698812, -0.18005267974841177, 0.043482887191476416, 0.6838090660739431, True
5.3858465695276685, 2.870854387494978, -2.0535716967291657, -0.18005267974841177, 0.043482887191476416, 0.6838090660739431, True
-4.925543617664333, -3.604069541912257, 3.032192851510681, -0.18005267974841177, 0.043482887191476416, 0.6838090660739431, True
5.791845369691714, 0.7744840940282485, 2.729972009392, -0.18005267974841177, 0.043482887191476416, 0.6838090660739431, True
6.017793705236176, -1.2962959141237125, -0.4247869842276901, -0.18005267974841177, 0.043482887191476416, 0.6838090660739431, False
-0.6107987006454385, -3.2583175520964716, 2.99102897114785, -0.18005267974841177, 0.043482887191476416, 0.6838090660739431, True
2.6012915701844044, 0.41203335236228167, 0.07658770465558895, -0.18005267974841177, 0.043482887191476416, 0.6838090660739431, True
-1.1452986472896676, 1.030400654264458, 0.6905498641312868, -0.18005267974841177, 0.043482887191476416, 0.6838090660739431, True
-5.765064720900435, 1.2846388560328474, -2.6558108438571377, -0.18005267974841177, 0.043482887191476416, 0.6838090660739431, True
2.8976480081704423, -6.210722802042039, -2.3729946602080396, -0.18005267974841177, 0.043482887191476416, 0.6838090660739431, False
-1.4138809479099956, 1.5519525726077568, -1.1577377484964444, -0.18005267974841177, 0.043482887191476416, 0.6838090660739431, True
5.2749138828671835, 4.633376519601816, -0.1328892432034765, -0.18005267974841177, 0.043482887191476416, 0.6838090660739431, True
-0.11530640859707386, 6.242491807820242, 0.4214120732797624, -0.18005267974841177, 0.043482887191476416, 0.6838090660739431, True
-5.428532250916939, -5.4604916464555835, -1.9881008444312522, -0.18005267974841177, 0.043482887191476416, 0.6838090660739431, True
4.315232164277411, 3.928458561520662, 2.0369279731526815, -0.18005267974841177, 0.043482887191476416, 0.6838090660739431, False
1.6125459158125972, -5.425218214892391, 0.649589753649614, -0.18005267974841177, 0.043482887191476416, 0.6838090660739431, True
-3.3900839726596708, -0.882097162267466, -2.0715295746174966, -0.18005267974841177, 0.043482887191476416, 0.6838090660739431, False
4.963037478534467, -4.949801947636744, -1.7664092249752044, -0.18005267974841177, 0.043482887191476416, 0.6838090660739431, True
1.0805431298363617, -1.2298624774784939, -1.6258509558928247, -0.18005267974841177, 0.043482887191476416, 0.6838090660739431, True
1.4257458318636385, 2.6952110669038962, 0.0037760143971299343, -0.18005267974841177, 0.043482887191476416, 0.6838090660739431, True
6.212489850459317, -3.365269356711193, 2.092883095306423, -0.18005267974841177, 0.043482887191476416, 0.6838090660739431, True
-0.7813519301830194, 3.3904429998550274, 1.6034979049404612, -0.18005267974841177, 0.043482887191476416, 0.6838090660739431, False
-6.1482024011303436, 0.3655198955263499, 0.17033667175168032, -0.18005267974841177, 0.043482887191476416, 0.6838090660739431, True
-4.925675823220288, -1.070341333398166, -2.213174819397123, -0.18005267974841177, 0.043482887191476416, 0.6838090660739431, False
0.055676000141001936, 0.520242369717077, 3.0229538982349817, -0.18005267974841177, 0.043482887191476416, 0.6838090660739431, True
-0.6766066087579006, 5.165049935214887, 2.9048668486846063, -0.18005267974841177, 0.043482887191476416, 0.6838090660739431, False
5.530644981943473, -5.668573036148604, -1.4900668327161168, -0.18005267974841177, 0.043482887191476416, 0.6838090660739431, True
-6.090717388612038, -0.38626602802195187, -2.2016101706786673, -0.18005267974841177, 0.043482887191476416, 0.6838090660739431, False
-3.786345958075429, -5.246282542106513, -1.125788156163844, -0.18005267974841177, 0.043482887191476416, 0.6838090660739431, True
2.4587010660412787, 5.3328973002998605, 0.708168907107638, -0.18005267974841177, 0.043482887191476416, 0.6838090660739431, False
-5.767486716777132, 1.2881977238347933, 0.5485283006292176, -0.18005267974841177, 0.043482887191476416, 0.6838090660739431, True
4.058043914383658, -0.04553026888069045, 1.9614453293971597, -0.18005267974841177, 0.043482887191476416, 0.6838090660739431, True
-3.8237907521032293, 5.987078496691231, 3.055092130935021, -0.18005267974841177, 0.043482887191476416, 0.6838090660739431, True
1.197688067136558, 2.968634911236432, -1.4567123699139886, -0.18005267974841177, 0.043482887191476416, 0.6838090660739431, True
-5.195313313973328, -4.115776109100949, 2.320589392839368, -0.18005267974841177, 0.043482887191476416, 0.6838090660739431, True
2.597191415664849, -2.5662858831581574, 0.306472343471321, -0.18005267974841177, 0.043482887191476416, 0.6838090660739431, False
-6.242780768083447, -5.249457420983315, -0.8102898702702057, -0.18005267974841177, 0.043482887191476416, 0.6838090660739431, True
4.166611484655265, -0.48322007916724363, -0.07565895610088313, -0.18005267974841177, 0.043482887191476416, 0.6838090660739431, False
0.5246817475983514, -0.537101352263937, 1.9645007386814664, -0.18005267974841177, 0.043482887191476416, 0.6838090660739431, True
5.736856117908868, 5.2620549697531125, -2.4085463530112756, -0.18005267974841177, 0.043482887191476416, 0.6838090660739431, False
-1.5106789270072642, 2.4651914747813723, -0.9853987715374748, -0.18005267974841177, 0.043482887191476416, 0.6838090660739431, True
-4.446732359977294, -0.592613663635329, -0.06359637625242476, -0.18005267974841177, 0.043482887191476416, 0.6838090660739431, False
-4.216524265015934, 3.4428002692984734, 1.2980710555728443, -0.18005267974841177, 0.043482887191476416, 0.6838090660739431, False
4.517005156563529, 3.7660201655962933, -0.8994165740671929, -0.18005267974841177, 0.043482887191476416, 0.6838090660739431, False
-4.720884354764806, -4.581293819622003, 1.4736499674097638, -0.18005267974841177, 0.043482887191476416, 0.6838090660739431, True
-2.9168154633455483, -5.254210323035213, 2.5038725484071858, -0.18005267974841177, 0.043482887191476416, 0.6838090660739431, True
3.529744001246936, 3.0285607944170216, 2.9906080889642883, -0.18005267974841177, 0.043482887191476416, 0.6838090660739431, True
5.674069089465309, 4.075998211363931, -0.7219470531238001, -0.18005267974841177, 0.043482887191476416, 0.6838090660739431, False
-2.4536751333585745, -2.281356794819943, -0.6412716040318229, -0.18005267974841177, 0.043482887191476416, 0.6838090660739431, False
-1.8349226959380402, 1.506620688185376, -2.509345133054662, -0.18005267974841177, 0.043482887191476416, 0.6838090660739431, True
-4.384115235297788, -4.463972909931419, -0.5494682011555523, -0.18005267974841177, 0.043482887191476416, 0.6838090660739431, True
-0.8296368254378637, -1.2832084722286297, -1.5934929398944453, -0.18005267974841177, 0.043482887191476416, 0.6838090660739431, True
-1.6880951818151395, 4.604211600014272, -0.8258236267340884, -0.18005267974841177, 0.043482887191476416, 0.6838090660739431, False
-0.44152037969876723, 5.528012039101585, 0.30277557592578486, -0.18005267974841177, 0.043482887191476416, 0.6838090660739431, False
-0.6917989052409101, -5.21889913223319, -0.7678584272148905, -0.18005267974841177, 0.043482887191476416, 0.6838090660739431, True
-0.9771543668882252, -6.192014949646863, -0.3533887752864655, -0.18005267974841177, 0.043482887191476416, 0.6838090660739431, False
2.5966981950775363, 0.13044681863063, -0.028741710689613953, -0.18005267974841177, 0.043482887191476416, 0.6838090660739431, True
-0.045177433713220694, -1.4853170251123133, 1.48699961939694, -0.18005267974841177, 0.043482887191476416, 0.6838090660739431, False
3.2148840147657367, -0.14303147108975356, 1.5809049890738196, -0.18005267974841177, 0.043482887191476416, 0.6838090660739431, True
5.034678668289795, -2.105603200901969, -2.10569316547562, -0.18005267974841177, 0.043482887191476416, 0.6838090660739431, False
1.6396334464834945, 2.8078083093276014, 2.49426648851433, -0.18005267974841177, 0.043482887191476416, 0.6838090660739431, True
-1.0066382590900158, 1.2661447044015972, 1.4935115088247946, -0.18005267974841177, 0.043482887191476416, 0.6838090660739431, True
6.203029843314853, -3.4532124171662515, -3.049664538399934, -0.18005267974841177, 0.043482887191476416, 0.6838090660739431, True
0.4975919835755658, 0.4622228655945575, -3.0717883699609363, -0.18005267974841177, 0.043482887191476416, 0.6838090660739431, True
-2.2144813410555395, -4.677974293555, -0.24580886241192745, -0.18005267974841177, 0.043482887191476416, 0.6838090660739431, True
0.922885014724284, -5.530979931174619, 0.8033666742593351, -0.18005267974841177, 0.043482887191476416, 0.6838090660739431, True
-2.371322880737021, 0.293898281011872, -0.6557884792205653, -0.18005267974841177, 0.043482887191476416, 0.6838090660739431, True
-0.5501627831855416, 1.085233328139557, 2.882697542160015, -0.18005267974841177, 0.043482887191476416, 0.6838090660739431, True
-3.233505275843162, 1.6861309807263272, 0.6623848182274101, -0.18005267974841177, 0.043482887191476416, 0.6838090660739431, True
3.560485128800062, -3.8369147051789674, -2.965902821977206, -0.18005267974841177, 0.043482887191476416, 0.6838090660739431, True
-0.4979466074314045, 4.361376953930291, 0.9526663342095247, -0.18005267974841177, 0.043482887191476416, 0.6838090660739431, True
-2.5667563567224283, -3.2018631146865504, -0.17193896938841524, -0.18005267974841177, 0.043482887191476416, 0.6838090660739431, True
4.247935012793075, -5.491841489345771, 1.4035624980207935, -0.18005267974841177, 0.043482887191476416, 0.6838090660739431, True
-4.417901469530372, -3.7960703075683377, -0.07593550502183888, -0.18005267974841177, 0.043482887191476416, 0.6838090660739431, True
-3.5406479789762106, -1.378491358402707, 0.2340384205752284, -0.18005267974841177, 0.043482887191476416, 0.6838090660739431, True
4.424708881497645, 1.7713455353554384, 1.2709648981476729, -0.18005267974841177, 0.043482887191476416, 0.6838090660739431, True
0.9905310510575944, 6.134113066390476, 1.5628995303536932, -0.18005267974841177, 0.043482887191476416, 0.6838090660739431, True
4.014174964536183, 2.383664840406958, 1.6262523296539229, -0.18005267974841177, 0.043482887191476416, 0.6838090660739431, True
4.812835462897553, -4.329180998096893, -0.42641264535978696, -0.18005267974841177, 0.043482887191476416, 0.6838090660739431, True
0.5220958842801711, -1.4863529654955592, -2.813134051022267, -0.18005267974841177, 0.043482887191476416, 0.6838090660739431, False
-1.085878351705861, -2.8583041016860795, -2.217445891717106, -0.18005267974841177, 0.043482887191476416, 0.6838090660739431, True
-1.956609359346416, -0.7840170920355378, 1.9623213408213012, -0.18005267974841177, 0.043482887191476416, 0.6838090660739431, False
3.8448729928412106, 1.6376015906546995, -2.469301770671052, -0.18005267974841177, 0.043482887191476416, 0.6838090660739431, True
-0.28039746329088544, 0.19372534810390718, -1.1408702539602236, -0.18005267974841177, 0.043482887191476416, 0.6838090660739431, True
0.33721123768087224, 5.72013152881312, -1.936689549457765, -0.18005267974841177, 0.043482887191476416, 0.6838090660739431, False
3.8795606131340854, -0.6818916545480658, 1.8547970575537116, -0.18005267974841177, 0.043482887191476416, 0.6838090660739431, True
5.371036912689954, 5.845893240224223, 0.4988821648284705, -0.18005267974841177, 0.043482887191476416, 0.6838090660739431, False
4.700014484584946, 1.7932383870078432, 2.6782541707880165, -0.18005267974841177, 0.043482887191476416, 0.6838090660739431, True
-5.43570852661273, 4.623590301319997, 0.2873167906603076, -0.18005267974841177, 0.043482887191476416, 0.6838090660739431, True
4.1036689747738855, 5.1024769390865234, 2.9865486101987155, -0.18005267974841177, 0.043482887191476416, 0.6838090660739431, True
