-0.6389957402980784, -5.106832638787137, 1.514060601341928, -0.4566831741297076, 0.4709234486576921, -0.7040064284390071, False
3.4260271149813715, -1.0499793132275066, -1.6334812683736097, -0.4566831741297076, 0.4709234486576921, -0.7040064284390071, False
5.283584612037641, 2.4703053874641636, 0.9570726290622833, -0.4566831741297076, 0.4709234486576921, -0.7040064284390071, False
3.1783801036650132, 1.264709006658757, 0.07103843867489434, -0.4566831741297076, 0.4709234486576921, -0.7040064284390071, False
4.475177236846463, -2.2800831130880574, -0.529151720740253, -0.4566831741297076, 0.4709234486576921, -0.7040064284390071, False
4.083908074899966, -6.1238404593869395, -0.19867014963742635, -0.4566831741297076, 0.4709234486576921, -0.7040064284390071, False
-6.084111127365456, -4.980146396274481, -0.962492998995105, -0.4566831741297076, 0.4709234486576921, -0.7040064284390071, False
-2.431747325229911, 5.672104813873954, -0.751512203646358, -0.4566831741297076, 0.4709234486576921, -0.7040064284390071, False
-0.4787208524111639, -0.9381279952290864, -2.8728280328550153, -0.4566831741297076, 0.4709234486576921, -0.7040064284390071, True
-3.9926949293461367, 2.5405352442176525, 2.915617652418753, -0.4566831741297076, 0.4709234486576921, -0.7040064284390071, True
4.158641082940996, 4.495055867787778, 2.0883520404245974, -0.4566831741297076, 0.4709234486576921, -0.7040064284390071, False
5.86333064591941, 3.4744356532776113, -0.7771931141776856, -0.4566831741297076, 0.4709234486576921, -0.7040064284390071, False
-2.8759050058413225, 4.882339911585463, -0.980350697476863, -0.4566831741297076, 0.4709234486576921, -0.7040064284390071, False
-3.6405416616103103, -0.9318724282089983, -2.3218128817302874, -0.4566831741297076, 0.4709234486576921, -0.7040064284390071, False
-3.0072838542879494, -5.4114757279114505, 1.7866838763316926, -0.4566831741297076, 0.4709234486576921, -0.7040064284390071, False
5.443693927137099, 4.84963821971613, 1.6749788524450215, -0.4566831741297076, 0.4709234486576921, -0.7040064284390071, False
5.214758805836945, -0.7548593810893562, 1.6030431121208562, -0.4566831741297076, 0.4709234486576921, -0.7040064284390071, False
5.248760718733591, -6.241820644902595, 0.7728029324549883, -0.4566831741297076, 0.4709234486576921, -0.7040064284390071, False
1.7328241944587823, 4.259164233095461, -2.1996769257739848, -0.4566831741297076, 0.4709234486576921, -0.7040064284390071, False
4.709530952219213, 3.160447755928791, -2.869243221571034, -0.4566831741297076, 0.4709234486576921, -0.7040064284390071, True
0.2000519347177585, 3.2242012839911265, -0.47161390587460117, -0.4566831741297076, 0.4709234486576921, -0.7040064284390071, False
3.838778328199753, 3.142925603974536, 1.6054206609999637, -0.4566831741297076, 0.4709234486576921, -0.7040064284390071, False
-2.8351168014460404, 5.683153452966428, -2.871445754510997, -0.4566831741297076, 0.4709234486576921, -0.7040064284390071, False
2.3512502063810494, 4.086360978083036, -1.9588930618278928, -0.4566831741297076, 0.4709234486576921, -0.7040064284390071, False
-3.081116759032264, 6.197892078317958, -1.1196268969925116, -0.4566831741297076, 0.4709234486576921, -0.7040064284390071, False
-4.502087600913574, 3.525615052575093, -0.2218806279964225, -0.4566831741297076, 0.4709234486576921, -0.7040064284390071, False
-3.129018406543656, 4.317969186164836, -2.632005934296412, -0.4566831741297076, 0.4709234486576921, -0.7040064284390071, False
-3.361713775009247, -2.5329754283448733, -1.7675788395577903, -0.4566831741297076, 0.4709234486576921, -0.7040064284390071, False
-2.0839100611096715, -2.393074943355411, 0.5581854652225866, -0.4566831741297076, 0.4709234486576921, -0.7040064284390071, False
6.145002259405258, -4.624298198041747, -0.8327908065652418, -0.4566831741297076, 0.4709234486576921, -0.7040064284390071, False
-4.417952526860244, -1.1334443623938748, 0.8860035389280618, -0.4566831741297076, 0.4709234486576921, -0.7040064284390071, False
-4.825946585475668, -1.1060034392447866, -1.7494898163528383, -0.4566831741297076, 0.4709234486576921, -0.7040064284390071, False
-0.8707102851638231, -2.886230535665979, 2.6108678329941046, -0.4566831741297076, 0.4709234486576921, -0.7040064284390071, False
-3.64941071977542, -6.174124726529959, -0.8453594599701169, -0.4566831741297076, 0.4709234486576921, -0.7040064284390071, False
-0.7656806763314901, 5.11657642031861, 0.17339873015043406, -0.4566831741297076, 0.4709234486576921, -0.7040064284390071, False
2.548594584964116, 3.7877900694943385, 0.913164430463099, -0.4566831741297076, 0.4709234486576921, -0.7040064284390071, False
-1.5100314726925559, 1.2993559228822473, -2.4030324732509216, -0.4566831741297076, 0.4709234486576921, -0.7040064284390071, False
-5.485913241913244, 3.3285524127607964, 0.15357760076754223, -0.4566831741297076, 0.4709234486576921, -0.7040064284390071, False
-3.3608516282210723, -1.4015812900371483, -1.2128007714577933, -0.4566831741297076, 0.4709234486576921, -0.7040064284390071, False
-3.2362146152038207, 1.6976967605490403, 2.8508528879668775, -0.4566831741297076, 0.4709234486576921, -0.7040064284390071, False
-3.603280791621394, 3.3163066825404375, -1.5482958584165039, -0.4566831741297076, 0.4709234486576921, -0.7040064284390071, False
-5.170803257367264, 2.056920899842586, -0.6918616076263353, -0.4566831741297076, 0.4709234486576921, -0.7040064284390071, False
0.8701745857408243, -0.4103542423615467, -2.312697739601232, -0.4566831741297076, 0.4709234486576921, -0.7040064284390071, False
-0.22195418600438632, 4.5549309510905545, -1.6990468808854025, -0.4566831741297076, 0.4709234486576921, -0.7040064284390071, False
-6.165329201084827, -6.001793801157149, -2.333789591424509, -0.4566831741297076, 0.4709234486576921, -0.7040064284390071, False
-3.5119654786623262, 1.4513146575205287, 1.8291231680610327, -0.4566831741297076, 0.4709234486576921, -0.7040064284390071, False
-0.6567445735686812, -3.7655779096794206, 2.0022700155370172, -0.4566831741297076, 0.4709234486576921, -0.7040064284390071, False
-0.9995535931677804, -4.360727681740971, 3.0355753258218927, -0.4566831741297076, 0.4709234486576921, -0.7040064284390071, True
-1.7325285472741925, -0.09845810238775421, 2.287610681113976, -0.4566831741297076, 0.4709234486576921, -0.7040064284390071, False
-0.840034701285516, 4.1636945853956835, 1.514388341070208, -0.4566831741297076, 0.4709234486576921, -0.7040064284390071, False
-5.4814979251352485, -5.510999191834877, -0.5070878278939976, -0.4566831741297076, 0.4709234486576921, -0.7040064284390071, False
3.6942755703568455, -1.321080728704768, -1.395010779097644, -0.4566831741297076, 0.4709234486576921, -0.7040064284390071, False
6.112432498198666, -3.6427292534812725, 0.5760452477039331, -0.4566831741297076, 0.4709234486576921, -0.7040064284390071, False
2.0284290624512735, 0.3443830412261768, -0.6296467227156803, -0.4566831741297076, 0.4709234486576921, -0.7040064284390071, False
-0.15930232810978318, -3.532965401865883, 2.103417519651509, -0.4566831741297076, 0.4709234486576921, -0.7040064284390071, False
1.071127030063841, -4.278132144692526, -1.271516522437587, -0.4566831741297076, 0.4709234486576921, -0.7040064284390071, False
-3.512879220176671, 3.486345033511922, 1.2051157921810534, -0.4566831741297076, 0.4709234486576921, -0.7040064284390071, False
2.2596082188142503, -5.5621915041079655, -2.296234269925069, -0.4566831741297076, 0.4709234486576921, -0.7040064284390071, False
-2.1888233276037274, -1.2411287703399427, 1.4485971100266193, -0.4566831741297076, 0.4709234486576921, -0.7040064284390071, False
3.1290668114332316, -0.8060860134110577, -1.4787072049570857, -0.4566831741297076, 0.4709234486576921, -0.7040064284390071, False
3.869927842395743, 6.153386727601843, 1.4540078746257175, -0.4566831741297076, 0.4709234486576921, -0.7040064284390071, False
0.1092552527710664, -3.0762971378364683, 0.3707889390611867, -0.4566831741297076, 0.4709234486576921, -0.7040064284390071, False
-4.891808775364703, 4.211983711231618, -2.318049878822813, -0.4566831741297076, 0.4709234486576921, -0.7040064284390071, False
1.8902066362755985, -0.9992346075298153, 1.5069562865974193, -0.4566831741297076, 0.4709234486576921, -0.7040064284390071, False
0.9391896950626801, -3.8853839312350926, 2.7993403494271814, -0.4566831741297076, 0.4709234486576921, -0.7040064284390071, False
-3.5300967218310384, -2.835708148633507, -2.905042421436425, -0.4566831741297076, 0.4709234486576921, -0.7040064284390071, True
-4.806982516936757, -5.887373316501464, 2.0035201669682667, -0.4566831741297076, 0.4709234486576921, -0.7040064284390071, False
2.1845870789064747, -3.2685722553690346, -0.7690880644839808, -0.4566831741297076, 0.4709234486576921, -0.7040064284390071, False
-0.7453006010642165, -5.7999499005216775, 1.4333194226359778, -0.4566831741297076, 0.4709234486576921, -0.7040064284390071, False
0.3388890893487142, -3.5900084946916655, 0.8993155444510235, -0.4566831741297076, 0.4709234486576921, -0.7040064284390071, False
6.143694599871381, 0.638738139419786, 0.040155013868145684, -0.4566831741297076, 0.4709234486576921, -0.7040064284390071, False
5.05814514106039, 6.180199130828111, -0.18269542281797202, -0.4566831741297076, 0.4709234486576921, -0.7040064284390071, False
-3.5721090201311636, -5.0007677804682045, 0.13723505069675923, -0.4566831741297076, 0.4709234486576921, -0.7040064284390071, False
-2.984651598454377, -3.7420840879706168, 2.6534512535624213, -0.4566831741297076, 0.4709234486576921, -0.7040064284390071, False
5.302301219175867, 3.7586338815507574, 0.409067533319027, -0.4566831741297076, 0.4709234486576921, -0.7040064284390071, False
-6.210385416119635, -0.6164802633209838, 0.4924103142070346, -0.4566831741297076, 0.4709234486576921, -0.7040064284390071, False
-3.0211396629879252, 2.022046485009634, -2.7015138198240845, -0.4566831741297076, 0.4709234486576921, -0.7040064284390071, False
-4.829794876258513, 1.7300921144406338, -0.32173842851683476, -0.4566831741297076, 0.4709234486576921, -0.7040064284390071, False
5.71376188426021, -4.3293763411332025, -2.1422425442028303, -0.4566831741297076, 0.4709234486576921, -0.7040064284390071, False
6.123141415122937, 5.980167316238182, 1.294777457578598, -0.4566831741297076, 0.4709234486576921, -0.7040064284390071, False
0.7308148539555681, 1.4106878773923412, -2.6451422936337665, -0.4566831741297076, 0.4709234486576921, -0.7040064284390071, False
4.1862947267184865, -1.3784581034664125, 2.157279626167443, -0.4566831741297076, 0.4709234486576921, -0.7040064284390071, False
-2.253649797406662, 3.7272287134475466, -0.6093374785629639, -0.4566831741297076, 0.4709234486576921, -0.7040064284390071, False
1.1199535828800924, 3.1155657911093257, -0.734429031026318, -0.4566831741297076, 0.4709234486576921, -0.7040064284390071, False
-0.08422733426063012, 5.977264626735529, -1.8926814934310932, -0.4566831741297076, 0.4709234486576921, -0.7040064284390071, False
-4.275834311222089, -0.8910547092094951, -1.5134476909471388, -0.4566831741297076, 0.4709234486576921, -0.7040064284390071, False
2.7767798048886423, 4.881962434163105, 0.2613349938967815, -0.4566831741297076, 0.4709234486576921, -0.7040064284390071, False
-5.5026906360117, -1.660410899770258, 0.9000484643069173, -0.4566831741297076, 0.4709234486576921, -0.7040064284390071, False
3.538061345881543, 0.749665058709561, -1.4163484514281008, -0.4566831741297076, 0.4709234486576921, -0.7040064284390071, False
-3.48892755757841, -1.3937378987737201, -2.9421333322295733, -0.4566831741297076, 0.4709234486576921, -0.7040064284390071, True
-4.087381301365692, -2.506951529354724, 0.11869689682411311, -0.4566831741297076, 0.4709234486576921, -0.7040064284390071, False
0.5589744776159424, -5.720756228388815, 0.17787155403423194, -0.4566831741297076, 0.4709234486576921, -0.7040064284390071, False
-4.073936898752961, -1.7344402282624802, -2.907261773348575, -0.4566831741297076, 0.4709234486576921, -0.7040064284390071, True
5.935446702725411, -3.653263881393821, 1.454430405764855, -0.4566831741297076, 0.4709234486576921, -0.7040064284390071, False
4.490492243641251, -3.2292367138930365, 1.1587554522628567, -0.4566831741297076, 0.4709234486576921, -0.7040064284390071, False
-3.6971289871272344, -5.295756982698632, 2.665196546712724, -0.4566831741297076, 0.4709234486576921, -0.7040064284390071, False
-3.13316491221623, 0.029804391293473564, 1.4189380520484445, -0.4566831741297076, 0.4709234486576921, -0.7040064284390071, False
2.835049114913268, -4.805769706826218, 1.0384367748100605, -0.4566831741297076, 0.4709234486576921, -0.7040064284390071, False
-0.10526452990985113, -2.0070188533771187, 0.7764131606229934, -0.4566831741297076, 0.4709234486576921, -0.7040064284390071, False
-4.754273848785524, -1.2351037739970092, 2.30647641705984, -0.4566831741297076, 0.4709234486576921, -0.7040064284390071, False
