4.586237332275498, -3.6924339310708327, -2.6415694356111574, 0.2530509335271789, 0.1506649034523334, -0.4657683879800656, False
-3.6909490865762655, 0.33178750696739456, 2.9963664315699408, 0.2530509335271789, 0.1506649034523334, -0.4657683879800656, True
2.8382438948072117, -1.9851688749358738, 0.25718794070977014, 0.2530509335271789, 0.1506649034523334, -0.4657683879800656, False
2.5195693770402485, 1.5577281349940488, -0.8726337090114824, 0.2530509335271789, 0.1506649034523334, -0.4657683879800656, False
-4.089731096148176, 1.9380829222301443, -3.051436978045357, 0.2530509335271789, 0.1506649034523334, -0.4657683879800656, True
3.79774739506475, 5.531643293221196, -1.1242671647871654, 0.2530509335271789, 0.1506649034523334, -0.4657683879800656, False
4.919003488740778, -5.3937911410893165, -1.706165290261716, 0.2530509335271789, 0.1506649034523334, -0.4657683879800656, False
3.7090190388959225, -0.3847571690896219, -1.7121184648003904, 0.2530509335271789, 0.1506649034523334, -0.4657683879800656, False
3.6236352325514503, -6.205999733934191, 0.7083480613092203, 0.2530509335271789, 0.1506649034523334, -0.4657683879800656, False
4.677596348021071, 4.736259265078207, -1.7566745729920377, 0.2530509335271789, 0.1506649034523334, -0.4657683879800656, False
3.7095664454232544, -3.2208181428278233, 2.2385405343538203, 0.2530509335271789, 0.1506649034523334, -0.4657683879800656, False
-0.16252862512096033, 1.1176932678839515, -2.235933241657227, 0.2530509335271789, 0.1506649034523334, -0.4657683879800656, False
-4.654883318845863, 3.7597891596512163, 0.5061607648936919, 0.2530509335271789, 0.1506649034523334, -0.4657683879800656, False
-5.549833079163849, -1.193136985980451, 2.575459269859288, 0.2530509335271789, 0.1506649034523334, -0.4657683879800656, False
3.0733001959287733, -5.5454722451698055, -0.6818608066739467, 0.2530509335271789, 0.1506649034523334, -0.4657683879800656, False
-4.149122526997707, -4.282063314008641, -0.6407956664298222, 0.2530509335271789, 0.1506649034523334, -0.4657683879800656, False
-0.31586885052363556, -2.1550843068281553, 2.9663506961860895, 0.2530509335271789, 0.1506649034523334, -0.4657683879800656, True
1.454751688562511, -4.064311975722939, -0.49589300299432626, 0.2530509335271789, 0.1506649034523334, -0.4657683879800656, False
-1.6744730678798492, -1.948786126876909, 2.9603425570876816, 0.2530509335271789, 0.1506649034523334, -0.4657683879800656, True
-5.593346024286011, 2.818559660924599, -2.4525455201620936, 0.2530509335271789, 0.1506649034523334, -0.4657683879800656, False
-5.852672809605821, -5.651580190715413, -3.045567832161411, 0.2530509335271789, 0.1506649034523334, -0.4657683879800656, True
-5.874631269214278, 1.3613675199589297, -1.953449893236766, 0.2530509335271789, 0.1506649034523334, -0.4657683879800656, False
4.566685519183375, -2.250853324804825, -1.487140609562555, 0.2530509335271789, 0.1506649034523334, -0.4657683879800656, False
4.207954036365113, -5.339374744744916, -2.7414493521390977, 0.2530509335271789, 0.1506649034523334, -0.4657683879800656, False
1.6092704184564441, -1.7942557609663279, -1.7750670938599071, 0.2530509335271789, 0.1506649034523334, -0.4657683879800656, False
-2.444806287715641, -6.182246249090738, 1.2837492022473898, 0.2530509335271789, 0.1506649034523334, -0.4657683879800656, False
4.352346187327246, 2.8853677590661597, 1.769939950927795, 0.2530509335271789, 0.1506649034523334, -0.4657683879800656, False
-3.2869639274021303, 4.1428323931078666, 0.8360516723812328, 0.2530509335271789, 0.1506649034523334, -0.4657683879800656, False
-1.6180314743003992, 4.106658020860118, 0.09652418344481317, 0.2530509335271789, 0.1506649034523334, -0.4657683879800656, False
-1.6154325096155029, 4.827147967944017, 0.0060621459929612875, 0.2530509335271789, 0.1506649034523334, -0.4657683879800656, False
2.060178914220355, -2.559199801106004, -2.070997911085257, 0.2530509335271789, 0.1506649034523334, -0.4657683879800656, False
-1.8733458810115193, 1.8536866737954263, 2.8401421527343693, 0.2530509335271789, 0.1506649034523334, -0.4657683879800656, False
-5.910796438886507, -5.023184654095568, -1.6860243039099505, 0.2530509335271789, 0.1506649034523334, -0.4657683879800656, False
3.843690661178705, -5.66004929696093, -0.6999785018278732, 0.2530509335271789, 0.1506649034523334, -0.4657683879800656, False
3.448031649553677, -5.306682120757226, 2.7337860863138133, 0.2530509335271789, 0.1506649034523334, -0.4657683879800656, False
1.7738130744995058, 3.062106964667649, -1.1467509591222342, 0.2530509335271789, 0.1506649034523334, -0.4657683879800656, False
-0.4515948616169325, 3.3996227078452392, -1.5579030633581368, 0.2530509335271789, 0.1506649034523334, -0.4657683879800656, False
-3.74775339732263, -0.9544389918855964, -0.7197539205950174, 0.2530509335271789, 0.1506649034523334, -0.4657683879800656, False
2.5588934250186064, -3.2776223338064208, 1.4244061354090762, 0.2530509335271789, 0.1506649034523334, -0.4657683879800656, False
-5.586972521096212, -2.32697022741043, -0.3055923188396834, 0.2530509335271789, 0.1506649034523334, -0.4657683879800656, False
-3.725537496793418, 1.802263759009481, -2.9868068280506597, 0.2530509335271789, 0.1506649034523334, -0.4657683879800656, True
-0.4752862070911732, -2.633259825339457, -2.471476097039761, 0.2530509335271789, 0.1506649034523334, -0.4657683879800656, False
1.8631115997922514, 0.971001722733237, -2.983571565423871, 0.2530509335271789, 0.1506649034523334, -0.4657683879800656, True
5.882196331709615, -0.5893629583027433, -0.22100857096562354, 0.2530509335271789, 0.1506649034523334, -0.4657683879800656, False
-0.6018749112841899, 0.7095458389652816, -2.5610861188672627, 0.2530509335271789, 0.1506649034523334, -0.4657683879800656, False
2.8203379186717896, 1.018026783314939, 2.182593630931936, 0.2530509335271789, 0.1506649034523334, -0.4657683879800656, False
3.0301389827653917, -4.837117730098779, 2.5866286250339545, 0.2530509335271789, 0.1506649034523334, -0.4657683879800656, False
-1.588260191628251, 0.9817746348231795, 1.8080553992433686, 0.2530509335271789, 0.1506649034523334, -0.4657683879800656, False
4.974358243933976, 4.565580082515806, 0.6267707618145457, 0.2530509335271789, 0.1506649034523334, -0.4657683879800656, False
6.100152855408753, 3.68425151558543, 0.09744105674967418, 0.2530509335271789, 0.1506649034523334, -0.4657683879800656, False
5.892967367309716, 1.4666417475752436, -1.5345407930909793, 0.2530509335271789, 0.1506649034523334, -0.4657683879800656, False
-4.207534079674816, 5.885689059202903, -0.8289064498201779, 0.2530509335271789, 0.1506649034523334, -0.4657683879800656, False
5.294015517853408, 5.327723580164717, -2.1219162033623267, 0.2530509335271789, 0.1506649034523334, -0.4657683879800656, False
0.024123830551129544, -5.122511316251984, 1.1542119149965995, 0.2530509335271789, 0.1506649034523334, -0.4657683879800656, True
3.499633968471654, -6.156126049794711, 1.8852842880300589, 0.2530509335271789, 0.1506649034523334, -0.4657683879800656, False
-5.679652139363333, 4.186019652934206, 2.4127282556004506, 0.2530509335271789, 0.1506649034523334, -0.4657683879800656, False
-5.246656970867125, 4.95342928990385, -1.5140923339881507, 0.2530509335271789, 0.1506649034523334, -0.4657683879800656, False
-2.3486122382004426, 0.924203307530143, -2.981001889550451, 0.2530509335271789, 0.1506649034523334, -0.4657683879800656, True
-2.4584204861828294, -0.925206134270236, 2.4635305768408386, 0.2530509335271789, 0.1506649034523334, -0.4657683879800656, False
2.8807821307741026, 5.459774189358649, -2.608693551081272, 0.2530509335271789, 0.1506649034523334, -0.4657683879800656, False
-0.44328903551913523, 2.6752405997872675, -1.524208015957392, 0.2530509335271789, 0.1506649034523334, -0.4657683879800656, False
-3.981697760253923, -5.2412323718249745, -0.22305673465776144, 0.2530509335271789, 0.1506649034523334, -0.4657683879800656, False
-4.298353538044194, 3.0601261247285887, -0.447216406411183, 0.2530509335271789, 0.1506649034523334, -0.4657683879800656, False
-0.19519420593823167, -3.56545049121486, -0.7185346785399753, 0.2530509335271789, 0.1506649034523334, -0.4657683879800656, False
-3.166046516785984, -1.5692188085174115, 1.151486104221216, 0.2530509335271789, 0.1506649034523334, -0.4657683879800656, False
-5.920894643751771, 5.519677552955036, -0.7805441182007784, 0.2530509335271789, 0.1506649034523334, -0.4657683879800656, False
4.572097868715353, -0.6443054928662821, -2.5211719287569823, 0.2530509335271789, 0.1506649034523334, -0.4657683879800656, False
-2.6513390698190045, 0.3802653899689066, -3.094857362283325, 0.2530509335271789, 0.1506649034523334, -0.4657683879800656, True
4.46686175543244, 3.790488087767951, -0.41803678508074027, 0.2530509335271789, 0.1506649034523334, -0.4657683879800656, False
2.8318077096568626, 5.888179362384529, 0.5367927693543559, 0.2530509335271789, 0.1506649034523334, -0.4657683879800656, False
3.3533674570897443, -0.29105669220119346, 2.8215839953923743, 0.2530509335271789, 0.1506649034523334, -0.4657683879800656, False
3.6095355070433754, 0.3079226359406926, -1.2705547166961677, 0.2530509335271789, 0.1506649034523334, -0.4657683879800656, False
-2.329243004808224, 4.1406692400618645, 1.3289396708123897, 0.2530509335271789, 0.1506649034523334, -0.4657683879800656, False
-5.743246455210628, 5.484037102138853, 0.1500107138998592, 0.2530509335271789, 0.1506649034523334, -0.4657683879800656, False
-3.6552393783546377, -1.670519166249922, -0.9371975014940137, 0.2530509335271789, 0.1506649034523334, -0.4657683879800656, False
2.851851717301564, 1.1706637675363822, 1.2670014368868223, 0.2530509335271789, 0.1506649034523334, -0.4657683879800656, False
2.7399311588981536, 5.924030923405203, -2.3549995932644636, 0.2530509335271789, 0.1506649034523334, -0.4657683879800656, False
-0.937709943015884, 3.7073891943465114, 0.820417065311017, 0.2530509335271789, 0.1506649034523334, -0.4657683879800656, False
2.9036111593506426, -0.5143923307230454, -0.76117378504521, 0.2530509335271789, 0.1506649034523334, -0.4657683879800656, False
4.832676084083623, -2.9390624362528155, -0.5566808337130231, 0.2530509335271789, 0.1506649034523334, -0.4657683879800656, False
3.9231424418603247, -6.1256897761068725, 1.3942063979706925, 0.2530509335271789, 0.1506649034523334, -0.4657683879800656, False
-4.3090818484587246, -0.16624635284481837, -1.1104670838006911, 0.2530509335271789, 0.1506649034523334, -0.4657683879800656, False
5.975496007618409, -5.000065967925698, 0.8704867020192513, 0.2530509335271789, 0.1506649034523334, -0.4657683879800656, False
1.876401822371502, -1.771700765302934, -1.8037880538904685, 0.2530509335271789, 0.1506649034523334, -0.4657683879800656, False
5.569993706917318, -1.235928547764936, -0.821087491306602, 0.2530509335271789, 0.1506649034523334, -0.4657683879800656, False
1.8930027372065403, 5.481818371944589, -1.6350315772835782, 0.2530509335271789, 0.1506649034523334, -0.4657683879800656, False
-4.554839939103496, 5.725892604111115, -1.2682789414591307, 0.2530509335271789, 0.1506649034523334, -0.4657683879800656, False
-1.9664610223607264, 1.4000210434367206, 2.877561287791128, 0.2530509335271789, 0.1506649034523334, -0.4657683879800656, True
2.601862562208783, 6.257729227112028, -1.5868174051403974, 0.2530509335271789, 0.1506649034523334, -0.4657683879800656, False
4.624628545141377, -1.0225175511262155, 0.9403347281090282, 0.2530509335271789, 0.1506649034523334, -0.4657683879800656, False
-3.2247223138240537, -3.081798696761562, -0.8641656896039298, 0.2530509335271789, 0.1506649034523334, -0.4657683879800656, False
1.7657073202515008, 3.2092596734910632, 0.2824530173607074, 0.2530509335271789, 0.1506649034523334, -0.4657683879800656, False
0.8111003694526024, -2.928364600082792, -1.246873958196903, 0.2530509335271789, 0.1506649034523334, -0.4657683879800656, False
-4.870619018926176, 4.226698032094674, 1.759244462782359, 0.2530509335271789, 0.1506649034523334, -0.4657683879800656, False
2.863693364027686, 0.1734583675729775, 2.807530939528264, 0.2530509335271789, 0.1506649034523334, -0.4657683879800656, False
-2.4225338844765956, -3.276716610155073, -1.8345683676416582, 0.2530509335271789, 0.1506649034523334, -0.4657683879800656, False
-0.19679061506551232, 5.5146251670115465, 0.018354897844869544, 0.2530509335271789, 0.1506649034523334, -0.4657683879800656, False
5.689301106305491, -0.9254753838234606, 2.0601285696027363, 0.2530509335271789, 0.1506649034523334, -0.4657683879800656, False
-5.965244396356566, -4.250457184798638, 2.5718069881024155, 0.2530509335271789, 0.1506649034523334, -0.4657683879800656, False
-2.8695961410839415, 4.0712165194958665, -0.9209780556062488, 0.2530509335271789, 0.1506649034523334, -0.4657683879800656, False
