-4.1030212461756745, -5.578963199357345, -1.3079896288342818, 0.4523099101309429, 0.2420422792281013, 0.590200612706276, False
-0.7127583429768283, -0.21242912550288118, -1.8459846085520693, 0.4523099101309429, 0.2420422792281013, 0.590200612706276, False
-1.2648034658237863, -3.5603201158717375, 0.22033628385185633, 0.4523099101309429, 0.2420422792281013, 0.590200612706276, False
5.7137649220272735, 0.04174394430607897, 1.8680227220840475, 0.4523099101309429, 0.2420422792281013, 0.590200612706276, False
-3.514961503670977, -4.277502953166091, 2.3928314301307303, 0.4523099101309429, 0.2420422792281013, 0.590200612706276, False
-5.028806248293762, -4.3980404319592274, 0.42287919165112164, 0.4523099101309429, 0.2420422792281013, 0.590200612706276, False
3.761125425218099, -3.8401330085806253, 2.4931215774540396, 0.4523099101309429, 0.2420422792281013, 0.590200612706276, False
-0.7620844212580433, -3.519788221282852, 2.6822609332041116, 0.4523099101309429, 0.2420422792281013, 0.590200612706276, False
-3.5204178829283443, -0.9266530211025952, 1.9278921661844954, 0.4523099101309429, 0.2420422792281013, 0.590200612706276, False
4.3632333648264225, -2.1858450193152272, -0.5352952196396012, 0.4523099101309429, 0.2420422792281013, 0.590200612706276, False
0.06355904329661133, 0.9272304743057207, 2.867173471287561, 0.4523099101309429, 0.2420422792281013, 0.590200612706276, True
-0.8142743720193861, -2.9500158502695557, -0.8450549093827648, 0.4523099101309429, 0.2420422792281013, 0.590200612706276, False
0.9163565776267921, 4.331395438062142, 0.5798632605761638, 0.4523099101309429, 0.2420422792281013, 0.590200612706276, False
-1.0360946443218104, -5.138732595924985, 0.7732608901830211, 0.4523099101309429, 0.2420422792281013, 0.590200612706276, False
0.9300159510804562, 4.916534001347184, -0.741862866319063, 0.4523099101309429, 0.2420422792281013, 0.590200612706276, False
1.1983723456876474, 1.4877852381655137, 0.6350940541205414, 0.4523099101309429, 0.2420422792281013, 0.590200612706276, False
-4.537687436831088, -0.827766483108201, -3.1163150100281234, 0.4523099101309429, 0.2420422792281013, 0.590200612706276, True
-3.4609827658243377, -3.369143047936439, -2.032563475622447, 0.4523099101309429, 0.2420422792281013, 0.590200612706276, False
3.9827456014802944, -2.8057479288163245, 1.2023440557627119, 0.4523099101309429, 0.2420422792281013, 0.590200612706276, True
2.3723617619990574, 4.840455678991292, 2.5981078505477715, 0.4523099101309429, 0.2420422792281013, 0.590200612706276, False
2.1412285962000777, 4.57943771523634, 1.8110770145292117, 0.4523099101309429, 0.2420422792281013, 0.590200612706276, False
5.905985146802925, 0.9573907268694777, 1.4444870167895605, 0.4523099101309429, 0.2420422792281013, 0.590200612706276, False
5.194098448826242, -5.6583667994737965, -3.1059969939373073, 0.4523099101309429, 0.2420422792281013, 0.590200612706276, True
0.6547415539504575, 0.21869428066379193, -1.9435310020735725, 0.4523099101309429, 0.2420422792281013, 0.590200612706276, False
-5.634572024118145, -6.082257938367534, 1.6582860192287647, 0.4523099101309429, 0.2420422792281013, 0.590200612706276, False
2.0102357509948963, 4.70717482080711, 1.597431366477669, 0.4523099101309429, 0.2420422792281013, 0.590200612706276, False
-3.4914888275168265, -6.014385474533681, 0.22770008022921395, 0.4523099101309429, 0.2420422792281013, 0.590200612706276, False
4.824002724653221, 0.8931053515910845, 1.5301031081675678, 0.4523099101309429, 0.2420422792281013, 0.590200612706276, False
1.263391947545209, -6.024934867179118, 0.01514922833314225, 0.4523099101309429, 0.2420422792281013, 0.590200612706276, False
5.539313723100525, 1.9959374917267336, 0.7555096896834828, 0.4523099101309429, 0.2420422792281013, 0.590200612706276, False
3.5555820525449295, -3.989968481877282, 0.7701903284978218, 0.4523099101309429, 0.2420422792281013, 0.590200612706276, False
2.430545125930058, 2.0547822045048623, -1.3298233658787242, 0.4523099101309429, 0.2420422792281013, 0.590200612706276, False
-0.5562355394520315, -3.76623364185797, -2.814193364111696, 0.4523099101309429, 0.2420422792281013, 0.590200612706276, False
5.165807659168387, -4.317964704955096, -0.4376398234814962, 0.4523099101309429, 0.2420422792281013, 0.590200612706276, False
-0.6190025747151262, -1.8999148493351834, -3.098152534422766, 0.4523099101309429, 0.2420422792281013, 0.590200612706276, True
-1.5481875104299645, -3.3387277442223, -3.1347654695166214, 0.4523099101309429, 0.2420422792281013, 0.590200612706276, True
-5.291686450527895, 6.096417488962981, -2.1430815650248687, 0.4523099101309429, 0.2420422792281013, 0.590200612706276, False
4.711521527353073, 1.6197851342421838, 0.2972404937432138, 0.4523099101309429, 0.2420422792281013, 0.590200612706276, False
-1.7733654888774701, -0.3070575258287853, 0.3974233176599724, 0.4523099101309429, 0.2420422792281013, 0.590200612706276, False
4.192846942544191, 2.8368905854192867, 1.7395401454541615, 0.4523099101309429, 0.2420422792281013, 0.590200612706276, False
-4.563471617378014, -1.7235656873308782, -2.8794521629329592, 0.4523099101309429, 0.2420422792281013, 0.590200612706276, False
-4.644117961424394, -3.4855962114262415, 0.6845681101458818, 0.4523099101309429, 0.2420422792281013, 0.590200612706276, False
-2.1824738970018673, -2.037856847259029, -1.285417603996604, 0.4523099101309429, 0.2420422792281013, 0.590200612706276, False
-2.52150565923843, -0.5608705940866052, 2.0813500516615084, 0.4523099101309429, 0.2420422792281013, 0.590200612706276, False
-2.7809186482754176, -4.3782991658188095, -2.5637490982621007, 0.4523099101309429, 0.2420422792281013, 0.590200612706276, False
-0.25852797842081543, -0.6328024388169267, -1.7081171792380598, 0.4523099101309429, 0.2420422792281013, 0.590200612706276, False
-2.4897721989463912, -3.8739865338933157, 1.5653332951674885, 0.4523099101309429, 0.2420422792281013, 0.590200612706276, False
3.6817046842906382, -1.1699235656972427, 1.056471697463417, 0.4523099101309429, 0.2420422792281013, 0.590200612706276, False
6.2396950176282076, 4.056678612787072, -2.1455490313839576, 0.4523099101309429, 0.2420422792281013, 0.590200612706276, False
4.157862182769787, -4.169313951193924, 1.0955202563127822, 0.4523099101309429, 0.2420422792281013, 0.590200612706276, False
-3.463572884167775, 2.831703217985666, -2.9454864498428943, 0.4523099101309429, 0.2420422792281013, 0.590200612706276, True
-6.103178110509311, -6.059904541558542, 0.7209011338553393, 0.4523099101309429, 0.2420422792281013, 0.590200612706276, False
-0.6198637146409158, 5.158897423048366, 0.9970808982810428, 0.4523099101309429, 0.2420422792281013, 0.590200612706276, False
2.23837185532863, -4.487330222580281, 1.8563216672128648, 0.4523099101309429, 0.2420422792281013, 0.590200612706276, False
-3.9385964178161497, 1.471262606368545, 1.9622629769230526, 0.4523099101309429, 0.2420422792281013, 0.590200612706276, False
2.6889487303415205, -3.89504113634477, 2.9163561947912973, 0.4523099101309429, 0.2420422792281013, 0.590200612706276, True
5.493454598309748, -0.016048161720322085, -0.18040378018931502, 0.4523099101309429, 0.2420422792281013, 0.590200612706276, False
-2.0157873151101917, 3.73203709983016, 1.8844342214497773, 0.4523099101309429, 0.2420422792281013, 0.590200612706276, False
1.4387123740007368, 0.9901244058881176, 0.1451552621409422, 0.4523099101309429, 0.2420422792281013, 0.590200612706276, False
-5.102239351187047, 1.8097446532248398, -2.0316849992524117, 0.4523099101309429, 0.2420422792281013, 0.590200612706276, False
-5.1177723361122265, 5.566409073479496, 2.108221760685102, 0.4523099101309429, 0.2420422792281013, 0.590200612706276, False
6.064568871526321, 3.034823380807815, 0.464281828979737, 0.4523099101309429, 0.2420422792281013, 0.590200612706276, False
1.2392641058936036, 1.8461011189628636, 0.3803700299119508, 0.4523099101309429, 0.2420422792281013, 0.590200612706276, False
-5.819299252549377, 4.031982466160477, 2.5952961334927283, 0.4523099101309429, 0.2420422792281013, 0.590200612706276, False
-0.44697203189497703, -3.7952047184869926, -2.3307138862865893, 0.4523099101309429, 0.2420422792281013, 0.590200612706276, False
4.493972951112026, 4.0377699069850514, -0.3660940039133216, 0.4523099101309429, 0.2420422792281013, 0.590200612706276, False
4.696904521460402, 2.169367361515441, 2.0177187215210584, 0.4523099101309429, 0.2420422792281013, 0.590200612706276, False
5.48577918616599, 3.6289143601433818, -2.1291429915432594, 0.4523099101309429, 0.2420422792281013, 0.590200612706276, False
-5.2056993204997415, 0.016958576493363964, -0.36046289931642805, 0.4523099101309429, 0.2420422792281013, 0.590200612706276, False
1.2484152005054252, 3.0608190239083317, 2.9282756369506577, 0.4523099101309429, 0.2420422792281013, 0.590200612706276, True
4.185619242359724, -2.663203034938524, -0.37234363537772763, 0.4523099101309429, 0.2420422792281013, 0.590200612706276, False
3.104853414699946, -4.693702251113503, 0.4561748740273712, 0.4523099101309429, 0.2420422792281013, 0.590200612706276, False
2.2001591017656192, -4.293588901764237, -1.28199828529556, 0.4523099101309429, 0.2420422792281013, 0.590200612706276, False
-4.764716169011152, 5.312777311301332, -1.0246046803326965, 0.4523099101309429, 0.2420422792281013, 0.590200612706276, False
-5.097381939071697, 0.2262439542281811, 0.5892920764980403, 0.4523099101309429, 0.2420422792281013, 0.590200612706276, False
4.693078740103301, 0.5218965796527835, -2.7308940212887762, 0.4523099101309429, 0.2420422792281013, 0.590200612706276, False
-2.2142551824230976, 5.086005371178858, -0.31395964496754303, 0.4523099101309429, 0.2420422792281013, 0.590200612706276, False
4.9706949619223995, -2.6316334228011646, 1.4618802438136118, 0.4523099101309429, 0.2420422792281013, 0.590200612706276, False
-0.17693012112964457, -3.8915803604590447, -3.050938088213405, 0.4523099101309429, 0.2420422792281013, 0.590200612706276, True
-1.73442707544078, 1.6673158523815035, 0.6821057777289119, 0.4523099101309429, 0.2420422792281013, 0.590200612706276, False
-6.072427699055308, -5.369872534191783, -1.6920650670933708, 0.4523099101309429, 0.2420422792281013, 0.590200612706276, False
-2.489739159252029, 3.038435691940906, -1.3585535053786066, 0.4523099101309429, 0.2420422792281013, 0.590200612706276, False
-1.6630768188407163, -0.19650564201914555, -3.129652530424111, 0.4523099101309429, 0.2420422792281013, 0.590200612706276, True
-2.1857002857599674, 1.453627176807645, -0.1778759330717028, 0.4523099101309429, 0.2420422792281013, 0.590200612706276, False
-1.9248001453956256, 3.5580850599817815, -0.17968775033856543, 0.4523099101309429, 0.2420422792281013, 0.590200612706276, False
-5.083216847800483, 4.07145003489647, 0.08466312888601335, 0.4523099101309429, 0.2420422792281013, 0.590200612706276, False
4.138710647176463, 6.007272183275708, 2.853627894252919, 0.4523099101309429, 0.2420422792281013, 0.590200612706276, True
-3.088163566765321, -4.517907721904684, 2.7065031224551372, 0.4523099101309429, 0.2420422792281013, 0.590200612706276, False
-3.081213576595411, 0.3689907278861728, 2.190585312038496, 0.4523099101309429, 0.2420422792281013, 0.590200612706276, False
2.3344195035802606, 0.7740065440724235, -0.5654766596658902, 0.4523099101309429, 0.2420422792281013, 0.590200612706276, False
6.007207063700541, -3.995857093594167, -0.32030265461076945, 0.4523099101309429, 0.2420422792281013, 0.590200612706276, False
5.916447882671031, 0.8406988335529961, 2.625406499615054, 0.4523099101309429, 0.2420422792281013, 0.590200612706276, False
3.9245006629316705, 2.5074270988717338, -1.9555345245056537, 0.4523099101309429, 0.2420422792281013, 0.590200612706276, False
4.58111816056252, -1.7247134252855858, -2.0654577484646737, 0.4523099101309429, 0.2420422792281013, 0.590200612706276, False
0.24594819390652756, 0.26154076901426926, 2.5987317378405574, 0.4523099101309429, 0.2420422792281013, 0.590200612706276, False
4.570448675861655, -0.4928631496694731, 2.502595344037494, 0.4523099101309429, 0.2420422792281013, 0.590200612706276, False
-0.2950308585335977, 5.22849545054938, 2.066204653642684, 0.4523099101309429, 0.2420422792281013, 0.590200612706276, False
-3.2738260498067455, 5.485328899301775, 2.50646557735758, 0.4523099101309429, 0.2420422792281013, 0.590200612706276, False
0.7551493115448151, 4.954774587245208, 0.24818067715725967, 0.4523099101309429, 0.2420422792281013, 0.590200612706276, False
-0.712072494692257, -5.763318290970965, -1.9721127800763618, 0.4523099101309429, 0.2420422792281013, 0.590200612706276, False
