3.40855736694542, 6.202018294362338, 0.010578204684324355, 0.42398091042449704, -0.20668415230697534, 0.49375997094213897, False
5.3952947429996705, -4.721186071436131, -2.7935231558339337, 0.42398091042449704, -0.20668415230697534, 0.49375997094213897, False
-5.438262667314705, -0.7576752786761256, 1.5446429292850317, 0.42398091042449704, -0.20668415230697534, 0.49375997094213897, False
4.622692310467309, -5.47336310414506, 2.1194274575053633, 0.42398091042449704, -0.20668415230697534, 0.49375997094213897, False
5.371065634841457, 5.820043110979464, -2.1734444478297363, 0.42398091042449704, -0.20668415230697534, 0.49375997094213897, False
-5.66410321402771, 3.696827664778116, -1.3639602015738124, 0.42398091042449704, -0.20668415230697534, 0.49375997094213897, False
0.33318687592380947, 6.024616539770506, -2.615334851249945, 0.42398091042449704, -0.20668415230697534, 0.49375997094213897, False
3.844204507720015, -6.02182587734715, -1.9148687115390883, 0.42398091042449704, -0.20668415230697534, 0.49375997094213897, False
2.057860662589217, 0.5665276929183101, 2.1982152071299623, 0.42398091042449704, -0.20668415230697534, 0.49375997094213897, False
3.7259791526842942, -1.930963101801468, -2.5401316689436797, 0.42398091042449704, -0.20668415230697534, 0.49375997094213897, False
4.026579662772571, 1.7262885901857565, 2.744045860200682, 0.42398091042449704, -0.20668415230697534, 0.49375997094213897, False
0.4684466644576384, -4.685074418246016, -1.193894074841114, 0.42398091042449704, -0.20668415230697534, 0.49375997094213897, False
-4.750883652359102, -3.7621803361197586, -0.2745893229778522, 0.42398091042449704, -0.20668415230697534, 0.49375997094213897, False
-5.908285519190666, 5.298627773651161, -1.089790617816083, 0.42398091042449704, -0.20668415230697534, 0.49375997094213897, False
-0.7063245127584672, -4.2811981022569245, -0.18983769635381842, 0.42398091042449704, -0.20668415230697534, 0.49375997094213897, False
-2.5804896457798367, -1.0667547048296635, -1.0398885455597693, 0.42398091042449704, -0.20668415230697534, 0.49375997094213897, False
-2.3611088185591567, -3.7891001260936883, -1.2551347078975497, 0.42398091042449704, -0.20668415230697534, 0.49375997094213897, False
1.0817818216197521, 4.582399905709707, -2.2526214634940445, 0.42398091042449704, -0.20668415230697534, 0.49375997094213897, False
4.547279326056678, -2.0175463023789435, -0.8004872615858125, 0.42398091042449704, -0.20668415230697534, 0.49375997094213897, False
-4.355978385064424, 0.6210025571718916, 1.6807568737750165, 0.42398091042449704, -0.20668415230697534, 0.49375997094213897, False
-4.559127501824401, 4.387730072616213, -2.792353129095814, 0.42398091042449704, -0.20668415230697534, 0.49375997094213897, False
-5.799563093139947, -0.658358077372168, 0.04643708270089286, 0.42398091042449704, -0.20668415230697534, 0.49375997094213897, False
-3.3402984118385315, -2.819005955926831, -0.38526238786332767, 0.42398091042449704, -0.20668415230697534, 0.49375997094213897, False
2.720740374600746, -5.645629249377096, 2.8940988240224215, 0.42398091042449704, -0.20668415230697534, 0.49375997094213897, True
3.1032402927290956, 4.821139757018061, 0.46490932226806203, 0.42398091042449704, -0.20668415230697534, 0.49375997094213897, False
1.3874233202264037, -3.344209416440652, -2.7706645368015854, 0.42398091042449704, -0.20668415230697534, 0.49375997094213897, False
-0.3765217329057604, -2.475258876550224, 1.5717603266375324, 0.42398091042449704, -0.20668415230697534, 0.49375997094213897, False
2.8899544002270883, -2.2957755364243497, 2.936351439206404, 0.42398091042449704, -0.20668415230697534, 0.49375997094213897, True
-1.8758465778197237, 3.097762109986636, -2.050909932446716, 0.42398091042449704, -0.20668415230697534, 0.49375997094213897, False
4.201408854614693, 2.2652523974322794, -2.6652520374373583, 0.42398091042449704, -0.20668415230697534, 0.49375997094213897, False
2.7377459024856403, -5.446486699709659, 0.09725631065876295, 0.42398091042449704, -0.20668415230697534, 0.49375997094213897, False
-5.237818486208007, -2.1694726636364834, -1.7227584965829472, 0.42398091042449704, -0.20668415230697534, 0.49375997094213897, False
4.464085476445581, 2.043786440515367, 0.4887603197010173, 0.42398091042449704, -0.20668415230697534, 0.49375997094213897, False
-2.9353335086233234, 3.1463278320092716, 0.8404727010228501, 0.42398091042449704, -0.20668415230697534, 0.49375997094213897, False
5.439469808033435, -4.5978245468782415, 0.930043810652915, 0.42398091042449704, -0.20668415230697534, 0.49375997094213897, False
-1.4156268835817807, 1.972319304222573, -2.167682436513411, 0.42398091042449704, -0.20668415230697534, 0.49375997094213897, False
-0.15378965568284286, -4.597735328682196, -1.212736931295373, 0.42398091042449704, -0.20668415230697534, 0.49375997094213897, False
2.2995547373729934, -0.04224363170332879, -0.26228328419678704, 0.42398091042449704, -0.20668415230697534, 0.49375997094213897, False
-3.9747751399267592, -1.8632390238810563, 0.1405483052247294, 0.42398091042449704, -0.20668415230697534, 0.49375997094213897, False
0.6153807780740745, 0.16924213248538678, -2.78477931900018, 0.42398091042449704, -0.20668415230697534, 0.49375997094213897, False
-6.154181165443032, 1.1135232354447497, 0.2905628001216565, 0.42398091042449704, -0.20668415230697534, 0.49375997094213897, False
-2.9536429581718737, -5.034829764680523, -1.636489322893721, 0.42398091042449704, -0.20668415230697534, 0.49375997094213897, False
-4.50440787536678, -2.129159530578706, -0.303988761938756, 0.42398091042449704, -0.20668415230697534, 0.49375997094213897, False
-3.6886185483818954, -2.2778048975809497, 0.279972528000044, 0.42398091042449704, -0.20668415230697534, 0.49375997094213897, True
3.460829847916269, -3.434523864471847, -2.6564988013872917, 0.42398091042449704, -0.20668415230697534, 0.49375997094213897, False
1.4057942456501564, 4.943455875891665, 2.6356069117050067, 0.42398091042449704, -0.20668415230697534, 0.49375997094213897, False
3.009363287162115, -5.499262923307716, 0.5246434516700447, 0.42398091042449704, -0.20668415230697534, 0.49375997094213897, False
-1.7796705281222236, 0.13872586213156435, 1.8739644628142704, 0.42398091042449704, -0.20668415230697534, 0.49375997094213897, False
3.5139106620750162, 4.025545582639664, 1.552546475090014, 0.42398091042449704, -0.20668415230697534, 0.49375997094213897, False
-1.4204355136077256, 0.525608655065021, -0.5146075585015382, 0.42398091042449704, -0.20668415230697534, 0.49375997094213897, False
6.103269770848804, -5.439349351556934, -1.9120837926470433, 0.42398091042449704, -0.20668415230697534, 0.49375997094213897, False
5.522788435906497, -3.020036214789089, -1.2911356153667382, 0.42398091042449704, -0.20668415230697534, 0.49375997094213897, False
2.834828823730996, -0.9253999435981433, 2.4840231535651967, 0.42398091042449704, -0.20668415230697534, 0.49375997094213897, False
-4.638066966976164, -0.14007964157558828, 0.5639941773820865, 0.42398091042449704, -0.20668415230697534, 0.49375997094213897, False
-0.3712653165671309, -0.01615850329240409, -2.5470436705020707, 0.42398091042449704, -0.20668415230697534, 0.49375997094213897, False
2.396693036540391, 2.933538000005358, -0.5732379532030532, 0.42398091042449704, -0.20668415230697534, 0.49375997094213897, False
-4.142259211857493, 3.2577982606556564, 0.5843534552921317, 0.42398091042449704, -0.20668415230697534, 0.49375997094213897, False
4.735145489454419, -1.0269831307521828, -0.7252814924033961, 0.42398091042449704, -0.20668415230697534, 0.49375997094213897, False
-6.072910419545789, 3.72908774982419, -2.7056875709891477, 0.42398091042449704, -0.20668415230697534, 0.49375997094213897, False
-3.331097425211102, 5.486858291632782, 0.8529090883826105, 0.42398091042449704, -0.20668415230697534, 0.49375997094213897, False
4.763932898414527, 1.2356123134314245, -2.5772645524075477, 0.42398091042449704, -0.20668415230697534, 0.49375997094213897, False
-3.3240484789769713, 6.149752968784833, -2.4292041403413767, 0.42398091042449704, -0.20668415230697534, 0.49375997094213897, False
5.509830162390008, 4.76487221219832, 0.7133060905422259, 0.42398091042449704, -0.20668415230697534, 0.49375997094213897, False
5.532788222836645, 1.0053302204400785, 2.3541662245039303, 0.42398091042449704, -0.20668415230697534, 0.49375997094213897, False
4.814342176610957, 4.9006932742052385, -1.3615495910017332, 0.42398091042449704, -0.20668415230697534, 0.49375997094213897, False
-5.027694517796384, 4.294724505862023, 2.7933015511332613, 0.42398091042449704, -0.20668415230697534, 0.49375997094213897, False
-4.41377659515513, -0.32562905859768954, -1.0577394224732148, 0.42398091042449704, -0.20668415230697534, 0.49375997094213897, False
-5.038846370597815, 0.7415576132666271, 0.34287513707727335, 0.42398091042449704, -0.20668415230697534, 0.49375997094213897, False
-5.580771308514267, -4.94223989954778, 2.1493068580531824, 0.42398091042449704, -0.20668415230697534, 0.49375997094213897, False
0.5792046784267004, -2.073487097229685, -3.065240219161115, 0.42398091042449704, -0.20668415230697534, 0.49375997094213897, True
-1.4159312289078292, 1.1698272041477864, -1.5420757931476112, 0.42398091042449704, -0.20668415230697534, 0.49375997094213897, False
0.9036919503336911, -5.024526740276005, 2.1413728910301932, 0.42398091042449704, -0.20668415230697534, 0.49375997094213897, False
0.6595983003279127, 5.924250086550437, -3.108323621393464, 0.42398091042449704, -0.20668415230697534, 0.49375997094213897, True
-6.194527736065818, -2.894910506268444, -2.0655190622629744, 0.42398091042449704, -0.20668415230697534, 0.49375997094213897, False
-5.104967526689508, 0.8732735902137874, 1.835096753646539, 0.42398091042449704, -0.20668415230697534, 0.49375997094213897, False
-4.518509000454134, -5.887888923109322, 2.674699863135534, 0.42398091042449704, -0.20668415230697534, 0.49375997094213897, False
-0.7646930263993976, 2.265409578321055, 0.07751354518620612, 0.42398091042449704, -0.20668415230697534, 0.49375997094213897, False
-0.7537449629965627, 2.208406943427244, -0.5704448834923754, 0.42398091042449704, -0.20668415230697534, 0.49375997094213897, False
-4.913848996320696, 0.5949126032474741, -2.5500972164451414, 0.42398091042449704, -0.20668415230697534, 0.49375997094213897, False
3.233939467297793, -5.737514851207223, -0.7422377486578049, 0.42398091042449704, -0.20668415230697534, 0.49375997094213897, False
2.4540293425695925, 0.6535677167444787, -0.330087573228254, 0.42398091042449704, -0.20668415230697534, 0.49375997094213897, False
4.8903459217634495, -4.9865364686629965, -2.6491321007567095, 0.42398091042449704, -0.20668415230697534, 0.49375997094213897, False
0.8118158318413355, -4.323092311507158, -1.4409826451681362, 0.42398091042449704, -0.20668415230697534, 0.49375997094213897, False
1.5777883724741244, 3.390280791477725, 2.423818669148206, 0.42398091042449704, -0.20668415230697534, 0.49375997094213897, False
-3.6453625161856618, -0.20226697853081088, -1.9166301864628066, 0.42398091042449704, -0.20668415230697534, 0.49375997094213897, False
3.0564691902101817, 3.5331898368073613, 1.3080684934084994, 0.42398091042449704, -0.20668415230697534, 0.49375997094213897, False
6.184181927833439, 5.330472690344038, -1.3355473413751355, 0.42398091042449704, -0.20668415230697534, 0.49375997094213897, False
-3.8159928250839497, 0.09034471570583413, -3.008635856557481, 0.42398091042449704, -0.20668415230697534, 0.49375997094213897, True
4.390318219625909, 2.167647196323479, 2.625218553672066, 0.42398091042449704, -0.20668415230697534, 0.49375997094213897, False
-1.9690157311941148, 2.87947046408774, -2.7569756932277816, 0.42398091042449704, -0.20668415230697534, 0.49375997094213897, False
-0.9955258735766579, -2.3516539798992557, 0.05330074853703959, 0.42398091042449704, -0.20668415230697534, 0.49375997094213897, False
4.964462147584388, 3.917258767816099, -2.5570871445439995, 0.42398091042449704, -0.20668415230697534, 0.49375997094213897, False
4.296053301824232, -1.0168243902600471, -1.2624588688236837, 0.42398091042449704, -0.20668415230697534, 0.49375997094213897, False
-5.174420069066745, 4.582805700128985, -2.0955775355599, 0.42398091042449704, -0.20668415230697534, 0.49375997094213897, False
4.343639235856719, 6.067844791917887, -2.8004077654089827, 0.42398091042449704, -0.20668415230697534, 0.49375997094213897, False
0.35234894577240006, -3.944607698188518, -1.495486205185764, 0.42398091042449704, -0.20668415230697534, 0.49375997094213897, False
6.2290763293206695, 2.78598513814282, 1.8193783885861485, 0.42398091042449704, -0.20668415230697534, 0.49375997094213897, False
-6.25381053730338, 2.945121949030577, -2.0115272782630873, 0.42398091042449704, -0.20668415230697534, 0.49375997094213897, False
-1.7372923985817623, -3.1193254244549666, 3.0868418282196153, 0.42398091042449704, -0.20668415230697534, 0.49375997094213897, True
5.241040069055838, 2.927413798980421, -2.5006537088828944, 0.42398091042449704, -0.20668415230697534, 0.49375997094213897, False
