-2.3701238732647454, 5.278507798752596, 2.372771993436806, 0.31187071807622446, -0.3394459833744278, -0.6730337748162698, False
-0.975606116621277, 2.2140226108138243, 2.882380889110344, 0.31187071807622446, -0.3394459833744278, -0.6730337748162698, False
-6.090380745254829, 5.783789786333989, -0.9703053319058936, 0.31187071807622446, -0.3394459833744278, -0.6730337748162698, False
-0.6313827868251769, 5.251831910145798, -0.3632846753440222, 0.31187071807622446, -0.3394459833744278, -0.6730337748162698, False
1.6155097658227442, -0.15784312639552134, -2.7837649885090285, 0.31187071807622446, -0.3394459833744278, -0.6730337748162698, False
4.639600480249575, -5.01663338562577, -2.3196194889638604, 0.31187071807622446, -0.3394459833744278, -0.6730337748162698, False
1.7605371784321342, 3.7982474444950114, 2.2361268420750884, 0.31187071807622446, -0.3394459833744278, -0.6730337748162698, False
-3.431851299406056, 1.5090884028772242, -1.3527144168928669, 0.31187071807622446, -0.3394459833744278, -0.6730337748162698, False
-4.253723719815874, -4.4618582166027085, -1.781057637833322, 0.31187071807622446, -0.3394459833744278, -0.6730337748162698, False
-2.7010391985507987, 4.204078117138463, -0.7346314594988037, 0.31187071807622446, -0.3394459833744278, -0.6730337748162698, False
-4.262933726762705, 2.0114786324165372, 1.709257418034979, 0.31187071807622446, -0.3394459833744278, -0.6730337748162698, False
4.054269086503545, -1.5313809407373054, -1.7561571187693747, 0.31187071807622446, -0.3394459833744278, -0.6730337748162698, False
-2.8390848045288273, 3.589336789005202, -0.6835584541804791, 0.31187071807622446, -0.3394459833744278, -0.6730337748162698, False
-1.7395370615870185, -0.3780684617585459, 1.5527909584855886, 0.31187071807622446, -0.3394459833744278, -0.6730337748162698, False
-4.743113160225905, 2.6692898077488234, -1.0993621845473047, 0.31187071807622446, -0.3394459833744278, -0.6730337748162698, False
5.594554386219082, 3.2901989718690956, -1.6308739331165418, 0.31187071807622446, -0.3394459833744278, -0.6730337748162698, False
5.466046247281479, 1.2908871257028158, -0.6224284222074457, 0.31187071807622446, -0.3394459833744278, -0.6730337748162698, True
0.5276098823032571, -5.050480295521999, 0.6897947466161645, 0.31187071807622446, -0.3394459833744278, -0.6730337748162698, False
-3.2614631639452054, 0.7369218992638427, 2.2932145769981034, 0.31187071807622446, -0.3394459833744278, -0.6730337748162698, False
2.003528825514387, 0.3198352338794921, 0.4082741116712203, 0.31187071807622446, -0.3394459833744278, -0.6730337748162698, False
1.866990750600383, -0.8457739127447805, -2.7584239514709705, 0.31187071807622446, -0.3394459833744278, -0.6730337748162698, False
6.124174849296171, -0.7608175470525644, -1.1775227473698504, 0.31187071807622446, -0.3394459833744278, -0.6730337748162698, False
3.269058697069534, 3.6974100861664247, -1.8576073053996027, 0.31187071807622446, -0.3394459833744278, -0.6730337748162698, False
-5.559555885165297, 0.18223530564268664, -2.9914851308182255, 0.31187071807622446, -0.3394459833744278, -0.6730337748162698, True
-5.115262265570254, -1.8436258113563122, -2.034535614291464, 0.31187071807622446, -0.3394459833744278, -0.6730337748162698, False
5.383102281815784, -4.5068275532361195, 2.3785464254635666, 0.31187071807622446, -0.3394459833744278, -0.6730337748162698, False
-3.1185694651622367, -1.0297624245478287, 0.21041563443372846, 0.31187071807622446, -0.3394459833744278, -0.6730337748162698, False
0.8959893323707968, -0.24541504439823303, 0.4065279759667142, 0.31187071807622446, -0.3394459833744278, -0.6730337748162698, False
2.6021782399483957, 0.6078981239849384, 2.2522363119573052, 0.31187071807622446, -0.3394459833744278, -0.6730337748162698, False
-2.5753778472160875, -4.026561487831273, 2.393147413424794, 0.31187071807622446, -0.3394459833744278, -0.6730337748162698, False
3.5132678080899673, 3.252976231942327, 2.0221441699933047, 0.31187071807622446, -0.3394459833744278, -0.6730337748162698, False
5.617570043190554, -1.3908630137184161, 0.6041914793204328, 0.31187071807622446, -0.3394459833744278, -0.6730337748162698, False
-1.3133892878605566, 5.141164484106449, 1.8386319999350702, 0.31187071807622446, -0.3394459833744278, -0.6730337748162698, False
2.726481833257832, 2.5777732758894665, -1.2000058419057889, 0.31187071807622446, -0.3394459833744278, -0.6730337748162698, False
0.13619247988179772, 0.12860564181083411, -2.499333168825536, 0.31187071807622446, -0.3394459833744278, -0.6730337748162698, False
1.1755802747969772, -0.5092188921217353, 2.0138212807189655, 0.31187071807622446, -0.3394459833744278, -0.6730337748162698, False
-2.6505519752982942, 4.010378495018292, -0.18260560858335317, 0.31187071807622446, -0.3394459833744278, -0.6730337748162698, False
-5.280446763904239, 1.984587478523018, -1.8436547879373792, 0.31187071807622446, -0.3394459833744278, -0.6730337748162698, False
-5.46799877969044, 1.8491624436144267, -1.8058839841325338, 0.31187071807622446, -0.3394459833744278, -0.6730337748162698, False
-1.0114008006844433, 4.134260366799667, -1.2933017231600312, 0.31187071807622446, -0.3394459833744278, -0.6730337748162698, False
2.9743739136344303, -5.413166123073133, -1.5012208804949365, 0.31187071807622446, -0.3394459833744278, -0.6730337748162698, False
3.130121590819975, 3.7937965341483313, -1.1367577053581024, 0.31187071807622446, -0.3394459833744278, -0.6730337748162698, False
3.0649980890937805, -6.218264962093553, 2.2931448781720407, 0.31187071807622446, -0.3394459833744278, -0.6730337748162698, False
-5.714103040732877, 2.5900227929279147, -2.4952739396179986, 0.31187071807622446, -0.3394459833744278, -0.6730337748162698, False
5.3370297412999825, 0.06084184779264934, -0.11616866164926254, 0.31187071807622446, -0.3394459833744278, -0.6730337748162698, False
-0.9019273956953473, -5.159126764659008, 1.4223866742802027, 0.31187071807622446, -0.3394459833744278, -0.6730337748162698, False
0.9438308766244932, 1.5801799745497869, -2.3977789508385223, 0.31187071807622446, -0.3394459833744278, -0.6730337748162698, False
-2.5844995833653557, 4.088620958921581, 0.44104401089009615, 0.31187071807622446, -0.3394459833744278, -0.6730337748162698, False
5.744656666195443, -1.3035178996703811, 2.512185412168207, 0.31187071807622446, -0.3394459833744278, -0.6730337748162698, False
-4.139276426742851, 3.0297322258254002, -2.333105553032186, 0.31187071807622446, -0.3394459833744278, -0.6730337748162698, False
-3.599863288277983, -1.3118517286959834, -0.902745722145843, 0.31187071807622446, -0.3394459833744278, -0.6730337748162698, False
-3.9932043174143197, -0.15036004225298516, 1.1046605682364161, 0.31187071807622446, -0.3394459833744278, -0.6730337748162698, False
-2.256128447869372, -3.9964390101625047, -1.0759365621301624, 0.31187071807622446, -0.3394459833744278, -0.6730337748162698, False
-5.717905736153578, -0.7684844281465448, -0.7644342346794435, 0.31187071807622446, -0.3394459833744278, -0.6730337748162698, False
4.66514143359694, 4.447292051018424, -0.8176448911935421, 0.31187071807622446, -0.3394459833744278, -0.6730337748162698, False
4.200209514853833, -0.4305131392642725, 0.7820019352100878, 0.31187071807622446, -0.3394459833744278, -0.6730337748162698, False
1.596258956740284, 2.8575162319434373, -1.8175460043049856, 0.31187071807622446, -0.3394459833744278, -0.6730337748162698, False
3.3483044237860025, -0.3559992262426164, -1.3653836486202355, 0.31187071807622446, -0.3394459833744278, -0.6730337748162698, False
2.560744320929878, 3.3519337584151927, 1.3956051529657465, 0.31187071807622446, -0.3394459833744278, -0.6730337748162698, False
-0.5885249145236369, 3.043754107050896, -2.632333745037279, 0.31187071807622446, -0.3394459833744278, -0.6730337748162698, False
-0.29545176241358906, 4.881486319077693, -0.16152959333671735, 0.31187071807622446, -0.3394459833744278, -0.6730337748162698, False
0.31013623694434855, 3.000917084375345, -2.071045218642662, 0.31187071807622446, -0.3394459833744278, -0.6730337748162698, False
-2.915322011108299, -3.593131921478853, -0.18200308402990606, 0.31187071807622446, -0.3394459833744278, -0.6730337748162698, False
3.7769919358230553, 1.0829145173165626, 2.2359315568578975, 0.31187071807622446, -0.3394459833744278, -0.6730337748162698, False
-0.3037430443913758, 0.25383978748396885, -0.47046147085439705, 0.31187071807622446, -0.3394459833744278, -0.6730337748162698, False
-0.9248509927532576, -4.769736561030788, -1.6112630998852084, 0.31187071807622446, -0.3394459833744278, -0.6730337748162698, False
0.39663630198788447, 2.746765412299874, -1.7592092665840608, 0.31187071807622446, -0.3394459833744278, -0.6730337748162698, False
-5.443089075198684, -4.341560866054934, -1.3531014528370016, 0.31187071807622446, -0.3394459833744278, -0.6730337748162698, False
-2.9093058713884603, 4.150370472686893, 0.8215739364877832, 0.31187071807622446, -0.3394459833744278, -0.6730337748162698, False
2.490309147976255, 4.657516638306509, -2.774445307493008, 0.31187071807622446, -0.3394459833744278, -0.6730337748162698, False
5.988174742891486, 1.4453895187076853, 2.8940718545779944, 0.31187071807622446, -0.3394459833744278, -0.6730337748162698, True
-5.391384575027373, 0.7664661439647098, 2.7566702369914093, 0.31187071807622446, -0.3394459833744278, -0.6730337748162698, False
-5.566777431802573, -1.4226018510394454, -2.6917171016823196, 0.31187071807622446, -0.3394459833744278, -0.6730337748162698, False
-2.2722104517153756, -5.171306000693985, 2.3852447295675914, 0.31187071807622446, -0.3394459833744278, -0.6730337748162698, False
5.909466747960977, 2.6472984494386473, -1.4512468368193312, 0.31187071807622446, -0.3394459833744278, -0.6730337748162698, False
3.7763361825985804, 2.839516617982161, 1.2454011087255834, 0.31187071807622446, -0.3394459833744278, -0.6730337748162698, False
5.376284284019897, 3.8351414574993967, 2.9174131725434966, 0.31187071807622446, -0.3394459833744278, -0.6730337748162698, True
4.867192324785684, 0.9892245105045134, 1.381075612216641, 0.31187071807622446, -0.3394459833744278, -0.6730337748162698, False
5.187591339435125, 6.221300120575076, -1.4397866944441273, 0.31187071807622446, -0.3394459833744278, -0.6730337748162698, False
0.40929287185426855, 3.7938302665341723, -0.6837762714440716, 0.31187071807622446, -0.3394459833744278, -0.6730337748162698, False
4.823498809290822, 2.0672730067921403, -0.8571563689837016, 0.31187071807622446, -0.3394459833744278, -0.6730337748162698, False
-5.489934847192687, -5.194493536486251, 1.6123493438385506, 0.31187071807622446, -0.3394459833744278, -0.6730337748162698, False
1.8060680336993133, 3.347092228510016, 2.45267375163632, 0.31187071807622446, -0.3394459833744278, -0.6730337748162698, False
-4.239825706181644, -0.02169337216387479, -0.7011043642988812, 0.31187071807622446, -0.3394459833744278, -0.6730337748162698, False
5.132276844600561, 0.15161185978547298, -1.8373957691836549, 0.31187071807622446, -0.3394459833744278, -0.6730337748162698, False
1.2802170828017392, -1.271770968028199, 1.661785990766968, 0.31187071807622446, -0.3394459833744278, -0.6730337748162698, False
5.66504151838431, 1.4057136224305955, 2.9230608751804867, 0.31187071807622446, -0.3394459833744278, -0.6730337748162698, True
2.556102209148646, -2.7458138390035494, -1.420513637222635, 0.31187071807622446, -0.3394459833744278, -0.6730337748162698, False
-1.7642604716929275, 2.751102905191372, 0.7624527766201501, 0.31187071807622446, -0.3394459833744278, -0.6730337748162698, False
0.820873282048745, -1.2929221470062968, -1.4299340765581239, 0.31187071807622446, -0.3394459833744278, -0.6730337748162698, False
2.303271693414205, 2.6006048181036494, 2.4617031474083646, 0.31187071807622446, -0.3394459833744278, -0.6730337748162698, False
-3.534716620461841, 5.997593678606139, 1.4417327321045654, 0.31187071807622446, -0.3394459833744278, -0.6730337748162698, False
5.913771996992148, 1.8316125164084607, 0.48950759456093795, 0.31187071807622446, -0.3394459833744278, -0.6730337748162698, False
-4.604371147701853, -2.1819544936234445, -0.6755792492772326, 0.31187071807622446, -0.3394459833744278, -0.6730337748162698, False
3.2676706766129, 1.409720404752175, 2.560487474678328, 0.31187071807622446, -0.3394459833744278, -0.6730337748162698, False
2.4540392594332676, -6.068941041897997, -2.1394244891324368, 0.31187071807622446, -0.3394459833744278, -0.6730337748162698, False
5.699528734394095, -4.104202515526169, 0.7116742576679074, 0.31187071807622446, -0.3394459833744278, -0.6730337748162698, False
1.1110955794173547, 5.575750907223952, -2.1666811962000114, 0.31187071807622446, -0.3394459833744278, -0.6730337748162698, False
-1.6788511899959033, 1.4850525197146993, -2.355952662047245, 0.31187071807622446, -0.3394459833744278, -0.6730337748162698, False
-1.2161978032741452, -2.6590744802004194, 0.05067384194081148, 0.31187071807622446, -0.3394459833744278, -0.6730337748162698, False
