-4.08551967169935, 6.154082297678126, 0.44600442196396894, -0.26834537289964633, -0.2854613028237971, -0.19285575004475985, False
-0.721471483785078, -4.611065120058559, -0.40134156066470084, -0.26834537289964633, -0.2854613028237971, -0.19285575004475985, False
-3.547242917572794, 4.271169185414061, 1.7782468737908461, -0.26834537289964633, -0.2854613028237971, -0.19285575004475985, False
-2.890190952815615, -3.860692529063094, 1.4227412859577209, -0.26834537289964633, -0.2854613028237971, -0.19285575004475985, False
3.370866858740344, 1.0246403554956833, 2.0994424950223083, -0.26834537289964633, -0.2854613028237971, -0.19285575004475985, True
-4.562661105004179, 4.67217664215894, 0.08805657680501477, -0.26834537289964633, -0.2854613028237971, -0.19285575004475985, False
-4.413421232668867, 3.04534407452657, -2.304652002445029, -0.26834537289964633, -0.2854613028237971, -0.19285575004475985, False
-1.7708230707822654, 3.0259239103364006, 0.1811517730101162, -0.26834537289964633, -0.2854613028237971, -0.19285575004475985, False
-0.20446372503062005, 2.4659805808977264, 2.0881665493748764, -0.26834537289964633, -0.2854613028237971, -0.19285575004475985, False
-1.8238059314351478, 0.05164251364074346, 2.3765963688409295, -0.26834537289964633, -0.2854613028237971, -0.19285575004475985, False
3.6522001046596024, 3.8403714029185014, -1.4432939789441472, -0.26834537289964633, -0.2854613028237971, -0.19285575004475985, False
-3.891001546174459, -4.766629260469742, -2.5092677296093897, -0.26834537289964633, -0.2854613028237971, -0.19285575004475985, False
1.4968867697347816, 5.10099002599067, 1.2872698546306935, -0.26834537289964633, -0.2854613028237971, -0.19285575004475985, False
-6.2684979256297595, -2.069531599399183, -2.1175652918646017, -0.26834537289964633, -0.2854613028237971, -0.19285575004475985, False
4.610392450297001, 4.623208079861255, 2.825235337720078, -0.26834537289964633, -0.2854613028237971, -0.19285575004475985, False
-5.747730569010319, 1.279401477511656, -2.857928286337453, -0.26834537289964633, -0.2854613028237971, -0.19285575004475985, False
1.5259147499865948, -2.3888232361787063, -2.4939442336827544, -0.26834537289964633, -0.2854613028237971, -0.19285575004475985, False
4.404302699474167, 5.402466065758949, -0.40103269686295606, -0.26834537289964633, -0.2854613028237971, -0.19285575004475985, False
4.881057041893227, 5.886671092763425, 3.0663440397620576, -0.26834537289964633, -0.2854613028237971, -0.19285575004475985, True
5.471206226460412, -3.5463037037329106, 0.2411952873612253, -0.26834537289964633, -0.2854613028237971, -0.19285575004475985, False
5.006096255087799, 1.1383598559161356, 2.943012135362781, -0.26834537289964633, -0.2854613028237971, -0.19285575004475985, True
-2.7859296297019505, 5.1148697524963005, -0.7333325954946237, -0.26834537289964633, -0.2854613028237971, -0.19285575004475985, False
-0.5152815036454585, 4.6843373105315145, -0.0745547600583869, -0.26834537289964633, -0.2854613028237971, -0.19285575004475985, False
0.6299699904774947, 0.35898751378751914, -3.09729492922683, -0.26834537289964633, -0.2854613028237971, -0.19285575004475985, True
3.8369983740482336, 0.10666062387805031, -2.6544951373533796, -0.26834537289964633, -0.2854613028237971, -0.19285575004475985, False
-5.6054407906594985, -0.15623368326848475, 2.4019109301281496, -0.26834537289964633, -0.2854613028237971, -0.19285575004475985, False
3.1962934388626465, 1.4980304152652506, -3.039681464955379, -0.26834537289964633, -0.2854613028237971, -0.19285575004475985, True
-3.442198954113797, 3.188950302578, -2.3551375434864026, -0.26834537289964633, -0.2854613028237971, -0.19285575004475985, False
-5.690935057938862, 0.41456356464750943, 1.606960357465022, -0.26834537289964633, -0.2854613028237971, -0.19285575004475985, False
5.764726503926383, -5.04485836823928, -0.9584061772254207, -0.26834537289964633, -0.2854613028237971, -0.19285575004475985, False
-3.8452719565805964, -5.654972048698413, -1.201245373882433, -0.26834537289964633, -0.2854613028237971, -0.19285575004475985, False
-2.249087682746066, -1.943355827743174, -1.917167487257352, -0.26834537289964633, -0.2854613028237971, -0.19285575004475985, False
-5.812902443046901, -0.5548383594668644, 2.86464197282626, -0.26834537289964633, -0.2854613028237971, -0.19285575004475985, True
-0.7016144670126758, 5.611611178234011, -2.3251999400202856, -0.26834537289964633, -0.2854613028237971, -0.19285575004475985, False
3.762726669336887, -5.140628072551774, -0.04189985163090171, -0.26834537289964633, -0.2854613028237971, -0.19285575004475985, True
3.9301462982101256, 4.284814028412523, 2.9433835841402, -0.26834537289964633, -0.2854613028237971, -0.19285575004475985, True
-4.149923655355354, -6.117851819741604, 1.1856064361588246, -0.26834537289964633, -0.2854613028237971, -0.19285575004475985, False
-4.356377980424231, 6.178208639713326, 0.8800016312926022, -0.26834537289964633, -0.2854613028237971, -0.19285575004475985, False
3.95828325658106, -1.171400664003441, -0.21365519213588513, -0.26834537289964633, -0.2854613028237971, -0.19285575004475985, False
-2.7297007306712535, -2.6026280350403677, -0.24007326826033948, -0.26834537289964633, -0.2854613028237971, -0.19285575004475985, False
1.2340873040809024, 1.2751911343517692, 0.84807255548102, -0.26834537289964633, -0.2854613028237971, -0.19285575004475985, False
-5.001101411180546, 5.3694594909732665, -1.3758526255078272, -0.26834537289964633, -0.2854613028237971, -0.19285575004475985, False
4.11208028801072, 1.1341955035844533, 2.2488991528545723, -0.26834537289964633, -0.2854613028237971, -0.19285575004475985, False
0.28632671447141345, -2.9377271554529703, 1.4008924974843113, -0.26834537289964633, -0.2854613028237971, -0.19285575004475985, False
2.1838802126673222, 0.19240680275984712, -1.2355160470412776, -0.26834537289964633, -0.2854613028237971, -0.19285575004475985, False
5.341093420058408, 5.880279856631017, -2.091295194738463, -0.26834537289964633, -0.2854613028237971, -0.19285575004475985, False
-2.974595349058979, 4.892881009038767, -1.7288233045477033, -0.26834537289964633, -0.2854613028237971, -0.19285575004475985, False
1.5361729408801335, -5.291456891054407, 0.5276971375973964, -0.26834537289964633, -0.2854613028237971, -0.19285575004475985, False
4.2920491064824855, 4.976345472421995, 1.371239126725074, -0.26834537289964633, -0.2854613028237971, -0.19285575004475985, False
-0.3185054667735656, -3.4759938428597716, -2.1205997164985337, -0.26834537289964633, -0.2854613028237971, -0.19285575004475985, False
-3.5470216778822197, -5.8294723481653286, -0.5520626131349173, -0.26834537289964633, -0.2854613028237971, -0.19285575004475985, False
-1.4329671791464023, -0.6920602499497317, 2.4836980897871284, -0.26834537289964633, -0.2854613028237971, -0.19285575004475985, False
4.99668110239938, -2.986360673297569, 0.6282055967782139, -0.26834537289964633, -0.2854613028237971, -0.19285575004475985, False
-2.468458990529576, -2.37858784720731, 1.9822668715061864, -0.26834537289964633, -0.2854613028237971, -0.19285575004475985, False
4.046919747737361, -4.60190857513693, 0.01214321781311778, -0.26834537289964633, -0.2854613028237971, -0.19285575004475985, False
0.545854082707101, 3.309038949077335, -1.6063371653848926, -0.26834537289964633, -0.2854613028237971, -0.19285575004475985, True
5.482371528588661, 4.31131080987044, 2.7562379117258775, -0.26834537289964633, -0.2854613028237971, -0.19285575004475985, False
2.2637365436593093, 2.020889107989726, -1.399001971828312, -0.26834537289964633, -0.2854613028237971, -0.19285575004475985, False
4.205498642373712, -3.218068054603678, -2.4288045143565578, -0.26834537289964633, -0.2854613028237971, -0.19285575004475985, False
4.494385880881568, 2.355879485547188, 2.450869631793223, -0.26834537289964633, -0.2854613028237971, -0.19285575004475985, False
-3.72881767863125, -6.090817205775379, 1.552682433294116, -0.26834537289964633, -0.2854613028237971, -0.19285575004475985, False
-1.7918837703433566, 6.209685823807343, -2.2827334225657694, -0.26834537289964633, -0.2854613028237971, -0.19285575004475985, False
-2.1542921173721243, -0.43130346409701037, -2.128662571482029, -0.26834537289964633, -0.2854613028237971, -0.19285575004475985, False
2.8510729183694377, -3.1182990257616274, -2.5683510052778566, -0.26834537289964633, -0.2854613028237971, -0.19285575004475985, False
5.393445138232135, 2.301948764230694, 0.3375412301564844, -0.26834537289964633, -0.2854613028237971, -0.19285575004475985, False
6.165883334688296, -4.124015974104447, 1.0345034272490636, -0.26834537289964633, -0.2854613028237971, -0.19285575004475985, False
-5.78182433565082, 4.278366329448847, 1.5857568925148051, -0.26834537289964633, -0.2854613028237971, -0.19285575004475985, False
-4.0145615249249245, -4.510855770114277, -2.221227141135887, -0.26834537289964633, -0.2854613028237971, -0.19285575004475985, False
-5.584585638983498, -3.2029235977223123, -1.0931241615366614, -0.26834537289964633, -0.2854613028237971, -0.19285575004475985, True
-0.6920236302516347, -2.3142802191517085, 0.6623519745504867, -0.26834537289964633, -0.2854613028237971, -0.19285575004475985, False
0.8217284906004334, 0.37251614601360394, -1.626278060236871, -0.26834537289964633, -0.2854613028237971, -0.19285575004475985, False
5.8983266378256385, 1.4994544672427903, -2.008804858136706, -0.26834537289964633, -0.2854613028237971, -0.19285575004475985, False
2.977988699798539, 2.1302411461784665, -1.6173740915418522, -0.26834537289964633, -0.2854613028237971, -0.19285575004475985, False
-3.8786561113189784, 1.7032735937685182, 0.7703945593818831, -0.26834537289964633, -0.2854613028237971, -0.19285575004475985, False
-4.236958025949107, -0.8298894807448152, 2.853749628471319, -0.26834537289964633, -0.2854613028237971, -0.19285575004475985, False
3.1177279052161833, 4.581863442781392, -2.278480376511288, -0.26834537289964633, -0.2854613028237971, -0.19285575004475985, False
0.8979809220659476, 3.0802526584186705, 2.3453835115438526, -0.26834537289964633, -0.2854613028237971, -0.19285575004475985, False
5.986865170168386, -0.18425623670946578, 1.5390096391426127, -0.26834537289964633, -0.2854613028237971, -0.19285575004475985, False
-4.2766991898743605, 4.492906212300667, 1.8088323869522922, -0.26834537289964633, -0.2854613028237971, -0.19285575004475985, False
-0.552947425815769, -1.9311255850456615, -0.025397710795946438, -0.26834537289964633, -0.2854613028237971, -0.19285575004475985, False
1.2791597258391745, 3.2485670868669487, 1.969409523250011, -0.26834537289964633, -0.2854613028237971, -0.19285575004475985, False
-2.878134954282309, 4.10321107591164, 0.4463534944724703, -0.26834537289964633, -0.2854613028237971, -0.19285575004475985, False
5.708587559272386, -3.7275306135068473, 1.6459524766368823, -0.26834537289964633, -0.2854613028237971, -0.19285575004475985, False
-4.230604114245715, 2.25491720081453, -0.08801882671271866, -0.26834537289964633, -0.2854613028237971, -0.19285575004475985, False
5.975848568040796, -4.853111218488182, 1.7649602005761, -0.26834537289964633, -0.2854613028237971, -0.19285575004475985, False
3.2043167122312823, -3.452178772885263, -0.8601557625422775, -0.26834537289964633, -0.2854613028237971, -0.19285575004475985, False
-3.3712936686751465, 2.485575804140522, 0.043227506088283185, -0.26834537289964633, -0.2854613028237971, -0.19285575004475985, False
-4.719255020446564, 0.7770196635699751, 0.9530408814067721, -0.26834537289964633, -0.2854613028237971, -0.19285575004475985, False
3.480779645819851, -3.4093192011188505, 0.5886176355250723, -0.26834537289964633, -0.2854613028237971, -0.19285575004475985, False
-3.8337507146333993, 4.860855292819885, -1.8352622369470442, -0.26834537289964633, -0.2854613028237971, -0.19285575004475985, False
-4.734528776177674, -3.3065996031977076, 2.405862224230283, -0.26834537289964633, -0.2854613028237971, -0.19285575004475985, False
4.4119725804128755, 1.7761907201025604, 1.354305647441108, -0.26834537289964633, -0.2854613028237971, -0.19285575004475985, False
-0.8817748196471422, 6.158087290777665, 1.971835438902084, -0.26834537289964633, -0.2854613028237971, -0.19285575004475985, False
-1.9563880892516998, 0.5854238311723261, -1.9808647162912119, -0.26834537289964633, -0.2854613028237971, -0.19285575004475985, False
1.0094123693605264, 4.2392387947803964, -1.0165167502495915, -0.26834537289964633, -0.2854613028237971, -0.19285575004475985, False
3.3559478322472103, -4.428332337036272, -0.7782242542568629, -0.26834537289964633, -0.2854613028237971, -0.19285575004475985, False
5.230474720535749, -0.2148065227172271, -0.17715493543797045, -0.26834537289964633, -0.2854613028237971, -0.19285575004475985, False
-5.865875418311306, 0.037564452089978495, -1.4983766042014008, -0.26834537289964633, -0.2854613028237971, -0.19285575004475985, False
3.7817909827025424, -5.176626873114566, 0.27622122415428896, -0.26834537289964633, -0.2854613028237971, -0.19285575004475985, True
3.5445556295480767, 5.8987188105450095, -2.9444275139711014, -0.26834537289964633, -0.2854613028237971, -0.19285575004475985, True
