5.21855031283463, -4.458637060261081, 2.0622124929221144, -0.19369662040004, -0.08073266560421388, -0.23825356315130786, False
-0.3050048596752992, -5.757573127927931, -1.3027658145212517, -0.19369662040004, -0.08073266560421388, -0.23825356315130786, False
1.2824077635213138, -2.263503608305083, 1.0623680204395587, -0.19369662040004, -0.08073266560421388, -0.23825356315130786, False
3.527086846513404, 4.682520563915515, 1.7581517661168444, -0.19369662040004, -0.08073266560421388, -0.23825356315130786, False
4.78277976671982, 2.1919417246369317, -2.175517580625678, -0.19369662040004, -0.08073266560421388, -0.23825356315130786, False
-5.627234014409607, 4.281116110044987, -1.3768942643259614, -0.19369662040004, -0.08073266560421388, -0.23825356315130786, False
-2.023579932960728, 0.5543932249771011, 1.9287945583780504, -0.19369662040004, -0.08073266560421388, -0.23825356315130786, True
4.95912942505875, 3.463195119850406, -0.14621411655361305, -0.19369662040004, -0.08073266560421388, -0.23825356315130786, False
2.854639135672997, -2.8130291729036667, -0.06040058804913473, -0.19369662040004, -0.08073266560421388, -0.23825356315130786, False
3.359385609290298, 5.936111701727064, -0.952964362804348, -0.19369662040004, -0.08073266560421388, -0.23825356315130786, False
-1.2510445514396427, 1.3206058151954707, -1.6292017567990238, -0.19369662040004, -0.08073266560421388, -0.23825356315130786, False
5.30439079617218, 5.353150205965765, -1.6662433191219532, -0.19369662040004, -0.08073266560421388, -0.23825356315130786, False
6.164816300529308, 0.37555928132565164, -0.7486126299813183, -0.19369662040004, -0.08073266560421388, -0.23825356315130786, False
-1.2201611515662458, -5.433571559038339, -0.7597686106366042, -0.19369662040004, -0.08073266560421388, -0.23825356315130786, False
0.9244088403308135, 2.3453411043231824, 0.41152511856596563, -0.19369662040004, -0.08073266560421388, -0.23825356315130786, True
0.08552589398200183, -1.0339853633495855, -1.5591244755211766, -0.19369662040004, -0.08073266560421388, -0.23825356315130786, False
0.0996210374700306, -6.158543085230761, 1.101406052279021, -0.19369662040004, -0.08073266560421388, -0.23825356315130786, False
-3.585800597181871, -5.032640725691245, 1.5848630794382572, -0.19369662040004, -0.08073266560421388, -0.23825356315130786, True
-4.290033422460739, -2.314296150459873, -0.12473899707889124, -0.19369662040004, -0.08073266560421388, -0.23825356315130786, False
-5.976306271912113, 3.7331126053397075, 1.142618100462676, -0.19369662040004, -0.08073266560421388, -0.23825356315130786, False
-4.386584229248228, -3.494406254863243, 2.378898023323968, -0.19369662040004, -0.08073266560421388, -0.23825356315130786, False
-4.575968134672662, -0.6915363293560457, 1.3745605653298831, -0.19369662040004, -0.08073266560421388, -0.23825356315130786, False
-4.674751827590283, 2.170713665355981, 0.6927179675705553, -0.19369662040004, -0.08073266560421388, -0.23825356315130786, True
-5.562762943175133, -3.6207454774765124, 1.6656035953049306, -0.19369662040004, -0.08073266560421388, -0.23825356315130786, False
-4.711063572445081, 2.3790190906054836, -3.1287851776871065, -0.19369662040004, -0.08073266560421388, -0.23825356315130786, True
-5.494266583842694, -5.261828930128492, -2.0532441662562344, -0.19369662040004, -0.08073266560421388, -0.23825356315130786, False
2.5007804556660087, 5.285288049940863, 1.3609132806053852, -0.19369662040004, -0.08073266560421388, -0.23825356315130786, False
-1.5857820792642263, -2.4082949405666074, 1.3141479955882724, -0.19369662040004, -0.08073266560421388, -0.23825356315130786, False
-6.137644998505186, 5.057764581511378, 2.4528527010465178, -0.19369662040004, -0.08073266560421388, -0.23825356315130786, False
4.825661694316457, 6.2033081025533505, -1.734286897608295, -0.19369662040004, -0.08073266560421388, -0.23825356315130786, False
-0.07156687323829214, 2.449493151062356, -1.1250444628640714, -0.19369662040004, -0.08073266560421388, -0.23825356315130786, True
-3.164123373065577, -2.5977981227827187, -1.0276448197304555, -0.19369662040004, -0.08073266560421388, -0.23825356315130786, False
4.284123455842526, 3.9255393076381413, -2.0932149414539722, -0.19369662040004, -0.08073266560421388, -0.23825356315130786, False
-5.6087088677014645, 4.202656691898067, -2.545164923346352, -0.19369662040004, -0.08073266560421388, -0.23825356315130786, False
0.5372977424176328, -5.342120967194156, -0.8004272173562761, -0.19369662040004, -0.08073266560421388, -0.23825356315130786, False
-0.030468533759545835, 1.222736708205276, 0.05042932156607893, -0.19369662040004, -0.08073266560421388, -0.23825356315130786, False
1.7047025510434564, -0.08212108522556605, 1.2248606287363684, -0.19369662040004, -0.08073266560421388, -0.23825356315130786, False
2.394423502089257, -1.3012950622269424, -1.8509674663143905, -0.19369662040004, -0.08073266560421388, -0.23825356315130786, False
-4.084155411524733, -1.358554810548589, -1.9767297916001394, -0.19369662040004, -0.08073266560421388, -0.23825356315130786, False
-5.186549064638696, 4.189928696060138, 1.9055906018051, -0.19369662040004, -0.08073266560421388, -0.23825356315130786, False
-2.6257270018298002, 1.5150451002157448, -1.3697018108861179, -0.19369662040004, -0.08073266560421388, -0.23825356315130786, True
2.914639143807925, -5.461497973162918, -1.6526992254892012, -0.19369662040004, -0.08073266560421388, -0.23825356315130786, True
3.306988920195373, 1.9060471344552727, -1.331525650905976, -0.19369662040004, -0.08073266560421388, -0.23825356315130786, False
2.8985193308431647, -4.2006501020319735, -1.463697719792068, -0.19369662040004, -0.08073266560421388, -0.23825356315130786, False
0.05425390532560925, 2.8267776903324915, 0.9459066431002645, -0.19369662040004, -0.08073266560421388, -0.23825356315130786, False
0.09970937107755606, 0.06265551109277556, 1.4847329508198275, -0.19369662040004, -0.08073266560421388, -0.23825356315130786, False
5.4476379294095665, 2.563693538734279, -1.9755776310806008, -0.19369662040004, -0.08073266560421388, -0.23825356315130786, False
3.980705559228575, 2.4590915049896456, 2.3468258577434025, -0.19369662040004, -0.08073266560421388, -0.23825356315130786, False
-5.036250758834319, -1.6715136102423225, -1.6511108415958928, -0.19369662040004, -0.08073266560421388, -0.23825356315130786, False
1.9243974068079748, 0.5278897233350879, 3.0744385917280876, -0.19369662040004, -0.08073266560421388, -0.23825356315130786, True
0.558874662338777, -1.5107097786576666, -1.6620562302907191, -0.19369662040004, -0.08073266560421388, -0.23825356315130786, False
-0.299577271915779, 5.412592222811103, 1.69327581251643, -0.19369662040004, -0.08073266560421388, -0.23825356315130786, False
-4.584042090110597, -0.7389879810852262, 1.0448197170626923, -0.19369662040004, -0.08073266560421388, -0.23825356315130786, False
2.5608599243858965, 2.888274008430578, -0.06180847706012216, -0.19369662040004, -0.08073266560421388, -0.23825356315130786, False
-4.2774807837748625, -1.0667912036252813, 2.9580547244034756, -0.19369662040004, -0.08073266560421388, -0.23825356315130786, True
-0.17243450860608966, -1.6672646504825952, 1.0123390888370603, -0.19369662040004, -0.08073266560421388, -0.23825356315130786, False
-1.0273594152435264, -1.5657213262529455, -2.0885246640868464, -0.19369662040004, -0.08073266560421388, -0.23825356315130786, False
-3.623444541967032, 3.3544354443495354, -2.2913402818077375, -0.19369662040004, -0.08073266560421388, -0.23825356315130786, False
-1.6379734361869263, 2.8196690027116134, -2.7149975768354118, -0.19369662040004, -0.08073266560421388, -0.23825356315130786, False
-4.347187185723944, -0.6591021879330858, -1.3798283782224239, -0.19369662040004, -0.08073266560421388, -0.23825356315130786, False
-5.1069933875668845, 0.25652030700907513, -1.183551607619764, -0.19369662040004, -0.08073266560421388, -0.23825356315130786, False
-1.6341839065333694, 0.8214036133211717, 2.2785418744147554, -0.19369662040004, -0.08073266560421388, -0.23825356315130786, False
0.9462575046050521, -4.342435904983112, 1.9123670548238136, -0.19369662040004, -0.08073266560421388, -0.23825356315130786, True
4.94062442371262, -5.381510209739502, -2.0135959362679055, -0.19369662040004, -0.08073266560421388, -0.23825356315130786, False
5.676969621595704, 2.265688427919523, 0.8587517264284905, -0.19369662040004, -0.08073266560421388, -0.23825356315130786, False
-5.436204863226679, 0.30144543618430486, 2.9100525363561998, -0.19369662040004, -0.08073266560421388, -0.23825356315130786, True
-1.3405655020100795, 5.639201224753343, 2.780608314123139, -0.19369662040004, -0.08073266560421388, -0.23825356315130786, False
-0.4468013812848328, -5.8030011150313605, 2.369003955218991, -0.19369662040004, -0.08073266560421388, -0.23825356315130786, False
2.58118544190239, -1.7959229182646634, -3.039796488863241, -0.19369662040004, -0.08073266560421388, -0.23825356315130786, True
-4.059673804840648, 3.768918572590904, -0.5068880874747217, -0.19369662040004, -0.08073266560421388, -0.23825356315130786, False
-4.572818186899982, 1.0810994359670083, 2.610347529958349, -0.19369662040004, -0.08073266560421388, -0.23825356315130786, False
-1.6357724271635616, -4.655157772728257, -2.7460708115041883, -0.19369662040004, -0.08073266560421388, -0.23825356315130786, False
-0.9114205169720284, -2.6914769809968213, 1.8881218543943605, -0.19369662040004, -0.08073266560421388, -0.23825356315130786, False
-2.8232725740171505, -2.276204017691951, -2.8151989021621695, -0.19369662040004, -0.08073266560421388, -0.23825356315130786, False
-2.652184300174301, 5.8668300153771575, -1.2600057074514168, -0.19369662040004, -0.08073266560421388, -0.23825356315130786, False
4.238132760547725, 3.510512010112441, -1.6424861782236067, -0.19369662040004, -0.08073266560421388, -0.23825356315130786, False
2.8106116795164677, -0.3696712524483967, 2.6874410461230314, -0.19369662040004, -0.08073266560421388, -0.23825356315130786, False
-2.1299490095205513, 3.0847010058686095, -2.7534671378965223, -0.19369662040004, -0.08073266560421388, -0.23825356315130786, False
0.10923511322841595, 3.230679562783159, -1.3372641611401472, -0.19369662040004, -0.08073266560421388, -0.23825356315130786, False
6.057894877660631, -2.310530424582974, 2.191213478226002, -0.19369662040004, -0.08073266560421388, -0.23825356315130786, False
4.186755501537338, -2.50690457309608, 2.3972923650882514, -0.19369662040004, -0.08073266560421388, -0.23825356315130786, False
-1.9424048508754632, 3.5173110258187315, 2.1716950502895713, -0.19369662040004, -0.08073266560421388, -0.23825356315130786, False
1.8749153635635079, 4.692439993563271, -2.2433459770378397, -0.19369662040004, -0.08073266560421388, -0.23825356315130786, False
3.8491150134289303, 1.459725147199853, -0.3337132526053561, -0.19369662040004, -0.08073266560421388, -0.23825356315130786, False
2.2079946265568857, -0.014471618924998708, -1.314602485226469, -0.19369662040004, -0.08073266560421388, -0.23825356315130786, False
2.700182712906596, 2.437072212928168, 1.6622460785682476, -0.19369662040004, -0.08073266560421388, -0.23825356315130786, False
1.4092054772197145, -1.2859897041643267, 1.0470330135710242, -0.19369662040004, -0.08073266560421388, -0.23825356315130786, False
-2.764514793968961, 4.065879625405751, 1.8591786558756649, -0.19369662040004, -0.08073266560421388, -0.23825356315130786, False
5.616627610102576, -6.182763970908892, 1.337138355042308, -0.19369662040004, -0.08073266560421388, -0.23825356315130786, False
-3.428255430295439, -4.284346550946365, 1.3684109164527323, -0.19369662040004, -0.08073266560421388, -0.23825356315130786, False
0.467626464818216, 2.4490796536742927, -0.4883346936654527, -0.19369662040004, -0.08073266560421388, -0.23825356315130786, True
6.1352660511302, 1.4028959628380369, 2.7575436014923156, -0.19369662040004, -0.08073266560421388, -0.23825356315130786, False
-1.8074326228133017, 4.162971302966486, -0.029494534883718337, -0.19369662040004, -0.08073266560421388, -0.23825356315130786, False
2.91249019621943, 0.04843171821176018, 2.6600638511959662, -0.19369662040004, -0.08073266560421388, -0.23825356315130786, False
4.537963911814645, -1.7621959739613393, -0.692852289666471, -0.19369662040004, -0.08073266560421388, -0.23825356315130786, False
0.5393470938815508, 5.7496548409218775, -1.5968260461956747, -0.19369662040004, -0.08073266560421388, -0.23825356315130786, False
-1.9746972609323912, -4.07527541372167, -2.464125890740757, -0.19369662040004, -0.08073266560421388, -0.23825356315130786, True
4.488277028721935, -4.444782401577515, -2.0036399976308576, -0.19369662040004, -0.08073266560421388, -0.23825356315130786, False
-0.36049883358861035, 1.302972870507154, -2.73617480890133, -0.19369662040004, -0.08073266560421388, -0.23825356315130786, False
0.4313427992401264, -6.1709060934378295, -0.044807475588310997, -0.19369662040004, -0.08073266560421388, -0.23825356315130786, False
-5.505019115810458, -3.3112878733333804, -0.32670251996139177, -0.19369662040004, -0.08073266560421388, -0.23825356315130786, False
-5.467894994412124, -1.865758677606772, 1.6810565312234624, -0.19369662040004, -0.08073266560421388, -0.23825356315130786, False
-4.394433405346977, 3.272782567277643, -3.108418783751986, -0.19369662040004, -0.08073266560421388, -0.23825356315130786, True
2.623444244518213, -1.5261572730815534, 0.8451708978901324, -0.19369662040004, -0.08073266560421388, -0.23825356315130786, False
-0.8114327874457077, -5.673803339120976, -2.461862049019502, -0.19369662040004, -0.08073266560421388, -0.23825356315130786, False
-4.927874119940116, 5.429802127648582, 0.4185841289599006, -0.19369662040004, -0.08073266560421388, -0.23825356315130786, False
-3.3942283642751097, 1.4364315476820995, 2.1722582338521805, -0.19369662040004, -0.08073266560421388, -0.23825356315130786, True
-5.245111362655487, -0.9044674728629536, 2.684421556146228, -0.19369662040004, -0.08073266560421388, -0.23825356315130786, False
-5.764156107346873, -4.800433244000722, 2.171801781943632, -0.19369662040004, -0.08073266560421388, -0.23825356315130786, True
-0.33232133928391416, 2.74454429586317, 3.0901282526970792, -0.19369662040004, -0.08073266560421388, -0.23825356315130786, True
5.849467814922768, 2.410015573179953, -1.8859072518797408, -0.19369662040004, -0.08073266560421388, -0.23825356315130786, True
-1.1757180540052685, 1.7146330353808663, 2.4720460807215314, -0.19369662040004, -0.08073266560421388, -0.23825356315130786, False
3.882239538914849, -0.9363617080542497, -2.2843138928540525, -0.19369662040004, -0.08073266560421388, -0.23825356315130786, False
-4.945414413530815, -4.227804035720842, -2.539060368280375, -0.19369662040004, -0.08073266560421388, -0.23825356315130786, True
3.2223803291532747, -1.5170232353620863, 0.40345424324638035, -0.19369662040004, -0.08073266560421388, -0.23825356315130786, False
1.174918965250738, 4.498803373907597, -2.9310491655314794, -0.19369662040004, -0.08073266560421388, -0.23825356315130786, True
2.8780848439655067, 1.3048295274995931, -2.2719508377383573, -0.19369662040004, -0.08073266560421388, -0.23825356315130786, True
-6.127657902877488, 3.287475512559512, 2.8810487335586625, -0.19369662040004, -0.08073266560421388, -0.23825356315130786, True
0.6570242588882662, 5.291784825253554, 3.0087278335789867, -0.19369662040004, -0.08073266560421388, -0.23825356315130786, True
-2.850052490343894, -2.9992490264706735, -0.9555745622817025, -0.19369662040004, -0.08073266560421388, -0.23825356315130786, False
-5.820018071767714, -5.542317799647993, 0.8984805848601392, -0.19369662040004, -0.08073266560421388, -0.23825356315130786, False
4.768091689755954, -5.691065658530085, -2.2013701038871076, -0.19369662040004, -0.08073266560421388, -0.23825356315130786, False
-5.507569102127982, -5.689889709858954, 2.7801032954410214, -0.19369662040004, -0.08073266560421388, -0.23825356315130786, False
0.1745012171511231, -3.481216645962788, 1.9463854209793627, -0.19369662040004, -0.08073266560421388, -0.23825356315130786, False
1.4413806459286853, 3.4307001091792255, 1.9293611782213693, -0.19369662040004, -0.08073266560421388, -0.23825356315130786, False
-5.496786714660335, 5.362699128661351, -3.060447757936917, -0.19369662040004, -0.08073266560421388, -0.23825356315130786, True
1.737522516449296, 2.840603165546046, -2.4667797535284697, -0.19369662040004, -0.08073266560421388, -0.23825356315130786, False
5.310896937732409, -2.5275952900929175, -1.727003058285215, -0.19369662040004, -0.08073266560421388, -0.23825356315130786, False
5.258867849914349, -2.4120067191034593, -1.608681449465363, -0.19369662040004, -0.08073266560421388, -0.23825356315130786, False
1.1728112207680796, -3.7599690914314814, 2.9565842889933345, -0.19369662040004, -0.08073266560421388, -0.23825356315130786, True
-4.182049575717316, -5.656988002372386, 1.5025226392950062, -0.19369662040004, -0.08073266560421388, -0.23825356315130786, False
2.496468225070254, -5.094318817608634, -0.7457468685630917, -0.19369662040004, -0.08073266560421388, -0.23825356315130786, True
3.518310589155597, -2.1233651369900617, -3.049380942425515, -0.19369662040004, -0.08073266560421388, -0.23825356315130786, True
-5.142675539793617, 5.68386733761443, 1.9626330329406159, -0.19369662040004, -0.08073266560421388, -0.23825356315130786, False
-3.039726263686165, 1.9314920753840745, -2.35221523390455, -0.19369662040004, -0.08073266560421388, -0.23825356315130786, True
-4.246440467535757, 3.2130303888745715, -2.4913680974531682, -0.19369662040004, -0.08073266560421388, -0.23825356315130786, False
2.489995269954555, -4.79520892116821, -2.649114604347488, -0.19369662040004, -0.08073266560421388, -0.23825356315130786, True
2.2450225513420783, 3.9482904093000375, -2.0270869368015707, -0.19369662040004, -0.08073266560421388, -0.23825356315130786, False
0.24732296560421396, 0.6826113847287099, -2.2347456992500647, -0.19369662040004, -0.08073266560421388, -0.23825356315130786, False
5.693984196390399, 5.968390484797986, 1.7769007423584036, -0.19369662040004, -0.08073266560421388, -0.23825356315130786, False
-4.087795432286594, -2.927705328249691, -2.862360259272437, -0.19369662040004, -0.08073266560421388, -0.23825356315130786, True
4.819889920754266, -3.001373955793095, 2.070185557867931, -0.19369662040004, -0.08073266560421388, -0.23825356315130786, False
0.6757562015219358, -2.7320623856975836, -1.8927145841430721, -0.19369662040004, -0.08073266560421388, -0.23825356315130786, False
2.8747261108555993, 1.5489044872703728, -0.5578751414406122, -0.19369662040004, -0.08073266560421388, -0.23825356315130786, True
1.5335157277866598, 3.276952802222576, 0.1853069888684753, -0.19369662040004, -0.08073266560421388, -0.23825356315130786, False
4.296157153542998, 0.14900384749128737, -2.7854797941294853, -0.19369662040004, -0.08073266560421388, -0.23825356315130786, False
-1.5808331544951262, -1.044111399063583, -0.1096418559866077, -0.19369662040004, -0.08073266560421388, -0.23825356315130786, False
-1.5436637929470862, 1.7467757122183798, 0.815668551685683, -0.19369662040004, -0.08073266560421388, -0.23825356315130786, False
-3.9108290929712313, 1.2711394287109687, 1.0013063141461602, -0.19369662040004, -0.08073266560421388, -0.23825356315130786, True
-1.6340897418960205, 3.2639265542073765, 0.9160537187492963, -0.19369662040004, -0.08073266560421388, -0.23825356315130786, False
0.30911111372496336, 5.227084908953005, -1.1299883288146537, -0.19369662040004, -0.08073266560421388, -0.23825356315130786, False
5.236633448194752, 0.4461046424462891, 0.9876545487445227, -0.19369662040004, -0.08073266560421388, -0.23825356315130786, False
4.5934029918847, -5.205452553992469, 3.054795329644227, -0.19369662040004, -0.08073266560421388, -0.23825356315130786, True
3.2055746260868414, 5.052477606933506, -0.6542000611199743, -0.19369662040004, -0.08073266560421388, -0.23825356315130786, False
1.7502341986231293, -3.9102746688233823, 1.6133477878036038, -0.19369662040004, -0.08073266560421388, -0.23825356315130786, False
-1.963015038816999, 3.355735039644399, 2.54018317675662, -0.19369662040004, -0.08073266560421388, -0.23825356315130786, False
-0.9151953745769221, -3.355095899754602, 0.43881185485969887, -0.19369662040004, -0.08073266560421388, -0.23825356315130786, False
2.254335288293845, -0.3458201876643381, -2.2068992713761513, -0.19369662040004, -0.08073266560421388, -0.23825356315130786, False
1.6537546701396622, 0.4811325301241789, 2.447967540248647, -0.19369662040004, -0.08073266560421388, -0.23825356315130786, False
-5.945036052704085, 1.9123734644812416, 0.13404669667239855, -0.19369662040004, -0.08073266560421388, -0.23825356315130786, True
4.206969151023911, -3.438535576675569, 1.521827459104606, -0.19369662040004, -0.08073266560421388, -0.23825356315130786, False
-2.688929510061813, 6.151807570617475, 1.6627190707573716, -0.19369662040004, -0.08073266560421388, -0.23825356315130786, False
-4.172455611452783, 1.6795232135633027, 1.7191755093083483, -0.19369662040004, -0.08073266560421388, -0.23825356315130786, True
1.7415697759102322, -2.1941503644996097, -2.1526197369439717, -0.19369662040004, -0.08073266560421388, -0.23825356315130786, False
-0.1331277586450499, 5.355268323139798, 2.0727219127639795, -0.19369662040004, -0.08073266560421388, -0.23825356315130786, False
3.6296819590726805, -3.577548123278913, -0.31428032109743587, -0.19369662040004, -0.08073266560421388, -0.23825356315130786, False
2.5450323549417515, -0.4987496336284112, 2.448181283939485, -0.19369662040004, -0.08073266560421388, -0.23825356315130786, False
-3.3488962109345217, 3.758042095809582, -2.549695932266197, -0.19369662040004, -0.08073266560421388, -0.23825356315130786, False
-5.142231862234339, -1.340455195314477, 2.5813195445506887, -0.19369662040004, -0.08073266560421388, -0.23825356315130786, False
-2.2355451942841444, 5.628840951481413, 2.290139067664901, -0.19369662040004, -0.08073266560421388, -0.23825356315130786, False
-1.4742116976675748, -2.320637880655386, -1.231011621365569, -0.19369662040004, -0.08073266560421388, -0.23825356315130786, False
-5.857368074271736, -5.062183484177934, 0.9151840651138334, -0.19369662040004, -0.08073266560421388, -0.23825356315130786, False
0.9513369705275929, -0.7646438657809824, 0.6678012812971512, -0.19369662040004, -0.08073266560421388, -0.23825356315130786, False
0.510401625739985, 1.6713423216708172, -1.681527642958933, -0.19369662040004, -0.08073266560421388, -0.23825356315130786, True
0.8562690362623773, 5.795547147549112, 3.0762780007684976, -0.19369662040004, -0.08073266560421388, -0.23825356315130786, True
6.059508598888499, -3.1295112500756996, 2.1717405082984023, -0.19369662040004, -0.08073266560421388, -0.23825356315130786, False
-5.155448305293572, 0.9325370135611593, 1.638420551008907, -0.19369662040004, -0.08073266560421388, -0.23825356315130786, False
5.880768227297299, 5.8146172138273275, 1.9031701874732079, -0.19369662040004, -0.08073266560421388, -0.23825356315130786, False
0.8067344964009875, -0.9818331836868266, 2.4876558935062203, -0.19369662040004, -0.08073266560421388, -0.23825356315130786, False
1.0882199866425237, -0.8911092333560422, 2.2133699642514033, -0.19369662040004, -0.08073266560421388, -0.23825356315130786, False
3.8171883388007704, 0.9000696010394202, -2.8558058186179895, -0.19369662040004, -0.08073266560421388, -0.23825356315130786, True
2.8481681689423493, -4.784318572036785, 0.9268393275530551, -0.19369662040004, -0.08073266560421388, -0.23825356315130786, True
-6.107803087453988, 2.3093026981268476, 2.0156361855459783, -0.19369662040004, -0.08073266560421388, -0.23825356315130786, True
-2.6437198040889895, -3.5052830572459555, 1.901261828723384, -0.19369662040004, -0.08073266560421388, -0.23825356315130786, False
-3.14556213141199, -2.3286617098514713, 2.966964753879708, -0.19369662040004, -0.08073266560421388, -0.23825356315130786, True
-0.21973453340727556, -4.410900436422139, 2.316623159882849, -0.19369662040004, -0.08073266560421388, -0.23825356315130786, True
-0.8100616819815496, 2.4761463262744066, 1.4744661977252695, -0.19369662040004, -0.08073266560421388, -0.23825356315130786, False
3.869168932402319, 2.087300477876786, 2.3616621440299443, -0.19369662040004, -0.08073266560421388, -0.23825356315130786, False
-0.08210278102674984, -1.072435645109521, -2.9037606208942117, -0.19369662040004, -0.08073266560421388, -0.23825356315130786, True
-0.8474208236611629, -0.10900722944284169, -1.1589227223409306, -0.19369662040004, -0.08073266560421388, -0.23825356315130786, False
-1.8439328965228219, 4.659016532724651, 0.45820407909288674, -0.19369662040004, -0.08073266560421388, -0.23825356315130786, False
-4.695015664162726, 3.924683429133765, -2.4200346522626592, -0.19369662040004, -0.08073266560421388, -0.23825356315130786, False
4.727593451098409, -3.658292522756798, 1.6844487495862275, -0.19369662040004, -0.08073266560421388, -0.23825356315130786, False
0.8752931162148192, -2.9189092780309465, 2.886513688642369, -0.19369662040004, -0.08073266560421388, -0.23825356315130786, True
0.3304345333716263, 3.0955862099502465, 1.7580446918509027, -0.19369662040004, -0.08073266560421388, -0.23825356315130786, False
4.353781910556593, 6.059070640766446, -2.6802907189034233, -0.19369662040004, -0.08073266560421388, -0.23825356315130786, False
0.5847240222553705, 1.6844891842492897, -2.7085155145568693, -0.19369662040004, -0.08073266560421388, -0.23825356315130786, True
3.8570841105695237, -2.542923340314342, -0.40235887180700924, -0.19369662040004, -0.08073266560421388, -0.23825356315130786, False
1.4936789909885695, -3.4061390504188047, -2.8350939281745875, -0.19369662040004, -0.08073266560421388, -0.23825356315130786, False
4.849978876602954, -5.726717624201069, -2.5396534164846836, -0.19369662040004, -0.08073266560421388, -0.23825356315130786, False
