-2.2384981130598396, 3.245091818202461, -2.782597490327296, 0.4968800974578935, -0.23927971852235452, -0.43607623512321014, False
5.917186058047335, 0.03349889755361701, 1.826542267520379, 0.4968800974578935, -0.23927971852235452, -0.43607623512321014, False
-2.397817285474162, -3.5366020332442463, -2.204132926974615, 0.4968800974578935, -0.23927971852235452, -0.43607623512321014, False
-4.285464225566468, 1.4881113205893666, -3.051753845054323, 0.4968800974578935, -0.23927971852235452, -0.43607623512321014, True
1.3423031627533684, 2.5210950563483685, 2.990436211503579, 0.4968800974578935, -0.23927971852235452, -0.43607623512321014, True
-4.107398481549902, 0.03385520742695114, 1.4492528624740943, 0.4968800974578935, -0.23927971852235452, -0.43607623512321014, False
-6.080854290484112, 2.1945577259897426, -2.4400902473325656, 0.4968800974578935, -0.23927971852235452, -0.43607623512321014, False
4.702230206505945, 5.855316119379671, -2.381477179123534, 0.4968800974578935, -0.23927971852235452, -0.43607623512321014, False
2.266967605646469, -5.219217156588588, 3.124712777868277, 0.4968800974578935, -0.23927971852235452, -0.43607623512321014, True
3.6543438883268067, -5.2878465985126155, 3.1066112963185857, 0.4968800974578935, -0.23927971852235452, -0.43607623512321014, True
4.240696751813985, 0.658031949419664, -0.46112618578265163, 0.4968800974578935, -0.23927971852235452, -0.43607623512321014, False
-3.1780449187852424, -1.7832030612287335, 0.19756966756099148, 0.4968800974578935, -0.23927971852235452, -0.43607623512321014, False
-0.8207908571262035, -2.285870488246298, -1.9364515222093475, 0.4968800974578935, -0.23927971852235452, -0.43607623512321014, False
-3.829665470221569, -4.900639533918056, -2.7786745519415756, 0.4968800974578935, -0.23927971852235452, -0.43607623512321014, False
-5.860681987458744, -0.6569342172880122, -1.9425444303364436, 0.4968800974578935, -0.23927971852235452, -0.43607623512321014, False
1.8797829184492105, 5.228301678209254, -0.34633443780758766, 0.4968800974578935, -0.23927971852235452, -0.43607623512321014, False
-5.059638080523604, 4.965520919440571, -0.4771750334420837, 0.4968800974578935, -0.23927971852235452, -0.43607623512321014, False
3.407299421972363, 2.982748606912443, 0.33803042251890014, 0.4968800974578935, -0.23927971852235452, -0.43607623512321014, False
1.073061586042006, 0.20880840815002788, -2.7285402738975484, 0.4968800974578935, -0.23927971852235452, -0.43607623512321014, False
3.8713908551049006, 1.9992414079873715, 1.351973186023793, 0.4968800974578935, -0.23927971852235452, -0.43607623512321014, False
1.3144880625398745, -3.9026362726440884, 0.6305740813436111, 0.4968800974578935, -0.23927971852235452, -0.43607623512321014, False
5.669322168738679, -0.8810318984761896, 2.3586010153344716, 0.4968800974578935, -0.23927971852235452, -0.43607623512321014, False
-0.9556265969891014, -3.700963616758463, 1.3993933262273073, 0.4968800974578935, -0.23927971852235452, -0.43607623512321014, False
0.20810844166116915, 1.5721883350936023, -2.956445843847482, 0.4968800974578935, -0.23927971852235452, -0.43607623512321014, True
-2.7985117412367755, 2.969151972823342, -1.9259833545495266, 0.4968800974578935, -0.23927971852235452, -0.43607623512321014, False
-5.754962167245309, -1.7233615720911768, -1.9004389578025185, 0.4968800974578935, -0.23927971852235452, -0.43607623512321014, False
0.537864977737911, 2.428623651996203, -2.6230489976841636, 0.4968800974578935, -0.23927971852235452, -0.43607623512321014, False
-5.285601523284502, 1.1340375117839852, 2.6790693412803757, 0.4968800974578935, -0.23927971852235452, -0.43607623512321014, False
-3.309302023699115, 2.875056860441944, -2.3588743365616143, 0.4968800974578935, -0.23927971852235452, -0.43607623512321014, False
-1.0027340006478536, 5.705592239355887, -0.3517969209908438, 0.4968800974578935, -0.23927971852235452, -0.43607623512321014, False
3.0913372541647224, -5.979751588640332, 2.0591638428968375, 0.4968800974578935, -0.23927971852235452, -0.43607623512321014, False
-1.3274933026196418, -5.523353330624321, -0.0027672307948876096, 0.4968800974578935, -0.23927971852235452, -0.43607623512321014, False
5.15519690352534, -0.5958949654720485, -2.7118559948092984, 0.4968800974578935, -0.23927971852235452, -0.43607623512321014, False
-4.476669185152193, 5.635806339995046, 0.15740740821881882, 0.4968800974578935, -0.23927971852235452, -0.43607623512321014, False
-2.9041910165038387, 0.9603752934896317, -0.4407902224565694, 0.4968800974578935, -0.23927971852235452, -0.43607623512321014, False
-3.787861371606538, 0.27048719900703944, -1.2776598057116961, 0.4968800974578935, -0.23927971852235452, -0.43607623512321014, False
-4.172475885549874, -2.647407631002415, 2.8107570821506362, 0.4968800974578935, -0.23927971852235452, -0.43607623512321014, False
-5.919751596797174, -4.889161021330855, -0.2179809875321217, 0.4968800974578935, -0.23927971852235452, -0.43607623512321014, False
-4.472682997468924, -4.322712981629697, 1.1584668702318686, 0.4968800974578935, -0.23927971852235452, -0.43607623512321014, False
-3.349092029618391, 0.844445189619516, -1.715619271835447, 0.4968800974578935, -0.23927971852235452, -0.43607623512321014, False
2.2419029614460495, -0.7992393581398005, 3.0467922551291498, 0.4968800974578935, -0.23927971852235452, -0.43607623512321014, True
0.37710376026084713, -2.798478582951998, 1.949068984037413, 0.4968800974578935, -0.23927971852235452, -0.43607623512321014, False
4.659026969585895, 2.9405149115664013, -0.7538715994926202, 0.4968800974578935, -0.23927971852235452, -0.43607623512321014, False
-6.093647516985701, -1.5868809824037715, -0.6562788932472352, 0.4968800974578935, -0.23927971852235452, -0.43607623512321014, False
1.4253369469834896, 4.3268780549141255, -2.5948890034538468, 0.4968800974578935, -0.23927971852235452, -0.43607623512321014, False
2.45579992961442, -2.8524828771822386, -2.213563459099805, 0.4968800974578935, -0.23927971852235452, -0.43607623512321014, False
-1.9221424722256275, -3.4625786890627266, -1.1257956276301133, 0.4968800974578935, -0.23927971852235452, -0.43607623512321014, False
-0.008322638137490124, 0.4203020268207345, 0.9208983794058829, 0.4968800974578935, -0.23927971852235452, -0.43607623512321014, False
-4.720304747086439, 6.20100556373672, -3.0510485096022664, 0.4968800974578935, -0.23927971852235452, -0.43607623512321014, True
1.7674325990448772, 5.3977463677157775, 1.0214445692427487, 0.4968800974578935, -0.23927971852235452, -0.43607623512321014, False
-5.306080123573182, -1.0130421475966296, -3.0085449109677587, 0.4968800974578935, -0.23927971852235452, -0.43607623512321014, True
6.09533942787837, -3.9261354548960323, -0.6432816226480789, 0.4968800974578935, -0.23927971852235452, -0.43607623512321014, False
5.534092225345642, 0.6686727451386139, 0.9806603945915962, 0.4968800974578935, -0.23927971852235452, -0.43607623512321014, False
-0.12706807268891218, 5.069058722174626, 2.0861615845579093, 0.4968800974578935, -0.23927971852235452, -0.43607623512321014, False
-0.996310332065792, 2.4623979066215824, 0.5019577066569649, 0.4968800974578935, -0.23927971852235452, -0.43607623512321014, False
-3.4563720218197993, 1.4585893897322357, 1.1722352988325815, 0.4968800974578935, -0.23927971852235452, -0.43607623512321014, False
-0.5492392546539371, 1.47763197262982, 2.1635726216567432, 0.4968800974578935, -0.23927971852235452, -0.43607623512321014, False
-4.194455085510386, 1.6535272958523342, -0.907059313788761, 0.4968800974578935, -0.23927971852235452, -0.43607623512321014, False
3.9715202047915508, -4.651339837640746, 0.4558053169321781, 0.4968800974578935, -0.23927971852235452, -0.43607623512321014, False
3.3955821791307095, -1.2754488064493508, -1.0015111174305846, 0.4968800974578935, -0.23927971852235452, -0.43607623512321014, False
2.7959705516152518, -4.543746380399464, -2.005931796452721, 0.4968800974578935, -0.23927971852235452, -0.43607623512321014, False
-3.581262169922672, 3.3343865687073393, -1.3256295335708035, 0.4968800974578935, -0.23927971852235452, -0.43607623512321014, False
2.0593328006692175, -1.7736520872714108, -0.05108262256275298, 0.4968800974578935, -0.23927971852235452, -0.43607623512321014, False
-1.8467136361627006, 0.25682354086094517, 0.44247651775587427, 0.4968800974578935, -0.23927971852235452, -0.43607623512321014, False
1.7696647149597915, -1.5537223031645206, 1.4393461508037557, 0.4968800974578935, -0.23927971852235452, -0.43607623512321014, False
-4.886491042560832, -4.083661146692774, 2.405922837337716, 0.4968800974578935, -0.23927971852235452, -0.43607623512321014, False
3.6403884346180995, 3.3799422893794286, -0.04249426593138139, 0.4968800974578935, -0.23927971852235452, -0.43607623512321014, False
1.2340193366896468, -2.2758707275802132, -0.7407922619889868, 0.4968800974578935, -0.23927971852235452, -0.43607623512321014, False
4.648859735989719, 5.061614081037847, 2.9495378930756084, 0.4968800974578935, -0.23927971852235452, -0.43607623512321014, True
5.153986745888249, 5.38459089193451, -2.972637007690384, 0.4968800974578935, -0.23927971852235452, -0.43607623512321014, True
0.16305814420859743, 2.0721356734578187, 2.3310568183337326, 0.4968800974578935, -0.23927971852235452, -0.43607623512321014, False
-2.258360848912818, 1.2542037604307419, 1.6438870759343995, 0.4968800974578935, -0.23927971852235452, -0.43607623512321014, False
-1.4428085178224137, -2.3099118404763934, 1.3221210549075293, 0.4968800974578935, -0.23927971852235452, -0.43607623512321014, False
-0.6557757262633412, 0.07486542367041515, 0.8145967862500667, 0.4968800974578935, -0.23927971852235452, -0.43607623512321014, False
-2.6110829645869837, -4.2527992471641785, 2.3655727668681727, 0.4968800974578935, -0.23927971852235452, -0.43607623512321014, False
-3.2805962291374193, 4.955616071516163, 2.7526765648703098, 0.4968800974578935, -0.23927971852235452, -0.43607623512321014, False
0.2973816200054058, 2.7420434538531513, -3.053594929041603, 0.4968800974578935, -0.23927971852235452, -0.43607623512321014, True
2.085770569905696, -4.008952813404626, -2.2706672531365095, 0.4968800974578935, -0.23927971852235452, -0.43607623512321014, False
2.0998624553847165, -0.8495549113148364, -0.20078327833539777, 0.4968800974578935, -0.23927971852235452, -0.43607623512321014, False
1.7393774019510175, 6.275787984093871, 0.23550811293447094, 0.4968800974578935, -0.23927971852235452, -0.43607623512321014, False
1.115381515222599, -2.4556301740413575, 2.8976873565049672, 0.4968800974578935, -0.23927971852235452, -0.43607623512321014, True
-1.2117185890792497, 2.5738130488729727, 1.6274118430500648, 0.4968800974578935, -0.23927971852235452, -0.43607623512321014, False
3.000594854247126, -0.5916281362638891, 2.9500528822922067, 0.4968800974578935, -0.23927971852235452, -0.43607623512321014, True
-3.0545238675965467, 1.2233416085297266, -2.547724506236716, 0.4968800974578935, -0.23927971852235452, -0.43607623512321014, False
-2.5915996549651616, 0.7401508011036277, 2.9682907907016203, 0.4968800974578935, -0.23927971852235452, -0.43607623512321014, True
4.1904935779789945, -0.6475442682976409, -2.6774358854686175, 0.4968800974578935, -0.23927971852235452, -0.43607623512321014, False
1.1377575277043617, -3.6643291422970514, 2.9197576440682553, 0.4968800974578935, -0.23927971852235452, -0.43607623512321014, True
3.920745222510307, 3.349112138805017, -2.7982154935470134, 0.4968800974578935, -0.23927971852235452, -0.43607623512321014, False
-4.007744942183589, 3.6264005930330523, 0.08705290368038332, 0.4968800974578935, -0.23927971852235452, -0.43607623512321014, False
-0.547497570391922, 0.9566551968848422, 2.8285383016426904, 0.4968800974578935, -0.23927971852235452, -0.43607623512321014, False
2.8165816553544865, 0.8306090255692515, 2.7157386382301976, 0.4968800974578935, -0.23927971852235452, -0.43607623512321014, False
-6.0104771832008375, -4.565227475286095, -2.2358894422956577, 0.4968800974578935, -0.23927971852235452, -0.43607623512321014, False
3.464510761235921, -6.197157667325342, 2.9970704319972947, 0.4968800974578935, -0.23927971852235452, -0.43607623512321014, True
-5.853766073771917, -4.187847119153692, 2.1911357110395464, 0.4968800974578935, -0.23927971852235452, -0.43607623512321014, False
-2.8839709860615805, 0.2233763016511503, 0.7880634295842013, 0.4968800974578935, -0.23927971852235452, -0.43607623512321014, False
-1.120171374864034, -5.832188366983792, 0.4700018253463125, 0.4968800974578935, -0.23927971852235452, -0.43607623512321014, False
-0.33214353871108493, 0.32697654817667665, 0.4516028623573529, 0.4968800974578935, -0.23927971852235452, -0.43607623512321014, False
-2.7896759281654138, -5.712618795535824, 1.5507428408228154, 0.4968800974578935, -0.23927971852235452, -0.43607623512321014, False
-5.044103878956143, 2.930609870367004, 2.7542528726427706, 0.4968800974578935, -0.23927971852235452, -0.43607623512321014, False
3.9410316546034885, 4.134762259726065, -1.2290613087883966, 0.4968800974578935, -0.23927971852235452, -0.43607623512321014, False
5.5694959435945055, -0.8638549719560906, 0.5765964804571482, 0.4968800974578935, -0.23927971852235452, -0.43607623512321014, False
3.0389064107977575, -4.14284865106819, 0.6628916264240718, 0.4968800974578935, -0.23927971852235452, -0.43607623512321014, False
3.094307158222664, 0.8734470479740564, 2.2732019892999142, 0.4968800974578935, -0.23927971852235452, -0.43607623512321014, False
-1.9488713596699894, 4.448043624113161, -0.9447205659337374, 0.4968800974578935, -0.23927971852235452, -0.43607623512321014, False
3.4762632785363934, 1.0826468977512151, 0.12014860600174782, 0.4968800974578935, -0.23927971852235452, -0.43607623512321014, False
6.0167293059846685, -4.995445425412568, 3.0218359749641124, 0.4968800974578935, -0.23927971852235452, -0.43607623512321014, True
2.8860321446511623, -0.6679818039717373, 2.3676789162167884, 0.4968800974578935, -0.23927971852235452, -0.43607623512321014, False
0.8202508777035487, 0.8312923465806383, -2.76262937603391, 0.4968800974578935, -0.23927971852235452, -0.43607623512321014, False
3.6446280540266507, -2.2288852637146492, -1.3277537053164936, 0.4968800974578935, -0.23927971852235452, -0.43607623512321014, False
1.0021812884775523, 4.80459714582371, -0.7297329271927078, 0.4968800974578935, -0.23927971852235452, -0.43607623512321014, False
1.1331465493312223, -3.3944369377243073, -1.0849532915406273, 0.4968800974578935, -0.23927971852235452, -0.43607623512321014, False
-4.206974331653642, -3.3044071777880935, 1.8083159319072815, 0.4968800974578935, -0.23927971852235452, -0.43607623512321014, False
3.0188614733228256, 5.303108402184234, -3.1245845188118455, 0.4968800974578935, -0.23927971852235452, -0.43607623512321014, True
-3.45684437151893, 5.11435957346904, -0.661063661612046, 0.4968800974578935, -0.23927971852235452, -0.43607623512321014, False
0.3288674058515815, 0.4053043589050427, 3.0866622852999424, 0.4968800974578935, -0.23927971852235452, -0.43607623512321014, True
-5.503272169057267, -2.516948457577631, -2.743169120794988, 0.4968800974578935, -0.23927971852235452, -0.43607623512321014, False
0.6304869440135192, 2.888472538707756, -2.0348858859939964, 0.4968800974578935, -0.23927971852235452, -0.43607623512321014, False
5.645865374900801, -3.7148719756490713, -2.4054139406548445, 0.4968800974578935, -0.23927971852235452, -0.43607623512321014, False
3.9341708126524377, -4.10706518486107, 2.124789525599077, 0.4968800974578935, -0.23927971852235452, -0.43607623512321014, False
4.351745848976327, -0.11801501649502022, -0.2273044864969065, 0.4968800974578935, -0.23927971852235452, -0.43607623512321014, False
0.7447616608757999, -3.8617989275133078, 2.6974136321652393, 0.4968800974578935, -0.23927971852235452, -0.43607623512321014, False
3.4391920755362975, 3.952561419532149, -3.0391439962777524, 0.4968800974578935, -0.23927971852235452, -0.43607623512321014, True
2.4313535912181905, -5.372178500323124, -0.4267150984496042, 0.4968800974578935, -0.23927971852235452, -0.43607623512321014, False
4.704061529888495, 1.922107813857421, 3.099072119802706, 0.4968800974578935, -0.23927971852235452, -0.43607623512321014, True
-6.020116793615468, -4.282130843502713, -0.16285269497844634, 0.4968800974578935, -0.23927971852235452, -0.43607623512321014, False
0.1822103315406558, -2.0240816618592232, -0.4117561390968296, 0.4968800974578935, -0.23927971852235452, -0.43607623512321014, False
2.501517557063517, 1.3775685005165785, -1.2386118663323822, 0.4968800974578935, -0.23927971852235452, -0.43607623512321014, False
-4.442614746377377, 0.655498957548958, -1.6710724265408812, 0.4968800974578935, -0.23927971852235452, -0.43607623512321014, False
3.613084523511306, -5.455455802447563, -3.0139355903637477, 0.4968800974578935, -0.23927971852235452, -0.43607623512321014, True
-3.770848404041062, 2.5761023164282086, 2.3030384082538644, 0.4968800974578935, -0.23927971852235452, -0.43607623512321014, False
6.131683997431612, 3.64629527472008, 2.8038009321991533, 0.4968800974578935, -0.23927971852235452, -0.43607623512321014, False
0.35077404285290115, 0.763681615114681, -2.16113011530588, 0.4968800974578935, -0.23927971852235452, -0.43607623512321014, False
1.5355231266912863, 2.940676838251621, 0.1668385940928987, 0.4968800974578935, -0.23927971852235452, -0.43607623512321014, False
3.6450550135471786, -5.808813959663384, -1.8811281817490852, 0.4968800974578935, -0.23927971852235452, -0.43607623512321014, False
-1.7639040696455552, 4.841101344165409, 2.1537585225524243, 0.4968800974578935, -0.23927971852235452, -0.43607623512321014, False
4.1471787865090946, -0.2428559645263082, 1.0196091103665053, 0.4968800974578935, -0.23927971852235452, -0.43607623512321014, False
3.4212539447891057, -0.6634527520686326, 2.261151030099998, 0.4968800974578935, -0.23927971852235452, -0.43607623512321014, False
-5.275036921449941, -0.39489980103524225, -1.5052482038912767, 0.4968800974578935, -0.23927971852235452, -0.43607623512321014, False
5.516341304462907, -4.534706301886922, -2.6399652356396777, 0.4968800974578935, -0.23927971852235452, -0.43607623512321014, False
4.156262822111863, 2.233222603806915, 2.3817091239115245, 0.4968800974578935, -0.23927971852235452, -0.43607623512321014, False
3.947761644076632, 3.144261414578832, -0.7416402078398487, 0.4968800974578935, -0.23927971852235452, -0.43607623512321014, False
-2.7856355035062035, -0.731618416086901, 1.5059045015261612, 0.4968800974578935, -0.23927971852235452, -0.43607623512321014, False
5.731885413555913, -5.883075131825789, 1.687065193649146, 0.4968800974578935, -0.23927971852235452, -0.43607623512321014, False
5.2040538075731995, -5.3333481016915965, -3.0949438111235636, 0.4968800974578935, -0.23927971852235452, -0.43607623512321014, True
-3.878075865718637, -1.2707538624864094, 2.4611197248994143, 0.4968800974578935, -0.23927971852235452, -0.43607623512321014, False
-1.4012325827017742, -4.260086060525493, 0.6472736586324697, 0.4968800974578935, -0.23927971852235452, -0.43607623512321014, False
-0.05962454391129146, -5.827628708532992, 2.1669324571538713, 0.4968800974578935, -0.23927971852235452, -0.43607623512321014, False
0.4712031982042246, -4.225259551624184, 1.6549101369708623, 0.4968800974578935, -0.23927971852235452, -0.43607623512321014, False
-1.2249664370076454, 0.835722337333725, -1.815061410142964, 0.4968800974578935, -0.23927971852235452, -0.43607623512321014, False
-5.8718142967474645, -2.482029538290115, -0.8478412091843093, 0.4968800974578935, -0.23927971852235452, -0.43607623512321014, False
0.47679497232469625, -3.621607175923824, 2.1827625315272075, 0.4968800974578935, -0.23927971852235452, -0.43607623512321014, False
-1.579923339822514, 3.803653158243783, 1.9795728276052635, 0.4968800974578935, -0.23927971852235452, -0.43607623512321014, False
-1.3778538754566787, -5.550375036370604, 2.847083319785084, 0.4968800974578935, -0.23927971852235452, -0.43607623512321014, False
2.362992161941335, 4.716983359137576, -2.587537061793726, 0.4968800974578935, -0.23927971852235452, -0.43607623512321014, False
0.3655004893711693, -1.5713984893852118, 0.6503296365431068, 0.4968800974578935, -0.23927971852235452, -0.43607623512321014, False
6.070449239631907, 0.08997602041785235, 0.13366104261749445, 0.4968800974578935, -0.23927971852235452, -0.43607623512321014, False
-1.376129682647317, 4.549044906724715, 1.105415850424932, 0.4968800974578935, -0.23927971852235452, -0.43607623512321014, False
0.5600307044063211, 1.272092325909763, 2.0757641459653184, 0.4968800974578935, -0.23927971852235452, -0.43607623512321014, False
-3.3446382393994916, 1.8422545520978222, 1.9528522903610899, 0.4968800974578935, -0.23927971852235452, -0.43607623512321014, False
-5.040124536511884, 0.09663429863221396, 2.878533259240661, 0.4968800974578935, -0.23927971852235452, -0.43607623512321014, True
1.0379640874574898, 4.083392779645072, 2.7517707771006625, 0.4968800974578935, -0.23927971852235452, -0.43607623512321014, False
-3.0020123912443246, 0.47339398569927926, -2.8841792532906263, 0.4968800974578935, -0.23927971852235452, -0.43607623512321014, True
0.22397417901606698, -4.052351029367198, 0.9995035132629901, 0.4968800974578935, -0.23927971852235452, -0.43607623512321014, False
5.732123038565916, 4.124604430208455, 0.784517605491041, 0.4968800974578935, -0.23927971852235452, -0.43607623512321014, False
0.5739797792940733, -0.057968161614803115, -0.5195432637144255, 0.4968800974578935, -0.23927971852235452, -0.43607623512321014, False
2.58847602910385, 3.150977088634164, -2.163364447663072, 0.4968800974578935, -0.23927971852235452, -0.43607623512321014, False
3.3284830115351802, 0.14084006451612652, 2.9662488774229336, 0.4968800974578935, -0.23927971852235452, -0.43607623512321014, True
3.1565273350917504, -1.2072789895955989, 2.5117742980023134, 0.4968800974578935, -0.23927971852235452, -0.43607623512321014, False
4.1841671812335814, -4.948413144778799, 3.1371830769118167, 0.4968800974578935, -0.23927971852235452, -0.43607623512321014, True
-1.8130066307548987, -5.808987169376135, -0.8123514941278023, 0.4968800974578935, -0.23927971852235452, -0.43607623512321014, False
2.5454741932995475, -4.640903437937999, -0.7123200530055289, 0.4968800974578935, -0.23927971852235452, -0.43607623512321014, False
2.7050531112469365, -4.437348232293306, -1.834621555039642, 0.4968800974578935, -0.23927971852235452, -0.43607623512321014, False
3.572260241985635, 6.252238875297051, 2.2860902737116744, 0.4968800974578935, -0.23927971852235452, -0.43607623512321014, False
-1.1038083204085156, 1.5147572903209445, 0.7505754593048066, 0.4968800974578935, -0.23927971852235452, -0.43607623512321014, False
2.3694907257590003, -2.6265536457088055, -1.6500047733307412, 0.4968800974578935, -0.23927971852235452, -0.43607623512321014, False
-0.8838037468276685, -0.5662417407012557, -2.734087011719145, 0.4968800974578935, -0.23927971852235452, -0.43607623512321014, False
4.0774991201769435, -4.989160213597567, -0.9839774766134819, 0.4968800974578935, -0.23927971852235452, -0.43607623512321014, False
5.18054207209185, -5.374530968677711, -0.5641112143253908, 0.4968800974578935, -0.23927971852235452, -0.43607623512321014, False
-5.914121619797683, -2.0734118711457095, -1.567422145161134, 0.4968800974578935, -0.23927971852235452, -0.43607623512321014, False
0.037682821024496604, 5.1073919848010885, 1.6196238647033896, 0.4968800974578935, -0.23927971852235452, -0.43607623512321014, False
-4.286260481004993, 2.6143764386436015, -3.0499540479067213, 0.4968800974578935, -0.23927971852235452, -0.43607623512321014, True
-0.5260481084324988, -1.511039448159253, 1.438452441691842, 0.4968800974578935, -0.23927971852235452, -0.43607623512321014, False
-0.05795240097086918, 2.3384741535288374, 2.707592652519014, 0.4968800974578935, -0.23927971852235452, -0.43607623512321014, False
-5.304681129450929, -5.721048918853576, 2.4975903349497486, 0.4968800974578935, -0.23927971852235452, -0.43607623512321014, False
-4.581745492368988, -5.5023429783535365, 3.0388130294604236, 0.4968800974578935, -0.23927971852235452, -0.43607623512321014, True
-3.362536156770031, 3.5944165696484074, -1.5951169184987148, 0.4968800974578935, -0.23927971852235452, -0.43607623512321014, False
2.458360205965679, -0.9395722059539553, -1.3412731117420342, 0.4968800974578935, -0.23927971852235452, -0.43607623512321014, False
4.081657949047283, 5.761021684272517, 2.3613854986620844, 0.4968800974578935, -0.23927971852235452, -0.43607623512321014, False
1.4418220882047503, -1.6909542097423893, -2.6475546667601555, 0.4968800974578935, -0.23927971852235452, -0.43607623512321014, False
5.9896570639517925, -4.897974944993355, 1.8959532994225015, 0.4968800974578935, -0.23927971852235452, -0.43607623512321014, False
-1.389881678717769, 5.95364987584437, 0.25583664150388685, 0.4968800974578935, -0.23927971852235452, -0.43607623512321014, False
-3.004134659859087, 3.221388060280537, -0.08362218251826636, 0.4968800974578935, -0.23927971852235452, -0.43607623512321014, False
5.939071366710422, -4.2746075407016075, 1.1187408286928298, 0.4968800974578935, -0.23927971852235452, -0.43607623512321014, False
-1.2832714279657509, -0.22428510427202308, -1.358267116629344, 0.4968800974578935, -0.23927971852235452, -0.43607623512321014, False
-0.9648923519552275, 5.935923913513992, 1.0991074870968998, 0.4968800974578935, -0.23927971852235452, -0.43607623512321014, False
-5.768756826422477, -2.6293018557007164, 2.9951335057550654, 0.4968800974578935, -0.23927971852235452, -0.43607623512321014, True
-5.329725373620332, -4.31405128895473, 1.2486824669475203, 0.4968800974578935, -0.23927971852235452, -0.43607623512321014, False
1.5682480143251896, 2.412946663381879, 0.42038989422204365, 0.4968800974578935, -0.23927971852235452, -0.43607623512321014, False
2.404397666180939, 1.835272971017183, -0.812625819915215, 0.4968800974578935, -0.23927971852235452, -0.43607623512321014, False
-1.6559551403612467, -3.6697908367791197, 1.6813284825824706, 0.4968800974578935, -0.23927971852235452, -0.43607623512321014, False
