0.13518874140210269, 4.338207860640768, 2.702617758979791, 0.08297288681917792, -0.05758905666879066, -0.3311666270118182, False
1.1477635593752993, 5.02887750214661, -1.6061380578472437, 0.08297288681917792, -0.05758905666879066, -0.3311666270118182, False
3.2232230349813182, 0.9532907662319232, -1.2258624784802334, 0.08297288681917792, -0.05758905666879066, -0.3311666270118182, False
4.263956926161647, -5.330940609244239, 0.6566413394977202, 0.08297288681917792, -0.05758905666879066, -0.3311666270118182, False
-2.5970409960215335, 0.6224677156409157, 0.6000572692891399, 0.08297288681917792, -0.05758905666879066, -0.3311666270118182, False
2.213449243694651, 5.430508154409656, 1.9605275073896795, 0.08297288681917792, -0.05758905666879066, -0.3311666270118182, False
2.0637513088713497, -3.6776854973903452, -1.7968721795351392, 0.08297288681917792, -0.05758905666879066, -0.3311666270118182, True
-3.6052746731823238, 5.524719850064722, -1.9409057802988365, 0.08297288681917792, -0.05758905666879066, -0.3311666270118182, False
5.040357528131921, 4.789698607135129, -1.8232635915048507, 0.08297288681917792, -0.05758905666879066, -0.3311666270118182, False
-0.638902233043046, 4.80003924055279, -2.394532376909827, 0.08297288681917792, -0.05758905666879066, -0.3311666270118182, False
3.874118455482801, -4.3885578112229355, 0.37841424619926967, 0.08297288681917792, -0.05758905666879066, -0.3311666270118182, True
-4.72500917179123, 1.7154352004999538, 1.2174509483198692, 0.08297288681917792, -0.05758905666879066, -0.3311666270118182, True
-3.9723177843849444, -4.683160854694517, 0.9610879750931218, 0.08297288681917792, -0.05758905666879066, -0.3311666270118182, True
2.2845050239316667, -3.4411105554478807, -0.9470140186705964, 0.08297288681917792, -0.05758905666879066, -0.3311666270118182, False
-2.1045161304380375, -4.026386483933232, -3.1407676892639667, 0.08297288681917792, -0.05758905666879066, -0.3311666270118182, True
0.9352757985501992, 4.301762247535544, 1.26909746363118, 0.08297288681917792, -0.05758905666879066, -0.3311666270118182, False
0.8639485807126963, -1.6025252968555614, -2.9092695050380852, 0.08297288681917792, -0.05758905666879066, -0.3311666270118182, True
-6.074095967973308, -2.776976266473815, -1.0896444320093726, 0.08297288681917792, -0.05758905666879066, -0.3311666270118182, False
-1.9462044529651434, 5.046724136649271, 3.1047499560163683, 0.08297288681917792, -0.05758905666879066, -0.3311666270118182, True
1.4761575237797393, -0.06736388944761451, 1.5599055644115722, 0.08297288681917792, -0.05758905666879066, -0.3311666270118182, False
-1.4340520849404559, 3.7551720608532193, 1.0830355702065786, 0.08297288681917792, -0.05758905666879066, -0.3311666270118182, False
1.3289202177235122, -5.089808457717625, -1.4673687476244963, 0.08297288681917792, -0.05758905666879066, -0.3311666270118182, False
-5.474086496764241, 2.744607403018307, 0.2990018062325501, 0.08297288681917792, -0.05758905666879066, -0.3311666270118182, False
4.627981972871517, -0.624205550146625, -0.570238646383832, 0.08297288681917792, -0.05758905666879066, -0.3311666270118182, False
-4.406178681347972, -2.2526575239574402, 1.4174722303587917, 0.08297288681917792, -0.05758905666879066, -0.3311666270118182, False
3.256608135556144, -0.027445793177006017, -1.7561859935018957, 0.08297288681917792, -0.05758905666879066, -0.3311666270118182, False
-4.747778285133235, 3.3101130295114327, -0.9878338642544375, 0.08297288681917792, -0.05758905666879066, -0.3311666270118182, False
-2.6015402203623674, -5.390087759854824, -0.26551693618517547, 0.08297288681917792, -0.05758905666879066, -0.3311666270118182, False
5.130905226281634, -0.3814573086721307, -1.9932875339503877, 0.08297288681917792, -0.05758905666879066, -0.3311666270118182, False
-0.5889746034300813, -2.8627796938814183, -0.06942512910361431, 0.08297288681917792, -0.05758905666879066, -0.3311666270118182, False
-0.7262861845240112, -1.6799262586613244, 0.8715190182420045, 0.08297288681917792, -0.05758905666879066, -0.3311666270118182, False
-5.348149555592754, 3.585499540762795, -0.22049613727398354, 0.08297288681917792, -0.05758905666879066, -0.3311666270118182, False
-3.4767078789722348, 0.814815479758173, -2.5722528048993043, 0.08297288681917792, -0.05758905666879066, -0.3311666270118182, False
5.296559042402061, -5.232661751503581, 0.36358948811770464, 0.08297288681917792, -0.05758905666879066, -0.3311666270118182, True
-1.0523508004721824, 0.8072134876152699, -1.00845457429305, 0.08297288681917792, -0.05758905666879066, -0.3311666270118182, False
3.5383205668407616, -0.6141512846829675, -2.2656436433787386, 0.08297288681917792, -0.05758905666879066, -0.3311666270118182, False
-4.5048204515490555, 5.844774743128255, -3.069507601812921, 0.08297288681917792, -0.05758905666879066, -0.3311666270118182, True
3.234056820945902, -0.2777885122039736, 2.09863788688671, 0.08297288681917792, -0.05758905666879066, -0.3311666270118182, False
-1.6464374562433166, 1.02903196658845, 1.7611521832255876, 0.08297288681917792, -0.05758905666879066, -0.3311666270118182, True
5.376609550648103, -4.707050940916787, -1.8922465294211792, 0.08297288681917792, -0.05758905666879066, -0.3311666270118182, True
-1.8291539777685308, 0.4210918108426096, -1.4233956411258921, 0.08297288681917792, -0.05758905666879066, -0.3311666270118182, False
3.9131839909225956, -1.3598065194541684, -0.319294989171528, 0.08297288681917792, -0.05758905666879066, -0.3311666270118182, False
-1.3673596030308222, 3.2578687669836555, -1.4929490354351616, 0.08297288681917792, -0.05758905666879066, -0.3311666270118182, False
0.5271111845253236, 2.909271578581871, -1.2734058118969274, 0.08297288681917792, -0.05758905666879066, -0.3311666270118182, False
-1.6092492105136076, 4.396175828398999, 0.727338034874621, 0.08297288681917792, -0.05758905666879066, -0.3311666270118182, False
4.716653896587928, 1.5576629885990503, -0.6427513435450511, 0.08297288681917792, -0.05758905666879066, -0.3311666270118182, True
-2.671707069632525, -6.140197877096325, -1.7072856292786895, 0.08297288681917792, -0.05758905666879066, -0.3311666270118182, False
-6.063513547290674, 4.524559386432205, 2.903866561975194, 0.08297288681917792, -0.05758905666879066, -0.3311666270118182, True
-3.7465544170854157, -6.067691089664845, -2.965882747078449, 0.08297288681917792, -0.05758905666879066, -0.3311666270118182, True
-3.5327817437564986, 3.7926579596937717, 2.597898672603292, 0.08297288681917792, -0.05758905666879066, -0.3311666270118182, False
1.818565536522133, -4.608742188976886, -0.09351329703180733, 0.08297288681917792, -0.05758905666879066, -0.3311666270118182, True
-0.19995000464167045, 0.10350448425507697, 2.0134322007330274, 0.08297288681917792, -0.05758905666879066, -0.3311666270118182, True
-0.9873034015214754, -0.5363711369597279, -3.0129244118950935, 0.08297288681917792, -0.05758905666879066, -0.3311666270118182, True
1.3848749739858386, -3.904885726707996, 2.279627040327366, 0.08297288681917792, -0.05758905666879066, -0.3311666270118182, False
-0.34689684084162486, -0.5978168835291218, -1.6065590450114118, 0.08297288681917792, -0.05758905666879066, -0.3311666270118182, False
-0.37408673999306874, -2.180650205263463, 1.3676197174108093, 0.08297288681917792, -0.05758905666879066, -0.3311666270118182, False
-1.2262180299900836, 4.31904743290376, -0.6460158857488563, 0.08297288681917792, -0.05758905666879066, -0.3311666270118182, False
-3.5123905857639133, 2.0295049302999946, 0.4076963975471912, 0.08297288681917792, -0.05758905666879066, -0.3311666270118182, True
2.0315794211467644, 4.868272805080206, 1.767138030820961, 0.08297288681917792, -0.05758905666879066, -0.3311666270118182, False
2.3218295635338926, 4.337935580992719, -1.9139851363526779, 0.08297288681917792, -0.05758905666879066, -0.3311666270118182, False
5.626823765916022, -0.5898894115149158, 0.9778275212554917, 0.08297288681917792, -0.05758905666879066, -0.3311666270118182, False
2.0125192373982532, 5.250888541834055, -2.750677540768916, 0.08297288681917792, -0.05758905666879066, -0.3311666270118182, False
-6.093438843896905, 1.6058740263849716, 1.0509514669952535, 0.08297288681917792, -0.05758905666879066, -0.3311666270118182, True
0.13310336638121267, 2.8077377757005326, 0.7402783641487298, 0.08297288681917792, -0.05758905666879066, -0.3311666270118182, False
-0.07901109506744763, -4.711573152110259, -0.49246540077319256, 0.08297288681917792, -0.05758905666879066, -0.3311666270118182, True
1.2059534703683754, -5.03144831153322, 1.4439550356100623, 0.08297288681917792, -0.05758905666879066, -0.3311666270118182, True
-3.6872376742361657, -1.8559229377472803, -1.899688823954389, 0.08297288681917792, -0.05758905666879066, -0.3311666270118182, False
-2.990131343312419, -5.290515245573142, -2.3854172932572926, 0.08297288681917792, -0.05758905666879066, -0.3311666270118182, False
-4.2665045767786705, -5.064636239416547, 0.617201917990509, 0.08297288681917792, -0.05758905666879066, -0.3311666270118182, False
-4.728538044220069, -6.220918884918192, -0.5004989124792187, 0.08297288681917792, -0.05758905666879066, -0.3311666270118182, False
2.9944321829620435, -6.073140060085408, -2.829006250300596, 0.08297288681917792, -0.05758905666879066, -0.3311666270118182, False
-5.188490139428255, 1.3231507836701661, -0.2630146219996976, 0.08297288681917792, -0.05758905666879066, -0.3311666270118182, False
-0.39665328180806014, -0.17370340081647928, -2.3712458119246267, 0.08297288681917792, -0.05758905666879066, -0.3311666270118182, False
0.3183746580293665, 6.192035927300038, -2.3197987367973907, 0.08297288681917792, -0.05758905666879066, -0.3311666270118182, False
-0.27391752539520287, -5.032219138786589, 1.1943950447557254, 0.08297288681917792, -0.05758905666879066, -0.3311666270118182, True
1.5713529102492316, 5.998974532659748, -1.8488622317405703, 0.08297288681917792, -0.05758905666879066, -0.3311666270118182, False
-1.7174015414163417, -0.8403919149749166, 2.896975963654893, 0.08297288681917792, -0.05758905666879066, -0.3311666270118182, False
2.7601939721527113, 4.281649817549294, -1.3254425727824015, 0.08297288681917792, -0.05758905666879066, -0.3311666270118182, False
1.9448926051979445, 3.2188659733950935, 2.6978731530910487, 0.08297288681917792, -0.05758905666879066, -0.3311666270118182, False
-2.584861495459768, 0.43263181874875123, -1.180373945897921, 0.08297288681917792, -0.05758905666879066, -0.3311666270118182, False
-2.0416278156698278, -5.120357172875922, -1.4600795061183056, 0.08297288681917792, -0.05758905666879066, -0.3311666270118182, True
-2.228507550369261, -1.6176520711768774, 0.6628628091972515, 0.08297288681917792, -0.05758905666879066, -0.3311666270118182, False
2.4165243934860072, 2.8187997258732143, -0.27161699014545215, 0.08297288681917792, -0.05758905666879066, -0.3311666270118182, False
4.378778227981144, -3.904972489097726, 1.2878837496475875, 0.08297288681917792, -0.05758905666879066, -0.3311666270118182, False
-4.951434871836074, -2.430550871524331, 2.229065022801562, 0.08297288681917792, -0.05758905666879066, -0.3311666270118182, False
-3.3213301010823058, -3.2935872186852024, -2.578016943385692, 0.08297288681917792, -0.05758905666879066, -0.3311666270118182, False
2.648113703039124, 5.127003510081112, -2.1666713587635575, 0.08297288681917792, -0.05758905666879066, -0.3311666270118182, False
-5.072365495822397, 1.462912176083397, 2.722804095525083, 0.08297288681917792, -0.05758905666879066, -0.3311666270118182, True
-5.777093756110696, -5.52872983448823, -0.6472811673940337, 0.08297288681917792, -0.05758905666879066, -0.3311666270118182, False
-2.0644432878204455, -1.237216261407509, 0.1889945103107884, 0.08297288681917792, -0.05758905666879066, -0.3311666270118182, False
-3.4390873681747185, -0.11318755962582827, -0.30277112735150435, 0.08297288681917792, -0.05758905666879066, -0.3311666270118182, False
-3.3164971516042443, 3.5722862024048503, 0.06350711119086716, 0.08297288681917792, -0.05758905666879066, -0.3311666270118182, False
-2.6257884406233827, 0.8339535369027109, -0.027523428033960684, 0.08297288681917792, -0.05758905666879066, -0.3311666270118182, False
-5.458085299822212, 5.857347225922894, -2.8025665682758625, 0.08297288681917792, -0.05758905666879066, -0.3311666270118182, False
-2.68899681894983, 1.9708919805101015, 1.240232278299139, 0.08297288681917792, -0.05758905666879066, -0.3311666270118182, True
-1.5949075911740458, -0.8139104466464113, 0.3479336110291067, 0.08297288681917792, -0.05758905666879066, -0.3311666270118182, False
2.660481484106441, 2.5290565972593786, -2.8996379260803145, 0.08297288681917792, -0.05758905666879066, -0.3311666270118182, True
4.428845520311755, -2.75568422767216, -0.37004099332774043, 0.08297288681917792, -0.05758905666879066, -0.3311666270118182, False
-0.190572470363227, -4.331092571412977, 0.5122082462774076, 0.08297288681917792, -0.05758905666879066, -0.3311666270118182, False
-0.8782248476495758, -0.18813524760045208, 2.0788484230741133, 0.08297288681917792, -0.05758905666879066, -0.3311666270118182, False
