-0.4765724038336412, 2.870381037320561, 1.050217386980047, -0.29144074612671733, 0.1833909585267708, 0.5160803260293427, False
3.6332436452332466, 0.6020466275779315, -2.4335913002635676, -0.29144074612671733, 0.1833909585267708, 0.5160803260293427, False
-4.888863009475874, -4.473396361729971, 0.39960969184156214, -0.29144074612671733, 0.1833909585267708, 0.5160803260293427, False
3.188255557417248, -4.00962431221277, -3.023681425295081, -0.29144074612671733, 0.1833909585267708, 0.5160803260293427, True
-4.782102673574711, 0.6833556704274022, -0.30167397539244467, -0.29144074612671733, 0.1833909585267708, 0.5160803260293427, False
-0.46886103894203046, 5.784278965555236, -2.4560775392626457, -0.29144074612671733, 0.1833909585267708, 0.5160803260293427, False
3.979580769765869, 0.5719145674246411, -2.646607492125897, -0.29144074612671733, 0.1833909585267708, 0.5160803260293427, False
-1.887918605280844, 0.5773225747182602, -2.532196787920751, -0.29144074612671733, 0.1833909585267708, 0.5160803260293427, False
-4.852546718112434, 4.180612288619985, 1.8376769524730232, -0.29144074612671733, 0.1833909585267708, 0.5160803260293427, False
-5.571097644234265, -5.349723980993581, -1.797837417389736, -0.29144074612671733, 0.1833909585267708, 0.5160803260293427, False
1.2950006920429153, 5.392048962788859, 3.0879077157302044, -0.29144074612671733, 0.1833909585267708, 0.5160803260293427, True
5.916272249701597, -3.9279489024188874, 2.000548790569498, -0.29144074612671733, 0.1833909585267708, 0.5160803260293427, False
-1.5870348582511102, -2.9493190328516485, -2.281435312648821, -0.29144074612671733, 0.1833909585267708, 0.5160803260293427, False
-2.357143729197728, -2.5613916445668794, -1.631662686883999, -0.29144074612671733, 0.1833909585267708, 0.5160803260293427, False
-5.820101731693593, -4.0553870180853, -1.928043430914061, -0.29144074612671733, 0.1833909585267708, 0.5160803260293427, False
4.138853243935898, -1.1704042705055109, -2.361874390063063, -0.29144074612671733, 0.1833909585267708, 0.5160803260293427, False
6.046723275743714, -0.32908199655759685, -2.0485218450979223, -0.29144074612671733, 0.1833909585267708, 0.5160803260293427, False
-3.713789126236905, 2.892288854346031, 0.1520809130034917, -0.29144074612671733, 0.1833909585267708, 0.5160803260293427, False
1.8352818109338092, 5.00990829296844, 2.1660393026814893, -0.29144074612671733, 0.1833909585267708, 0.5160803260293427, True
-5.404286449633706, 3.6260445310975413, -3.107535078207825, -0.29144074612671733, 0.1833909585267708, 0.5160803260293427, True
0.4998835144086149, 4.378877802147315, 0.29936932511205727, -0.29144074612671733, 0.1833909585267708, 0.5160803260293427, True
-1.7587051935374962, -4.693170624534486, -2.3884150346073123, -0.29144074612671733, 0.1833909585267708, 0.5160803260293427, False
-1.1855941945722916, -2.144898892529296, -2.7109927261787203, -0.29144074612671733, 0.1833909585267708, 0.5160803260293427, False
-2.3505273875232873, 4.621765428539421, 1.4878175195208545, -0.29144074612671733, 0.1833909585267708, 0.5160803260293427, False
-5.616284613172612, -1.9931577419298039, 0.9645668627568567, -0.29144074612671733, 0.1833909585267708, 0.5160803260293427, True
1.92120505333936, -0.8068116398679077, -1.5795307895786435, -0.29144074612671733, 0.1833909585267708, 0.5160803260293427, True
3.231240090053099, 0.24000081126936923, -2.328474553198168, -0.29144074612671733, 0.1833909585267708, 0.5160803260293427, False
0.3992135973302231, -5.541471500862829, -0.15499634397208117, -0.29144074612671733, 0.1833909585267708, 0.5160803260293427, False
2.8505927300434433, -2.926022508059855, 2.480854936754727, -0.29144074612671733, 0.1833909585267708, 0.5160803260293427, False
-6.283082926633262, 1.9176937047812768, 0.1234625172506596, -0.29144074612671733, 0.1833909585267708, 0.5160803260293427, False
-4.06410298423164, -4.934938802938756, 1.7691410694329504, -0.29144074612671733, 0.1833909585267708, 0.5160803260293427, False
-3.8002419421707407, 4.05809262430447, 1.7793066103139408, -0.29144074612671733, 0.1833909585267708, 0.5160803260293427, False
5.6101301879773136, -3.7375580582924375, -2.0717056873840622, -0.29144074612671733, 0.1833909585267708, 0.5160803260293427, False
4.5199333736824805, -1.1004338127128248, -2.327483540603988, -0.29144074612671733, 0.1833909585267708, 0.5160803260293427, False
-2.3739845045023418, -2.3293168347250113, -1.6182169022182824, -0.29144074612671733, 0.1833909585267708, 0.5160803260293427, False
5.504293541445824, 4.12413167362387, 3.062731869533306, -0.29144074612671733, 0.1833909585267708, 0.5160803260293427, True
-5.161957215324145, 3.8273417526716518, -2.32817598489857, -0.29144074612671733, 0.1833909585267708, 0.5160803260293427, False
-0.522456232662929, 1.0384110916258305, -0.23876552750101387, -0.29144074612671733, 0.1833909585267708, 0.5160803260293427, False
5.65755370318657, -3.5303835164442052, -0.13997078153567788, -0.29144074612671733, 0.1833909585267708, 0.5160803260293427, False
-3.236322380495344, -5.89741448524022, -0.5172269497757571, -0.29144074612671733, 0.1833909585267708, 0.5160803260293427, False
-5.665803756181662, 5.704941735556803, -0.25301617485958827, -0.29144074612671733, 0.1833909585267708, 0.5160803260293427, False
-4.781286315857633, -0.9582693449368582, -1.5821856999008705, -0.29144074612671733, 0.1833909585267708, 0.5160803260293427, False
1.22315598287451, -5.240869736348347, -1.8169309014507846, -0.29144074612671733, 0.1833909585267708, 0.5160803260293427, False
-5.678261395886387, -3.8870785745354333, -3.1289039144699093, -0.29144074612671733, 0.1833909585267708, 0.5160803260293427, True
-5.671724620269637, 4.112450880015542, -0.8738432146177417, -0.29144074612671733, 0.1833909585267708, 0.5160803260293427, False
-3.965626054863931, -1.7792642705258874, -1.9943828699670663, -0.29144074612671733, 0.1833909585267708, 0.5160803260293427, False
3.022069591431263, 1.2918019072102593, -1.647333027871562, -0.29144074612671733, 0.1833909585267708, 0.5160803260293427, False
-6.0581151883154085, 6.223784025176656, -0.784102463287272, -0.29144074612671733, 0.1833909585267708, 0.5160803260293427, False
-3.956865737276204, 1.124231007186685, -2.7233460899745294, -0.29144074612671733, 0.1833909585267708, 0.5160803260293427, False
6.281081011946895, -1.4412264100662169, -0.8764845363590408, -0.29144074612671733, 0.1833909585267708, 0.5160803260293427, False
-5.637251843547256, -4.819483459826588, -0.6115630804048688, -0.29144074612671733, 0.1833909585267708, 0.5160803260293427, False
-3.3531057305440055, -3.9105220777961316, -1.0025797936080014, -0.29144074612671733, 0.1833909585267708, 0.5160803260293427, False
0.26893179597178385, -4.670604459636437, -2.0319791968531433, -0.29144074612671733, 0.1833909585267708, 0.5160803260293427, False
-3.019323285383133, 1.5511137933899475, -1.3364972849486993, -0.29144074612671733, 0.1833909585267708, 0.5160803260293427, False
-4.952285628423617, 5.1648331025794665, 0.640638526220664, -0.29144074612671733, 0.1833909585267708, 0.5160803260293427, False
-0.5674342070648448, -2.8569059712364173, -3.070507249108492, -0.29144074612671733, 0.1833909585267708, 0.5160803260293427, True
-2.925676176682284, -2.9320063143617636, -2.2324943224287646, -0.29144074612671733, 0.1833909585267708, 0.5160803260293427, False
-4.496017686933115, -3.143097470124161, 2.1074847654725897, -0.29144074612671733, 0.1833909585267708, 0.5160803260293427, False
-1.1364663735946348, -0.6191374602896884, -1.9486757098659544, -0.29144074612671733, 0.1833909585267708, 0.5160803260293427, False
-5.115434083336366, 4.6754312077366045, -0.6448388310882898, -0.29144074612671733, 0.1833909585267708, 0.5160803260293427, False
1.8686224105544227, -2.4237399494985983, -2.612201569836888, -0.29144074612671733, 0.1833909585267708, 0.5160803260293427, False
-0.9026219013818277, 2.4008569459913485, -0.9212946846740278, -0.29144074612671733, 0.1833909585267708, 0.5160803260293427, False
1.674632669205388, 1.3698702992121046, -1.2811888171831594, -0.29144074612671733, 0.1833909585267708, 0.5160803260293427, False
3.5578681648421835, -3.96366336730768, 2.0476666539698023, -0.29144074612671733, 0.1833909585267708, 0.5160803260293427, False
2.8637919818915964, -1.8655210653793244, 2.478565062518089, -0.29144074612671733, 0.1833909585267708, 0.5160803260293427, False
2.614656844312364, 0.3085377857251439, 2.1918856666678526, -0.29144074612671733, 0.1833909585267708, 0.5160803260293427, False
-2.4356329198402786, -4.907116997222847, -2.798723327419296, -0.29144074612671733, 0.1833909585267708, 0.5160803260293427, False
-1.6691578760651193, 2.95720788855564, -0.7873600016427162, -0.29144074612671733, 0.1833909585267708, 0.5160803260293427, False
3.5317544415716497, 0.5049586186420312, -0.48404275248447837, -0.29144074612671733, 0.1833909585267708, 0.5160803260293427, False
-5.439846994722358, -3.941589105031172, -1.9270285258929425, -0.29144074612671733, 0.1833909585267708, 0.5160803260293427, False
0.21212564763611308, -1.9450716206928265, 2.1668591833188273, -0.29144074612671733, 0.1833909585267708, 0.5160803260293427, True
5.1163503714045895, 2.5912979087594863, 1.4087545674941984, -0.29144074612671733, 0.1833909585267708, 0.5160803260293427, False
2.523721853191404, -5.05030988811209, 0.7750147454890275, -0.29144074612671733, 0.1833909585267708, 0.5160803260293427, False
6.162308843097625, 3.1611046780070247, -1.6380852827164691, -0.29144074612671733, 0.1833909585267708, 0.5160803260293427, False
0.4753614919206237, -2.4848994660795887, -1.799455973617563, -0.29144074612671733, 0.1833909585267708, 0.5160803260293427, False
-2.4609327155447787, -4.2415108280834115, 1.529574707134583, -0.29144074612671733, 0.1833909585267708, 0.5160803260293427, False
-0.2540738927209638, -2.9949134347129123, 1.571734169317268, -0.29144074612671733, 0.1833909585267708, 0.5160803260293427, True
-3.0032760813355144, -5.574997592173418, 1.5607956763581408, -0.29144074612671733, 0.1833909585267708, 0.5160803260293427, False
-0.16790713751926312, -4.517250639166494, 0.49920915387767373, -0.29144074612671733, 0.1833909585267708, 0.5160803260293427, False
1.0344362824579987, 1.7215297943948809, 2.5935434718643515, -0.29144074612671733, 0.1833909585267708, 0.5160803260293427, False
-6.271844809978599, -1.0993908988629872, 1.309256577574419, -0.29144074612671733, 0.1833909585267708, 0.5160803260293427, False
-5.718619738507248, -4.711553138243846, -0.760952517425658, -0.29144074612671733, 0.1833909585267708, 0.5160803260293427, False
-1.590583146324298, -2.3811519512885693, -1.5584418686843469, -0.29144074612671733, 0.1833909585267708, 0.5160803260293427, False
-3.466550743388237, 5.8590013593763, -0.4491763092697836, -0.29144074612671733, 0.1833909585267708, 0.5160803260293427, False
-3.0599600439427737, -4.429796253558552, -1.1429624566435794, -0.29144074612671733, 0.1833909585267708, 0.5160803260293427, False
-5.611583432270338, -5.434826506121685, -1.3653045288063947, -0.29144074612671733, 0.1833909585267708, 0.5160803260293427, False
-2.6647857993070656, 3.905049615389686, -2.969784256310866, -0.29144074612671733, 0.1833909585267708, 0.5160803260293427, True
2.7289293289073164, 3.151270593284158, -1.2476782191743896, -0.29144074612671733, 0.1833909585267708, 0.5160803260293427, False
0.2387463306128934, -2.1052610503022153, -3.119812698973018, -0.29144074612671733, 0.1833909585267708, 0.5160803260293427, True
4.3598735194888185, 5.00859482472733, -1.5251411264425965, -0.29144074612671733, 0.1833909585267708, 0.5160803260293427, False
-5.831340482974485, 0.2883732977951734, 0.7294066989807422, -0.29144074612671733, 0.1833909585267708, 0.5160803260293427, False
-0.12491848222558222, -4.568298428108568, -2.8949865956960434, -0.29144074612671733, 0.1833909585267708, 0.5160803260293427, True
3.6804349959487794, 5.8414832333319175, -0.675121584305534, -0.29144074612671733, 0.1833909585267708, 0.5160803260293427, False
0.6452235204205587, 6.088182271468629, 0.5955464538945487, -0.29144074612671733, 0.1833909585267708, 0.5160803260293427, False
2.2551885518521413, -0.49176165018073004, 1.6098449173398723, -0.29144074612671733, 0.1833909585267708, 0.5160803260293427, False
-0.367184803552254, -5.41482812615917, -1.541228142859573, -0.29144074612671733, 0.1833909585267708, 0.5160803260293427, False
-2.215928721310469, -5.357548735407798, 2.5622087216182043, -0.29144074612671733, 0.1833909585267708, 0.5160803260293427, False
2.9682415207460267, 1.437675349907904, 2.511833238066945, -0.29144074612671733, 0.1833909585267708, 0.5160803260293427, False
-3.9389850515156004, 5.622578821781854, 0.19377891263462566, -0.29144074612671733, 0.1833909585267708, 0.5160803260293427, True
5.840558927074408, -1.579681562806445, 2.263643229320726, -0.29144074612671733, 0.1833909585267708, 0.5160803260293427, False
1.6185661137116716, 0.27945706084293676, -2.990396162771705, -0.29144074612671733, 0.1833909585267708, 0.5160803260293427, True
-0.887031774705437, -0.08457183986883177, -1.666022278340768, -0.29144074612671733, 0.1833909585267708, 0.5160803260293427, False
5.954552997892646, 4.224610390025928, 3.0624034311320756, -0.29144074612671733, 0.1833909585267708, 0.5160803260293427, True
2.2584702272497257, 3.844797576744707, -2.8406999156900556, -0.29144074612671733, 0.1833909585267708, 0.5160803260293427, False
4.004235078400409, 4.780106886518183, -2.926563155005585, -0.29144074612671733, 0.1833909585267708, 0.5160803260293427, True
-2.536478523756523, 0.23314453245601996, -2.8739340848168546, -0.29144074612671733, 0.1833909585267708, 0.5160803260293427, True
-5.51161384873161, -4.785037157607764, -0.599884088142415, -0.29144074612671733, 0.1833909585267708, 0.5160803260293427, False
-4.1279037756044445, 2.7702357759986693, 1.92570830942413, -0.29144074612671733, 0.1833909585267708, 0.5160803260293427, False
-4.614391279846682, 3.508458945196036, -1.922271593337104, -0.29144074612671733, 0.1833909585267708, 0.5160803260293427, False
-2.5660071164962925, -0.11374495979260235, 0.7356733533220146, -0.29144074612671733, 0.1833909585267708, 0.5160803260293427, False
-5.125796046339881, 1.2570073910276367, -0.6680734746746291, -0.29144074612671733, 0.1833909585267708, 0.5160803260293427, False
4.922869466766716, -2.975823926751477, -2.8600333331165215, -0.29144074612671733, 0.1833909585267708, 0.5160803260293427, True
-2.04639963828663, -1.8979925733261336, -1.9111616768271462, -0.29144074612671733, 0.1833909585267708, 0.5160803260293427, False
2.6247210289550633, -4.693343054873328, -0.40757403407731285, -0.29144074612671733, 0.1833909585267708, 0.5160803260293427, False
-5.36126137990455, -1.5930697338928548, -1.0903565216918976, -0.29144074612671733, 0.1833909585267708, 0.5160803260293427, False
-1.9303103565896196, 5.918069916833936, -1.9436283359707052, -0.29144074612671733, 0.1833909585267708, 0.5160803260293427, False
-5.272373615980785, 3.9313795508587965, -1.7947547384560987, -0.29144074612671733, 0.1833909585267708, 0.5160803260293427, False
2.8008630163650547, -6.204562815975433, 1.969628881703792, -0.29144074612671733, 0.1833909585267708, 0.5160803260293427, False
-1.6267433546984744, -2.3982970646645705, -0.22936454178533872, -0.29144074612671733, 0.1833909585267708, 0.5160803260293427, False
4.479337075438064, -5.959358244005056, 2.169289153538024, -0.29144074612671733, 0.1833909585267708, 0.5160803260293427, False
-1.1462495008137328, 2.505306402190607, -2.941253344640384, -0.29144074612671733, 0.1833909585267708, 0.5160803260293427, True
5.230250196091037, -5.811468060199485, -2.434547236115201, -0.29144074612671733, 0.1833909585267708, 0.5160803260293427, False
3.49195649872234, -0.4220825181413552, 0.12287566566820196, -0.29144074612671733, 0.1833909585267708, 0.5160803260293427, False
2.5576769189013397, 1.6197277143982918, -1.7237313691425964, -0.29144074612671733, 0.1833909585267708, 0.5160803260293427, False
1.8594586166614402, 4.900626866372853, 0.8893404428664766, -0.29144074612671733, 0.1833909585267708, 0.5160803260293427, True
-2.924714668949178, -1.5210744309470527, -1.486833531348869, -0.29144074612671733, 0.1833909585267708, 0.5160803260293427, False
5.5887978157750275, 4.231044055779233, 2.9988525317327275, -0.29144074612671733, 0.1833909585267708, 0.5160803260293427, True
-1.3735602439480683, -3.009022087320806, 0.42622521076465425, -0.29144074612671733, 0.1833909585267708, 0.5160803260293427, False
-2.967667008207172, 0.5743982338674183, -0.927775884328407, -0.29144074612671733, 0.1833909585267708, 0.5160803260293427, False
-2.2459957130857022, 5.631556570297684, -1.559326901084187, -0.29144074612671733, 0.1833909585267708, 0.5160803260293427, False
4.367638238346856, 0.43190663557376663, -0.4614262616535707, -0.29144074612671733, 0.1833909585267708, 0.5160803260293427, False
5.521589875719934, -6.063707458178707, 1.821349831215711, -0.29144074612671733, 0.1833909585267708, 0.5160803260293427, False
4.192942843715855, 0.6916614493238367, -3.0789914013180764, -0.29144074612671733, 0.1833909585267708, 0.5160803260293427, True
5.961651285127418, 4.423469175172592, -2.338217470707433, -0.29144074612671733, 0.1833909585267708, 0.5160803260293427, True
-1.7238170865138107, -5.691285178006072, 0.9419766183911298, -0.29144074612671733, 0.1833909585267708, 0.5160803260293427, False
-6.1962672996189925, 1.4556375809900741, -0.5404799533653373, -0.29144074612671733, 0.1833909585267708, 0.5160803260293427, False
4.0732186609000856, 4.905116496444737, 1.5669692647289226, -0.29144074612671733, 0.1833909585267708, 0.5160803260293427, False
5.087975811969919, 3.1475821168426705, 2.3126713351412302, -0.29144074612671733, 0.1833909585267708, 0.5160803260293427, False
-6.215554684148012, -1.5384341792744376, -2.285275420529237, -0.29144074612671733, 0.1833909585267708, 0.5160803260293427, False
-5.630601566259815, 5.804117614869465, 3.120611524230987, -0.29144074612671733, 0.1833909585267708, 0.5160803260293427, True
-5.186077655467964, -4.885490285057474, -0.6179614227168813, -0.29144074612671733, 0.1833909585267708, 0.5160803260293427, False
-0.6773768967892533, -0.2862808196461426, -2.781339740351842, -0.29144074612671733, 0.1833909585267708, 0.5160803260293427, False
-0.7464381155888029, 1.0169769128742123, 0.1784424204267978, -0.29144074612671733, 0.1833909585267708, 0.5160803260293427, False
-3.3140596916905607, 1.921468946184902, 0.9272487451745324, -0.29144074612671733, 0.1833909585267708, 0.5160803260293427, False
-2.9439892092877438, -0.6641421419015847, 2.5659956401089845, -0.29144074612671733, 0.1833909585267708, 0.5160803260293427, False
-4.870675070176399, -3.8924212499245856, -1.0433102450786467, -0.29144074612671733, 0.1833909585267708, 0.5160803260293427, False
0.17691694252179246, -1.9957048607258914, -0.16605515063707932, -0.29144074612671733, 0.1833909585267708, 0.5160803260293427, True
2.89603775215952, -5.949826942853873, 2.5576354306461226, -0.29144074612671733, 0.1833909585267708, 0.5160803260293427, False
4.846291038906532, -2.436705974328398, 0.6458814390813465, -0.29144074612671733, 0.1833909585267708, 0.5160803260293427, False
1.401764422118804, 4.805113301742109, 1.550637356744029, -0.29144074612671733, 0.1833909585267708, 0.5160803260293427, True
-3.2351822663391117, -3.473303197540843, -0.05935386689598943, -0.29144074612671733, 0.1833909585267708, 0.5160803260293427, False
2.0385119515383536, 1.6344851714014093, -2.4203885442342736, -0.29144074612671733, 0.1833909585267708, 0.5160803260293427, False
-2.3806229752003163, 5.611949898056137, 2.0769349063399236, -0.29144074612671733, 0.1833909585267708, 0.5160803260293427, False
0.8256733995449954, -2.3937944707010312, -0.11809536029482226, -0.29144074612671733, 0.1833909585267708, 0.5160803260293427, False
-4.257078088483453, 3.332688447646989, 0.5832802575233798, -0.29144074612671733, 0.1833909585267708, 0.5160803260293427, False
2.5783591467600075, 5.69322706695098, 2.3663723089253477, -0.29144074612671733, 0.1833909585267708, 0.5160803260293427, False
-0.5200072843724932, -4.251403855564027, -0.23902492047044088, -0.29144074612671733, 0.1833909585267708, 0.5160803260293427, False
-5.622745587765687, -4.495999461392779, 1.6763210563310738, -0.29144074612671733, 0.1833909585267708, 0.5160803260293427, False
3.705832068748297, 2.6467204375591304, 0.1051465255647277, -0.29144074612671733, 0.1833909585267708, 0.5160803260293427, False
-2.8915934489415167, 3.1270177219992803, -1.5108957937586829, -0.29144074612671733, 0.1833909585267708, 0.5160803260293427, False
-0.907398899603864, 0.46635020561741225, 1.4261395427772445, -0.29144074612671733, 0.1833909585267708, 0.5160803260293427, False
0.351594362820002, -6.266764008194853, 0.6569504506503048, -0.29144074612671733, 0.1833909585267708, 0.5160803260293427, False
-1.6539850594395658, -3.98579547754316, 1.421227290175766, -0.29144074612671733, 0.1833909585267708, 0.5160803260293427, False
-3.878451389180045, -5.241789710936675, 1.6847180801785075, -0.29144074612671733, 0.1833909585267708, 0.5160803260293427, False
2.468175329279571, 4.306856447260907, -2.230278499852983, -0.29144074612671733, 0.1833909585267708, 0.5160803260293427, False
-2.909965985373669, 3.664922007427819, 1.015047317174223, -0.29144074612671733, 0.1833909585267708, 0.5160803260293427, False
5.968864044147383, -1.3938406388758109, -1.6001611601007821, -0.29144074612671733, 0.1833909585267708, 0.5160803260293427, True
-2.5081669746438284, -1.2431345525514974, 2.2586219251203614, -0.29144074612671733, 0.1833909585267708, 0.5160803260293427, False
0.9577174199473806, -6.065860089866029, 3.14142830397656, -0.29144074612671733, 0.1833909585267708, 0.5160803260293427, True
2.573284599900923, -2.1894698635931498, -1.1085356097200392, -0.29144074612671733, 0.1833909585267708, 0.5160803260293427, False
-5.985069789346954, 1.2889848058564182, 1.2394450423051673, -0.29144074612671733, 0.1833909585267708, 0.5160803260293427, False
4.008394408747096, -4.144833965021105, 0.4338452797358734, -0.29144074612671733, 0.1833909585267708, 0.5160803260293427, False
3.245535878157611, -0.0470739834500602, 0.5696393012578285, -0.29144074612671733, 0.1833909585267708, 0.5160803260293427, False
3.973088056625654, -1.790852434265311, -1.8307339280792938, -0.29144074612671733, 0.1833909585267708, 0.5160803260293427, False
5.813739956890064, 5.665447912922126, -1.3324391839377858, -0.29144074612671733, 0.1833909585267708, 0.5160803260293427, False
4.718353532290719, 4.10930383636121, -2.2837736866703087, -0.29144074612671733, 0.1833909585267708, 0.5160803260293427, False
4.372036911409939, 6.215945085711651, -2.9889718620980537, -0.29144074612671733, 0.1833909585267708, 0.5160803260293427, True
5.935751080700539, -3.1150759616312262, -2.379042796294082, -0.29144074612671733, 0.1833909585267708, 0.5160803260293427, False
-1.1736892964895045, 3.162794675699775, -1.1835983840954634, -0.29144074612671733, 0.1833909585267708, 0.5160803260293427, False
4.590229882267511, -1.0595185706613277, 2.660492359900277, -0.29144074612671733, 0.1833909585267708, 0.5160803260293427, False
-4.26505537438929, -1.591068228606833, -2.843424814496091, -0.29144074612671733, 0.1833909585267708, 0.5160803260293427, False
-1.7268316876621705, -1.2908823485996974, -2.5607245369488107, -0.29144074612671733, 0.1833909585267708, 0.5160803260293427, False
-3.4167436710417203, -0.9926102030173709, -0.8792414486090054, -0.29144074612671733, 0.1833909585267708, 0.5160803260293427, True
4.5802934792577386, 1.387832548810188, 2.693631076141905, -0.29144074612671733, 0.1833909585267708, 0.5160803260293427, False
-5.711692119522404, -2.1896038857683484, 2.3360780518758606, -0.29144074612671733, 0.1833909585267708, 0.5160803260293427, False
3.8640484273086386, 1.9352624321272156, 0.9498654634152075, -0.29144074612671733, 0.1833909585267708, 0.5160803260293427, False
-1.4065284021136888, -4.502023651656563, 2.9466426834495785, -0.29144074612671733, 0.1833909585267708, 0.5160803260293427, True
-2.955184936088904, 1.3467556672892078, -3.021720665271, -0.29144074612671733, 0.1833909585267708, 0.5160803260293427, True
-3.673425868009756, 6.044950932004145, -0.60523131584609, -0.29144074612671733, 0.1833909585267708, 0.5160803260293427, False
3.0129006967474723, 3.843238259214864, 2.656927436255505, -0.29144074612671733, 0.1833909585267708, 0.5160803260293427, False
-3.647997073540786, -1.4584280724141196, 1.8335950074463732, -0.29144074612671733, 0.1833909585267708, 0.5160803260293427, True
4.276194503039555, -5.812027826231701, -2.0182079601895255, -0.29144074612671733, 0.1833909585267708, 0.5160803260293427, False
-1.7155254316892794, -6.006218683151432, -0.7207074885237255, -0.29144074612671733, 0.1833909585267708, 0.5160803260293427, False
-3.12666693049836, 5.115490648576285, -0.5421827205336891, -0.29144074612671733, 0.1833909585267708, 0.5160803260293427, False
-3.347119186959205, -2.7856905127889853, -0.5820360924498598, -0.29144074612671733, 0.1833909585267708, 0.5160803260293427, False
-0.162967051984249, -3.546575813215098, -3.098565934923211, -0.29144074612671733, 0.1833909585267708, 0.5160803260293427, True
4.048629534075944, -3.134086637784928, -1.667225358310476, -0.29144074612671733, 0.1833909585267708, 0.5160803260293427, False
2.1823896527297446, -5.9352402164931295, 0.6799761900067374, -0.29144074612671733, 0.1833909585267708, 0.5160803260293427, False
3.2815085226459235, -3.8607742199965664, -3.027773660722209, -0.29144074612671733, 0.1833909585267708, 0.5160803260293427, True
-2.580545969272421, -1.4560647994859108, 1.866838475821825, -0.29144074612671733, 0.1833909585267708, 0.5160803260293427, False
