-1.1616197317666774, -2.1463444403309238, 0.6090151122663827, -0.4750788340582919, 0.4313297147949424, -0.007968241336442583, False
-2.833070506474393, -0.8670690772491572, -0.0870638018871599, -0.4750788340582919, 0.4313297147949424, -0.007968241336442583, False
5.211293523665933, -3.5202901429661675, -2.606182910098185, -0.4750788340582919, 0.4313297147949424, -0.007968241336442583, False
4.357230998359549, -5.440884922109973, 0.11153874274712328, -0.4750788340582919, 0.4313297147949424, -0.007968241336442583, False
-2.8915745542870455, 3.198619163784528, -1.076210000257984, -0.4750788340582919, 0.4313297147949424, -0.007968241336442583, False
5.914406111152932, -4.394490182250234, 1.3598371827571105, -0.4750788340582919, 0.4313297147949424, -0.007968241336442583, False
5.401092280535227, 4.872572690184285, 0.21791606404432828, -0.4750788340582919, 0.4313297147949424, -0.007968241336442583, False
2.3243519789887603, 3.8686239625738743, -1.7999209448354156, -0.4750788340582919, 0.4313297147949424, -0.007968241336442583, False
5.1144712841711915, -0.6042269916587122, 1.588684658300057, -0.4750788340582919, 0.4313297147949424, -0.007968241336442583, False
0.948499303200431, 3.162829196417631, 0.5762002475165571, -0.4750788340582919, 0.4313297147949424, -0.007968241336442583, False
4.53366664722207, -0.27418825328871055, 1.6988907007923428, -0.4750788340582919, 0.4313297147949424, -0.007968241336442583, False
1.496041821139917, -4.05362130029588, -0.8380022029520702, -0.4750788340582919, 0.4313297147949424, -0.007968241336442583, False
0.12159328252375978, 5.34667617901877, 2.9300529012035064, -0.4750788340582919, 0.4313297147949424, -0.007968241336442583, True
0.4219588598142199, -1.5117523756195892, -1.1738157455262115, -0.4750788340582919, 0.4313297147949424, -0.007968241336442583, False
-2.0108246345782437, 0.036192754309913866, 2.8119443963177337, -0.4750788340582919, 0.4313297147949424, -0.007968241336442583, False
-1.9384503958485837, -4.908536923522564, 0.9353382980629474, -0.4750788340582919, 0.4313297147949424, -0.007968241336442583, False
2.6905353988169516, 5.297353325001284, -1.8362621303932303, -0.4750788340582919, 0.4313297147949424, -0.007968241336442583, False
-3.5748542584025467, -2.6428180574774505, -2.6345631567147314, -0.4750788340582919, 0.4313297147949424, -0.007968241336442583, False
3.9862765120656274, 0.10596175854702672, 0.6656753106387185, -0.4750788340582919, 0.4313297147949424, -0.007968241336442583, False
-5.207104320683582, 3.3366894768439845, -3.0281446677231023, -0.4750788340582919, 0.4313297147949424, -0.007968241336442583, True
3.2273703920732117, 2.9605017165403673, -1.1572486413674208, -0.4750788340582919, 0.4313297147949424, -0.007968241336442583, False
-4.443061609507339, -1.6266472170651616, -2.184335805312571, -0.4750788340582919, 0.4313297147949424, -0.007968241336442583, False
3.5562836114330114, -5.040838226222042, 1.8973556155526214, -0.4750788340582919, 0.4313297147949424, -0.007968241336442583, False
-1.8503575521559936, 1.66216170946762, -0.6520512481757228, -0.4750788340582919, 0.4313297147949424, -0.007968241336442583, False
3.286331599645422, -5.715886822838667, 0.933541428974098, -0.4750788340582919, 0.4313297147949424, -0.007968241336442583, False
-5.944749326314161, -3.4613577288568407, -0.6505494932817553, -0.4750788340582919, 0.4313297147949424, -0.007968241336442583, False
-3.3143088275530177, -3.928044535496239, -3.067657435973139, -0.4750788340582919, 0.4313297147949424, -0.007968241336442583, True
-2.7266738229330114, 6.151444211137608, -0.8854191125201929, -0.4750788340582919, 0.4313297147949424, -0.007968241336442583, False
-3.8952414989064037, -1.2295771328586902, -1.3009329272339454, -0.4750788340582919, 0.4313297147949424, -0.007968241336442583, False
2.3011351027000106, 5.0301120278200155, 1.8016431015027976, -0.4750788340582919, 0.4313297147949424, -0.007968241336442583, False
-4.679061618124238, 2.6740301465288, 0.39245494864117125, -0.4750788340582919, 0.4313297147949424, -0.007968241336442583, False
-4.3425327497574315, -5.082922509002774, -2.495789626308266, -0.4750788340582919, 0.4313297147949424, -0.007968241336442583, False
0.6243172649382425, 0.5086950016498539, 3.0821441506284373, -0.4750788340582919, 0.4313297147949424, -0.007968241336442583, True
0.7926189122678169, 4.960868525414421, -1.8248537579125623, -0.4750788340582919, 0.4313297147949424, -0.007968241336442583, False
5.181046653530311, -0.5252691083945358, 2.057787388394588, -0.4750788340582919, 0.4313297147949424, -0.007968241336442583, False
-5.550403074390973, 1.1235404210769557, -1.6541123695126583, -0.4750788340582919, 0.4313297147949424, -0.007968241336442583, False
-1.2981810204212758, 5.215316754347224, -2.687725102397401, -0.4750788340582919, 0.4313297147949424, -0.007968241336442583, False
0.2612735150588259, 1.313673523846469, -1.8333637244311207, -0.4750788340582919, 0.4313297147949424, -0.007968241336442583, False
-4.357801543503773, 6.062939492233486, -0.19901214742919215, -0.4750788340582919, 0.4313297147949424, -0.007968241336442583, False
-5.697964254924427, 3.816196052218066, 1.1914977548765568, -0.4750788340582919, 0.4313297147949424, -0.007968241336442583, False
1.3180067701757316, -3.630470063668841, 1.7371557198072232, -0.4750788340582919, 0.4313297147949424, -0.007968241336442583, False
2.3765369653599677, -2.222344116020844, -1.1772650162370226, -0.4750788340582919, 0.4313297147949424, -0.007968241336442583, False
-5.323564557712956, 4.4050264331433375, -1.727119953610981, -0.4750788340582919, 0.4313297147949424, -0.007968241336442583, False
2.3327362326347068, -3.3713204346608485, -1.038556701748326, -0.4750788340582919, 0.4313297147949424, -0.007968241336442583, False
5.806600460765342, 5.9913770218999804, 1.097695293242058, -0.4750788340582919, 0.4313297147949424, -0.007968241336442583, False
-0.3789183037167083, 5.1016574321646395, -1.5392725737436148, -0.4750788340582919, 0.4313297147949424, -0.007968241336442583, False
1.940674732311452, 6.148149370656306, 2.6882593918377786, -0.4750788340582919, 0.4313297147949424, -0.007968241336442583, False
-0.6756870942610735, -4.971451168380752, -0.1237404523413983, -0.4750788340582919, 0.4313297147949424, -0.007968241336442583, False
4.700674078757681, 3.1944708822260015, -0.12835706445480488, -0.4750788340582919, 0.4313297147949424, -0.007968241336442583, False
5.703776411524759, -3.5654056354667385, 2.6448374633825855, -0.4750788340582919, 0.4313297147949424, -0.007968241336442583, False
-4.507150281973059, 0.31530681973083663, -0.8536782918267609, -0.4750788340582919, 0.4313297147949424, -0.007968241336442583, False
-5.33558697909451, -1.5239606242810506, -1.73754053300961, -0.4750788340582919, 0.4313297147949424, -0.007968241336442583, False
-5.53925215019567, -4.571547152107035, 0.050975683385575454, -0.4750788340582919, 0.4313297147949424, -0.007968241336442583, False
-1.8900951861399236, 5.591375876728028, 2.1479562458324093, -0.4750788340582919, 0.4313297147949424, -0.007968241336442583, False
0.9326592160601743, 5.803796476591383, -0.6843359666613349, -0.4750788340582919, 0.4313297147949424, -0.007968241336442583, False
-2.0785248756974495, 0.7162627189922501, 0.8124543601029379, -0.4750788340582919, 0.4313297147949424, -0.007968241336442583, False
2.888725491354384, -5.964175106540963, -2.1232388797199664, -0.4750788340582919, 0.4313297147949424, -0.007968241336442583, False
-1.8732895306013795, 3.8679007036689175, 1.399103459315774, -0.4750788340582919, 0.4313297147949424, -0.007968241336442583, False
1.2730306176382946, 1.077897153506803, -3.0384847637114696, -0.4750788340582919, 0.4313297147949424, -0.007968241336442583, True
-3.6054699646946387, -2.121862692938665, -1.6717027842002339, -0.4750788340582919, 0.4313297147949424, -0.007968241336442583, False
-0.40369190777704844, -1.7611640844719219, 3.036212111300032, -0.4750788340582919, 0.4313297147949424, -0.007968241336442583, True
1.06070461303743, -5.4774981066016535, 0.8805712492316911, -0.4750788340582919, 0.4313297147949424, -0.007968241336442583, False
2.8567047904805776, -2.9369703764418027, -1.315317099633822, -0.4750788340582919, 0.4313297147949424, -0.007968241336442583, False
-1.434407427740565, -0.6249196415930829, 0.9733254868453649, -0.4750788340582919, 0.4313297147949424, -0.007968241336442583, False
2.69864795750812, 5.704108444815846, -2.674581994424855, -0.4750788340582919, 0.4313297147949424, -0.007968241336442583, False
5.914074879077935, 0.8248202069452839, 1.6903066462895877, -0.4750788340582919, 0.4313297147949424, -0.007968241336442583, False
1.849941781219881, 2.5280948038177655, -0.28815852481883164, -0.4750788340582919, 0.4313297147949424, -0.007968241336442583, False
1.379197504163768, -3.8561319071808873, 1.9664396461226055, -0.4750788340582919, 0.4313297147949424, -0.007968241336442583, False
4.879213098998305, -1.810167920773183, -2.625520268487263, -0.4750788340582919, 0.4313297147949424, -0.007968241336442583, False
-5.334807491042519, -5.73843503947347, -0.04701546517945099, -0.4750788340582919, 0.4313297147949424, -0.007968241336442583, False
4.990787324659371, 5.14327927402457, 3.0183044257496183, -0.4750788340582919, 0.4313297147949424, -0.007968241336442583, True
3.3192358532376947, 1.8939529115242664, -0.062003988785046094, -0.4750788340582919, 0.4313297147949424, -0.007968241336442583, False
-3.5838522995441715, 3.0364850671581873, 1.2465188672101286, -0.4750788340582919, 0.4313297147949424, -0.007968241336442583, False
0.941808808439804, -1.9129787281898345, -0.4866046165422784, -0.4750788340582919, 0.4313297147949424, -0.007968241336442583, False
4.118189233101555, -2.6333168553978017, 2.47556149391281, -0.4750788340582919, 0.4313297147949424, -0.007968241336442583, False
-2.3257888937204516, -3.0512082344225293, -1.5242336572790351, -0.4750788340582919, 0.4313297147949424, -0.007968241336442583, False
2.3276575850779526, 5.916358808694998, 2.879453105400528, -0.4750788340582919, 0.4313297147949424, -0.007968241336442583, True
-5.372507016395889, 2.4356070101257057, 0.4570639179754892, -0.4750788340582919, 0.4313297147949424, -0.007968241336442583, False
-1.209903926652439, -3.1566853726650823, 1.477186551719294, -0.4750788340582919, 0.4313297147949424, -0.007968241336442583, False
-3.282860013931625, 2.477451604959054, -3.053371104410404, -0.4750788340582919, 0.4313297147949424, -0.007968241336442583, True
-0.9442910978487031, -4.915257712771058, 1.6116688639317989, -0.4750788340582919, 0.4313297147949424, -0.007968241336442583, False
4.865132682456153, -5.140454219621079, -2.5508689102319613, -0.4750788340582919, 0.4313297147949424, -0.007968241336442583, False
5.539432582181108, 2.469724994357952, -2.2493553987954007, -0.4750788340582919, 0.4313297147949424, -0.007968241336442583, False
-0.41380219392415807, 3.437912317697789, 2.0534453071431775, -0.4750788340582919, 0.4313297147949424, -0.007968241336442583, False
-2.239580096373099, -5.9912211027592015, -1.5990480221601073, -0.4750788340582919, 0.4313297147949424, -0.007968241336442583, False
5.280897690117918, -2.81879165838163, -2.8340740658177017, -0.4750788340582919, 0.4313297147949424, -0.007968241336442583, False
-4.009625948776046, -0.39654588412461056, -0.5712067368346401, -0.4750788340582919, 0.4313297147949424, -0.007968241336442583, False
4.932251769823237, -6.004907077893906, -1.0107715566598516, -0.4750788340582919, 0.4313297147949424, -0.007968241336442583, False
-2.5414517984419653, 4.716541212173652, 2.5033335873812215, -0.4750788340582919, 0.4313297147949424, -0.007968241336442583, False
5.110354979372337, 3.943963129794904, -1.7716662041576545, -0.4750788340582919, 0.4313297147949424, -0.007968241336442583, False
-3.445999034295042, 6.005014372801634, 1.1584553092320604, -0.4750788340582919, 0.4313297147949424, -0.007968241336442583, False
-2.0563261360005134, -2.1555639454570574, 2.438849999408326, -0.4750788340582919, 0.4313297147949424, -0.007968241336442583, False
-4.38140263669059, 5.877658735484726, -2.1304695775831313, -0.4750788340582919, 0.4313297147949424, -0.007968241336442583, False
-4.853402164679225, -4.163507861317319, -0.817428736723691, -0.4750788340582919, 0.4313297147949424, -0.007968241336442583, False
-2.3775066289593303, 3.89913004142608, 0.07665539737361948, -0.4750788340582919, 0.4313297147949424, -0.007968241336442583, False
1.8201666791652134, 3.7457550522452525, -1.3005066545272672, -0.4750788340582919, 0.4313297147949424, -0.007968241336442583, False
4.210985377950976, -5.950846149458319, 0.44309647899577254, -0.4750788340582919, 0.4313297147949424, -0.007968241336442583, False
-3.419361945924877, 6.226593216632956, -1.262562434952596, -0.4750788340582919, 0.4313297147949424, -0.007968241336442583, False
4.19604380766563, -1.8982238786206027, 1.6912149636782736, -0.4750788340582919, 0.4313297147949424, -0.007968241336442583, False
-0.9535275717050169, -3.8917358289536605, -1.729490420686433, -0.4750788340582919, 0.4313297147949424, -0.007968241336442583, False
-1.5900443309574532, -4.7710282019541355, -1.3666741018595596, -0.4750788340582919, 0.4313297147949424, -0.007968241336442583, False
-3.381683543517402, 6.274751438883316, -1.2047909657040976, -0.4750788340582919, 0.4313297147949424, -0.007968241336442583, False
5.203291863146619, 1.874506928799331, -0.06395260307937933, -0.4750788340582919, 0.4313297147949424, -0.007968241336442583, False
3.8075547247469554, 2.656256197821236, -2.8039202652887685, -0.4750788340582919, 0.4313297147949424, -0.007968241336442583, False
-3.505101884821439, 3.6122712415986804, 0.18226226386998823, -0.4750788340582919, 0.4313297147949424, -0.007968241336442583, False
0.971585862814079, 5.94581608532471, 0.3559257612991069, -0.4750788340582919, 0.4313297147949424, -0.007968241336442583, False
-4.309516576561222, 5.095872538728141, 2.7551706539145036, -0.4750788340582919, 0.4313297147949424, -0.007968241336442583, False
-5.52109598962177, -2.485696451590937, 1.9549667716169736, -0.4750788340582919, 0.4313297147949424, -0.007968241336442583, False
-4.085376228997985, 0.8512786911618706, -0.8791150389453222, -0.4750788340582919, 0.4313297147949424, -0.007968241336442583, False
4.069892042611917, -4.351808396328089, 2.7679360395130246, -0.4750788340582919, 0.4313297147949424, -0.007968241336442583, False
4.2577687868634495, 1.6971672372133435, 1.1593787903847472, -0.4750788340582919, 0.4313297147949424, -0.007968241336442583, False
1.7852324453637447, -2.7847350994387523, 1.213143383452186, -0.4750788340582919, 0.4313297147949424, -0.007968241336442583, False
2.779377502660612, -0.5221273465469176, -3.0663921060588426, -0.4750788340582919, 0.4313297147949424, -0.007968241336442583, True
-2.1642184910142612, 0.4229100128552039, -2.15150615791449, -0.4750788340582919, 0.4313297147949424, -0.007968241336442583, False
-3.868621443485524, -3.100986577578857, 1.2374133776139713, -0.4750788340582919, 0.4313297147949424, -0.007968241336442583, False
5.049788562328672, 2.764220008544326, -3.1193121361756537, -0.4750788340582919, 0.4313297147949424, -0.007968241336442583, True
-1.6341440755480425, 3.2243567910631743, 2.287334456663947, -0.4750788340582919, 0.4313297147949424, -0.007968241336442583, False
5.429678940479626, 4.16347865611977, 0.24327597848810445, -0.4750788340582919, 0.4313297147949424, -0.007968241336442583, False
-5.32314156459499, -4.562958221747199, -1.0461934751378328, -0.4750788340582919, 0.4313297147949424, -0.007968241336442583, False
-2.3034505457796435, -6.053869294478817, -3.0504465680997535, -0.4750788340582919, 0.4313297147949424, -0.007968241336442583, True
0.002969240449336219, 3.5871946211902888, -0.974380665324269, -0.4750788340582919, 0.4313297147949424, -0.007968241336442583, False
-1.6554968261708902, -4.071706974966261, 0.462811034330068, -0.4750788340582919, 0.4313297147949424, -0.007968241336442583, False
-3.666599256598154, 4.608628535302829, -1.7940054214151955, -0.4750788340582919, 0.4313297147949424, -0.007968241336442583, False
-0.5017832834041203, 1.1546340767860812, 0.7797478935520332, -0.4750788340582919, 0.4313297147949424, -0.007968241336442583, False
-0.1182166209140032, -1.654241351386248, 0.6974703046442019, -0.4750788340582919, 0.4313297147949424, -0.007968241336442583, False
-4.409320948823847, 4.970376490327192, 2.398105461496953, -0.4750788340582919, 0.4313297147949424, -0.007968241336442583, False
-3.3047061621000395, -2.7609042830058406, -2.207045469021983, -0.4750788340582919, 0.4313297147949424, -0.007968241336442583, False
-2.5347403101272077, 0.9180942509600785, -2.8309196426414998, -0.4750788340582919, 0.4313297147949424, -0.007968241336442583, False
3.5243076525666037, 5.7863733085128395, -0.023094780966554485, -0.4750788340582919, 0.4313297147949424, -0.007968241336442583, False
2.5006010357317194, -1.831317139428558, -0.11345707803851912, -0.4750788340582919, 0.4313297147949424, -0.007968241336442583, False
-4.109095976687362, 1.2832600130261946, -2.929276432169943, -0.4750788340582919, 0.4313297147949424, -0.007968241336442583, True
5.346002744859993, 1.7483893377903073, 1.2372750039302138, -0.4750788340582919, 0.4313297147949424, -0.007968241336442583, False
-2.509425058024332, 3.8939641119699253, -3.066101477253035, -0.4750788340582919, 0.4313297147949424, -0.007968241336442583, True
3.9163380130078007, -2.69920717677816, -2.6466884481146877, -0.4750788340582919, 0.4313297147949424, -0.007968241336442583, False
2.820913158612587, 4.045518156260428, 1.0756563184364563, -0.4750788340582919, 0.4313297147949424, -0.007968241336442583, False
-6.024907213308929, 0.5202942199056384, -1.2114183770696267, -0.4750788340582919, 0.4313297147949424, -0.007968241336442583, False
0.18408192305644633, -0.26067676379625304, -1.4644942121272293, -0.4750788340582919, 0.4313297147949424, -0.007968241336442583, False
3.7950434908292863, 5.873476374516873, 2.3038690609387755, -0.4750788340582919, 0.4313297147949424, -0.007968241336442583, False
-3.4726451351534897, 5.462619933785385, 2.922879248977271, -0.4750788340582919, 0.4313297147949424, -0.007968241336442583, True
-0.6619795591150615, -2.6717122161520868, -2.0516833736229527, -0.4750788340582919, 0.4313297147949424, -0.007968241336442583, False
4.262875565943602, 4.840041750366348, -0.8339412542102207, -0.4750788340582919, 0.4313297147949424, -0.007968241336442583, False
-2.5056289496850535, -3.0946343332086914, -0.4971646774970244, -0.4750788340582919, 0.4313297147949424, -0.007968241336442583, False
-2.4434360375889668, 0.0009360162722042986, 1.9581895269514051, -0.4750788340582919, 0.4313297147949424, -0.007968241336442583, False
-3.241321097257875, -4.2647745734306834, 0.4540956037514041, -0.4750788340582919, 0.4313297147949424, -0.007968241336442583, False
-1.5948349500443726, 1.3641823830150015, 2.500061392714863, -0.4750788340582919, 0.4313297147949424, -0.007968241336442583, False
0.3997964999685548, -4.454660562825098, 2.462286343529205, -0.4750788340582919, 0.4313297147949424, -0.007968241336442583, False
2.5301573376251287, 3.0186652733881267, -2.2197185061429243, -0.4750788340582919, 0.4313297147949424, -0.007968241336442583, False
-4.700753019686082, -5.707835667717812, -2.175757710717458, -0.4750788340582919, 0.4313297147949424, -0.007968241336442583, False
-0.418101022905522, -5.738059608764537, -1.1442514397642005, -0.4750788340582919, 0.4313297147949424, -0.007968241336442583, False
-4.646948270372446, 4.895717534918655, -0.8613766260262019, -0.4750788340582919, 0.4313297147949424, -0.007968241336442583, False
2.034181397106993, 0.18438032627339052, -1.7801156567647036, -0.4750788340582919, 0.4313297147949424, -0.007968241336442583, True
2.8262932288494813, -3.8080422003599423, -0.5747765418014912, -0.4750788340582919, 0.4313297147949424, -0.007968241336442583, False
1.91506428455782, -3.655386496904878, -2.329446371697644, -0.4750788340582919, 0.4313297147949424, -0.007968241336442583, False
3.3121065211578475, 4.78975366200747, 1.666426497072707, -0.4750788340582919, 0.4313297147949424, -0.007968241336442583, False
-0.8434676075954961, -1.085609369694871, -1.0223041595590554, -0.4750788340582919, 0.4313297147949424, -0.007968241336442583, False
2.5016655558573646, 0.14409680789721424, 0.3505282128689595, -0.4750788340582919, 0.4313297147949424, -0.007968241336442583, True
3.195889432808457, -1.7718099306823252, 1.4667832712064097, -0.4750788340582919, 0.4313297147949424, -0.007968241336442583, False
6.182972370694797, 0.7834251314509357, -1.5691241088399892, -0.4750788340582919, 0.4313297147949424, -0.007968241336442583, False
1.0752077499714305, -2.345939523264329, 1.3979052415405846, -0.4750788340582919, 0.4313297147949424, -0.007968241336442583, False
4.212708413984407, -4.487643551035809, -0.5667200296182111, -0.4750788340582919, 0.4313297147949424, -0.007968241336442583, False
0.06584118320721188, 5.643314702740204, -1.9450246053198392, -0.4750788340582919, 0.4313297147949424, -0.007968241336442583, False
2.066969818780267, 5.6362646984894, 2.9428641699785523, -0.4750788340582919, 0.4313297147949424, -0.007968241336442583, True
-3.846930740772342, -4.72869160719994, -1.9244201177906757, -0.4750788340582919, 0.4313297147949424, -0.007968241336442583, False
0.19617740379990245, 2.0220428358080316, 0.8479539482907215, -0.4750788340582919, 0.4313297147949424, -0.007968241336442583, False
-4.551206329547044, 2.1745269080191907, 2.39142502125771, -0.4750788340582919, 0.4313297147949424, -0.007968241336442583, False
0.06247773620221597, 3.0618559352951156, 1.6447478724233502, -0.4750788340582919, 0.4313297147949424, -0.007968241336442583, False
-4.9513017949396065, -2.3849612629975097, -2.327791809283892, -0.4750788340582919, 0.4313297147949424, -0.007968241336442583, False
-5.307267375066893, 1.9129601742747724, 1.111493286777991, -0.4750788340582919, 0.4313297147949424, -0.007968241336442583, False
-0.7891371395600082, 2.6184443705217646, -2.2578145754988803, -0.4750788340582919, 0.4313297147949424, -0.007968241336442583, False
6.0227936788049625, -1.692545106903828, 0.6987955508666901, -0.4750788340582919, 0.4313297147949424, -0.007968241336442583, False
1.4819063693311465, 0.11856837941071774, 0.514203647101136, -0.4750788340582919, 0.4313297147949424, -0.007968241336442583, False
3.9044314894207446, 5.2583655554262645, 0.07106391758567288, -0.4750788340582919, 0.4313297147949424, -0.007968241336442583, False
2.843988318173892, 4.6932920984338065, 2.7249783205841176, -0.4750788340582919, 0.4313297147949424, -0.007968241336442583, False
-4.289628190372726, 5.681201252894658, -0.8106526128378375, -0.4750788340582919, 0.4313297147949424, -0.007968241336442583, False
-4.835428765549609, -6.009599787460504, 1.4357965709870886, -0.4750788340582919, 0.4313297147949424, -0.007968241336442583, False
-1.514227870678277, -3.769843173925518, 2.956402332289639, -0.4750788340582919, 0.4313297147949424, -0.007968241336442583, True
-0.10294715444648617, 2.3450993527656703, 1.9226951567889197, -0.4750788340582919, 0.4313297147949424, -0.007968241336442583, False
3.9263981072415426, -2.9958991250659417, 2.5067512693693024, -0.4750788340582919, 0.4313297147949424, -0.007968241336442583, False
0.8851494718945956, 5.15040580500197, 1.6083896755780893, -0.4750788340582919, 0.4313297147949424, -0.007968241336442583, False
3.323777805311307, 4.922317581321327, 2.8126597181292405, -0.4750788340582919, 0.4313297147949424, -0.007968241336442583, False
-3.1725727343596173, -0.12013600691792714, 2.7716166713720414, -0.4750788340582919, 0.4313297147949424, -0.007968241336442583, False
-2.1127053132286973, -1.2025450610123096, -1.4597379565225155, -0.4750788340582919, 0.4313297147949424, -0.007968241336442583, False
-6.203826112442117, -3.5032439328865306, 0.1545232092285973, -0.4750788340582919, 0.4313297147949424, -0.007968241336442583, False
-1.8660609735711704, -2.6394573902505556, -1.4119710859256975, -0.4750788340582919, 0.4313297147949424, -0.007968241336442583, False
-5.276931240380035, -6.075584269768009, 2.0260117759575644, -0.4750788340582919, 0.4313297147949424, -0.007968241336442583, False
2.010271143340132, 0.8666956655051177, 0.09426109820661033, -0.4750788340582919, 0.4313297147949424, -0.007968241336442583, False
-4.211401266387401, 5.609189614460716, 2.639803470753032, -0.4750788340582919, 0.4313297147949424, -0.007968241336442583, False
-4.829762273202162, 2.8846870038150314, -1.1813616400367921, -0.4750788340582919, 0.4313297147949424, -0.007968241336442583, False
5.290066800067978, 4.223548071744922, 1.9091632079403658, -0.4750788340582919, 0.4313297147949424, -0.007968241336442583, False
1.3060525559113874, 2.683825301724889, -0.5510600789386904, -0.4750788340582919, 0.4313297147949424, -0.007968241336442583, False
5.040460272806239, -2.1318738101302612, -0.44949712370192385, -0.4750788340582919, 0.4313297147949424, -0.007968241336442583, False
-1.4630458891674571, -5.467184163471135, -2.951887271387822, -0.4750788340582919, 0.4313297147949424, -0.007968241336442583, True
-3.5755417105254588, 3.821830971151403, -0.48319629111393914, -0.4750788340582919, 0.4313297147949424, -0.007968241336442583, False
3.291726017033108, 5.0384128045245955, 0.31241074152768755, -0.4750788340582919, 0.4313297147949424, -0.007968241336442583, False
-1.4500278387731456, -2.5516849831399866, 2.6619768136485025, -0.4750788340582919, 0.4313297147949424, -0.007968241336442583, False
-2.952743519497731, -2.9172082551037932, -2.9421098456159394, -0.4750788340582919, 0.4313297147949424, -0.007968241336442583, True
-1.6778699096547633, -3.7051058958224177, 1.6535268221801314, -0.4750788340582919, 0.4313297147949424, -0.007968241336442583, False
2.992725448863542, -5.839085536019672, -1.9222637877051818, -0.4750788340582919, 0.4313297147949424, -0.007968241336442583, False
-3.197459114475731, -3.225915582989782, 2.651378715382923, -0.4750788340582919, 0.4313297147949424, -0.007968241336442583, False
3.040222357548462, 3.6980477091547534, -1.2454966862990864, -0.4750788340582919, 0.4313297147949424, -0.007968241336442583, False
