2.6097121406037065, 5.179426377959606, -1.9411569247685134, -0.009393777718115559, 0.11622570573826463, -0.3408152101323129, False
3.549075753169639, -2.531575319198298, -1.355567160765876, -0.009393777718115559, 0.11622570573826463, -0.3408152101323129, False
2.1558665779822643, -2.7181110721705646, 1.2336515017055518, -0.009393777718115559, 0.11622570573826463, -0.3408152101323129, False
1.2499576223980524, 3.5964192469913083, -2.7855414595656356, -0.009393777718115559, 0.11622570573826463, -0.3408152101323129, False
-5.358890398776753, -1.366081182867859, -0.09275750193839105, -0.009393777718115559, 0.11622570573826463, -0.3408152101323129, False
-0.10646243790506738, -6.191369761382382, -0.34641249871219504, -0.009393777718115559, 0.11622570573826463, -0.3408152101323129, False
3.613774382822143, -3.6350196211298162, -2.081289376308093, -0.009393777718115559, 0.11622570573826463, -0.3408152101323129, True
5.623541126348783, 6.208722351694343, -2.5932718433223285, -0.009393777718115559, 0.11622570573826463, -0.3408152101323129, False
4.627228320091151, 5.545158021301814, 1.7352700936579986, -0.009393777718115559, 0.11622570573826463, -0.3408152101323129, False
-2.870121990611788, 3.737289309090782, -1.1382190192494952, -0.009393777718115559, 0.11622570573826463, -0.3408152101323129, False
-1.8996429993842048, 0.01031409260001137, -1.4173062195016428, -0.009393777718115559, 0.11622570573826463, -0.3408152101323129, False
-1.6281001829877848, 4.2785688961810795, -2.5334593546396227, -0.009393777718115559, 0.11622570573826463, -0.3408152101323129, False
0.256038952752478, 5.64546107602958, -2.5629177965430596, -0.009393777718115559, 0.11622570573826463, -0.3408152101323129, False
4.056699069184043, 1.8922150573716152, 0.4785308533652959, -0.009393777718115559, 0.11622570573826463, -0.3408152101323129, True
2.75136549227342, -4.373224753179408, -0.011251640582907285, -0.009393777718115559, 0.11622570573826463, -0.3408152101323129, False
-0.5649629079325553, 2.458977651975177, -0.8732975119543003, -0.009393777718115559, 0.11622570573826463, -0.3408152101323129, False
6.034749361795576, 1.9350868792837446, 0.05769720309673998, -0.009393777718115559, 0.11622570573826463, -0.3408152101323129, True
-4.161751714203488, 0.1441088283633194, 2.157990716626304, -0.009393777718115559, 0.11622570573826463, -0.3408152101323129, True
-2.7995938773497975, 1.3948741904912056, -1.9381175733858254, -0.009393777718115559, 0.11622570573826463, -0.3408152101323129, False
4.07764695078081, -5.41359041675226, -2.9665046733472833, -0.009393777718115559, 0.11622570573826463, -0.3408152101323129, True
2.6325508143621317, -4.080389905592786, 0.07483255390689747, -0.009393777718115559, 0.11622570573826463, -0.3408152101323129, False
4.632584618802525, -0.6532364929244405, -0.48815247996925315, -0.009393777718115559, 0.11622570573826463, -0.3408152101323129, False
5.9023920076411205, 1.7858245046050651, -2.774432998088425, -0.009393777718115559, 0.11622570573826463, -0.3408152101323129, True
-2.109140711808265, -2.1727357327755827, -1.0536954200078217, -0.009393777718115559, 0.11622570573826463, -0.3408152101323129, False
-2.3912039737347413, -4.399169400098883, -2.0359876698703214, -0.009393777718115559, 0.11622570573826463, -0.3408152101323129, True
-2.6067548120499415, -1.5555512904185518, -2.289561216809141, -0.009393777718115559, 0.11622570573826463, -0.3408152101323129, False
-5.295595173450841, 2.065768903438066, 0.38439060286127136, -0.009393777718115559, 0.11622570573826463, -0.3408152101323129, False
3.5131568940719244, 1.5908888977924383, -1.861769543357276, -0.009393777718115559, 0.11622570573826463, -0.3408152101323129, True
1.2084117268207368, -5.909660151001454, 2.578397318333031, -0.009393777718115559, 0.11622570573826463, -0.3408152101323129, False
-1.0085955233861306, 1.6802225780518878, 3.102502799491983, -0.009393777718115559, 0.11622570573826463, -0.3408152101323129, True
2.69555809493235, 5.379397934670205, -0.3723348838764702, -0.009393777718115559, 0.11622570573826463, -0.3408152101323129, False
-3.366052024388607, 1.427350023173891, 1.2283228465570692, -0.009393777718115559, 0.11622570573826463, -0.3408152101323129, True
-6.156266705822122, 4.476037779970222, -2.0331364453787653, -0.009393777718115559, 0.11622570573826463, -0.3408152101323129, False
-0.8049754318300959, 5.605366370864067, 2.1224413920479392, -0.009393777718115559, 0.11622570573826463, -0.3408152101323129, False
-1.287027846262876, 2.3364164205446585, 1.8458375050855595, -0.009393777718115559, 0.11622570573826463, -0.3408152101323129, False
3.5813395629620537, -5.648585935293872, -2.1003169837617834, -0.009393777718115559, 0.11622570573826463, -0.3408152101323129, False
-0.26713872350606316, -5.576246396938269, 1.2352495609478584, -0.009393777718115559, 0.11622570573826463, -0.3408152101323129, False
2.9216012943997995, 3.0339940963656513, 0.38146374422980145, -0.009393777718115559, 0.11622570573826463, -0.3408152101323129, False
3.4812104725926716, -2.161455131856597, -2.739444591486659, -0.009393777718115559, 0.11622570573826463, -0.3408152101323129, False
-5.18361683893159, 1.521246902712024, -1.501577863682988, -0.009393777718115559, 0.11622570573826463, -0.3408152101323129, True
-3.008525855220213, -5.163562613451912, 1.3843657452654794, -0.009393777718115559, 0.11622570573826463, -0.3408152101323129, True
-5.349423830825322, -5.192417724537353, -1.8498675528380562, -0.009393777718115559, 0.11622570573826463, -0.3408152101323129, True
0.8581618061506244, -3.610751785501201, -0.20763257549316538, -0.009393777718115559, 0.11622570573826463, -0.3408152101323129, False
0.16730411686571411, 1.0006144751398933, 2.299022326054482, -0.009393777718115559, 0.11622570573826463, -0.3408152101323129, True
2.651102627666523, -3.3325346940089466, 3.1032399493380156, -0.009393777718115559, 0.11622570573826463, -0.3408152101323129, True
1.743266671574684, -1.4932577123921202, 1.0594612048536733, -0.009393777718115559, 0.11622570573826463, -0.3408152101323129, False
-3.820363624299667, 1.221567579838828, -0.375563256134976, -0.009393777718115559, 0.11622570573826463, -0.3408152101323129, True
-5.906601349059658, -1.7261793382831883, -2.627195593797575, -0.009393777718115559, 0.11622570573826463, -0.3408152101323129, False
-0.395576319694797, 0.8804201928377271, 0.2127342403907706, -0.009393777718115559, 0.11622570573826463, -0.3408152101323129, False
-0.03047370856667353, -1.2007285690508223, -0.003728158206299348, -0.009393777718115559, 0.11622570573826463, -0.3408152101323129, False
-4.440173466960665, 6.189271195191614, 1.792167445092666, -0.009393777718115559, 0.11622570573826463, -0.3408152101323129, False
-4.942113523208245, 4.7831069460558915, 2.3645949641024897, -0.009393777718115559, 0.11622570573826463, -0.3408152101323129, False
-3.001240740045426, 1.578237268494461, 1.4489892832726605, -0.009393777718115559, 0.11622570573826463, -0.3408152101323129, True
0.05085883336492181, 2.3682444372738924, -0.20756449225844475, -0.009393777718115559, 0.11622570573826463, -0.3408152101323129, False
-2.600308035888879, -1.4332495231279774, 1.5508201724603143, -0.009393777718115559, 0.11622570573826463, -0.3408152101323129, False
-5.873801310685156, 5.585126992777594, 1.623776457149659, -0.009393777718115559, 0.11622570573826463, -0.3408152101323129, False
3.300067380516772, 4.062443323735703, 0.5073548267719277, -0.009393777718115559, 0.11622570573826463, -0.3408152101323129, False
-0.12103771291454102, -1.713104818723667, 1.9547898457234636, -0.009393777718115559, 0.11622570573826463, -0.3408152101323129, False
0.7285589303474742, 5.23336858214412, -2.0107765072616903, -0.009393777718115559, 0.11622570573826463, -0.3408152101323129, False
3.7765929085256698, -4.985904209470636, -0.831390535972869, -0.009393777718115559, 0.11622570573826463, -0.3408152101323129, False
-3.263741190294515, 5.744218639888263, -1.3443659008137414, -0.009393777718115559, 0.11622570573826463, -0.3408152101323129, False
2.349806031461103, 0.17098563931303712, 2.1605593613807024, -0.009393777718115559, 0.11622570573826463, -0.3408152101323129, True
-5.937000809472038, -0.10861388471047206, 2.8840829715418312, -0.009393777718115559, 0.11622570573826463, -0.3408152101323129, True
2.0885798269871607, -2.008756609399925, -1.1227133527284585, -0.009393777718115559, 0.11622570573826463, -0.3408152101323129, False
2.544446692532336, 2.4769871890948956, 0.03815302950645272, -0.009393777718115559, 0.11622570573826463, -0.3408152101323129, False
-0.8887376423223552, 5.073910126178362, -2.9318830066799704, -0.009393777718115559, 0.11622570573826463, -0.3408152101323129, True
-1.6355308449613322, -3.0079051263053636, 2.9848525446253964, -0.009393777718115559, 0.11622570573826463, -0.3408152101323129, True
5.959023158816775, -2.11475223553067, -1.2499202988976592, -0.009393777718115559, 0.11622570573826463, -0.3408152101323129, False
0.622266064062539, -1.6486340777005548, 2.431539868664678, -0.009393777718115559, 0.11622570573826463, -0.3408152101323129, False
5.839242110030204, -5.369570489265665, -0.8044565502365422, -0.009393777718115559, 0.11622570573826463, -0.3408152101323129, False
4.991169256920436, -5.3569163695293724, 2.12052069721725, -0.009393777718115559, 0.11622570573826463, -0.3408152101323129, True
-2.6783552041740415, -1.8291806325009086, 0.6221394814775065, -0.009393777718115559, 0.11622570573826463, -0.3408152101323129, False
3.101060047809023, -0.7844434681506147, 2.7270626924235186, -0.009393777718115559, 0.11622570573826463, -0.3408152101323129, False
3.295822088527636, -3.444534371850269, 2.874458894579332, -0.009393777718115559, 0.11622570573826463, -0.3408152101323129, True
0.6877839763973981, -3.3110048097634195, -1.5645801782470732, -0.009393777718115559, 0.11622570573826463, -0.3408152101323129, False
-4.958974516100017, -1.3775683729199253, 0.39045374050349135, -0.009393777718115559, 0.11622570573826463, -0.3408152101323129, False
4.834239315051224, 3.671795309246958, -0.0883641936491224, -0.009393777718115559, 0.11622570573826463, -0.3408152101323129, False
-3.8371113931378513, 5.031948552184595, -2.1639615062525053, -0.009393777718115559, 0.11622570573826463, -0.3408152101323129, False
-1.718942188060093, 5.276613796295253, 2.6217584622371417, -0.009393777718115559, 0.11622570573826463, -0.3408152101323129, False
2.9073729804190513, 4.535340823939087, 0.4261038716733099, -0.009393777718115559, 0.11622570573826463, -0.3408152101323129, False
-0.6137633670412725, 1.8193511956967257, 2.5631067914194317, -0.009393777718115559, 0.11622570573826463, -0.3408152101323129, True
1.9279037712274718, 3.838565230919862, 1.199432623804804, -0.009393777718115559, 0.11622570573826463, -0.3408152101323129, False
-4.68239172292888, -0.09212137765554385, 1.0716733579124895, -0.009393777718115559, 0.11622570573826463, -0.3408152101323129, False
-2.963573991777386, 3.5809168805314453, -2.7233981414875656, -0.009393777718115559, 0.11622570573826463, -0.3408152101323129, False
5.10173963258984, 0.7816285518792006, -2.785318513716576, -0.009393777718115559, 0.11622570573826463, -0.3408152101323129, False
0.6284708272889983, 4.3447298429872525, -1.4253789722841248, -0.009393777718115559, 0.11622570573826463, -0.3408152101323129, False
-2.798596722855912, 3.2185114585547634, -2.2838511097382774, -0.009393777718115559, 0.11622570573826463, -0.3408152101323129, False
-1.3940515830999276, -2.974423128020902, 2.721546028932279, -0.009393777718115559, 0.11622570573826463, -0.3408152101323129, False
3.5349749847028065, -4.3101457801848015, 0.1663807718637189, -0.009393777718115559, 0.11622570573826463, -0.3408152101323129, False
-1.3536219453091674, 1.2430932906627143, -2.0300776644334126, -0.009393777718115559, 0.11622570573826463, -0.3408152101323129, False
-2.4684073255065146, 0.03622283967555173, -1.1052818138540434, -0.009393777718115559, 0.11622570573826463, -0.3408152101323129, False
5.045086787584017, 2.5310517422022922, -2.4251163168065477, -0.009393777718115559, 0.11622570573826463, -0.3408152101323129, False
2.841971384593597, -0.10372046729734752, -0.5265544168442355, -0.009393777718115559, 0.11622570573826463, -0.3408152101323129, False
5.050739820487168, -5.182765194206652, 1.5258041131910849, -0.009393777718115559, 0.11622570573826463, -0.3408152101323129, True
-1.4938321002517965, 2.3478156803717525, -2.6305406631912467, -0.009393777718115559, 0.11622570573826463, -0.3408152101323129, False
0.7757860104211778, -2.4050084724963163, 2.387431159135958, -0.009393777718115559, 0.11622570573826463, -0.3408152101323129, False
-3.0792624233605626, -1.226619172011306, 0.9717608764574557, -0.009393777718115559, 0.11622570573826463, -0.3408152101323129, False
-1.320064830021547, -3.8802293527890566, 1.756471530288037, -0.009393777718115559, 0.11622570573826463, -0.3408152101323129, False
-2.3981613719318724, -4.55325065380216, 0.18949823380328512, -0.009393777718115559, 0.11622570573826463, -0.3408152101323129, True
1.1299001215555373, 0.9137457385262255, -1.9270214049827692, -0.009393777718115559, 0.11622570573826463, -0.3408152101323129, True
4.934010385494254, -1.7201433453672985, 0.5060786046955652, -0.009393777718115559, 0.11622570573826463, -0.3408152101323129, False
0.639049935516983, 0.46151593862510865, 2.813737289533486, -0.009393777718115559, 0.11622570573826463, -0.3408152101323129, False
-4.045070297155386, 3.655474982029789, 2.956322165197059, -0.009393777718115559, 0.11622570573826463, -0.3408152101323129, True
3.8285811116811637, -2.703630994404803, 0.2296610001118764, -0.009393777718115559, 0.11622570573826463, -0.3408152101323129, False
-3.9991656491829937, 4.630146801616515, -2.216460170694658, -0.009393777718115559, 0.11622570573826463, -0.3408152101323129, False
-4.041517316386156, 0.4371140338953392, -0.43009148490837834, -0.009393777718115559, 0.11622570573826463, -0.3408152101323129, False
-4.498286978735368, -0.771902347426761, -2.605405394849656, -0.009393777718115559, 0.11622570573826463, -0.3408152101323129, False
-5.556443798907051, 4.929329135355488, -1.7805712159435434, -0.009393777718115559, 0.11622570573826463, -0.3408152101323129, False
-0.6904584953831767, -2.8788416763149036, 2.3141186368496998, -0.009393777718115559, 0.11622570573826463, -0.3408152101323129, False
-1.5484231535573718, 6.164275087187125, -2.512493098659779, -0.009393777718115559, 0.11622570573826463, -0.3408152101323129, False
0.7797169903629673, 3.1373252489404226, -1.5088239988791246, -0.009393777718115559, 0.11622570573826463, -0.3408152101323129, False
2.038556559226249, 0.31825222513838547, -0.6539243594668394, -0.009393777718115559, 0.11622570573826463, -0.3408152101323129, False
3.898461122795309, -3.318342078866613, 2.72006235111715, -0.009393777718115559, 0.11622570573826463, -0.3408152101323129, False
0.18792399251320813, 5.401236216430185, 1.8944335379481787, -0.009393777718115559, 0.11622570573826463, -0.3408152101323129, False
-0.35223315970895364, 3.712169717480153, 2.8569090768030057, -0.009393777718115559, 0.11622570573826463, -0.3408152101323129, False
-3.6008103885052343, -0.26805746217484305, -0.04578851668719608, -0.009393777718115559, 0.11622570573826463, -0.3408152101323129, False
6.272139999438533, 5.4137717065856545, -2.5285518311222503, -0.009393777718115559, 0.11622570573826463, -0.3408152101323129, False
-3.344207337591646, 6.24286129575094, 2.4907068476617296, -0.009393777718115559, 0.11622570573826463, -0.3408152101323129, False
-2.6128038499332065, -2.4807951202247156, -0.8371815075485514, -0.009393777718115559, 0.11622570573826463, -0.3408152101323129, False
-5.107223328353241, -5.255897432487868, 2.841836128173223, -0.009393777718115559, 0.11622570573826463, -0.3408152101323129, True
1.008599191681629, -4.87102470236149, 2.66572860230857, -0.009393777718115559, 0.11622570573826463, -0.3408152101323129, True
3.8096800727907567, 5.650679384474765, 0.15327405595695298, -0.009393777718115559, 0.11622570573826463, -0.3408152101323129, False
5.647812932240786, 3.7001299059969366, -3.0082277905659502, -0.009393777718115559, 0.11622570573826463, -0.3408152101323129, True
5.990957813608352, 0.5945454924019407, -0.10443056715374022, -0.009393777718115559, 0.11622570573826463, -0.3408152101323129, False
-0.8366062724671393, -1.2662674397404174, -1.9307748095389594, -0.009393777718115559, 0.11622570573826463, -0.3408152101323129, False
1.5220974993819798, 2.8460052052869713, -1.549526929890459, -0.009393777718115559, 0.11622570573826463, -0.3408152101323129, False
-2.38887328749879, -1.153824602875611, -0.18873136221005948, -0.009393777718115559, 0.11622570573826463, -0.3408152101323129, False
-0.7239347529151114, -4.189148048799981, -1.899803979873153, -0.009393777718115559, 0.11622570573826463, -0.3408152101323129, True
-4.156988565891899, -3.005226926241466, -2.894572608237793, -0.009393777718115559, 0.11622570573826463, -0.3408152101323129, True
2.944526209740589, -3.0364850511311556, 1.6531615197194176, -0.009393777718115559, 0.11622570573826463, -0.3408152101323129, False
5.355809954723112, 3.3934119217716443, -1.51239588709839, -0.009393777718115559, 0.11622570573826463, -0.3408152101323129, False
4.2979372088217875, -2.5519923135240234, 0.7807337745260203, -0.009393777718115559, 0.11622570573826463, -0.3408152101323129, False
1.545121687782161, 5.2542941701902475, 1.4083389267531157, -0.009393777718115559, 0.11622570573826463, -0.3408152101323129, False
-6.264309380367798, 2.914054050497864, -0.15683253810222375, -0.009393777718115559, 0.11622570573826463, -0.3408152101323129, False
2.375053241585979, -5.7604962090092, 0.8764762932950392, -0.009393777718115559, 0.11622570573826463, -0.3408152101323129, False
5.715516093588997, -0.19223935472789133, -2.4442368190191566, -0.009393777718115559, 0.11622570573826463, -0.3408152101323129, False
-4.961625868043551, -2.7404230428763605, 1.7692247360304396, -0.009393777718115559, 0.11622570573826463, -0.3408152101323129, False
-2.9751595338989603, 1.6492079259234682, -1.7511337243267084, -0.009393777718115559, 0.11622570573826463, -0.3408152101323129, True
-2.124446682703434, -4.838984354114094, 3.138335284107167, -0.009393777718115559, 0.11622570573826463, -0.3408152101323129, True
4.522339346834997, -2.1926806497831297, -1.9905158128821239, -0.009393777718115559, 0.11622570573826463, -0.3408152101323129, False
-6.182805951884067, 5.693545147501091, 0.8488518230751323, -0.009393777718115559, 0.11622570573826463, -0.3408152101323129, False
-2.363623466824907, -1.8249481111355248, 0.6285061172195365, -0.009393777718115559, 0.11622570573826463, -0.3408152101323129, False
-1.6806450487496294, -2.1159658524240026, -1.1081177640095028, -0.009393777718115559, 0.11622570573826463, -0.3408152101323129, False
2.1972774846707583, -3.272779596401876, 2.2172056374331195, -0.009393777718115559, 0.11622570573826463, -0.3408152101323129, False
4.9471540054806145, -3.922405411380557, 0.10249183328114464, -0.009393777718115559, 0.11622570573826463, -0.3408152101323129, False
-5.791915205726181, -3.9678967016733053, 1.528847142026434, -0.009393777718115559, 0.11622570573826463, -0.3408152101323129, False
1.8379978154153616, -4.462296836359682, -0.8017532297492189, -0.009393777718115559, 0.11622570573826463, -0.3408152101323129, True
-0.8941878395089278, -2.4569829316212433, -0.1833411269759102, -0.009393777718115559, 0.11622570573826463, -0.3408152101323129, False
-6.128205676348358, 4.7424435782470855, -1.0882901629360213, -0.009393777718115559, 0.11622570573826463, -0.3408152101323129, False
-3.682325187378185, -5.159282785168636, -3.000529568075264, -0.009393777718115559, 0.11622570573826463, -0.3408152101323129, True
-5.555629797438678, 1.3495353439973847, -3.0551120400855134, -0.009393777718115559, 0.11622570573826463, -0.3408152101323129, True
-0.5346337569166524, -4.488933579670247, 2.726077895402148, -0.009393777718115559, 0.11622570573826463, -0.3408152101323129, True
2.4953558059601875, -2.680889190241602, -2.182415797790149, -0.009393777718115559, 0.11622570573826463, -0.3408152101323129, False
-0.2830400477198243, 1.9488719678140924, -2.7043092798281703, -0.009393777718115559, 0.11622570573826463, -0.3408152101323129, True
0.4431406067545547, 2.464590877927863, -0.3918388838110314, -0.009393777718115559, 0.11622570573826463, -0.3408152101323129, False
-1.695438057007264, -0.7964804428714256, -0.7407414860056307, -0.009393777718115559, 0.11622570573826463, -0.3408152101323129, False
0.9869633641950868, -4.866880044361456, 0.5557971253398395, -0.009393777718115559, 0.11622570573826463, -0.3408152101323129, True
0.6679806043041392, 3.532440988481106, -1.247448401787816, -0.009393777718115559, 0.11622570573826463, -0.3408152101323129, False
-1.4521960249381332, -5.015739996764763, 1.375977084715113, -0.009393777718115559, 0.11622570573826463, -0.3408152101323129, True
-2.364536701457548, -5.118385336702775, -0.6494228584993702, -0.009393777718115559, 0.11622570573826463, -0.3408152101323129, False
-1.0623695340660522, 3.6423735406625717, 1.5602416187637056, -0.009393777718115559, 0.11622570573826463, -0.3408152101323129, False
4.2570199924321805, 0.26156449079199984, -0.3753545062671684, -0.009393777718115559, 0.11622570573826463, -0.3408152101323129, False
-1.6360157858883815, 0.7874188306449605, 0.734898998930805, -0.009393777718115559, 0.11622570573826463, -0.3408152101323129, False
3.645746423161622, -0.2176875760408299, 1.0995061504404156, -0.009393777718115559, 0.11622570573826463, -0.3408152101323129, False
4.851188468848896, -5.962588768806884, -2.0695652590790328, -0.009393777718115559, 0.11622570573826463, -0.3408152101323129, False
2.1300195867597242, -0.49182821236138174, -0.05400330164474987, -0.009393777718115559, 0.11622570573826463, -0.3408152101323129, False
-3.1439597106537986, -4.582582092944348, -0.5323798806770053, -0.009393777718115559, 0.11622570573826463, -0.3408152101323129, True
-4.917964174926121, -5.166643347349433, 0.36117880027672644, -0.009393777718115559, 0.11622570573826463, -0.3408152101323129, True
4.687350626771504, 3.6399075827763046, -1.4848647043583107, -0.009393777718115559, 0.11622570573826463, -0.3408152101323129, False
1.3862293457564672, -2.701711988437984, 1.2638011496286472, -0.009393777718115559, 0.11622570573826463, -0.3408152101323129, False
-5.6001764539874355, -3.739330419702539, 1.680665725827244, -0.009393777718115559, 0.11622570573826463, -0.3408152101323129, False
-4.012953447822483, 4.18297521099975, 0.7923181322237478, -0.009393777718115559, 0.11622570573826463, -0.3408152101323129, False
-2.5601302135982484, 2.281022202108481, 0.8801786075536926, -0.009393777718115559, 0.11622570573826463, -0.3408152101323129, False
6.1866388471118, -6.078088952718011, 2.8803566408293824, -0.009393777718115559, 0.11622570573826463, -0.3408152101323129, True
1.770654149795, 5.05011672997782, -2.709409638035897, -0.009393777718115559, 0.11622570573826463, -0.3408152101323129, False
-4.9795230166052855, 2.2578629998644164, 1.7585394707826616, -0.009393777718115559, 0.11622570573826463, -0.3408152101323129, False
0.9480694496589992, 3.912059070555703, 0.35424253563111385, -0.009393777718115559, 0.11622570573826463, -0.3408152101323129, False
-1.1743748476107738, 2.108551384824768, -0.9175668041928287, -0.009393777718115559, 0.11622570573826463, -0.3408152101323129, True
0.5028692958863488, -0.08714816141007198, -1.8724851176294497, -0.009393777718115559, 0.11622570573826463, -0.3408152101323129, False
-0.5947659042708748, 4.004053704986564, -2.742439955190207, -0.009393777718115559, 0.11622570573826463, -0.3408152101323129, False
1.7450547913691796, -0.11634826731975867, 0.21134684933695258, -0.009393777718115559, 0.11622570573826463, -0.3408152101323129, False
3.806993617493692, -1.2224998644413576, -2.2645639664928208, -0.009393777718115559, 0.11622570573826463, -0.3408152101323129, False
4.495862660147651, 4.641605491874104, -1.3978155450749101, -0.009393777718115559, 0.11622570573826463, -0.3408152101323129, False
-1.8624522358930333, 2.499997401710301, -3.1282230869897045, -0.009393777718115559, 0.11622570573826463, -0.3408152101323129, True
-1.0321000269043976, 1.9614119523696907, 0.29076147387328044, -0.009393777718115559, 0.11622570573826463, -0.3408152101323129, True
2.078685532020833, 3.497982355374928, -1.3310099434817901, -0.009393777718115559, 0.11622570573826463, -0.3408152101323129, False
1.4509113456818294, -0.7801309926888864, 1.8281533446133125, -0.009393777718115559, 0.11622570573826463, -0.3408152101323129, False
4.273668409498947, -4.025386706897947, 2.81419765725128, -0.009393777718115559, 0.11622570573826463, -0.3408152101323129, False
-3.6396394196541846, -4.015909256875291, -3.1098128738577686, -0.009393777718115559, 0.11622570573826463, -0.3408152101323129, True
3.294073172707229, -6.114345636786958, -2.0285852848000707, -0.009393777718115559, 0.11622570573826463, -0.3408152101323129, False
-2.5088825551751652, 5.067754087419612, -0.5964515388917957, -0.009393777718115559, 0.11622570573826463, -0.3408152101323129, False
3.956897225515485, -0.6540902191126365, -1.4160720070867123, -0.009393777718115559, 0.11622570573826463, -0.3408152101323129, False
-4.4299744533281, -1.0630236157601507, 2.1280985859197292, -0.009393777718115559, 0.11622570573826463, -0.3408152101323129, False
-6.010211160021856, 0.5326713147527817, 0.2679722295128242, -0.009393777718115559, 0.11622570573826463, -0.3408152101323129, False
4.598013914771121, 5.523274629077257, -1.5740559641951601, -0.009393777718115559, 0.11622570573826463, -0.3408152101323129, False
-5.523055326627726, 1.8869948601112068, -2.5209067847967397, -0.009393777718115559, 0.11622570573826463, -0.3408152101323129, True
-4.6259846493520955, 1.8789809817612522, -2.733735019353932, -0.009393777718115559, 0.11622570573826463, -0.3408152101323129, False
-3.1087560751137406, 2.751051605161056, 2.039165885429843, -0.009393777718115559, 0.11622570573826463, -0.3408152101323129, False
0.7114179136712284, -1.1302663568420392, 2.978199098550056, -0.009393777718115559, 0.11622570573826463, -0.3408152101323129, True
-5.549993625333862, 0.4513800902872509, -1.885460604457471, -0.009393777718115559, 0.11622570573826463, -0.3408152101323129, False
