2.890513712476647, -6.087839543797274, 0.08075673134501127, 0.02923695166315554, 0.00804025337825387, 0.7370412896513423, False
-5.613868335659338, -5.6893575341291625, -2.9455805195485616, 0.02923695166315554, 0.00804025337825387, 0.7370412896513423, True
1.5098042669999252, 1.8453405981931432, 0.5925890212764671, 0.02923695166315554, 0.00804025337825387, 0.7370412896513423, False
-4.883744054434681, 4.143988802208405, 0.025870716488795686, 0.02923695166315554, 0.00804025337825387, 0.7370412896513423, False
0.5474302949197911, 5.278524356525795, 2.3965640151987184, 0.02923695166315554, 0.00804025337825387, 0.7370412896513423, False
-2.126238931824888, 4.983057520160715, -1.197050713379884, 0.02923695166315554, 0.00804025337825387, 0.7370412896513423, True
-5.393410878508177, -3.2748303445280555, 1.5557095527389793, 0.02923695166315554, 0.00804025337825387, 0.7370412896513423, False
-5.460578132653456, -2.088473155459176, 1.5518198390424605, 0.02923695166315554, 0.00804025337825387, 0.7370412896513423, True
6.242587797052801, 4.192494003399483, 2.065731512830043, 0.02923695166315554, 0.00804025337825387, 0.7370412896513423, False
1.3744796385342513, 1.3931976454384953, -0.6784469466370133, 0.02923695166315554, 0.00804025337825387, 0.7370412896513423, False
-2.4600181031246127, -3.838639559986625, 0.4804981891824509, 0.02923695166315554, 0.00804025337825387, 0.7370412896513423, False
1.9975912661397874, -0.8471518530136164, -0.07930363886204672, 0.02923695166315554, 0.00804025337825387, 0.7370412896513423, False
-1.7520723885117055, -1.3636944379413771, -1.8381780115697397, 0.02923695166315554, 0.00804025337825387, 0.7370412896513423, False
5.372582465094851, -3.666704879782948, -2.582763968129753, 0.02923695166315554, 0.00804025337825387, 0.7370412896513423, False
5.808655656225147, -0.08382472472880664, 0.7607949170056316, 0.02923695166315554, 0.00804025337825387, 0.7370412896513423, False
-0.3835463152720804, 2.6611345613233937, -1.7860271492568234, 0.02923695166315554, 0.00804025337825387, 0.7370412896513423, False
-0.019703599731433208, -2.5684957492154283, -2.4207615124871085, 0.02923695166315554, 0.00804025337825387, 0.7370412896513423, False
-4.123799655815235, 4.367526051145859, -1.0529116731535164, 0.02923695166315554, 0.00804025337825387, 0.7370412896513423, False
0.7522370171743367, -2.4951811282137477, -2.330740633439026, 0.02923695166315554, 0.00804025337825387, 0.7370412896513423, False
-1.9173119633631064, 0.41466008168501567, -1.1786886791226001, 0.02923695166315554, 0.00804025337825387, 0.7370412896513423, False
-5.460755377996624, 4.066805459187597, 2.2860343974462802, 0.02923695166315554, 0.00804025337825387, 0.7370412896513423, False
-0.4546592329310899, -1.2620681330080936, 1.0713134581832344, 0.02923695166315554, 0.00804025337825387, 0.7370412896513423, False
1.7785948700368142, -4.0379739208245535, 2.30751057060304, 0.02923695166315554, 0.00804025337825387, 0.7370412896513423, False
5.5779399014335915, -3.536972182493213, -0.5372797951102743, 0.02923695166315554, 0.00804025337825387, 0.7370412896513423, False
0.4324084514415887, -4.107199520389306, -0.11995718711921866, 0.02923695166315554, 0.00804025337825387, 0.7370412896513423, False
-3.3453363636173243, 0.059763567294569775, 3.028938794520947, 0.02923695166315554, 0.00804025337825387, 0.7370412896513423, True
0.5454696253606182, -5.944705335061417, -3.003079540824301, 0.02923695166315554, 0.00804025337825387, 0.7370412896513423, True
4.121919782030391, -3.4774211685737897, 2.7767936125032255, 0.02923695166315554, 0.00804025337825387, 0.7370412896513423, False
-5.68414207825598, 2.5121819770309006, 3.0316108303988445, 0.02923695166315554, 0.00804025337825387, 0.7370412896513423, True
-3.7136557446227263, 3.144093981961632, -2.7496111705831794, 0.02923695166315554, 0.00804025337825387, 0.7370412896513423, False
4.043244568217068, 3.165924457796086, 0.051567860713530145, 0.02923695166315554, 0.00804025337825387, 0.7370412896513423, False
-6.178865712879233, -1.5880221436676578, 1.0766225040406532, 0.02923695166315554, 0.00804025337825387, 0.7370412896513423, True
3.0202093603056674, 2.3004853987570613, 2.648538730954278, 0.02923695166315554, 0.00804025337825387, 0.7370412896513423, False
-4.000046446065028, 3.1417081131974367, 0.8100396523427147, 0.02923695166315554, 0.00804025337825387, 0.7370412896513423, False
-3.016541908721868, 4.796528739453413, 3.001037712553395, 0.02923695166315554, 0.00804025337825387, 0.7370412896513423, True
1.1901471246393758, 5.082561270830434, -0.6792115653747328, 0.02923695166315554, 0.00804025337825387, 0.7370412896513423, True
-1.2728552178590844, -2.5689512284673115, 2.9876214367436225, 0.02923695166315554, 0.00804025337825387, 0.7370412896513423, True
4.0166969836877655, 3.510605357611899, -0.5898159450740885, 0.02923695166315554, 0.00804025337825387, 0.7370412896513423, False
-3.147202943877923, 5.3434126467863905, 1.2818735941366546, 0.02923695166315554, 0.00804025337825387, 0.7370412896513423, False
5.03225615691105, 1.026740630701938, 1.184284282575307, 0.02923695166315554, 0.00804025337825387, 0.7370412896513423, False
1.3328477210038887, 1.3663987386845715, 0.25667004109023983, 0.02923695166315554, 0.00804025337825387, 0.7370412896513423, False
-4.9489529598509385, -0.8026667018761584, 1.6045036969234845, 0.02923695166315554, 0.00804025337825387, 0.7370412896513423, False
-3.3526670988557044, 3.348522395103961, -2.555047488204328, 0.02923695166315554, 0.00804025337825387, 0.7370412896513423, False
2.4843344170757327, -5.642533268289765, 2.1353091400071174, 0.02923695166315554, 0.00804025337825387, 0.7370412896513423, False
-0.285613219341724, -0.24821318567505557, -3.087824461667958, 0.02923695166315554, 0.00804025337825387, 0.7370412896513423, True
-3.9324011997287918, -4.691733409776028, 2.520982857813312, 0.02923695166315554, 0.00804025337825387, 0.7370412896513423, False
3.3322255301758616, -6.038355610203814, 0.004256597134020712, 0.02923695166315554, 0.00804025337825387, 0.7370412896513423, False
-1.5782601504811202, 0.34800884627700857, 1.4571543378624217, 0.02923695166315554, 0.00804025337825387, 0.7370412896513423, False
1.2005404024957116, 5.259363191538879, -2.6796835940962547, 0.02923695166315554, 0.00804025337825387, 0.7370412896513423, False
1.1378258567389796, -0.40286141412977994, 1.93529695839222, 0.02923695166315554, 0.00804025337825387, 0.7370412896513423, False
-3.2204596027697074, -5.453165499338749, 1.215863366758252, 0.02923695166315554, 0.00804025337825387, 0.7370412896513423, False
3.415303244355213, -6.247829806994873, -1.7596654137584709, 0.02923695166315554, 0.00804025337825387, 0.7370412896513423, False
-1.010494185459386, 5.844023092022741, 1.145327915091519, 0.02923695166315554, 0.00804025337825387, 0.7370412896513423, False
3.3016201597224164, -5.83761460651592, -0.8199951929266733, 0.02923695166315554, 0.00804025337825387, 0.7370412896513423, False
5.088078374641009, 0.9287925164086426, -1.5681141914026462, 0.02923695166315554, 0.00804025337825387, 0.7370412896513423, False
0.8732238271731028, 4.05699745402376, 2.0496576087942735, 0.02923695166315554, 0.00804025337825387, 0.7370412896513423, False
-5.508386068846045, 2.168634950777296, 2.528633495678588, 0.02923695166315554, 0.00804025337825387, 0.7370412896513423, False
4.11025507648827, -3.8476355365707042, 2.5473394811784678, 0.02923695166315554, 0.00804025337825387, 0.7370412896513423, False
2.6581498176743565, -4.248471668999256, 0.9573799393252251, 0.02923695166315554, 0.00804025337825387, 0.7370412896513423, False
3.9802747063418753, 0.3606726113782752, 1.823578952285204, 0.02923695166315554, 0.00804025337825387, 0.7370412896513423, False
5.025736926081992, 1.6024157176029101, 1.4367694686142247, 0.02923695166315554, 0.00804025337825387, 0.7370412896513423, False
-1.7462082069658011, -3.5163629458348034, -2.92561108120578, 0.02923695166315554, 0.00804025337825387, 0.7370412896513423, True
2.4638436858496178, -2.4656552269495027, 0.0505154172379898, 0.02923695166315554, 0.00804025337825387, 0.7370412896513423, False
5.987852269501918, 1.9714893994571572, -2.6390753020855473, 0.02923695166315554, 0.00804025337825387, 0.7370412896513423, False
-4.439074743287546, 6.1229168166502514, 1.4149339642032865, 0.02923695166315554, 0.00804025337825387, 0.7370412896513423, False
-1.37894197397432, 0.20437758091241776, -0.15160040783252926, 0.02923695166315554, 0.00804025337825387, 0.7370412896513423, False
1.6961130901906207, 0.03357493965053848, -2.4448480310588003, 0.02923695166315554, 0.00804025337825387, 0.7370412896513423, False
-0.1743309747822428, 4.784658432089191, 1.1990292588361102, 0.02923695166315554, 0.00804025337825387, 0.7370412896513423, False
5.666308603735709, 2.029069450365064, 1.286220073446894, 0.02923695166315554, 0.00804025337825387, 0.7370412896513423, False
4.263811025686866, 2.975319974679124, -0.5787822341477478, 0.02923695166315554, 0.00804025337825387, 0.7370412896513423, False
-4.8989043575623885, -4.292345035797839, 2.1550843488272404, 0.02923695166315554, 0.00804025337825387, 0.7370412896513423, False
5.860906440683911, 2.582453701892897, -0.8420291840688683, 0.02923695166315554, 0.00804025337825387, 0.7370412896513423, False
-0.7839108310941922, 1.458988495191731, -1.351551090658528, 0.02923695166315554, 0.00804025337825387, 0.7370412896513423, False
-3.316492978421719, 2.6249220219015843, 2.383670985866587, 0.02923695166315554, 0.00804025337825387, 0.7370412896513423, False
-2.455500856646986, -0.5887287259193421, -1.939848619724919, 0.02923695166315554, 0.00804025337825387, 0.7370412896513423, False
1.042581619831676, 0.3865246388228547, 2.477315270119803, 0.02923695166315554, 0.00804025337825387, 0.7370412896513423, False
-4.296940615879185, 1.3590007833076667, 1.016828029814901, 0.02923695166315554, 0.00804025337825387, 0.7370412896513423, False
4.846682567076565, 0.14864195910933642, -0.15257155044223758, 0.02923695166315554, 0.00804025337825387, 0.7370412896513423, False
-0.6741920964910602, 0.595029275889754, -0.5253453244079926, 0.02923695166315554, 0.00804025337825387, 0.7370412896513423, False
-3.498032203354675, 5.140005568763687, -3.1219837713262866, 0.02923695166315554, 0.00804025337825387, 0.7370412896513423, True
-2.1332837182417617, 0.6008472532895031, -2.998229032984177, 0.02923695166315554, 0.00804025337825387, 0.7370412896513423, True
4.2520597698589295, -5.731749706638099, -2.7863398368402987, 0.02923695166315554, 0.00804025337825387, 0.7370412896513423, False
-3.800366816459166, 2.109693264549321, -0.8348365918841885, 0.02923695166315554, 0.00804025337825387, 0.7370412896513423, False
4.42446092619832, 4.400664361118894, -0.8140860592828756, 0.02923695166315554, 0.00804025337825387, 0.7370412896513423, False
1.6623363111521536, 1.431772650428237, 2.117949611674729, 0.02923695166315554, 0.00804025337825387, 0.7370412896513423, False
4.053375196470032, -5.124204515560964, 1.3984641528732418, 0.02923695166315554, 0.00804025337825387, 0.7370412896513423, False
0.682258621874607, -3.9039043822981023, -2.599585517270355, 0.02923695166315554, 0.00804025337825387, 0.7370412896513423, False
3.411572917997338, -3.822541018302178, 2.7643593274179983, 0.02923695166315554, 0.00804025337825387, 0.7370412896513423, False
-0.8387798183147135, 3.814210901662884, 2.6961555584572405, 0.02923695166315554, 0.00804025337825387, 0.7370412896513423, False
2.6331068988948054, 4.024288416353372, -0.932611195756679, 0.02923695166315554, 0.00804025337825387, 0.7370412896513423, False
-6.126566852370387, -1.1851206779557915, -0.05971177752392798, 0.02923695166315554, 0.00804025337825387, 0.7370412896513423, False
-5.012688348479356, 1.475086989608509, -2.73967029929305, 0.02923695166315554, 0.00804025337825387, 0.7370412896513423, False
-3.6585972526759627, -4.736130274450359, 0.4485410795504463, 0.02923695166315554, 0.00804025337825387, 0.7370412896513423, False
1.410444567196718, 1.0221850492543574, 1.7401159673769353, 0.02923695166315554, 0.00804025337825387, 0.7370412896513423, False
-3.069901616078372, 0.3609533065401518, 0.21494566528357018, 0.02923695166315554, 0.00804025337825387, 0.7370412896513423, False
0.2940094831771125, -0.018870493790977605, 0.5234326321937082, 0.02923695166315554, 0.00804025337825387, 0.7370412896513423, False
-2.6883091088877067, 4.683846834281372, 0.0004010621231227418, 0.02923695166315554, 0.00804025337825387, 0.7370412896513423, True
-1.3677774635613966, -2.3606466671321185, -0.9585249120174861, 0.02923695166315554, 0.00804025337825387, 0.7370412896513423, False
-5.637365692108381, -1.3630782873801763, -1.262588332556884, 0.02923695166315554, 0.00804025337825387, 0.7370412896513423, True
-4.789447837494324, 3.517120366929012, 2.751312714155219, 0.02923695166315554, 0.00804025337825387, 0.7370412896513423, False
3.1073422355164517, 4.475903851452156, 1.4967334744845031, 0.02923695166315554, 0.00804025337825387, 0.7370412896513423, False
5.638499951398266, -1.6057716995778213, -2.7681302063078808, 0.02923695166315554, 0.00804025337825387, 0.7370412896513423, False
5.912623818611188, -4.135904999446915, 0.25405156220071756, 0.02923695166315554, 0.00804025337825387, 0.7370412896513423, False
-4.823197990212041, 5.485079765022871, 1.763879551648797, 0.02923695166315554, 0.00804025337825387, 0.7370412896513423, False
-2.9913050570267834, 6.19057205226809, -1.4406568420783699, 0.02923695166315554, 0.00804025337825387, 0.7370412896513423, False
-5.996025859300535, -1.557191503050336, -2.7298994078937975, 0.02923695166315554, 0.00804025337825387, 0.7370412896513423, False
1.339002989022859, -5.310085461259674, -1.455690401253673, 0.02923695166315554, 0.00804025337825387, 0.7370412896513423, False
-2.2630299955614896, -6.195763950849956, 0.004995143943875124, 0.02923695166315554, 0.00804025337825387, 0.7370412896513423, False
-3.001012539958219, 2.7840807895991677, -2.1929167307290527, 0.02923695166315554, 0.00804025337825387, 0.7370412896513423, False
-1.9993713498095635, -3.570994074718263, 2.3836909745595216, 0.02923695166315554, 0.00804025337825387, 0.7370412896513423, False
0.4252478813163778, -4.777297347993945, -2.864525938513598, 0.02923695166315554, 0.00804025337825387, 0.7370412896513423, False
3.7096275366378624, -1.867825680297572, -1.2683660424292695, 0.02923695166315554, 0.00804025337825387, 0.7370412896513423, False
-5.131859405869568, -4.785524109719122, -0.1509782365443697, 0.02923695166315554, 0.00804025337825387, 0.7370412896513423, False
-6.031451454750699, -2.31871801080917, -1.7382480875466573, 0.02923695166315554, 0.00804025337825387, 0.7370412896513423, False
-2.831997935071325, -1.8214314346407425, -1.8098479920165391, 0.02923695166315554, 0.00804025337825387, 0.7370412896513423, False
1.8486524122790549, 0.0497164118568012, 0.6444201356711492, 0.02923695166315554, 0.00804025337825387, 0.7370412896513423, False
2.789598292069144, -5.657862324301346, 0.5615169451817335, 0.02923695166315554, 0.00804025337825387, 0.7370412896513423, False
-6.021903247806983, -1.4347574758792243, 2.42193953405987, 0.02923695166315554, 0.00804025337825387, 0.7370412896513423, False
3.4129689275161166, -1.1915596367423422, -0.4039147660584401, 0.02923695166315554, 0.00804025337825387, 0.7370412896513423, False
-1.7080027800403537, -4.646849394657799, 2.6028575165826364, 0.02923695166315554, 0.00804025337825387, 0.7370412896513423, False
-0.2111521305901416, 5.808311521517004, -1.4027047506721404, 0.02923695166315554, 0.00804025337825387, 0.7370412896513423, False
5.1693303774599695, 2.398009333208048, 3.1361674815476794, 0.02923695166315554, 0.00804025337825387, 0.7370412896513423, True
-3.576823401476161, -4.63073555255222, 2.176024841904205, 0.02923695166315554, 0.00804025337825387, 0.7370412896513423, False
-5.344727098658742, -3.6793967748259035, 2.006258027715883, 0.02923695166315554, 0.00804025337825387, 0.7370412896513423, False
-3.9582998128872333, -5.422813910294656, 2.0871821167696103, 0.02923695166315554, 0.00804025337825387, 0.7370412896513423, False
3.7521769548763793, 4.1502958942776225, 2.4742938791377354, 0.02923695166315554, 0.00804025337825387, 0.7370412896513423, False
-0.5014919734543115, 4.807701430978238, 2.0230400327508358, 0.02923695166315554, 0.00804025337825387, 0.7370412896513423, False
0.14036191362062045, 1.946508601424675, -1.9062401692902147, 0.02923695166315554, 0.00804025337825387, 0.7370412896513423, False
-4.11055151659908, -2.327955996630069, 0.3114972354963008, 0.02923695166315554, 0.00804025337825387, 0.7370412896513423, False
-4.74850038946759, -1.0462861260778507, 0.9549837788932631, 0.02923695166315554, 0.00804025337825387, 0.7370412896513423, False
-2.2857257355530076, -0.4476949352761501, 2.282791166330229, 0.02923695166315554, 0.00804025337825387, 0.7370412896513423, False
3.2424571436278384, 5.158995539245774, 2.109707883484919, 0.02923695166315554, 0.00804025337825387, 0.7370412896513423, False
2.9537179562903813, -5.885910342509619, 1.6196655644049427, 0.02923695166315554, 0.00804025337825387, 0.7370412896513423, False
3.490565605822013, 3.047264372554192, 2.4409613049444383, 0.02923695166315554, 0.00804025337825387, 0.7370412896513423, False
-4.614122493053589, 2.462501502913936, 2.900332778117912, 0.02923695166315554, 0.00804025337825387, 0.7370412896513423, True
-5.473236787940845, 2.19507023579645, 0.8899666580958581, 0.02923695166315554, 0.00804025337825387, 0.7370412896513423, False
5.847866467522842, 3.802319864730107, -0.11276528183870704, 0.02923695166315554, 0.00804025337825387, 0.7370412896513423, False
2.359080246269958, -6.0475669004415025, -2.284846162670157, 0.02923695166315554, 0.00804025337825387, 0.7370412896513423, False
3.8015522167175337, 2.2204251127229497, -0.6028466635556158, 0.02923695166315554, 0.00804025337825387, 0.7370412896513423, False
2.448575820023292, -2.0384237401377243, -0.8119848899339659, 0.02923695166315554, 0.00804025337825387, 0.7370412896513423, False
-1.0869413050230428, -3.1240519124507697, 2.5235272384833545, 0.02923695166315554, 0.00804025337825387, 0.7370412896513423, False
-2.834894401537642, -4.088923944364522, -2.893589606006396, 0.02923695166315554, 0.00804025337825387, 0.7370412896513423, True
-5.349600693703356, 2.7506458002231966, -0.12355013198258247, 0.02923695166315554, 0.00804025337825387, 0.7370412896513423, False
-5.981106682268615, -5.79271190716986, -0.851909403523174, 0.02923695166315554, 0.00804025337825387, 0.7370412896513423, False
1.2444151161792076, 4.5768456916342775, -1.145561821518635, 0.02923695166315554, 0.00804025337825387, 0.7370412896513423, False
0.3976517777732642, 3.3153196634688076, -1.9949346799273744, 0.02923695166315554, 0.00804025337825387, 0.7370412896513423, False
0.4247004219298365, 4.946150505127319, -0.5114861919115574, 0.02923695166315554, 0.00804025337825387, 0.7370412896513423, True
-0.48421226077433044, -1.6797029826917447, -1.4261158631899764, 0.02923695166315554, 0.00804025337825387, 0.7370412896513423, False
-4.511425565206028, -1.9924976172787519, -2.9985788096261303, 0.02923695166315554, 0.00804025337825387, 0.7370412896513423, True
-2.1516096624939074, 2.8787951653447212, -0.1922006134141938, 0.02923695166315554, 0.00804025337825387, 0.7370412896513423, False
3.6443773905495167, -3.433875338347266, 0.4508323267692296, 0.02923695166315554, 0.00804025337825387, 0.7370412896513423, False
-0.031182913100018084, -5.760058401510384, 2.5401864294089442, 0.02923695166315554, 0.00804025337825387, 0.7370412896513423, False
0.3019775745259219, -3.6426720553845557, -2.3543246348442146, 0.02923695166315554, 0.00804025337825387, 0.7370412896513423, False
-4.451554862837594, -3.6166757978977575, -1.5271524251018014, 0.02923695166315554, 0.00804025337825387, 0.7370412896513423, False
-2.5294015444742355, -2.692067357126888, 1.867741855847485, 0.02923695166315554, 0.00804025337825387, 0.7370412896513423, False
-0.7040725655221776, -6.278543144987222, -0.2205319100675478, 0.02923695166315554, 0.00804025337825387, 0.7370412896513423, False
1.6248884307621037, 3.995022387291545, 1.0084609100125066, 0.02923695166315554, 0.00804025337825387, 0.7370412896513423, False
4.7241461907209334, 4.410660955940708, -1.1081895396073786, 0.02923695166315554, 0.00804025337825387, 0.7370412896513423, False
3.62926342661258, -3.0074657927663964, 2.565207018887617, 0.02923695166315554, 0.00804025337825387, 0.7370412896513423, False
-0.11770057927282096, 1.8126937397558933, -0.317814938881146, 0.02923695166315554, 0.00804025337825387, 0.7370412896513423, False
-1.9956095403775702, 4.159515352778731, 1.6525902423624323, 0.02923695166315554, 0.00804025337825387, 0.7370412896513423, True
-4.951704521520453, -6.146014190216882, -0.5547234851060292, 0.02923695166315554, 0.00804025337825387, 0.7370412896513423, False
-0.2781852173902708, 4.694023051173227, -1.5351318744311557, 0.02923695166315554, 0.00804025337825387, 0.7370412896513423, False
1.7434163465930492, -6.009149360031558, 2.934867535514857, 0.02923695166315554, 0.00804025337825387, 0.7370412896513423, True
-2.1725972369115922, -1.2846442119632515, 2.6605317798366217, 0.02923695166315554, 0.00804025337825387, 0.7370412896513423, False
-5.528354221454008, -4.058725482330921, -1.512393960730026, 0.02923695166315554, 0.00804025337825387, 0.7370412896513423, False
5.275067486234878, 2.0232123723535427, 1.7689694909129514, 0.02923695166315554, 0.00804025337825387, 0.7370412896513423, False
4.972550780789929, -3.7215201822934727, 1.1210473772713598, 0.02923695166315554, 0.00804025337825387, 0.7370412896513423, False
-5.923476972299641, -4.189081315133049, 0.23226806941495326, 0.02923695166315554, 0.00804025337825387, 0.7370412896513423, False
3.0297225423842775, -1.5887575076266485, -0.12362945987743945, 0.02923695166315554, 0.00804025337825387, 0.7370412896513423, True
0.35576624700527315, 0.3087251715465342, 2.271181830663112, 0.02923695166315554, 0.00804025337825387, 0.7370412896513423, False
-2.6012166238987016, 5.724142090017219, -1.2007689250564297, 0.02923695166315554, 0.00804025337825387, 0.7370412896513423, False
-5.041768710745096, -5.302652701708798, 2.285024276451564, 0.02923695166315554, 0.00804025337825387, 0.7370412896513423, False
3.4902098839265143, 2.469697329389099, -2.4462560051896607, 0.02923695166315554, 0.00804025337825387, 0.7370412896513423, False
0.7731206898768352, -2.619839345796424, 2.15044253281134, 0.02923695166315554, 0.00804025337825387, 0.7370412896513423, False
-1.6115445952934557, 3.8545248479737033, -2.136470675241889, 0.02923695166315554, 0.00804025337825387, 0.7370412896513423, False
1.213203577518846, 2.323441420323894, 0.3509064547184, 0.02923695166315554, 0.00804025337825387, 0.7370412896513423, False
-0.6485858752342306, -2.204431537849982, 0.36919542252005666, 0.02923695166315554, 0.00804025337825387, 0.7370412896513423, False
0.6189278880588747, -5.201381447796064, -2.365366363103907, 0.02923695166315554, 0.00804025337825387, 0.7370412896513423, False
4.571786046909761, -1.7209749708801736, 1.732979290569685, 0.02923695166315554, 0.00804025337825387, 0.7370412896513423, False
1.3524195024782735, 6.062916264966203, -0.9791016259936223, 0.02923695166315554, 0.00804025337825387, 0.7370412896513423, False
1.5396941205668586, -0.35077687092473475, -2.945015342968809, 0.02923695166315554, 0.00804025337825387, 0.7370412896513423, True
-2.5354488321677957, -2.000851413345462, -2.3638564522909142, 0.02923695166315554, 0.00804025337825387, 0.7370412896513423, False
-5.786148614955411, -4.976677241666115, -2.388441345837365, 0.02923695166315554, 0.00804025337825387, 0.7370412896513423, False
-3.0084356929711253, -1.362896332978873, -0.2755801406174463, 0.02923695166315554, 0.00804025337825387, 0.7370412896513423, True
3.8619603885378595, 1.9601636329785137, -0.39026121523050783, 0.02923695166315554, 0.00804025337825387, 0.7370412896513423, False
2.9261260080192084, 0.8082065691021922, -2.0869056993503605, 0.02923695166315554, 0.00804025337825387, 0.7370412896513423, False
2.836173205967663, 6.059846902986575, 1.0456773844823362, 0.02923695166315554, 0.00804025337825387, 0.7370412896513423, False
4.4714103563891765, -2.073340581723544, 2.814684485358904, 0.02923695166315554, 0.00804025337825387, 0.7370412896513423, False
-4.930884439947665, 6.014072005557072, 2.1214445320220303, 0.02923695166315554, 0.00804025337825387, 0.7370412896513423, False
0.8265005032778427, 3.990486173412876, 2.463199849748281, 0.02923695166315554, 0.00804025337825387, 0.7370412896513423, False
2.2322005248454158, -4.3624676990853395, -0.6049927452456303, 0.02923695166315554, 0.00804025337825387, 0.7370412896513423, False
-0.07544153608002357, 4.022988422481388, 0.09743447162165442, 0.02923695166315554, 0.00804025337825387, 0.7370412896513423, False
0.38558426988876704, 5.3541741928708255, -1.6821906679762098, 0.02923695166315554, 0.00804025337825387, 0.7370412896513423, True
-1.2291584685302634, -3.0777927527512112, -2.1316484984519493, 0.02923695166315554, 0.00804025337825387, 0.7370412896513423, False
-4.401462193888853, 4.559648630796955, 2.32003038219169, 0.02923695166315554, 0.00804025337825387, 0.7370412896513423, False
-5.770372185343825, -0.3879829324208943, -2.3642292065415207, 0.02923695166315554, 0.00804025337825387, 0.7370412896513423, False
-2.458919343122247, -4.033445991562884, 0.3797190172561482, 0.02923695166315554, 0.00804025337825387, 0.7370412896513423, False
2.728715954313735, 4.028682220829836, -0.06910072801122213, 0.02923695166315554, 0.00804025337825387, 0.7370412896513423, False
6.067881753815508, -5.557012892590624, 1.934950529260318, 0.02923695166315554, 0.00804025337825387, 0.7370412896513423, False
