-0.25934782754822194, -3.979414637309528, 2.041305572240651, 0.2840325421693686, 0.19122899230850166, 0.008860449583415031, False
3.6120019010653532, 4.237448587754814, 0.26111026419572214, 0.2840325421693686, 0.19122899230850166, 0.008860449583415031, False
6.136841877647713, -1.324376013553156, -3.02131883777183, 0.2840325421693686, 0.19122899230850166, 0.008860449583415031, True
-1.5439885921905256, 2.4623438507698534, -0.8615627621191049, 0.2840325421693686, 0.19122899230850166, 0.008860449583415031, True
-5.689982515266172, 3.2299209660657304, 2.3622776019795575, 0.2840325421693686, 0.19122899230850166, 0.008860449583415031, False
-3.099299209257444, -3.28966230690799, -1.4896457988330476, 0.2840325421693686, 0.19122899230850166, 0.008860449583415031, False
1.5183959541938759, -6.268448320097363, -2.235964351349681, 0.2840325421693686, 0.19122899230850166, 0.008860449583415031, False
-4.212061007804436, -1.6530007520031473, -0.96100348373596, 0.2840325421693686, 0.19122899230850166, 0.008860449583415031, False
2.434169244955072, -2.523896722354912, 2.7691553921145884, 0.2840325421693686, 0.19122899230850166, 0.008860449583415031, False
-5.843455753672128, 4.9709079555588715, -1.976461571432281, 0.2840325421693686, 0.19122899230850166, 0.008860449583415031, False
5.633408323838395, 0.7426600225470263, -3.1066418686277473, 0.2840325421693686, 0.19122899230850166, 0.008860449583415031, True
1.451566481315087, -1.1421604848945908, -0.07740116101960037, 0.2840325421693686, 0.19122899230850166, 0.008860449583415031, False
-2.792104974158149, 0.20988607726762698, 2.3282199349429806, 0.2840325421693686, 0.19122899230850166, 0.008860449583415031, False
-4.451986438011624, -0.15470573350302086, -2.4892669153802562, 0.2840325421693686, 0.19122899230850166, 0.008860449583415031, False
3.9106361153201217, -4.394949302298043, 0.49497062331470865, 0.2840325421693686, 0.19122899230850166, 0.008860449583415031, False
-5.473085464013442, -6.275745867623228, 0.7167069318177761, 0.2840325421693686, 0.19122899230850166, 0.008860449583415031, True
4.135015672697984, 3.898684010711392, 1.0328682607826458, 0.2840325421693686, 0.19122899230850166, 0.008860449583415031, False
2.3761256053625086, 1.2337932055478475, -2.3556773685523704, 0.2840325421693686, 0.19122899230850166, 0.008860449583415031, False
-4.257067169085085, 2.6163843668070292, 2.085278362662269, 0.2840325421693686, 0.19122899230850166, 0.008860449583415031, False
0.6146515678099531, 2.668223743190863, 2.0671767400243786, 0.2840325421693686, 0.19122899230850166, 0.008860449583415031, False
1.0705936876820532, -5.986671394454002, -0.19812368663580493, 0.2840325421693686, 0.19122899230850166, 0.008860449583415031, False
-3.4618593244261673, -5.362545289835221, 2.682212900914431, 0.2840325421693686, 0.19122899230850166, 0.008860449583415031, False
4.60834714259461, -0.9780784100183926, -3.0160602838845034, 0.2840325421693686, 0.19122899230850166, 0.008860449583415031, True
2.415763194192259, 5.432477138407753, 0.7108488073405632, 0.2840325421693686, 0.19122899230850166, 0.008860449583415031, False
5.085254252941253, -4.13786170286731, -1.7176759731973874, 0.2840325421693686, 0.19122899230850166, 0.008860449583415031, True
-1.0690303313142664, -0.5499212410660448, 2.4923302157791367, 0.2840325421693686, 0.19122899230850166, 0.008860449583415031, False
-5.961590645219753, 3.0730986538516554, 2.3635077299048994, 0.2840325421693686, 0.19122899230850166, 0.008860449583415031, False
-1.171428540364639, -5.80169158708907, -1.2747685319546396, 0.2840325421693686, 0.19122899230850166, 0.008860449583415031, False
-4.805175643983931, -3.539957981977959, -0.6421939710983859, 0.2840325421693686, 0.19122899230850166, 0.008860449583415031, False
1.9839574949787817, -6.228633971093752, 0.12450310663070141, 0.2840325421693686, 0.19122899230850166, 0.008860449583415031, False
1.7565245950666135, 4.723116597815981, 1.6241270915188384, 0.2840325421693686, 0.19122899230850166, 0.008860449583415031, False
-5.335526014841135, -4.076438371419884, -3.0145439071270355, 0.2840325421693686, 0.19122899230850166, 0.008860449583415031, True
4.868026550320764, -4.393799701985292, -1.3654926426847616, 0.2840325421693686, 0.19122899230850166, 0.008860449583415031, True
1.8179578168474322, 0.3335209524581728, 0.22654904702029244, 0.2840325421693686, 0.19122899230850166, 0.008860449583415031, False
-1.1998093865541426, -0.7395314340936956, 1.1779480729499383, 0.2840325421693686, 0.19122899230850166, 0.008860449583415031, False
5.166646927617258, -3.9185896188743006, 1.6425994203408871, 0.2840325421693686, 0.19122899230850166, 0.008860449583415031, False
-3.964750607926887, -5.037816125169833, 1.915721886720462, 0.2840325421693686, 0.19122899230850166, 0.008860449583415031, False
0.7136802594425804, 4.801235651331881, 2.8617702506257467, 0.2840325421693686, 0.19122899230850166, 0.008860449583415031, False
6.063567185586432, 6.09517537089679, 1.7678804053676496, 0.2840325421693686, 0.19122899230850166, 0.008860449583415031, True
3.075960723523478, 6.187881280929426, 2.7609756371661716, 0.2840325421693686, 0.19122899230850166, 0.008860449583415031, False
-4.968353464681618, 5.472965509935346, 0.9050168160513161, 0.2840325421693686, 0.19122899230850166, 0.008860449583415031, False
1.0595936707693756, 4.248097397985221, -2.1635514991890727, 0.2840325421693686, 0.19122899230850166, 0.008860449583415031, False
-4.998871666474353, 2.765880403223388, 1.0718974206488001, 0.2840325421693686, 0.19122899230850166, 0.008860449583415031, False
4.609023604458251, 4.283691353428312, 0.391360844913486, 0.2840325421693686, 0.19122899230850166, 0.008860449583415031, False
2.243794973301698, 3.8823579218270687, -2.700110953278542, 0.2840325421693686, 0.19122899230850166, 0.008860449583415031, False
0.948204006356919, 4.401025368832476, -2.727118393678721, 0.2840325421693686, 0.19122899230850166, 0.008860449583415031, False
6.20439883438781, 6.255494687107461, -1.2935302021645751, 0.2840325421693686, 0.19122899230850166, 0.008860449583415031, True
1.4287406610765716, 2.7717604903672175, -1.9324581268220815, 0.2840325421693686, 0.19122899230850166, 0.008860449583415031, False
5.590906121451782, 6.012025308604985, 2.8576045218462225, 0.2840325421693686, 0.19122899230850166, 0.008860449583415031, True
3.523327626553524, -1.3743928117101136, -0.49541215999058874, 0.2840325421693686, 0.19122899230850166, 0.008860449583415031, False
2.526869457722402, -5.221765517427592, -1.6860728848926896, 0.2840325421693686, 0.19122899230850166, 0.008860449583415031, False
1.8714144387619367, 3.322355945995213, -2.8848727869061, 0.2840325421693686, 0.19122899230850166, 0.008860449583415031, True
1.7336509720528461, 1.3650864543320358, -0.7989788235919808, 0.2840325421693686, 0.19122899230850166, 0.008860449583415031, False
1.241026198608246, 4.127801437142722, 3.0314351174098535, 0.2840325421693686, 0.19122899230850166, 0.008860449583415031, True
-0.7576855675727838, 1.9247304937440894, -2.1580745686958194, 0.2840325421693686, 0.19122899230850166, 0.008860449583415031, False
3.645479273719607, -6.200581968271374, 3.105791627486293, 0.2840325421693686, 0.19122899230850166, 0.008860449583415031, True
-5.179081828256397, -3.836710961208685, 1.0960520081820286, 0.2840325421693686, 0.19122899230850166, 0.008860449583415031, False
-1.9663440260111669, -3.229962533733465, -2.2579934782814783, 0.2840325421693686, 0.19122899230850166, 0.008860449583415031, True
-4.862952807717226, 4.195193707740023, 3.0628398483104373, 0.2840325421693686, 0.19122899230850166, 0.008860449583415031, True
-3.684188482405144, 6.127005944306944, -1.3097560491116012, 0.2840325421693686, 0.19122899230850166, 0.008860449583415031, False
3.275306497151746, 2.563850869804753, -0.811750534255355, 0.2840325421693686, 0.19122899230850166, 0.008860449583415031, False
-1.40186368674844, -6.139944682370894, -0.4498720473641806, 0.2840325421693686, 0.19122899230850166, 0.008860449583415031, False
6.208363053639987, -6.098340033150914, 2.845514577104523, 0.2840325421693686, 0.19122899230850166, 0.008860449583415031, True
4.67403678877114, 1.9802151939057833, 1.582622684845279, 0.2840325421693686, 0.19122899230850166, 0.008860449583415031, True
3.5224955626899437, -0.20510579449018618, -2.7989379023222303, 0.2840325421693686, 0.19122899230850166, 0.008860449583415031, False
4.138041713330773, 3.639932233022268, -1.4707611460457073, 0.2840325421693686, 0.19122899230850166, 0.008860449583415031, False
-4.555826492356669, 1.0609955275791494, -0.18841374338373562, 0.2840325421693686, 0.19122899230850166, 0.008860449583415031, False
-2.4653348878838335, -4.707473414472939, -2.063882508298798, 0.2840325421693686, 0.19122899230850166, 0.008860449583415031, False
0.9319237400666474, 5.381651821132817, 2.739394398580857, 0.2840325421693686, 0.19122899230850166, 0.008860449583415031, False
-0.7162989089848439, 5.327015430388961, -1.267377254938113, 0.2840325421693686, 0.19122899230850166, 0.008860449583415031, False
-0.23410538751182663, -5.858013764777585, -1.8262557943440025, 0.2840325421693686, 0.19122899230850166, 0.008860449583415031, True
2.2762044138868394, -4.214347043280494, 0.41569843258336103, 0.2840325421693686, 0.19122899230850166, 0.008860449583415031, False
2.0936685050361863, -5.828164391089873, 0.35282102925071035, 0.2840325421693686, 0.19122899230850166, 0.008860449583415031, False
3.4960115482136374, 3.6017173047794078, -0.9305652062954861, 0.2840325421693686, 0.19122899230850166, 0.008860449583415031, False
1.586637856553125, 0.721497611424839, 2.866434764498478, 0.2840325421693686, 0.19122899230850166, 0.008860449583415031, False
6.125322424650401, -0.9175827865838713, -0.09435575539593488, 0.2840325421693686, 0.19122899230850166, 0.008860449583415031, False
-5.768171225213132, 2.592786539271769, -1.6115394079417824, 0.2840325421693686, 0.19122899230850166, 0.008860449583415031, False
-2.0133701552313816, 3.3287519557649166, 1.5628176833738436, 0.2840325421693686, 0.19122899230850166, 0.008860449583415031, True
-1.5980093306291892, -0.46731681799804914, -2.416853287654236, 0.2840325421693686, 0.19122899230850166, 0.008860449583415031, False
4.239196727580241, -4.599256938263722, -0.44671650420485376, 0.2840325421693686, 0.19122899230850166, 0.008860449583415031, False
1.3661389966902195, -5.932510290084029, -1.1675742135456835, 0.2840325421693686, 0.19122899230850166, 0.008860449583415031, False
5.536612565006809, 1.503650185426383, 2.007211192180428, 0.2840325421693686, 0.19122899230850166, 0.008860449583415031, False
4.081956741841994, 6.0057646001141105, 0.5999405945373426, 0.2840325421693686, 0.19122899230850166, 0.008860449583415031, False
2.0600953124240604, 2.836749354800176, 2.4539187856876445, 0.2840325421693686, 0.19122899230850166, 0.008860449583415031, False
4.702203114527865, 5.396488920800101, -3.1203490333410318, 0.2840325421693686, 0.19122899230850166, 0.008860449583415031, True
5.999967840346564, -0.3115496985106496, -0.9474634353040168, 0.2840325421693686, 0.19122899230850166, 0.008860449583415031, True
-0.8976265178355503, 4.101500321292981, 0.9996890392614857, 0.2840325421693686, 0.19122899230850166, 0.008860449583415031, False
0.7437167776337601, -5.896742815144808, 1.6244131961782973, 0.2840325421693686, 0.19122899230850166, 0.008860449583415031, True
2.5248231768214726, 3.5561078967917403, -2.017524690388238, 0.2840325421693686, 0.19122899230850166, 0.008860449583415031, False
2.8922764062405353, 4.5332918530978485, -0.6456110674037152, 0.2840325421693686, 0.19122899230850166, 0.008860449583415031, False
2.1108829687657487, -1.2270023894751532, 0.9942957150560625, 0.2840325421693686, 0.19122899230850166, 0.008860449583415031, False
5.256819982268475, -4.843143350669195, -1.892848603190331, 0.2840325421693686, 0.19122899230850166, 0.008860449583415031, True
0.544289527458858, 0.5346092335851624, -0.5656906335572676, 0.2840325421693686, 0.19122899230850166, 0.008860449583415031, True
-2.6177662848272063, -2.2058008507146303, -3.0145305480690645, 0.2840325421693686, 0.19122899230850166, 0.008860449583415031, True
3.245941971169401, -0.549272785299701, 2.769862331042501, 0.2840325421693686, 0.19122899230850166, 0.008860449583415031, False
-1.3873108057182009, 5.043320654734147, 0.7671087226163014, 0.2840325421693686, 0.19122899230850166, 0.008860449583415031, False
-0.5542987159155937, 1.642115170506675, 0.27172673599063657, 0.2840325421693686, 0.19122899230850166, 0.008860449583415031, False
-3.314458302105564, 0.25087830361485963, -2.2480950904661228, 0.2840325421693686, 0.19122899230850166, 0.008860449583415031, False
1.5721163991027174, -2.6013287433152437, -2.62354958695318, 0.2840325421693686, 0.19122899230850166, 0.008860449583415031, False
-0.7262497294630892, -0.7488782183999927, 1.9610827098836845, 0.2840325421693686, 0.19122899230850166, 0.008860449583415031, True
