-2.0941923224277392, -1.09091003292823, 2.119092426980436, -0.1519640152469538, -0.2391560975820587, -0.10022517501669914, False
-2.372818190880143, 6.103732638773206, -2.518265476621317, -0.1519640152469538, -0.2391560975820587, -0.10022517501669914, False
-3.1489383039502568, 5.796720990222026, 0.20657831275233152, -0.1519640152469538, -0.2391560975820587, -0.10022517501669914, False
-2.6539737311039757, -3.1510527499911776, -0.2859441713696591, -0.1519640152469538, -0.2391560975820587, -0.10022517501669914, False
6.272154547074507, 5.435017691737174, -1.6161085766117316, -0.1519640152469538, -0.2391560975820587, -0.10022517501669914, False
5.42790580064487, -0.34215414484850193, -0.49880543165821134, -0.1519640152469538, -0.2391560975820587, -0.10022517501669914, False
6.193736074961464, -4.584722026082107, 2.3568686082583232, -0.1519640152469538, -0.2391560975820587, -0.10022517501669914, False
0.22843453691716853, -1.6896323239321909, -0.8477048224019508, -0.1519640152469538, -0.2391560975820587, -0.10022517501669914, False
2.5642133389231105, -1.586725476613096, 2.544210745101232, -0.1519640152469538, -0.2391560975820587, -0.10022517501669914, False
-0.83794301054811, -3.153090323124646, -0.8273958647868902, -0.1519640152469538, -0.2391560975820587, -0.10022517501669914, False
-0.17824019188056806, -0.525903254459422, 2.3106097042066613, -0.1519640152469538, -0.2391560975820587, -0.10022517501669914, False
-2.0704112062985063, 4.266152821997446, -2.889632105639167, -0.1519640152469538, -0.2391560975820587, -0.10022517501669914, False
-4.218228772080665, 0.01400455359911934, 2.367748379193227, -0.1519640152469538, -0.2391560975820587, -0.10022517501669914, False
5.665296407238502, -1.6829037777646807, -0.9900405728756341, -0.1519640152469538, -0.2391560975820587, -0.10022517501669914, False
1.271899503646364, 2.6106445676940773, 2.2344343870436223, -0.1519640152469538, -0.2391560975820587, -0.10022517501669914, True
2.881975841475988, -2.421191489105814, 0.9144208684923756, -0.1519640152469538, -0.2391560975820587, -0.10022517501669914, False
5.957259560592803, 3.2256405966337294, 2.507427537744041, -0.1519640152469538, -0.2391560975820587, -0.10022517501669914, False
5.406695428000544, 3.8077744137040863, 0.6684100845777254, -0.1519640152469538, -0.2391560975820587, -0.10022517501669914, False
1.98067554522755, 3.0306474891164363, -1.6580421731853263, -0.1519640152469538, -0.2391560975820587, -0.10022517501669914, False
-5.632450710004409, -3.4067184359209786, -2.752721456724738, -0.1519640152469538, -0.2391560975820587, -0.10022517501669914, True
-4.390165922462961, -5.389301309228408, -2.8386953422589687, -0.1519640152469538, -0.2391560975820587, -0.10022517501669914, False
-5.703644575026555, -0.7518787658001074, 1.4611153413014053, -0.1519640152469538, -0.2391560975820587, -0.10022517501669914, False
-1.9805218899302233, 3.8523450327894313, 0.37499275871795845, -0.1519640152469538, -0.2391560975820587, -0.10022517501669914, False
1.2260811218306227, 0.24000502846195282, 0.9957832981945902, -0.1519640152469538, -0.2391560975820587, -0.10022517501669914, False
5.675896526477802, -2.6575468533986353, 0.3749468163839662, -0.1519640152469538, -0.2391560975820587, -0.10022517501669914, False
4.66623249202746, 4.935350789884584, 3.0256621146286236, -0.1519640152469538, -0.2391560975820587, -0.10022517501669914, True
-3.1889647606358116, 2.4453784394107156, 2.4635399566416414, -0.1519640152469538, -0.2391560975820587, -0.10022517501669914, False
0.4879068039901586, 5.656680503330861, -1.82863551551788, -0.1519640152469538, -0.2391560975820587, -0.10022517501669914, False
-5.526105295058002, 1.232640547628133, 3.118162953086861, -0.1519640152469538, -0.2391560975820587, -0.10022517501669914, True
1.9066599674134466, 2.361736234462713, 0.4218595071544202, -0.1519640152469538, -0.2391560975820587, -0.10022517501669914, True
5.9785866473281395, -2.4811671232745094, -2.7376839156083914, -0.1519640152469538, -0.2391560975820587, -0.10022517501669914, False
5.1188573615700665, -1.8556757451631736, -1.3149016434675282, -0.1519640152469538, -0.2391560975820587, -0.10022517501669914, False
-4.747865807123947, -2.05689691089679, -0.9718725742783358, -0.1519640152469538, -0.2391560975820587, -0.10022517501669914, False
0.6748644270554562, -3.592258209830659, -1.8953678121110973, -0.1519640152469538, -0.2391560975820587, -0.10022517501669914, True
0.6129122126826383, 2.5910451538776815, 0.3031434071003951, -0.1519640152469538, -0.2391560975820587, -0.10022517501669914, False
-4.716433584886467, 4.428571206917356, 2.735207363596621, -0.1519640152469538, -0.2391560975820587, -0.10022517501669914, False
-1.452620567228081, 2.6472696958098574, 2.031712917151374, -0.1519640152469538, -0.2391560975820587, -0.10022517501669914, False
-0.28007088375534916, 2.584662434103768, 1.3986167103602405, -0.1519640152469538, -0.2391560975820587, -0.10022517501669914, False
4.9881400503182824, -3.4928409421227924, -2.5476309484463755, -0.1519640152469538, -0.2391560975820587, -0.10022517501669914, False
6.212312133756841, 2.255913035053762, 1.9087195664664156, -0.1519640152469538, -0.2391560975820587, -0.10022517501669914, False
-5.175803158020176, -4.27002908351723, -1.2095107299303811, -0.1519640152469538, -0.2391560975820587, -0.10022517501669914, True
-5.90060689551366, -2.397152457065708, -3.0988492990942356, -0.1519640152469538, -0.2391560975820587, -0.10022517501669914, True
0.8997635335286969, 3.0694358960444017, 0.24673668674717986, -0.1519640152469538, -0.2391560975820587, -0.10022517501669914, False
1.1862108717305722, 0.9486930086434651, 0.11758596841056823, -0.1519640152469538, -0.2391560975820587, -0.10022517501669914, False
-0.7770364832053689, -2.7691266827451586, -1.9036038754696045, -0.1519640152469538, -0.2391560975820587, -0.10022517501669914, False
5.226587227174591, 2.2132865114582145, -0.19339980984847394, -0.1519640152469538, -0.2391560975820587, -0.10022517501669914, False
-0.3151552580726129, 4.679857976643262, 2.66609613959743, -0.1519640152469538, -0.2391560975820587, -0.10022517501669914, False
3.210665647267426, 4.26858540359021, -2.969490165227901, -0.1519640152469538, -0.2391560975820587, -0.10022517501669914, True
5.5036203598033335, -3.5169303008228927, -1.402198781792104, -0.1519640152469538, -0.2391560975820587, -0.10022517501669914, False
-6.092661531698763, 1.7246936158345925, 0.33971407794566044, -0.1519640152469538, -0.2391560975820587, -0.10022517501669914, False
2.0251248462985423, 2.374485531211185, 1.3243253320237969, -0.1519640152469538, -0.2391560975820587, -0.10022517501669914, True
1.333946357246587, 3.939618659149014, 3.0094400140382103, -0.1519640152469538, -0.2391560975820587, -0.10022517501669914, True
-0.3481573526744075, 1.1443694946356207, 0.3248371213907011, -0.1519640152469538, -0.2391560975820587, -0.10022517501669914, False
1.563340994560222, 1.6488646412496504, -2.9226659598334854, -0.1519640152469538, -0.2391560975820587, -0.10022517501669914, True
-3.9961674587445533, -3.1484331430719337, -0.9077738551959227, -0.1519640152469538, -0.2391560975820587, -0.10022517501669914, False
-4.204245748730147, 5.226261460137698, 1.3425031166890076, -0.1519640152469538, -0.2391560975820587, -0.10022517501669914, False
-4.552376791317698, 6.171090992535811, 2.579983341310192, -0.1519640152469538, -0.2391560975820587, -0.10022517501669914, False
3.955115567761702, -0.2120867655848251, 0.09269074561868784, -0.1519640152469538, -0.2391560975820587, -0.10022517501669914, False
-5.504245089120165, 0.6063413055628004, 1.6306428516535592, -0.1519640152469538, -0.2391560975820587, -0.10022517501669914, False
-1.1297938266961491, 0.7570765295140474, 1.674409707049402, -0.1519640152469538, -0.2391560975820587, -0.10022517501669914, False
0.7203742244638613, 0.888978531706516, 0.691465098363496, -0.1519640152469538, -0.2391560975820587, -0.10022517501669914, False
-5.853591319240833, -4.933990097092249, -0.8742361875597044, -0.1519640152469538, -0.2391560975820587, -0.10022517501669914, False
-2.8921391654662907, 2.540766982969803, -1.3566792921339792, -0.1519640152469538, -0.2391560975820587, -0.10022517501669914, False
0.1212192487319097, -3.70158953714487, -2.7508256693925572, -0.1519640152469538, -0.2391560975820587, -0.10022517501669914, False
1.2423062076574585, -2.5949234874412124, 2.589242955540138, -0.1519640152469538, -0.2391560975820587, -0.10022517501669914, False
3.462510537642986, 1.465932098237209, -3.0884133918617414, -0.1519640152469538, -0.2391560975820587, -0.10022517501669914, True
-4.153095556688163, 4.6727953325874285, 2.8620125374375682, -0.1519640152469538, -0.2391560975820587, -0.10022517501669914, False
0.7022927423430421, -5.490853443194413, 0.40756649765015407, -0.1519640152469538, -0.2391560975820587, -0.10022517501669914, False
4.265837771859301, 5.8772768447152455, -2.1939569573344953, -0.1519640152469538, -0.2391560975820587, -0.10022517501669914, False
4.648475017710101, -0.21431775177489598, -2.59398448229736, -0.1519640152469538, -0.2391560975820587, -0.10022517501669914, False
4.60348760256573, -1.4831243693970064, -1.1847099495077404, -0.1519640152469538, -0.2391560975820587, -0.10022517501669914, False
-2.317396121753792, 5.048524141060678, -2.195635390642087, -0.1519640152469538, -0.2391560975820587, -0.10022517501669914, False
-2.115170270066625, 3.945460523344323, -2.0644942212031747, -0.1519640152469538, -0.2391560975820587, -0.10022517501669914, False
1.1186476449804497, -2.01323487275332, 2.284194077995404, -0.1519640152469538, -0.2391560975820587, -0.10022517501669914, False
1.021630709341455, 1.7060535646296948, -2.6699580239158434, -0.1519640152469538, -0.2391560975820587, -0.10022517501669914, False
2.257974551465553, -3.2953664411443784, 2.9525207508283344, -0.1519640152469538, -0.2391560975820587, -0.10022517501669914, True
-2.7892755228470545, -4.226471985696012, 0.7900413657757341, -0.1519640152469538, -0.2391560975820587, -0.10022517501669914, False
3.225629627073994, -1.048492450270051, 2.04346213951613, -0.1519640152469538, -0.2391560975820587, -0.10022517501669914, False
-0.0912942542705979, 3.07158947851609, 0.7086145070433267, -0.1519640152469538, -0.2391560975820587, -0.10022517501669914, False
2.964112001568733, 3.234386483385622, 1.6811807246893027, -0.1519640152469538, -0.2391560975820587, -0.10022517501669914, False
-6.201931041759565, -5.094535367005838, 1.5380065823535496, -0.1519640152469538, -0.2391560975820587, -0.10022517501669914, False
0.47734317143144267, -1.3903294906839943, -1.9019576357665167, -0.1519640152469538, -0.2391560975820587, -0.10022517501669914, False
2.192645829969795, -5.5750648303016455, 0.166258885251362, -0.1519640152469538, -0.2391560975820587, -0.10022517501669914, False
-5.972700776803162, -1.1499446179076154, -1.7020616192552773, -0.1519640152469538, -0.2391560975820587, -0.10022517501669914, False
-4.181739533662057, 1.0935092603425671, -2.627266761041541, -0.1519640152469538, -0.2391560975820587, -0.10022517501669914, False
-2.3378055460561304, 1.7601614892059558, -1.0103726468665157, -0.1519640152469538, -0.2391560975820587, -0.10022517501669914, False
0.4030114973909864, 4.635127018029481, 0.2807719849032817, -0.1519640152469538, -0.2391560975820587, -0.10022517501669914, False
2.805643311787147, -5.42202398609947, 1.829092680844231, -0.1519640152469538, -0.2391560975820587, -0.10022517501669914, True
2.0224449831945677, 0.2009232762499078, 1.2878489392336832, -0.1519640152469538, -0.2391560975820587, -0.10022517501669914, False
-3.9321192671006506, -3.2954234685943486, -0.8500152320168288, -0.1519640152469538, -0.2391560975820587, -0.10022517501669914, False
-4.003453922251358, -4.7644616609565755, -2.2290009746860986, -0.1519640152469538, -0.2391560975820587, -0.10022517501669914, True
-2.1074466617533876, -4.141184192357844, -0.23243468496006736, -0.1519640152469538, -0.2391560975820587, -0.10022517501669914, False
4.068366876078786, 3.7791883574327194, 1.0609159362111633, -0.1519640152469538, -0.2391560975820587, -0.10022517501669914, False
3.301211215313268, 1.8141160040763324, 0.4789185206764821, -0.1519640152469538, -0.2391560975820587, -0.10022517501669914, False
-2.7554932929374703, 1.5088944663710118, 0.6683392547291844, -0.1519640152469538, -0.2391560975820587, -0.10022517501669914, False
5.856013905498026, -1.583175248555504, -2.8681093426122075, -0.1519640152469538, -0.2391560975820587, -0.10022517501669914, False
-4.062482980541592, -3.035015802723608, 0.524913279680097, -0.1519640152469538, -0.2391560975820587, -0.10022517501669914, False
4.374601603504274, -2.0344990416623574, 2.8915099066242664, -0.1519640152469538, -0.2391560975820587, -0.10022517501669914, True
3.1934045357173844, -3.6656849479361413, -2.07920494864527, -0.1519640152469538, -0.2391560975820587, -0.10022517501669914, False
2.5694713348362974, -5.52537142471664, -0.6418604375517827, -0.1519640152469538, -0.2391560975820587, -0.10022517501669914, True
-1.0515264016087995, -4.2717871480578395, 1.863832957955017, -0.1519640152469538, -0.2391560975820587, -0.10022517501669914, False
-3.859127055808481, 3.811062334478022, -2.3424441530608013, -0.1519640152469538, -0.2391560975820587, -0.10022517501669914, False
4.80114400325656, -0.8337709967096636, -0.8909675928663572, -0.1519640152469538, -0.2391560975820587, -0.10022517501669914, False
3.342896804361926, 6.190867345800807, -2.6460092173600547, -0.1519640152469538, -0.2391560975820587, -0.10022517501669914, False
3.7895071722886193, -5.222730536288312, 3.1027600202546077, -0.1519640152469538, -0.2391560975820587, -0.10022517501669914, True
-0.17234785683213616, -0.9744182262171002, -1.3293145784370104, -0.1519640152469538, -0.2391560975820587, -0.10022517501669914, False
-0.7950265807759518, 3.6635096598989048, -1.7596073419087666, -0.1519640152469538, -0.2391560975820587, -0.10022517501669914, False
6.103572906739624, 1.2654020697826924, -2.9714933280105345, -0.1519640152469538, -0.2391560975820587, -0.10022517501669914, True
-0.11659426836132081, 1.8542684948873998, -1.5721655300155162, -0.1519640152469538, -0.2391560975820587, -0.10022517501669914, False
-5.944807260897827, 0.36679477597087207, -2.0990150965174625, -0.1519640152469538, -0.2391560975820587, -0.10022517501669914, False
-2.507270853585506, -1.718606096779256, 0.027455257321117976, -0.1519640152469538, -0.2391560975820587, -0.10022517501669914, False
-4.587290917280379, -2.4987032195277274, 1.142455481070285, -0.1519640152469538, -0.2391560975820587, -0.10022517501669914, False
-3.168501258931179, 1.3144478080149282, 0.9934784401890706, -0.1519640152469538, -0.2391560975820587, -0.10022517501669914, True
-4.7917920762138, 1.213476734250281, -2.934251792699047, -0.1519640152469538, -0.2391560975820587, -0.10022517501669914, True
0.09746357479613987, -2.6196716632493215, -2.2237502917767755, -0.1519640152469538, -0.2391560975820587, -0.10022517501669914, False
-0.12885124134755532, 1.921895794381646, -0.32882481290387355, -0.1519640152469538, -0.2391560975820587, -0.10022517501669914, False
-4.347020060022386, -1.9891502698054602, -2.4757291543245747, -0.1519640152469538, -0.2391560975820587, -0.10022517501669914, False
1.5739328717260754, 5.6519302085812, -0.12327280813258845, -0.1519640152469538, -0.2391560975820587, -0.10022517501669914, False
0.08133980969726906, 2.6683019079235013, 3.1040470779442373, -0.1519640152469538, -0.2391560975820587, -0.10022517501669914, True
-1.4930560076920978, 2.7213076481022256, 0.47885854273741124, -0.1519640152469538, -0.2391560975820587, -0.10022517501669914, False
-0.522252280571684, -4.012053669619579, 0.5296177509257491, -0.1519640152469538, -0.2391560975820587, -0.10022517501669914, False
6.0436487343786265, -0.5368838820209376, -1.5077671202355456, -0.1519640152469538, -0.2391560975820587, -0.10022517501669914, False
0.8987374471222358, 0.6502016287633099, 1.1523364450622875, -0.1519640152469538, -0.2391560975820587, -0.10022517501669914, False
-2.063384479879466, -0.040661527540224895, 2.382547658875885, -0.1519640152469538, -0.2391560975820587, -0.10022517501669914, True
-3.3072713735966546, -2.2890633807323564, 0.018754137655661918, -0.1519640152469538, -0.2391560975820587, -0.10022517501669914, False
3.808571514481084, -0.6200341483293776, -0.2148594830101791, -0.1519640152469538, -0.2391560975820587, -0.10022517501669914, False
-1.5087587529859148, -2.131619561764823, 3.0684473412356708, -0.1519640152469538, -0.2391560975820587, -0.10022517501669914, True
-0.2465578053230999, -1.1241598233594852, 1.1663110206839349, -0.1519640152469538, -0.2391560975820587, -0.10022517501669914, False
0.2914864277313507, -5.919505898797226, 2.2918965607163777, -0.1519640152469538, -0.2391560975820587, -0.10022517501669914, False
-5.774619564213227, 1.2443917295091325, -0.6993513426493392, -0.1519640152469538, -0.2391560975820587, -0.10022517501669914, False
2.2202888911852803, -3.9404163799246326, 0.9996143103940351, -0.1519640152469538, -0.2391560975820587, -0.10022517501669914, True
-2.469657907402828, -0.5922280711195018, -0.6625258531105067, -0.1519640152469538, -0.2391560975820587, -0.10022517501669914, False
5.813051978286252, -0.1165522258985785, 3.1342638787934627, -0.1519640152469538, -0.2391560975820587, -0.10022517501669914, True
0.8307510818188968, -5.352170582287868, -1.3445681753617438, -0.1519640152469538, -0.2391560975820587, -0.10022517501669914, False
2.630250532138623, -5.7104182441908495, 0.4098075795014333, -0.1519640152469538, -0.2391560975820587, -0.10022517501669914, False
0.8078709124511807, 4.453208612836351, -1.4680441599514042, -0.1519640152469538, -0.2391560975820587, -0.10022517501669914, False
-0.9570586669294743, -4.296590481121562, -0.23487186607836597, -0.1519640152469538, -0.2391560975820587, -0.10022517501669914, False
2.9490412649847215, -0.510496701400089, 3.105166822596737, -0.1519640152469538, -0.2391560975820587, -0.10022517501669914, True
1.8120292641524447, 2.4706552831220243, -0.20795634216790582, -0.1519640152469538, -0.2391560975820587, -0.10022517501669914, True
-4.648158209773386, 0.9292184505198833, 2.0951641850218774, -0.1519640152469538, -0.2391560975820587, -0.10022517501669914, False
3.093284837661468, -4.395396948968475, -0.22677836300569387, -0.1519640152469538, -0.2391560975820587, -0.10022517501669914, False
1.0989214337715607, -5.000063855549807, 2.1589956908353605, -0.1519640152469538, -0.2391560975820587, -0.10022517501669914, True
-3.418695097265385, -2.1424603001632354, 1.4784057190125912, -0.1519640152469538, -0.2391560975820587, -0.10022517501669914, False
4.430288879909373, 4.27225747904434, -1.8744234986305373, -0.1519640152469538, -0.2391560975820587, -0.10022517501669914, False
0.34496102417447716, -4.933992915463849, 2.737609470197631, -0.1519640152469538, -0.2391560975820587, -0.10022517501669914, False
2.879543372986447, -2.460838807062378, -2.8379475111224894, -0.1519640152469538, -0.2391560975820587, -0.10022517501669914, False
-0.47913186493662696, 1.006098224381648, 2.9902295573761224, -0.1519640152469538, -0.2391560975820587, -0.10022517501669914, True
0.7561755049916865, -1.3081839581493995, -1.2384140364910174, -0.1519640152469538, -0.2391560975820587, -0.10022517501669914, False
-5.572933547224516, 6.029648959601348, -0.8816600017598235, -0.1519640152469538, -0.2391560975820587, -0.10022517501669914, False
-2.495221080512951, -5.460768463001801, 1.0268993443729908, -0.1519640152469538, -0.2391560975820587, -0.10022517501669914, True
3.1316535192511203, -0.3772805650255169, -2.798967488447065, -0.1519640152469538, -0.2391560975820587, -0.10022517501669914, False
5.819317612783037, -5.96464050835783, 2.090742114233821, -0.1519640152469538, -0.2391560975820587, -0.10022517501669914, False
2.036748176955136, -2.130192424865058, -1.3526885218978077, -0.1519640152469538, -0.2391560975820587, -0.10022517501669914, False
-2.2872727384311364, 3.0335155221834356, -1.8544760175769879, -0.1519640152469538, -0.2391560975820587, -0.10022517501669914, False
-5.767673086780022, -4.7769437977393645, 0.8870917254737547, -0.1519640152469538, -0.2391560975820587, -0.10022517501669914, False
-2.901510055899838, 4.491131775195965, -2.074635606777295, -0.1519640152469538, -0.2391560975820587, -0.10022517501669914, False
-6.058374879034121, 3.524158582992202, 3.067255151117018, -0.1519640152469538, -0.2391560975820587, -0.10022517501669914, True
-5.507729454727483, 1.7190744033334973, -0.9535141569719476, -0.1519640152469538, -0.2391560975820587, -0.10022517501669914, False
0.7142994906144029, -4.362525524305623, 0.6423609939179276, -0.1519640152469538, -0.2391560975820587, -0.10022517501669914, False
4.608078360769403, -0.3158056342303004, -0.31399687963839806, -0.1519640152469538, -0.2391560975820587, -0.10022517501669914, False
-3.3858586325210327, 4.416939019602355, 1.5759803171297415, -0.1519640152469538, -0.2391560975820587, -0.10022517501669914, False
4.971111059100023, 0.764619564228644, 0.5952632402380575, -0.1519640152469538, -0.2391560975820587, -0.10022517501669914, False
-5.737734774883781, -0.06087496777918222, 3.0426380263217476, -0.1519640152469538, -0.2391560975820587, -0.10022517501669914, True
3.8329390161306254, 0.5785105287684615, -0.41550415655731854, -0.1519640152469538, -0.2391560975820587, -0.10022517501669914, True
3.0162562762951683, -2.213766992888716, -0.231722668790995, -0.1519640152469538, -0.2391560975820587, -0.10022517501669914, False
6.104729908353839, -2.5747814205456687, -0.6117517010115785, -0.1519640152469538, -0.2391560975820587, -0.10022517501669914, False
6.0252679159062055, -1.456932392084684, 3.110985715613319, -0.1519640152469538, -0.2391560975820587, -0.10022517501669914, True
1.2628752396342477, 2.358138553716074, -1.0856168173253606, -0.1519640152469538, -0.2391560975820587, -0.10022517501669914, True
-1.3806978213531433, 2.8390178733145266, 1.5154809418802602, -0.1519640152469538, -0.2391560975820587, -0.10022517501669914, False
2.4917920332835113, 2.7243281329260096, 1.3006492980042488, -0.1519640152469538, -0.2391560975820587, -0.10022517501669914, False
6.11521473798363, -6.251047660444085, 0.5177924875351523, -0.1519640152469538, -0.2391560975820587, -0.10022517501669914, False
-6.080593089311862, -3.27717453202345, 0.2871403278119704, -0.1519640152469538, -0.2391560975820587, -0.10022517501669914, False
-5.170929645754146, -0.6051092539024392, -0.12206845049561066, -0.1519640152469538, -0.2391560975820587, -0.10022517501669914, False
-0.45551474270367365, -3.5863786936261968, -0.4326642555437741, -0.1519640152469538, -0.2391560975820587, -0.10022517501669914, False
2.2872603807495935, -2.456143537587082, -0.685857707021098, -0.1519640152469538, -0.2391560975820587, -0.10022517501669914, False
-3.0080002236213184, -1.5258094693712891, 0.6334299191643118, -0.1519640152469538, -0.2391560975820587, -0.10022517501669914, False
2.2938403333974318, -4.792848700255275, 2.1732571729400387, -0.1519640152469538, -0.2391560975820587, -0.10022517501669914, True
-1.6530728581835312, 0.9401824225763757, 2.8604070542423887, -0.1519640152469538, -0.2391560975820587, -0.10022517501669914, True
1.0465291870862208, 0.031061990908611392, 1.1035899928165085, -0.1519640152469538, -0.2391560975820587, -0.10022517501669914, False
-0.0847502375259781, -3.670881425774855, -1.8682930961331696, -0.1519640152469538, -0.2391560975820587, -0.10022517501669914, False
0.6908450472499945, 4.49936674055844, 0.47217084397387143, -0.1519640152469538, -0.2391560975820587, -0.10022517501669914, False
-1.2761606775305987, -5.969870663792055, 1.7560267336488344, -0.1519640152469538, -0.2391560975820587, -0.10022517501669914, False
-5.464344478526326, -3.283827787160657, -1.0743576187055277, -0.1519640152469538, -0.2391560975820587, -0.10022517501669914, False
-3.6423876740008074, 6.139592453587531, 2.426226583852089, -0.1519640152469538, -0.2391560975820587, -0.10022517501669914, False
2.7222006074369425, 0.2487886897131384, 0.6279850753478975, -0.1519640152469538, -0.2391560975820587, -0.10022517501669914, False
-4.700240568281088, -2.1106357762089933, 0.7539592799844952, -0.1519640152469538, -0.2391560975820587, -0.10022517501669914, False
-1.0617420937978324, 2.5051391349825547, 1.860002080371702, -0.1519640152469538, -0.2391560975820587, -0.10022517501669914, False
1.5906295121142993, 5.9302511248475, -1.3927863228616624, -0.1519640152469538, -0.2391560975820587, -0.10022517501669914, False
-5.476954696577204, 5.29033193344112, -3.036971444791415, -0.1519640152469538, -0.2391560975820587, -0.10022517501669914, True
0.9077345878650123, -3.5012136307915696, -1.0905788984433382, -0.1519640152469538, -0.2391560975820587, -0.10022517501669914, True
-1.2684948509457499, 6.112245863839227, 0.4133541815579096, -0.1519640152469538, -0.2391560975820587, -0.10022517501669914, False
3.804725920369071, 3.620960770480547, 1.178221552979271, -0.1519640152469538, -0.2391560975820587, -0.10022517501669914, False
-1.3235563298606765, 5.68377211976108, 0.4072457055749559, -0.1519640152469538, -0.2391560975820587, -0.10022517501669914, False
4.9775000526482565, 0.42170988257727604, -2.69734049554662, -0.1519640152469538, -0.2391560975820587, -0.10022517501669914, False
-4.9636940547818345, -1.5445293327832479, -0.7136315534466062, -0.1519640152469538, -0.2391560975820587, -0.10022517501669914, False
-3.3921179900967875, -5.075626240437488, 2.8517148724345507, -0.1519640152469538, -0.2391560975820587, -0.10022517501669914, True
5.243141033374188, -5.401768191166816, 1.275453014741199, -0.1519640152469538, -0.2391560975820587, -0.10022517501669914, False
3.642741236823369, -4.599159201290247, -0.31330679505743175, -0.1519640152469538, -0.2391560975820587, -0.10022517501669914, False
1.5027662678348817, 4.9795165687847405, 0.9259325460621461, -0.1519640152469538, -0.2391560975820587, -0.10022517501669914, False
-2.4086192125937793, -5.950024615111849, -2.8329132210132597, -0.1519640152469538, -0.2391560975820587, -0.10022517501669914, True
