4.933760788422839, 0.6603236238347234, 0.9395646408784213, 0.46652797177439265, 0.356429095962123, 0.7051419488982165, False
0.2521032343089198, -1.0593749579311584, 2.9855994316276, 0.46652797177439265, 0.356429095962123, 0.7051419488982165, True
-3.733697692169034, -5.250205737987011, 1.2818429462240228, 0.46652797177439265, 0.356429095962123, 0.7051419488982165, False
5.9823613374798175, 6.100293657823595, 0.06940132246502095, 0.46652797177439265, 0.356429095962123, 0.7051419488982165, False
-5.6729185143548735, 2.2060430810800504, -1.485746585945329, 0.46652797177439265, 0.356429095962123, 0.7051419488982165, False
-5.789321252674638, 3.001959974123462, -0.7159313507852487, 0.46652797177439265, 0.356429095962123, 0.7051419488982165, False
-3.1832082298671613, 5.428341810863861, -2.429107740172457, 0.46652797177439265, 0.356429095962123, 0.7051419488982165, False
1.7206783117525042, 4.542651197405927, 2.260846059458059, 0.46652797177439265, 0.356429095962123, 0.7051419488982165, False
0.5036139237379942, 3.8555879422314074, -2.732111679370023, 0.46652797177439265, 0.356429095962123, 0.7051419488982165, False
-3.8454226797145554, -2.2831106031236237, 1.594065748762726, 0.46652797177439265, 0.356429095962123, 0.7051419488982165, False
-1.0302996976956011, 2.6936251257515114, 3.0710363749347387, 0.46652797177439265, 0.356429095962123, 0.7051419488982165, True
-5.501213426753633, 4.806096821052996, -0.5377122126243083, 0.46652797177439265, 0.356429095962123, 0.7051419488982165, False
0.6315218893626087, 6.0631046620064915, 2.378794740220509, 0.46652797177439265, 0.356429095962123, 0.7051419488982165, False
-5.3293869088510215, 1.6439086821103404, 1.0051783175388787, 0.46652797177439265, 0.356429095962123, 0.7051419488982165, False
1.3103695094982069, -3.854101435112649, 2.570244135697356, 0.46652797177439265, 0.356429095962123, 0.7051419488982165, False
-4.563884785957512, -0.6988930293754887, -2.102486021615117, 0.46652797177439265, 0.356429095962123, 0.7051419488982165, False
5.3433231747926815, 4.945057909427273, 0.6412728305238797, 0.46652797177439265, 0.356429095962123, 0.7051419488982165, False
2.323340258409141, -3.0369762286560307, 0.7037489993645183, 0.46652797177439265, 0.356429095962123, 0.7051419488982165, False
-5.089694201373742, -4.27247329211927, -0.6071314090467839, 0.46652797177439265, 0.356429095962123, 0.7051419488982165, False
-0.96541290671352, 0.8930761997444909, -1.2555013094472565, 0.46652797177439265, 0.356429095962123, 0.7051419488982165, False
-4.43978279458743, -3.6056765744997508, 2.040010077264819, 0.46652797177439265, 0.356429095962123, 0.7051419488982165, False
-5.508401128006759, -2.612235031729161, -0.1699569012350759, 0.46652797177439265, 0.356429095962123, 0.7051419488982165, False
4.983217659689165, 0.5846112203165914, -0.7042432886759546, 0.46652797177439265, 0.356429095962123, 0.7051419488982165, False
3.5060150773858165, -1.6819540588582909, 2.416440265281744, 0.46652797177439265, 0.356429095962123, 0.7051419488982165, False
-5.814657034812966, -5.013013125437569, -0.7787800908156464, 0.46652797177439265, 0.356429095962123, 0.7051419488982165, False
-2.9907475327943893, 0.4918610785041997, -1.9172319005608585, 0.46652797177439265, 0.356429095962123, 0.7051419488982165, False
-6.142623177370937, -2.652603945773626, -2.879519355950854, 0.46652797177439265, 0.356429095962123, 0.7051419488982165, True
-1.9108184673838124, 1.3074285354686834, 1.9201053708781144, 0.46652797177439265, 0.356429095962123, 0.7051419488982165, False
-2.5758594642446693, 3.3327157152585087, -2.610839816129999, 0.46652797177439265, 0.356429095962123, 0.7051419488982165, False
2.0173223573193404, -1.7475261537066826, 1.077550048103972, 0.46652797177439265, 0.356429095962123, 0.7051419488982165, False
-5.137891751965423, -1.938592844661141, -3.1286653466497283, 0.46652797177439265, 0.356429095962123, 0.7051419488982165, True
-0.972671558660064, -5.190372505442911, 1.6982163633034588, 0.46652797177439265, 0.356429095962123, 0.7051419488982165, False
5.334672202946598, -1.9745422953496874, 1.8707431405915553, 0.46652797177439265, 0.356429095962123, 0.7051419488982165, False
-1.4795409479942139, -1.7146293616795756, 0.10360441136267973, 0.46652797177439265, 0.356429095962123, 0.7051419488982165, False
-0.7532239116272619, 3.3562749153969857, 2.883052806648341, 0.46652797177439265, 0.356429095962123, 0.7051419488982165, True
2.500496066773623, 5.26106606954783, -0.8145980256903913, 0.46652797177439265, 0.356429095962123, 0.7051419488982165, False
-1.2735339195498723, -1.6530667554726994, -0.5187991945957018, 0.46652797177439265, 0.356429095962123, 0.7051419488982165, False
-3.405560393035751, 2.5621211489127216, -2.421128763355481, 0.46652797177439265, 0.356429095962123, 0.7051419488982165, False
3.714215869051902, -3.5992613908856477, 0.9704513422518417, 0.46652797177439265, 0.356429095962123, 0.7051419488982165, False
2.3389236283375023, 4.929966101873868, -0.6476626055573274, 0.46652797177439265, 0.356429095962123, 0.7051419488982165, False
-1.0042556880474711, 1.458340891513231, 3.116900292740665, 0.46652797177439265, 0.356429095962123, 0.7051419488982165, True
-5.31157190422104, 3.1133191944289305, 2.978482938859436, 0.46652797177439265, 0.356429095962123, 0.7051419488982165, True
0.6046211817863165, -3.951827246600815, -0.38550012024219704, 0.46652797177439265, 0.356429095962123, 0.7051419488982165, False
-3.2456370489317456, 4.304138840652559, 1.8050048345117915, 0.46652797177439265, 0.356429095962123, 0.7051419488982165, False
1.73842803774156, 4.204179200349733, 2.869619826820605, 0.46652797177439265, 0.356429095962123, 0.7051419488982165, True
-5.16959128990225, 0.8846495099829177, 2.255939301774027, 0.46652797177439265, 0.356429095962123, 0.7051419488982165, False
-4.778535604937343, 2.1011406314946637, 1.2956841071398042, 0.46652797177439265, 0.356429095962123, 0.7051419488982165, False
5.022293137349349, 1.171256554631432, -2.2281358506998354, 0.46652797177439265, 0.356429095962123, 0.7051419488982165, False
2.875920371196953, -2.313249300339485, 1.2391617470261789, 0.46652797177439265, 0.356429095962123, 0.7051419488982165, False
1.2252789633227605, 2.375054676486016, 2.8596232099541243, 0.46652797177439265, 0.356429095962123, 0.7051419488982165, False
-3.859501595232019, 6.258723954135114, 1.3448704181939863, 0.46652797177439265, 0.356429095962123, 0.7051419488982165, False
5.82312333463873, 3.851402453398318, 2.833395883330321, 0.46652797177439265, 0.356429095962123, 0.7051419488982165, False
3.2952030989443983, -3.2632789935112316, 2.024162128289743, 0.46652797177439265, 0.356429095962123, 0.7051419488982165, False
0.1433850624917774, 0.8175367981941717, 1.4332055327388549, 0.46652797177439265, 0.356429095962123, 0.7051419488982165, False
-3.6830079076208007, 6.236501548873171, 1.5305074825715987, 0.46652797177439265, 0.356429095962123, 0.7051419488982165, False
5.2352094740235575, -0.47090734388941957, 0.2660544936262985, 0.46652797177439265, 0.356429095962123, 0.7051419488982165, False
-0.1506913913696195, 1.2018964823365579, -2.803233683566712, 0.46652797177439265, 0.356429095962123, 0.7051419488982165, False
-1.3165271604633224, -3.023037502783768, 3.097551788275405, 0.46652797177439265, 0.356429095962123, 0.7051419488982165, True
-0.8336612597681103, -3.481420287313355, 0.6559335238920001, 0.46652797177439265, 0.356429095962123, 0.7051419488982165, False
5.382551426220614, -5.77443657085472, -2.2368855381537784, 0.46652797177439265, 0.356429095962123, 0.7051419488982165, False
3.704160476243894, -0.11442305605906444, -1.4043948904037709, 0.46652797177439265, 0.356429095962123, 0.7051419488982165, False
2.063701822393327, 3.7696165933375667, -0.1322381814023732, 0.46652797177439265, 0.356429095962123, 0.7051419488982165, False
0.7237026184933928, 2.7369029040220934, -3.0924939248667935, 0.46652797177439265, 0.356429095962123, 0.7051419488982165, True
0.8394343431200095, -1.3994904940474067, -1.6996192975760356, 0.46652797177439265, 0.356429095962123, 0.7051419488982165, False
2.8018021927461803, -5.277957957531873, 1.2926575646871452, 0.46652797177439265, 0.356429095962123, 0.7051419488982165, False
-1.487795514166904, -3.9636947233562005, -1.7805922305012174, 0.46652797177439265, 0.356429095962123, 0.7051419488982165, False
5.36730838861434, 0.9056351178136532, -2.2546565622587043, 0.46652797177439265, 0.356429095962123, 0.7051419488982165, False
5.80960120565374, -1.8133869821551807, -3.0353183988283114, 0.46652797177439265, 0.356429095962123, 0.7051419488982165, True
-5.130158331580968, 0.5148611019620786, -3.0489558967213912, 0.46652797177439265, 0.356429095962123, 0.7051419488982165, True
-2.2043656171608506, -2.290932500334985, -1.4156148179843637, 0.46652797177439265, 0.356429095962123, 0.7051419488982165, False
-1.5517122553823217, -2.1032398954049665, -2.003315362307119, 0.46652797177439265, 0.356429095962123, 0.7051419488982165, False
6.072147728512119, 0.2633012702544697, 2.7349911090031123, 0.46652797177439265, 0.356429095962123, 0.7051419488982165, False
5.195006462647704, 0.2261875021350015, 2.0876214873196934, 0.46652797177439265, 0.356429095962123, 0.7051419488982165, False
5.245225049071907, 5.214314118293286, 1.0744460213456977, 0.46652797177439265, 0.356429095962123, 0.7051419488982165, False
0.3070946042438374, 2.7054453242333043, -1.508568497494573, 0.46652797177439265, 0.356429095962123, 0.7051419488982165, False
-0.23986667223443536, -0.27133225908668734, -0.031547413545448766, 0.46652797177439265, 0.356429095962123, 0.7051419488982165, False
-1.1372194210654483, 3.262117046306006, 1.252755003843622, 0.46652797177439265, 0.356429095962123, 0.7051419488982165, False
-3.3643020410326137, 3.523923973379004, -2.329570529977849, 0.46652797177439265, 0.356429095962123, 0.7051419488982165, False
-2.9108474315500956, 0.24146026680242105, 1.5440306761284317, 0.46652797177439265, 0.356429095962123, 0.7051419488982165, False
2.6507274450383065, 0.9866613781014335, -0.7797213578883802, 0.46652797177439265, 0.356429095962123, 0.7051419488982165, False
3.8670498995363687, -5.939821493050746, 2.175822169874606, 0.46652797177439265, 0.356429095962123, 0.7051419488982165, False
-4.263088226286008, -1.0330555416385616, -1.5528988930820755, 0.46652797177439265, 0.356429095962123, 0.7051419488982165, False
4.387483188826794, -4.5411185535916125, 1.983520031204291, 0.46652797177439265, 0.356429095962123, 0.7051419488982165, False
-6.241686680656791, -1.5770733570888673, 2.404532612634049, 0.46652797177439265, 0.356429095962123, 0.7051419488982165, False
6.021106661591919, -3.271500005580139, -2.4024233716243346, 0.46652797177439265, 0.356429095962123, 0.7051419488982165, False
5.527769287073578, 2.8213196709063446, -0.26222876970532294, 0.46652797177439265, 0.356429095962123, 0.7051419488982165, False
1.1547749697185496, -4.558365365179045, -2.645806329660826, 0.46652797177439265, 0.356429095962123, 0.7051419488982165, False
-1.7109848884865366, 1.1015313611534694, -2.4273088729358685, 0.46652797177439265, 0.356429095962123, 0.7051419488982165, False
2.21589279779044, 1.9349702271353948, 0.5676110414852706, 0.46652797177439265, 0.356429095962123, 0.7051419488982165, False
-5.485163067272019, 4.529927505202982, 2.83829574059291, 0.46652797177439265, 0.356429095962123, 0.7051419488982165, False
-1.8237759931575637, 5.986875074492952, -0.23822292105258303, 0.46652797177439265, 0.356429095962123, 0.7051419488982165, False
6.270310893114846, -4.109401860639599, -1.3400483844733366, 0.46652797177439265, 0.356429095962123, 0.7051419488982165, False
5.516568883031198, -0.8321709003952495, 0.3956427454674851, 0.46652797177439265, 0.356429095962123, 0.7051419488982165, False
6.066641341927312, -5.0228631157948085, 2.557920714433176, 0.46652797177439265, 0.356429095962123, 0.7051419488982165, False
-0.20369360990939356, -4.561614471237996, -1.0068335316338337, 0.46652797177439265, 0.356429095962123, 0.7051419488982165, False
3.3961448466292516, 1.0558298028785655, 2.1143164314768335, 0.46652797177439265, 0.356429095962123, 0.7051419488982165, False
-0.725886225792796, 5.965482353889563, -2.3165289018917146, 0.46652797177439265, 0.356429095962123, 0.7051419488982165, False
0.11850311206801223, -0.3330280844502944, 0.4471182780565104, 0.46652797177439265, 0.356429095962123, 0.7051419488982165, False
-2.053370811833063, -2.466465943760012, -3.0705289678044005, 0.46652797177439265, 0.356429095962123, 0.7051419488982165, True
-0.17857698842799685, -5.654750778529017, -0.4065554655902188, 0.46652797177439265, 0.356429095962123, 0.7051419488982165, False
6.277241592697871, -4.805183970507823, 0.203685559942973, 0.46652797177439265, 0.356429095962123, 0.7051419488982165, False
2.750757754997606, -0.6667763811358212, 1.2428121171610016, 0.46652797177439265, 0.356429095962123, 0.7051419488982165, False
6.1417927126003775, -4.6237487589306525, -0.7713225491414022, 0.46652797177439265, 0.356429095962123, 0.7051419488982165, False
3.6317816306359916, 1.6832980454615516, 0.9087162029288045, 0.46652797177439265, 0.356429095962123, 0.7051419488982165, False
-5.785361760604015, 0.5791722737125031, 0.35056774316936057, 0.46652797177439265, 0.356429095962123, 0.7051419488982165, False
-1.0804834842146889, -4.946327624134206, -0.8443150043567038, 0.46652797177439265, 0.356429095962123, 0.7051419488982165, False
-6.196842757837622, 1.0389407702102202, 0.6340043937398128, 0.46652797177439265, 0.356429095962123, 0.7051419488982165, False
-1.8673338443361214, 5.023105726541814, -1.5230241236375295, 0.46652797177439265, 0.356429095962123, 0.7051419488982165, False
5.958765273780108, -4.4535259060948045, 0.7021117720595775, 0.46652797177439265, 0.356429095962123, 0.7051419488982165, False
4.708564967362641, -1.8622251223817408, 2.2999565091008014, 0.46652797177439265, 0.356429095962123, 0.7051419488982165, False
-0.1815484785842436, -4.227721270512475, 1.5414150529802093, 0.46652797177439265, 0.356429095962123, 0.7051419488982165, False
4.1660969451556955, -1.1462420923071939, 2.1321425459281107, 0.46652797177439265, 0.356429095962123, 0.7051419488982165, False
6.152487064690387, -1.5788015653218608, 2.569737139321819, 0.46652797177439265, 0.356429095962123, 0.7051419488982165, False
-6.000225171745578, -4.198896694838316, -0.19129074458992523, 0.46652797177439265, 0.356429095962123, 0.7051419488982165, False
3.8624054714404625, 0.9609129773010414, -2.1236009582034003, 0.46652797177439265, 0.356429095962123, 0.7051419488982165, False
3.89576820229078, -5.861086928756976, -0.5116748824521897, 0.46652797177439265, 0.356429095962123, 0.7051419488982165, False
-1.0414927178030648, 4.762634018132539, -1.1534816193242203, 0.46652797177439265, 0.356429095962123, 0.7051419488982165, False
-2.2315386168385762, -2.3953987009432307, -2.4787314852250644, 0.46652797177439265, 0.356429095962123, 0.7051419488982165, False
4.977613473237852, 4.689200996123391, -0.7397369790259893, 0.46652797177439265, 0.356429095962123, 0.7051419488982165, False
-2.641343184385651, 3.759051874191295, 2.9748530350725293, 0.46652797177439265, 0.356429095962123, 0.7051419488982165, True
3.2548296597706905, -4.88124583807334, 2.0517936591848285, 0.46652797177439265, 0.356429095962123, 0.7051419488982165, False
2.174798961067074, -2.8524760246879053, 1.1427376936618634, 0.46652797177439265, 0.356429095962123, 0.7051419488982165, False
1.586858182379335, -2.352328653859517, 0.8799755274694956, 0.46652797177439265, 0.356429095962123, 0.7051419488982165, False
1.4253329395168501, 3.9244242027495275, 1.4932436357931262, 0.46652797177439265, 0.356429095962123, 0.7051419488982165, False
2.9650478518612644, 1.6322944436263205, 1.7574615051378135, 0.46652797177439265, 0.356429095962123, 0.7051419488982165, False
-3.2990234106893594, -4.283446382133283, -0.30994714903644205, 0.46652797177439265, 0.356429095962123, 0.7051419488982165, False
-3.7765769259020248, -2.910770273914, 0.9143121233970097, 0.46652797177439265, 0.356429095962123, 0.7051419488982165, False
-3.8394084980434537, 1.5073200015735901, 3.064579491335925, 0.46652797177439265, 0.356429095962123, 0.7051419488982165, True
2.9766435283960266, -1.1052657889980635, 0.30234375936818214, 0.46652797177439265, 0.356429095962123, 0.7051419488982165, False
-0.6238982098961783, 3.7124713643852143, 1.6266762665869017, 0.46652797177439265, 0.356429095962123, 0.7051419488982165, False
-5.57321166692568, -6.258822241793788, 2.8435559879964565, 0.46652797177439265, 0.356429095962123, 0.7051419488982165, False
-3.1704802037536672, 4.5916795551508525, 2.482878392696641, 0.46652797177439265, 0.356429095962123, 0.7051419488982165, False
2.1556282375273845, 2.9014542227551434, -1.2189138446652066, 0.46652797177439265, 0.356429095962123, 0.7051419488982165, False
3.526752169738531, 2.1873084423392655, -0.18395090284095383, 0.46652797177439265, 0.356429095962123, 0.7051419488982165, False
-1.72784801481178, -4.130773054128182, 1.965617852966698, 0.46652797177439265, 0.356429095962123, 0.7051419488982165, False
-1.9589370887651762, -2.4432380308841615, 0.39307517013291404, 0.46652797177439265, 0.356429095962123, 0.7051419488982165, False
-3.8285561863969155, -2.653096447018154, 1.276523740305163, 0.46652797177439265, 0.356429095962123, 0.7051419488982165, False
1.451907182119049, -0.3078210240144399, -0.9391517788215817, 0.46652797177439265, 0.356429095962123, 0.7051419488982165, False
-1.756148375506065, 0.6510873230170526, 2.1985669266453867, 0.46652797177439265, 0.356429095962123, 0.7051419488982165, False
0.2926237104503775, -1.313495159354928, 0.18235000695925052, 0.46652797177439265, 0.356429095962123, 0.7051419488982165, False
1.7491328983743646, -2.698351773588953, -0.8578937654064491, 0.46652797177439265, 0.356429095962123, 0.7051419488982165, False
5.893567152435169, 2.2590732417301123, -3.025220388406367, 0.46652797177439265, 0.356429095962123, 0.7051419488982165, True
-5.937534740350402, 5.754990992724922, 1.8344026750261166, 0.46652797177439265, 0.356429095962123, 0.7051419488982165, False
0.6676594766283532, 0.37122007643104027, -2.049335774456324, 0.46652797177439265, 0.356429095962123, 0.7051419488982165, False
2.930960327034736, 1.9039877822735036, 2.858149048911475, 0.46652797177439265, 0.356429095962123, 0.7051419488982165, False
4.391958886204696, -1.577630505602973, -0.1376731195165002, 0.46652797177439265, 0.356429095962123, 0.7051419488982165, False
4.329222026981384, -3.065210481123212, 0.7876526914342654, 0.46652797177439265, 0.356429095962123, 0.7051419488982165, False
-5.152715936729083, 3.2864046100749853, -1.4187517269659977, 0.46652797177439265, 0.356429095962123, 0.7051419488982165, False
-2.3592945215274352, -3.908190636168041, -2.6868231215174063, 0.46652797177439265, 0.356429095962123, 0.7051419488982165, False
-1.9858711659686028, -2.9131174587891735, 0.5300128297506306, 0.46652797177439265, 0.356429095962123, 0.7051419488982165, False
1.3100344769861545, -4.2785090239477555, -0.723919979543918, 0.46652797177439265, 0.356429095962123, 0.7051419488982165, False
4.076380496112579, 5.385569210801652, 0.8816065417541772, 0.46652797177439265, 0.356429095962123, 0.7051419488982165, False
5.625284759025634, 4.541762031092954, -0.7384750846037917, 0.46652797177439265, 0.356429095962123, 0.7051419488982165, False
5.883394080248111, -5.738760632478696, -1.017226918141, 0.46652797177439265, 0.356429095962123, 0.7051419488982165, False
-2.3648268717740843, -4.65548845361816, 2.2774518462937214, 0.46652797177439265, 0.356429095962123, 0.7051419488982165, False
2.708466970181055, -0.06298182735799429, -0.0205545328994452, 0.46652797177439265, 0.356429095962123, 0.7051419488982165, False
-1.7288702693214626, 3.4543260392479347, -2.1585118048724157, 0.46652797177439265, 0.356429095962123, 0.7051419488982165, False
-5.072312723345511, -0.2488386723970315, 2.93744329822099, 0.46652797177439265, 0.356429095962123, 0.7051419488982165, True
5.153961155411247, 1.0916574181659149, -2.0661212668212467, 0.46652797177439265, 0.356429095962123, 0.7051419488982165, False
3.4547483649279744, 3.811594359659571, -0.7170073000421091, 0.46652797177439265, 0.356429095962123, 0.7051419488982165, False
-0.32818975612515366, -5.858410952811968, 0.5719939357837491, 0.46652797177439265, 0.356429095962123, 0.7051419488982165, False
-4.074737417909132, -5.31264537424666, -2.986425582832716, 0.46652797177439265, 0.356429095962123, 0.7051419488982165, True
0.9659066208816416, 3.5533586655985037, -1.2489302319064695, 0.46652797177439265, 0.356429095962123, 0.7051419488982165, False
1.5441778452673232, 2.635264072289754, -2.3283958415135166, 0.46652797177439265, 0.356429095962123, 0.7051419488982165, False
-3.2710945067766497, -2.3803630912535065, -0.6180556998305144, 0.46652797177439265, 0.356429095962123, 0.7051419488982165, False
5.382200019566513, 1.6799481275799861, -0.9481940474225352, 0.46652797177439265, 0.356429095962123, 0.7051419488982165, False
4.1785018871306185, -1.5845921064980537, -2.1937809600498084, 0.46652797177439265, 0.356429095962123, 0.7051419488982165, False
5.242403415982352, -0.16633506933709974, -1.981024572041516, 0.46652797177439265, 0.356429095962123, 0.7051419488982165, False
-1.0921630072118393, 0.06923044047912086, -2.8150553656836106, 0.46652797177439265, 0.356429095962123, 0.7051419488982165, False
0.8423137766484654, 0.13475400670159843, 1.59711520564478, 0.46652797177439265, 0.356429095962123, 0.7051419488982165, False
-1.110809252652782, 5.823938477712273, -1.8018454982557335, 0.46652797177439265, 0.356429095962123, 0.7051419488982165, False
0.37082573584999245, 3.278856309349564, 1.803340366421149, 0.46652797177439265, 0.356429095962123, 0.7051419488982165, False
5.827712806438877, -4.010688014036013, 0.934913158916423, 0.46652797177439265, 0.356429095962123, 0.7051419488982165, False
-4.146335793792818, 6.127112820824291, 2.6423802597450097, 0.46652797177439265, 0.356429095962123, 0.7051419488982165, False
-2.090766112051548, -2.7338042626537242, -2.2125432230378683, 0.46652797177439265, 0.356429095962123, 0.7051419488982165, False
-4.4791616663170855, -3.2419551153475106, 2.6489262002918776, 0.46652797177439265, 0.356429095962123, 0.7051419488982165, False
5.501960782392489, -5.691481130251165, 1.6194066491278338, 0.46652797177439265, 0.356429095962123, 0.7051419488982165, False
-5.574191426040306, -3.451858633978193, -3.1327355039887204, 0.46652797177439265, 0.356429095962123, 0.7051419488982165, True
-1.372971830115338, 3.405294099063454, -2.363328884862555, 0.46652797177439265, 0.356429095962123, 0.7051419488982165, False
-5.751446783230464, -1.226074448103697, -1.9494274782631382, 0.46652797177439265, 0.356429095962123, 0.7051419488982165, False
-4.0042748556848, -2.8618530252148338, -1.3595345508241155, 0.46652797177439265, 0.356429095962123, 0.7051419488982165, False
0.5955738323054893, 4.728996946898235, -2.9904502161062423, 0.46652797177439265, 0.356429095962123, 0.7051419488982165, True
3.648816680098788, 3.523441919322382, -2.5414273063268915, 0.46652797177439265, 0.356429095962123, 0.7051419488982165, False
0.8691291050942809, -2.0933126766118377, -2.355222890796215, 0.46652797177439265, 0.356429095962123, 0.7051419488982165, False
-4.269322655035172, 2.5726928185438247, -2.518324317603416, 0.46652797177439265, 0.356429095962123, 0.7051419488982165, False
0.6041783057924386, -2.578248017349942, -1.6482968601944696, 0.46652797177439265, 0.356429095962123, 0.7051419488982165, False
-3.1212749925618586, 1.8966446776902917, 2.2340585224617096, 0.46652797177439265, 0.356429095962123, 0.7051419488982165, False
1.6344853072964627, -1.3130731201852504, -1.8227895580053164, 0.46652797177439265, 0.356429095962123, 0.7051419488982165, False
-1.420922692197549, 2.591005607696051, -2.283462770844211, 0.46652797177439265, 0.356429095962123, 0.7051419488982165, False
2.944531990054614, -6.274229330733869, 1.168832611021661, 0.46652797177439265, 0.356429095962123, 0.7051419488982165, False
3.5151990273922564, 3.3565327362666793, -1.359007409514576, 0.46652797177439265, 0.356429095962123, 0.7051419488982165, False
2.220333627866303, -1.3121576637854533, 3.1158236469488747, 0.46652797177439265, 0.356429095962123, 0.7051419488982165, True
4.796124225967361, 5.907940477737009, -0.8790071640007509, 0.46652797177439265, 0.356429095962123, 0.7051419488982165, False
-1.3220701328841766, -1.8781203270100537, -0.9472244995800598, 0.46652797177439265, 0.356429095962123, 0.7051419488982165, False
-1.9672972551859758, -3.3648787609409263, 0.10697114721369827, 0.46652797177439265, 0.356429095962123, 0.7051419488982165, False
-4.488390891509475, 1.982188210445747, 1.8904301392922003, 0.46652797177439265, 0.356429095962123, 0.7051419488982165, False
1.3428057249818428, 2.630155146450491, 2.424289151349484, 0.46652797177439265, 0.356429095962123, 0.7051419488982165, False
-5.275784051092416, -3.049060389034631, 2.3214643405402313, 0.46652797177439265, 0.356429095962123, 0.7051419488982165, False
-5.259105739339416, 0.5045605632305419, -1.2064842622326526, 0.46652797177439265, 0.356429095962123, 0.7051419488982165, False
4.646907697496527, 1.1342448648209267, 1.5176790000120937, 0.46652797177439265, 0.356429095962123, 0.7051419488982165, False
