-1.890707333120769, 1.035349133822434, 2.5087057309717142, -0.3477380835536644, -0.3353243093505258, -0.31596662368802647, False
4.4416980119199145, -2.8415895660104487, 2.8139538231394035, -0.3477380835536644, -0.3353243093505258, -0.31596662368802647, False
1.7016562007724785, 1.5449850110775332, 0.06905341223016315, -0.3477380835536644, -0.3353243093505258, -0.31596662368802647, False
-1.6192412770329438, -0.7224083071314826, 1.6723731425229698, -0.3477380835536644, -0.3353243093505258, -0.31596662368802647, False
-5.395359909521835, 5.525997646666708, -1.1922096368347552, -0.3477380835536644, -0.3353243093505258, -0.31596662368802647, False
-0.36444625630881866, -3.824277526654032, -0.528176216103494, -0.3477380835536644, -0.3353243093505258, -0.31596662368802647, False
4.708858804915055, -2.194034851620584, 1.2272958367738465, -0.3477380835536644, -0.3353243093505258, -0.31596662368802647, False
4.130276239125049, 1.6768632811208564, -0.7532513227507001, -0.3477380835536644, -0.3353243093505258, -0.31596662368802647, False
-4.747734808753886, -1.990028675478924, 1.3305709342602396, -0.3477380835536644, -0.3353243093505258, -0.31596662368802647, False
6.019244418613372, 2.8824451294067774, -0.4363705711649488, -0.3477380835536644, -0.3353243093505258, -0.31596662368802647, False
5.762445223121267, 5.917826307677666, 0.34329412190119335, -0.3477380835536644, -0.3353243093505258, -0.31596662368802647, False
-1.7024563568291837, 2.3412367177323823, 2.5389633849777935, -0.3477380835536644, -0.3353243093505258, -0.31596662368802647, False
-0.21291574057312435, 5.316033714034013, -1.2938845508644004, -0.3477380835536644, -0.3353243093505258, -0.31596662368802647, False
5.345565778877685, -5.452457908394481, -0.6715814118363181, -0.3477380835536644, -0.3353243093505258, -0.31596662368802647, False
-6.181612244942929, -1.9803936571139111, 0.7734767898679755, -0.3477380835536644, -0.3353243093505258, -0.31596662368802647, False
-0.3435412816246819, -1.1430095346707994, 2.149646214048987, -0.3477380835536644, -0.3353243093505258, -0.31596662368802647, False
-2.61908473289419, 2.1036402027110004, -2.694719430136236, -0.3477380835536644, -0.3353243093505258, -0.31596662368802647, False
-0.4090443494713414, 0.7179629371193297, -1.258285185315559, -0.3477380835536644, -0.3353243093505258, -0.31596662368802647, False
-5.374590248621915, 4.173547394935737, 0.6872504145203822, -0.3477380835536644, -0.3353243093505258, -0.31596662368802647, False
-5.681944444498505, -6.2013912162613885, 1.7610017011215184, -0.3477380835536644, -0.3353243093505258, -0.31596662368802647, False
-0.6871682083834605, -5.9163016680244995, 1.2913242193166168, -0.3477380835536644, -0.3353243093505258, -0.31596662368802647, False
-0.3494981623443474, -1.60761922487014, -1.5390352584098743, -0.3477380835536644, -0.3353243093505258, -0.31596662368802647, False
-4.3095085531898665, 2.7234850277084988, -3.013926543087055, -0.3477380835536644, -0.3353243093505258, -0.31596662368802647, True
-3.762299646165088, 0.2677786811790286, 0.3632346601757246, -0.3477380835536644, -0.3353243093505258, -0.31596662368802647, False
2.0113044538904425, -5.81847171823485, 2.219764573411756, -0.3477380835536644, -0.3353243093505258, -0.31596662368802647, False
2.814160966192368, -0.31742152472349705, -0.5662760621004259, -0.3477380835536644, -0.3353243093505258, -0.31596662368802647, False
2.5484468051328495, -2.235482194994235, 0.5262835956826066, -0.3477380835536644, -0.3353243093505258, -0.31596662368802647, False
1.6222052098465047, -1.6829148850231386, 1.8477237010113718, -0.3477380835536644, -0.3353243093505258, -0.31596662368802647, False
-4.386739211276211, 3.896577148260043, -2.4267141325946047, -0.3477380835536644, -0.3353243093505258, -0.31596662368802647, False
2.157367508321661, -0.7936395674422059, -0.0009012536158308215, -0.3477380835536644, -0.3353243093505258, -0.31596662368802647, False
-5.629554988952656, 6.004335529968969, -0.47480428587511314, -0.3477380835536644, -0.3353243093505258, -0.31596662368802647, False
2.1064155691809177, 3.6067502029533447, 1.8671623382486109, -0.3477380835536644, -0.3353243093505258, -0.31596662368802647, False
0.20150270311743412, -0.7561981243483649, 1.166902358880896, -0.3477380835536644, -0.3353243093505258, -0.31596662368802647, False
6.274376061599185, -2.4572177379652054, 0.44428393371402475, -0.3477380835536644, -0.3353243093505258, -0.31596662368802647, False
-3.474737074954829, -5.504967161671028, 0.3522084797294718, -0.3477380835536644, -0.3353243093505258, -0.31596662368802647, False
5.443169226942182, -1.8450666879965398, -0.7908048934610403, -0.3477380835536644, -0.3353243093505258, -0.31596662368802647, False
5.680475561226119, -5.529279241718723, -0.3121256116060591, -0.3477380835536644, -0.3353243093505258, -0.31596662368802647, False
-5.873085272766359, 4.4136631232699255, -0.7668296946857138, -0.3477380835536644, -0.3353243093505258, -0.31596662368802647, False
-0.3451563923457961, -0.7897305414476934, 2.6415219116477466, -0.3477380835536644, -0.3353243093505258, -0.31596662368802647, False
-0.19340074268632712, 5.253370520488261, 0.3974842931795317, -0.3477380835536644, -0.3353243093505258, -0.31596662368802647, False
5.519162570030657, -1.2730057186779984, 0.4495852941419014, -0.3477380835536644, -0.3353243093505258, -0.31596662368802647, False
1.5020301769060183, -5.228464218496863, 1.6738773977901946, -0.3477380835536644, -0.3353243093505258, -0.31596662368802647, False
2.317694480697762, 0.2750792816513066, 0.3274233911202815, -0.3477380835536644, -0.3353243093505258, -0.31596662368802647, False
3.281619705435162, 3.073325034681881, -2.9117950621188133, -0.3477380835536644, -0.3353243093505258, -0.31596662368802647, True
1.8377630517255064, -5.781558696333669, -1.355149571572082, -0.3477380835536644, -0.3353243093505258, -0.31596662368802647, False
-2.9474803513510843, -5.880916064280558, 1.448818695434051, -0.3477380835536644, -0.3353243093505258, -0.31596662368802647, False
3.696180943157648, 0.2499915273222193, 1.003009967204708, -0.3477380835536644, -0.3353243093505258, -0.31596662368802647, True
-4.365127545663054, 1.0060610545463797, 2.6028906190256516, -0.3477380835536644, -0.3353243093505258, -0.31596662368802647, False
-3.2454273725517977, -4.170923582301478, -0.511630400726629, -0.3477380835536644, -0.3353243093505258, -0.31596662368802647, False
0.3370303550987215, 2.527034617815154, 2.2552495202325975, -0.3477380835536644, -0.3353243093505258, -0.31596662368802647, False
2.9101170269463275, -0.5613578933268997, 0.5486421632504137, -0.3477380835536644, -0.3353243093505258, -0.31596662368802647, False
-1.371792913774807, -3.0688029231404577, -2.5293131988178823, -0.3477380835536644, -0.3353243093505258, -0.31596662368802647, False
-2.4975386395569132, 3.069643737004464, -2.4837479875163666, -0.3477380835536644, -0.3353243093505258, -0.31596662368802647, False
5.016114883952795, 3.1850939678818726, 1.2849094768189202, -0.3477380835536644, -0.3353243093505258, -0.31596662368802647, False
-5.732879090661876, 4.36955871667438, -1.441362457241035, -0.3477380835536644, -0.3353243093505258, -0.31596662368802647, False
3.3499657887989915, 2.1214302582491786, -1.11655968581427, -0.3477380835536644, -0.3353243093505258, -0.31596662368802647, False
-3.637635053777767, -3.6702387117302564, -0.8459830300520541, -0.3477380835536644, -0.3353243093505258, -0.31596662368802647, False
-1.4015071284208478, -3.847550797574756, -2.2466068531654066, -0.3477380835536644, -0.3353243093505258, -0.31596662368802647, False
-4.586883293630879, 3.499721352999261, -0.41364696646234567, -0.3477380835536644, -0.3353243093505258, -0.31596662368802647, False
-5.968923912606099, 3.2301632577963595, 1.6855380047209536, -0.3477380835536644, -0.3353243093505258, -0.31596662368802647, False
-2.8759432959447704, -3.7172467693023012, 1.0607946280881562, -0.3477380835536644, -0.3353243093505258, -0.31596662368802647, False
3.15771748431872, 1.7661086779715323, 0.5361318097141634, -0.3477380835536644, -0.3353243093505258, -0.31596662368802647, False
6.182751934750231, 6.195380482774214, -1.8383388382498362, -0.3477380835536644, -0.3353243093505258, -0.31596662368802647, False
1.809847909816492, -2.5832134016507458, 2.562796831264178, -0.3477380835536644, -0.3353243093505258, -0.31596662368802647, False
2.815540533698975, 4.187902252255514, 0.6607333632278314, -0.3477380835536644, -0.3353243093505258, -0.31596662368802647, False
5.420943008573735, 2.045655937343046, -0.2043589894458706, -0.3477380835536644, -0.3353243093505258, -0.31596662368802647, False
-2.1743119385402547, 1.717399319036435, -2.6540461884725435, -0.3477380835536644, -0.3353243093505258, -0.31596662368802647, False
-2.7661459534005965, -6.075084232665961, -2.4046152809593835, -0.3477380835536644, -0.3353243093505258, -0.31596662368802647, False
-5.153986588445451, -1.473253012845693, 1.9828526545419995, -0.3477380835536644, -0.3353243093505258, -0.31596662368802647, False
-1.6235197171970892, -0.6240643483209709, 1.5423150309163303, -0.3477380835536644, -0.3353243093505258, -0.31596662368802647, False
5.373106932421473, -5.045571890498222, 0.04553898702409409, -0.3477380835536644, -0.3353243093505258, -0.31596662368802647, False
1.3839598314205777, -3.679774436463934, 2.486244141170051, -0.3477380835536644, -0.3353243093505258, -0.31596662368802647, False
0.8208410872623784, 3.3707035819842535, -1.7036299740401404, -0.3477380835536644, -0.3353243093505258, -0.31596662368802647, True
-4.127479211656054, 2.859287709922663, -0.7875124221126031, -0.3477380835536644, -0.3353243093505258, -0.31596662368802647, False
1.6249605829875913, 4.9063674278112295, 0.6186017678850835, -0.3477380835536644, -0.3353243093505258, -0.31596662368802647, False
-6.176412573755287, 4.6311157652171, -0.9460371486597854, -0.3477380835536644, -0.3353243093505258, -0.31596662368802647, False
-1.0096890166235308, -3.2579490186891626, -3.0469773267584284, -0.3477380835536644, -0.3353243093505258, -0.31596662368802647, True
0.4087003497079156, 0.04025418896569022, 2.0027215523514084, -0.3477380835536644, -0.3353243093505258, -0.31596662368802647, False
3.824861610707849, 5.066766843000526, -0.890388911653873, -0.3477380835536644, -0.3353243093505258, -0.31596662368802647, False
5.230289435491413, 4.027263117522468, -2.249042590826563, -0.3477380835536644, -0.3353243093505258, -0.31596662368802647, False
-4.9288612601720585, 5.95073281994121, -2.499568002537316, -0.3477380835536644, -0.3353243093505258, -0.31596662368802647, False
2.43543752007543, -1.8478471404369703, -2.244898849820505, -0.3477380835536644, -0.3353243093505258, -0.31596662368802647, False
-1.254849840448676, -3.970533892778302, 1.8153522401808582, -0.3477380835536644, -0.3353243093505258, -0.31596662368802647, False
4.373738583708281, 5.479226617817034, 1.0500641221395561, -0.3477380835536644, -0.3353243093505258, -0.31596662368802647, False
-0.11457298947869976, -6.220947341037268, 2.9978786960816937, -0.3477380835536644, -0.3353243093505258, -0.31596662368802647, True
1.3428142182180904, 2.631950374110163, 2.379894123189624, -0.3477380835536644, -0.3353243093505258, -0.31596662368802647, False
1.2972538048065836, 0.2199740187667727, -2.9596513495980683, -0.3477380835536644, -0.3353243093505258, -0.31596662368802647, True
-0.5003421941790469, -2.4401974558358677, -0.008812708426456872, -0.3477380835536644, -0.3353243093505258, -0.31596662368802647, False
-6.168980157630866, 3.486291341332546, -1.9529223450262472, -0.3477380835536644, -0.3353243093505258, -0.31596662368802647, False
-4.471031496426605, 5.54024162568809, 3.08653939616873, -0.3477380835536644, -0.3353243093505258, -0.31596662368802647, True
-3.6372822843817594, -2.41490470415982, 1.4495456307135237, -0.3477380835536644, -0.3353243093505258, -0.31596662368802647, False
1.8447375578797054, -0.27966873943040493, 0.2645535760766995, -0.3477380835536644, -0.3353243093505258, -0.31596662368802647, False
-1.5647354067719998, 0.678786702469262, 1.7109931478401972, -0.3477380835536644, -0.3353243093505258, -0.31596662368802647, False
2.4446909651142654, 2.6699913417422945, 1.9678465338638622, -0.3477380835536644, -0.3353243093505258, -0.31596662368802647, False
-5.1130793706532565, 0.5771183632204622, 2.8580534982277523, -0.3477380835536644, -0.3353243093505258, -0.31596662368802647, False
5.611524956125768, 2.6780595601103556, 2.490414916013184, -0.3477380835536644, -0.3353243093505258, -0.31596662368802647, False
-4.421639400189158, 0.6113404532290341, 2.6705015663568057, -0.3477380835536644, -0.3353243093505258, -0.31596662368802647, False
-3.3642279225435567, 0.37746751327408834, -0.8131614573676749, -0.3477380835536644, -0.3353243093505258, -0.31596662368802647, False
5.78886284305937, -1.3224721104065988, 2.334010062530883, -0.3477380835536644, -0.3353243093505258, -0.31596662368802647, False
5.5719709840750475, -0.6195537286639032, 1.7566743731359704, -0.3477380835536644, -0.3353243093505258, -0.31596662368802647, False
-2.8011224716523464, 0.4449677701429655, -2.989388038209043, -0.3477380835536644, -0.3353243093505258, -0.31596662368802647, True
0.42045604189662367, 4.32450735482252, 2.744365206741361, -0.3477380835536644, -0.3353243093505258, -0.31596662368802647, False
0.17010353603734085, -2.875580663486227, -1.7714277255770667, -0.3477380835536644, -0.3353243093505258, -0.31596662368802647, False
0.12672724923976375, -0.16934965046762596, -0.607030709034694, -0.3477380835536644, -0.3353243093505258, -0.31596662368802647, False
5.861399330853349, -2.786897483069459, 0.37201298558100193, -0.3477380835536644, -0.3353243093505258, -0.31596662368802647, False
-3.885809113178801, 4.94244876072762, 1.6526305855926955, -0.3477380835536644, -0.3353243093505258, -0.31596662368802647, False
-0.7267975842065519, 4.0420192156589305, 1.9686696992518433, -0.3477380835536644, -0.3353243093505258, -0.31596662368802647, False
1.7435833091211297, 5.73934226409364, -1.1091011519666583, -0.3477380835536644, -0.3353243093505258, -0.31596662368802647, False
-1.5389311765425058, -1.689345516929551, 2.4564281733818296, -0.3477380835536644, -0.3353243093505258, -0.31596662368802647, False
5.708440620432421, 2.0379366886434696, -1.0637423904226981, -0.3477380835536644, -0.3353243093505258, -0.31596662368802647, False
-2.3763550222719214, -5.704042192328664, -2.617584918737271, -0.3477380835536644, -0.3353243093505258, -0.31596662368802647, False
-1.553641109758721, -4.032747934926007, 0.8311897136763267, -0.3477380835536644, -0.3353243093505258, -0.31596662368802647, False
5.083228361099893, 2.2657789293618897, 2.8299021898772283, -0.3477380835536644, -0.3353243093505258, -0.31596662368802647, False
0.13570808907291987, 2.2103578796828813, 2.069475166685466, -0.3477380835536644, -0.3353243093505258, -0.31596662368802647, False
0.6058234111008165, 2.506188954420745, -1.3398852382686761, -0.3477380835536644, -0.3353243093505258, -0.31596662368802647, False
0.06312147500927967, 3.4793536152209352, 2.0408649686352085, -0.3477380835536644, -0.3353243093505258, -0.31596662368802647, False
-2.667936813733198, 5.8110827270713585, -0.8713390035771194, -0.3477380835536644, -0.3353243093505258, -0.31596662368802647, False
3.073293832929485, -4.180098689521003, 1.5717232031177728, -0.3477380835536644, -0.3353243093505258, -0.31596662368802647, False
5.048369737983597, 0.31481685045778374, 2.986278078202586, -0.3477380835536644, -0.3353243093505258, -0.31596662368802647, True
3.3591179514487486, 1.9983519290035812, 1.7746866836866797, -0.3477380835536644, -0.3353243093505258, -0.31596662368802647, False
-5.983100209011847, -0.8979319516993094, -0.35650912063765716, -0.3477380835536644, -0.3353243093505258, -0.31596662368802647, False
3.1906735073265082, 2.716653439802659, -0.5922242399170137, -0.3477380835536644, -0.3353243093505258, -0.31596662368802647, False
-1.3932401578894877, -1.4101773723601978, -0.9097505157800505, -0.3477380835536644, -0.3353243093505258, -0.31596662368802647, False
2.4115021366530964, 1.478171593557006, -2.8887785388736993, -0.3477380835536644, -0.3353243093505258, -0.31596662368802647, True
3.0929475377565634, -1.059924084821943, 1.923622226508658, -0.3477380835536644, -0.3353243093505258, -0.31596662368802647, False
0.570825178504994, 4.361051193168322, -1.6601131852261422, -0.3477380835536644, -0.3353243093505258, -0.31596662368802647, False
-5.500043551612212, 1.9403852145976401, 2.8248215470519256, -0.3477380835536644, -0.3353243093505258, -0.31596662368802647, False
6.004185012911133, 0.3451694789544426, -0.13166452184142274, -0.3477380835536644, -0.3353243093505258, -0.31596662368802647, False
0.01881348688234219, -2.3634129046049517, -2.926374840535993, -0.3477380835536644, -0.3353243093505258, -0.31596662368802647, True
5.086725040539674, -0.36976497677900433, 0.32022490084836663, -0.3477380835536644, -0.3353243093505258, -0.31596662368802647, False
-1.1637907564888197, 2.070496641679302, -0.6411026559046396, -0.3477380835536644, -0.3353243093505258, -0.31596662368802647, False
2.478668132342495, 0.011410780549081956, -2.884223007919267, -0.3477380835536644, -0.3353243093505258, -0.31596662368802647, True
2.985249993391463, 0.07187758405440459, 2.907153111284436, -0.3477380835536644, -0.3353243093505258, -0.31596662368802647, True
-3.195912598466886, 4.288012092717503, -2.047132880127585, -0.3477380835536644, -0.3353243093505258, -0.31596662368802647, False
-1.2435946772722168, 0.6201509702829773, -2.68358699260635, -0.3477380835536644, -0.3353243093505258, -0.31596662368802647, False
-3.1375794698583768, -1.063321122598559, -2.7608007867953956, -0.3477380835536644, -0.3353243093505258, -0.31596662368802647, False
2.830595638040128, 2.305844620599613, -2.588241575590868, -0.3477380835536644, -0.3353243093505258, -0.31596662368802647, False
5.107413607379881, 4.346858068904808, -1.3627467076152895, -0.3477380835536644, -0.3353243093505258, -0.31596662368802647, False
-6.173319302718777, -3.628646650784033, 2.225271214058952, -0.3477380835536644, -0.3353243093505258, -0.31596662368802647, False
4.534343624637991, -3.816635538932973, 2.954928211091401, -0.3477380835536644, -0.3353243093505258, -0.31596662368802647, True
2.22055200613633, -5.531686167836725, -0.6644058455101787, -0.3477380835536644, -0.3353243093505258, -0.31596662368802647, False
2.175768113365443, -5.989547414151604, -0.5654699433429058, -0.3477380835536644, -0.3353243093505258, -0.31596662368802647, False
-0.7803528514846709, -2.779386074509153, 2.4595899203085594, -0.3477380835536644, -0.3353243093505258, -0.31596662368802647, False
-0.44289392323198395, 4.9623183109642905, -1.238080376816576, -0.3477380835536644, -0.3353243093505258, -0.31596662368802647, False
5.785227721494293, 5.105861932170448, 0.185312941912537, -0.3477380835536644, -0.3353243093505258, -0.31596662368802647, False
-1.766692360201918, -1.4208752871341428, -0.7261906189000564, -0.3477380835536644, -0.3353243093505258, -0.31596662368802647, False
0.5143311834085225, -2.608485822670944, -1.5211931764551183, -0.3477380835536644, -0.3353243093505258, -0.31596662368802647, False
-4.044005118583534, -4.209488428744878, 2.3687298376493606, -0.3477380835536644, -0.3353243093505258, -0.31596662368802647, False
-1.5039987486746558, 4.464249743766784, -1.6430269484172717, -0.3477380835536644, -0.3353243093505258, -0.31596662368802647, False
1.3000579781432853, 3.7843309183734277, 1.7136506099326327, -0.3477380835536644, -0.3353243093505258, -0.31596662368802647, False
-3.6700172459911387, -4.839678402967154, -1.8043207225857751, -0.3477380835536644, -0.3353243093505258, -0.31596662368802647, False
0.24022467477410192, 4.424403677077889, -2.67478157472373, -0.3477380835536644, -0.3353243093505258, -0.31596662368802647, False
-1.2958781679429645, 2.583980205819312, 1.2923400306309691, -0.3477380835536644, -0.3353243093505258, -0.31596662368802647, False
1.5304639627872554, 1.1671164273767678, -1.1369609042372826, -0.3477380835536644, -0.3353243093505258, -0.31596662368802647, False
3.062524855638822, 5.5246558178948355, -1.7083665153469851, -0.3477380835536644, -0.3353243093505258, -0.31596662368802647, False
5.4444875599490175, 5.796338318261844, 0.9917742242398377, -0.3477380835536644, -0.3353243093505258, -0.31596662368802647, False
-5.571937712757658, 2.507125947739471, 1.8628544370668072, -0.3477380835536644, -0.3353243093505258, -0.31596662368802647, False
-5.726473473152252, 1.4782666779325684, 0.1312560498095663, -0.3477380835536644, -0.3353243093505258, -0.31596662368802647, False
1.9566013971655547, 3.0283284546635283, 0.9586628130925412, -0.3477380835536644, -0.3353243093505258, -0.31596662368802647, False
1.8690203103120027, -0.43033898624359335, -2.1439375434960732, -0.3477380835536644, -0.3353243093505258, -0.31596662368802647, False
2.387739196863677, -2.3149562505682173, 1.32061097145563, -0.3477380835536644, -0.3353243093505258, -0.31596662368802647, False
2.1582015843639706, -2.7638231863493603, -0.15134882908528757, -0.3477380835536644, -0.3353243093505258, -0.31596662368802647, False
5.806032529573347, 4.753241090594516, 0.00894797612906828, -0.3477380835536644, -0.3353243093505258, -0.31596662368802647, False
2.8029002733770056, -0.5569876642971598, 0.10417922462261942, -0.3477380835536644, -0.3353243093505258, -0.31596662368802647, False
0.3414480985912842, -6.250583792503718, 1.8813109878248993, -0.3477380835536644, -0.3353243093505258, -0.31596662368802647, False
0.09811302456269821, 0.8389850522939302, -2.875763371512178, -0.3477380835536644, -0.3353243093505258, -0.31596662368802647, False
-5.603174903168415, -4.645767658196501, 2.0738979459262854, -0.3477380835536644, -0.3353243093505258, -0.31596662368802647, False
-4.82169357340258, -2.496986438611592, -0.9053446695174698, -0.3477380835536644, -0.3353243093505258, -0.31596662368802647, False
-0.1412271857854357, -2.9648615190769005, 2.1609810788098534, -0.3477380835536644, -0.3353243093505258, -0.31596662368802647, False
3.459345320524104, -1.9954293162011298, -1.4349454763640295, -0.3477380835536644, -0.3353243093505258, -0.31596662368802647, False
5.027332292760329, 1.888419815331325, 0.6717997559506981, -0.3477380835536644, -0.3353243093505258, -0.31596662368802647, False
-0.8475368425047813, 0.08599926181579498, 3.055564852703438, -0.3477380835536644, -0.3353243093505258, -0.31596662368802647, True
-5.209674973300171, -4.570703811279348, -2.79085733028625, -0.3477380835536644, -0.3353243093505258, -0.31596662368802647, False
-5.63263009405232, -4.3526171794386075, 2.941295283569848, -0.3477380835536644, -0.3353243093505258, -0.31596662368802647, True
-0.8618486349221719, 1.4767405738786898, -1.8722172985063932, -0.3477380835536644, -0.3353243093505258, -0.31596662368802647, False
-4.115330102833058, -4.5153018341723286, -2.5532887622078997, -0.3477380835536644, -0.3353243093505258, -0.31596662368802647, False
2.7171949665444437, 1.6403533652826718, 2.3765309858485137, -0.3477380835536644, -0.3353243093505258, -0.31596662368802647, False
-3.7685450877381386, -2.589833972999948, 2.2654826196356055, -0.3477380835536644, -0.3353243093505258, -0.31596662368802647, False
0.8944850880074169, 1.078989180077481, 0.7293173300027993, -0.3477380835536644, -0.3353243093505258, -0.31596662368802647, False
2.368466810539065, 0.8378392443608345, -1.6919072595536861, -0.3477380835536644, -0.3353243093505258, -0.31596662368802647, False
-1.545482065104962, -4.74385713955947, 0.3676865612554838, -0.3477380835536644, -0.3353243093505258, -0.31596662368802647, False
-4.868313954136268, -2.0207751109485796, -0.23598863039385254, -0.3477380835536644, -0.3353243093505258, -0.31596662368802647, False
6.1637551434154005, -5.277478158633896, 0.6905005307829746, -0.3477380835536644, -0.3353243093505258, -0.31596662368802647, False
-0.26579386322038445, -1.8816084522415695, -0.595623734140156, -0.3477380835536644, -0.3353243093505258, -0.31596662368802647, False
-0.08468880342531726, -3.932831157265551, 0.7822196200032723, -0.3477380835536644, -0.3353243093505258, -0.31596662368802647, False
5.598372721370859, -2.8738422856422376, 0.6255868133989249, -0.3477380835536644, -0.3353243093505258, -0.31596662368802647, False
1.7471247365980531, -5.577140485870588, 0.13794708236293607, -0.3477380835536644, -0.3353243093505258, -0.31596662368802647, False
2.618139686120868, 4.2821171544208845, 0.6554296025512616, -0.3477380835536644, -0.3353243093505258, -0.31596662368802647, False
0.09051606940646106, 5.709827884011357, 1.8667672994004745, -0.3477380835536644, -0.3353243093505258, -0.31596662368802647, False
1.7035634622565645, 2.213800508703377, -0.8835312431315039, -0.3477380835536644, -0.3353243093505258, -0.31596662368802647, False
-5.01857290376959, -4.1998392464459116, 1.681341311479188, -0.3477380835536644, -0.3353243093505258, -0.31596662368802647, False
0.7498103852924931, 5.180394471091409, -2.6326733323286176, -0.3477380835536644, -0.3353243093505258, -0.31596662368802647, False
0.9051448860308025, -3.699579416568553, 2.920863397982112, -0.3477380835536644, -0.3353243093505258, -0.31596662368802647, True
-5.473211663631141, -3.114657168467397, -2.3750347146230046, -0.3477380835536644, -0.3353243093505258, -0.31596662368802647, False
5.950063909459541, 6.195673364857772, 2.0106262261827696, -0.3477380835536644, -0.3353243093505258, -0.31596662368802647, False
-2.1338326470037536, -2.803683078238719, -2.7149466822351496, -0.3477380835536644, -0.3353243093505258, -0.31596662368802647, False
-0.8281968480727944, 4.448838135223562, -1.8546693655661939, -0.3477380835536644, -0.3353243093505258, -0.31596662368802647, False
-0.8258513202903792, -1.8445238505582466, -1.7632566527506348, -0.3477380835536644, -0.3353243093505258, -0.31596662368802647, False
2.34099640933586, -4.310895306228325, -0.9983265761920412, -0.3477380835536644, -0.3353243093505258, -0.31596662368802647, False
4.4241114993287365, -5.613414323359719, -0.9804865179297639, -0.3477380835536644, -0.3353243093505258, -0.31596662368802647, False
