2.938477256483363, 1.2053297557481892, 1.011662710020257, -0.3749362579588993, -0.321730470925927, 0.044822892130943925, False
0.9649347297195812, -0.36585822932182843, 1.9197536272167603, -0.3749362579588993, -0.321730470925927, 0.044822892130943925, False
-1.1744327883193533, 0.03568576117481381, -0.3069521814969516, -0.3749362579588993, -0.321730470925927, 0.044822892130943925, False
-5.392659914716014, 1.8785724917973017, 2.6753229564521295, -0.3749362579588993, -0.321730470925927, 0.044822892130943925, False
2.1031036901265097, 3.0874587550073063, 0.037932815910410866, -0.3749362579588993, -0.321730470925927, 0.044822892130943925, False
-4.1193747215169765, 3.052522441800983, -1.7068736117698233, -0.3749362579588993, -0.321730470925927, 0.044822892130943925, False
-1.7153747406180733, -4.965959259600867, -2.1215465318959046, -0.3749362579588993, -0.321730470925927, 0.044822892130943925, False
-5.195522585489272, -3.484860900450922, 0.9084553821914341, -0.3749362579588993, -0.321730470925927, 0.044822892130943925, True
3.2923913334695225, -0.20431155896332598, -2.7596349837158622, -0.3749362579588993, -0.321730470925927, 0.044822892130943925, True
-0.8623653992978415, -1.4673512348002795, -0.11007540473899313, -0.3749362579588993, -0.321730470925927, 0.044822892130943925, False
5.443519165749878, 0.8804404824708953, 0.9015725626416424, -0.3749362579588993, -0.321730470925927, 0.044822892130943925, False
-5.149039843511709, 0.6163923541751268, 0.19199499661997965, -0.3749362579588993, -0.321730470925927, 0.044822892130943925, False
-1.7807503355179035, 0.420528569360366, -1.334592652334923, -0.3749362579588993, -0.321730470925927, 0.044822892130943925, False
5.23005101218539, 1.9533621027423909, 1.0476105201361978, -0.3749362579588993, -0.321730470925927, 0.044822892130943925, False
5.36089458708671, -0.6073305593904825, 3.1078354237680452, -0.3749362579588993, -0.321730470925927, 0.044822892130943925, True
1.0695320400366413, 2.6441445149512433, 2.24426337714464, -0.3749362579588993, -0.321730470925927, 0.044822892130943925, True
-0.5910951773250162, -2.9508170339416724, -0.8820401752888518, -0.3749362579588993, -0.321730470925927, 0.044822892130943925, False
-4.985701637430028, -5.821642488893969, -2.370055801010297, -0.3749362579588993, -0.321730470925927, 0.044822892130943925, False
-0.12053517027625205, 0.6911814533577578, -1.2898280668386757, -0.3749362579588993, -0.321730470925927, 0.044822892130943925, False
0.8138558177402686, 4.412587960699039, -2.2385245963959957, -0.3749362579588993, -0.321730470925927, 0.044822892130943925, False
0.3631819082760197, 2.004678367089289, -1.0347366561516815, -0.3749362579588993, -0.321730470925927, 0.044822892130943925, False
-3.2618101815552736, -3.393749778450322, 1.5180654903792972, -0.3749362579588993, -0.321730470925927, 0.044822892130943925, False
-4.51720628414298, -3.949190809601154, -1.9556073727873022, -0.3749362579588993, -0.321730470925927, 0.044822892130943925, False
-5.42803448651747, -2.788340387650972, 0.8363634696692448, -0.3749362579588993, -0.321730470925927, 0.044822892130943925, False
0.8376464871388585, -0.7535516370354003, -0.6736845716235766, -0.3749362579588993, -0.321730470925927, 0.044822892130943925, False
2.377845567316566, -5.88887446175686, -2.382928009502582, -0.3749362579588993, -0.321730470925927, 0.044822892130943925, False
-0.5212776192943354, -3.0380970337957005, -0.6619541051966427, -0.3749362579588993, -0.321730470925927, 0.044822892130943925, False
2.3893337835513293, -1.9651927240160818, -0.7576616268397638, -0.3749362579588993, -0.321730470925927, 0.044822892130943925, False
-5.044403716398919, -5.046435342218593, 0.9595524412726837, -0.3749362579588993, -0.321730470925927, 0.044822892130943925, False
-3.2977801025257154, -4.046759225594576, -2.145670994141061, -0.3749362579588993, -0.321730470925927, 0.044822892130943925, False
-1.759574668146331, 2.399615088435821, 0.286449701407649, -0.3749362579588993, -0.321730470925927, 0.044822892130943925, False
6.230986112438291, 2.9515625100375757, 0.1761766626181971, -0.3749362579588993, -0.321730470925927, 0.044822892130943925, False
-4.576593883175408, -5.56051633339727, -0.9957514137517558, -0.3749362579588993, -0.321730470925927, 0.044822892130943925, False
-4.449317212125283, -4.601928119835232, -0.6894150377822061, -0.3749362579588993, -0.321730470925927, 0.044822892130943925, False
-3.8939212603135713, 0.3477166509841174, -2.1727102607720035, -0.3749362579588993, -0.321730470925927, 0.044822892130943925, False
-4.544768700791186, 3.6094995462372967, 0.7928307358974194, -0.3749362579588993, -0.321730470925927, 0.044822892130943925, False
1.1115803697443019, 4.874707315552831, 1.6076918665977171, -0.3749362579588993, -0.321730470925927, 0.044822892130943925, False
-1.1784027292126549, -2.8903062978372445, 2.789302068479441, -0.3749362579588993, -0.321730470925927, 0.044822892130943925, False
4.173466692571891, -1.7395420375006942, -1.3297790242776142, -0.3749362579588993, -0.321730470925927, 0.044822892130943925, False
4.693592496960971, 1.1796901009892355, -1.745736435111942, -0.3749362579588993, -0.321730470925927, 0.044822892130943925, False
-1.2585853303103374, 5.306683068774941, -0.37818842902850935, -0.3749362579588993, -0.321730470925927, 0.044822892130943925, False
6.07190898079042, 5.527371908028597, -2.5030611211012186, -0.3749362579588993, -0.321730470925927, 0.044822892130943925, False
4.374575497539006, 6.050612042011323, 2.8539207468918804, -0.3749362579588993, -0.321730470925927, 0.044822892130943925, True
6.259584096035329, -2.988591766893339, -1.699459775532728, -0.3749362579588993, -0.321730470925927, 0.044822892130943925, False
5.122356071859743, -3.2576134680738793, 0.2746285285874497, -0.3749362579588993, -0.321730470925927, 0.044822892130943925, False
5.292088745304087, -4.317440084176155, -0.2985943038826866, -0.3749362579588993, -0.321730470925927, 0.044822892130943925, False
-5.1322830706940366, -0.22663591212218037, 0.49015513878191186, -0.3749362579588993, -0.321730470925927, 0.044822892130943925, False
-4.610518769246886, -3.424016121336912, -0.1138984603451596, -0.3749362579588993, -0.321730470925927, 0.044822892130943925, False
1.321026372196477, -1.8612271657252748, -2.2334919947598815, -0.3749362579588993, -0.321730470925927, 0.044822892130943925, False
-0.6256631111368858, -4.414587095139931, -1.7764100051635165, -0.3749362579588993, -0.321730470925927, 0.044822892130943925, False
3.3950346251505295, 3.8400435714632177, 2.1109319828827884, -0.3749362579588993, -0.321730470925927, 0.044822892130943925, False
-4.163582601823661, 1.045145199478517, 2.439897938358218, -0.3749362579588993, -0.321730470925927, 0.044822892130943925, False
-2.0558239007890196, 1.1759436212681411, -0.469761533616615, -0.3749362579588993, -0.321730470925927, 0.044822892130943925, False
3.4439545453567373, -0.15130327606735605, 2.8955723490419967, -0.3749362579588993, -0.321730470925927, 0.044822892130943925, True
4.958126663095145, 5.362405036933177, 0.5915905041361262, -0.3749362579588993, -0.321730470925927, 0.044822892130943925, False
1.9244863915614498, 3.033860273182226, -0.08107917735022596, -0.3749362579588993, -0.321730470925927, 0.044822892130943925, False
5.964866744250621, 1.239493133812159, -1.0371848537363983, -0.3749362579588993, -0.321730470925927, 0.044822892130943925, False
-2.2234341991857063, -1.3645937319505732, 2.868004080870847, -0.3749362579588993, -0.321730470925927, 0.044822892130943925, False
-2.9162222465165843, 4.0417057785537285, -1.7959908504313238, -0.3749362579588993, -0.321730470925927, 0.044822892130943925, False
-3.6184652359313483, -3.0620373869574316, -0.9174198233074238, -0.3749362579588993, -0.321730470925927, 0.044822892130943925, False
4.387702438944837, -6.195625254776773, 0.9881502395346615, -0.3749362579588993, -0.321730470925927, 0.044822892130943925, False
-4.469620822368979, 6.0163540294087134, 1.1426615727063254, -0.3749362579588993, -0.321730470925927, 0.044822892130943925, False
-5.943412570797533, 2.5937386237163853, 0.3762556068749361, -0.3749362579588993, -0.321730470925927, 0.044822892130943925, False
4.715391409275769, 1.6944427518013354, 0.55960773871751, -0.3749362579588993, -0.321730470925927, 0.044822892130943925, False
2.036746768118279, 1.7539124494934324, -0.8186346312121628, -0.3749362579588993, -0.321730470925927, 0.044822892130943925, False
2.463043468741388, 4.310343034879221, -3.0409791980578595, -0.3749362579588993, -0.321730470925927, 0.044822892130943925, True
-3.448235194518975, 0.44136815930493345, -2.5610996466458387, -0.3749362579588993, -0.321730470925927, 0.044822892130943925, False
5.493719774560981, 6.158898327307789, -0.4370720196732192, -0.3749362579588993, -0.321730470925927, 0.044822892130943925, False
-2.3383268514381204, -0.28178566404028693, 1.3648969206367703, -0.3749362579588993, -0.321730470925927, 0.044822892130943925, True
-0.06567979915795696, 4.018621531736063, -1.829269251121329, -0.3749362579588993, -0.321730470925927, 0.044822892130943925, False
1.7566517630475875, -1.7230749480037053, 2.223597755332664, -0.3749362579588993, -0.321730470925927, 0.044822892130943925, False
0.23188518238789158, -5.8285958330227, -1.885644062990645, -0.3749362579588993, -0.321730470925927, 0.044822892130943925, False
2.965798251555901, 2.8453534378361454, -1.7647252905044104, -0.3749362579588993, -0.321730470925927, 0.044822892130943925, False
-0.46590342343765734, 5.856455674951942, 1.0012645518462406, -0.3749362579588993, -0.321730470925927, 0.044822892130943925, False
-5.465139951404746, -0.6046505100598081, -0.44612538295681814, -0.3749362579588993, -0.321730470925927, 0.044822892130943925, False
4.521382896468349, 1.699667817228371, 2.4467982408570164, -0.3749362579588993, -0.321730470925927, 0.044822892130943925, False
-6.20741574055284, 2.065058795108559, 1.8159925730433661, -0.3749362579588993, -0.321730470925927, 0.044822892130943925, False
5.7554233815351985, -3.028286180688604, 2.1131243777032207, -0.3749362579588993, -0.321730470925927, 0.044822892130943925, False
5.897215888514095, -4.615275175926237, 1.0980694299405789, -0.3749362579588993, -0.321730470925927, 0.044822892130943925, False
-0.14734894143527288, 0.2670497960861553, 1.7520355164024917, -0.3749362579588993, -0.321730470925927, 0.044822892130943925, False
5.218617743181058, -2.4517061417505217, -1.966205316429598, -0.3749362579588993, -0.321730470925927, 0.044822892130943925, False
5.03973255288914, 0.5702846211490238, 2.2057388208899233, -0.3749362579588993, -0.321730470925927, 0.044822892130943925, False
1.4063004273238127, 2.3683091728057946, 1.6897909250780137, -0.3749362579588993, -0.321730470925927, 0.044822892130943925, False
5.202971863867344, 3.1364124038418275, 1.3063852475272864, -0.3749362579588993, -0.321730470925927, 0.044822892130943925, False
4.439539544193467, -3.86246890700987, 0.8567327348581935, -0.3749362579588993, -0.321730470925927, 0.044822892130943925, False
-0.19784972755910868, -5.909141000156542, 0.027772897841964017, -0.3749362579588993, -0.321730470925927, 0.044822892130943925, False
1.8945795299138606, 2.371504001357195, 0.45037473119760074, -0.3749362579588993, -0.321730470925927, 0.044822892130943925, False
0.7749344876542947, -2.8128675804277377, -0.4074879337063453, -0.3749362579588993, -0.321730470925927, 0.044822892130943925, False
3.6599148485625417, -2.7927323672567237, 1.380663702054723, -0.3749362579588993, -0.321730470925927, 0.044822892130943925, False
3.8213942580868476, 1.239263959377097, -2.5238756029670064, -0.3749362579588993, -0.321730470925927, 0.044822892130943925, False
-5.8458739535327195, -5.08178514156835, 0.5773345985577452, -0.3749362579588993, -0.321730470925927, 0.044822892130943925, False
3.7371205514810875, -2.5628264367118345, -1.3945171253815054, -0.3749362579588993, -0.321730470925927, 0.044822892130943925, False
-2.7246032805851734, -2.0935967723237505, 0.47837116864763773, -0.3749362579588993, -0.321730470925927, 0.044822892130943925, False
6.258206477734566, 4.8284422887901, -0.8175719225533107, -0.3749362579588993, -0.321730470925927, 0.044822892130943925, False
-2.8995553604808153, -2.871566419824823, 1.685287305386809, -0.3749362579588993, -0.321730470925927, 0.044822892130943925, False
-4.553331432522494, -1.0728902521581976, 2.175141495810788, -0.3749362579588993, -0.321730470925927, 0.044822892130943925, False
1.7280570809706663, 3.5192111508048605, 0.37078281910746114, -0.3749362579588993, -0.321730470925927, 0.044822892130943925, False
-1.5083564494837285, 2.50375853434422, -2.70365609210959, -0.3749362579588993, -0.321730470925927, 0.044822892130943925, False
0.023878291548663277, 6.158798231955057, 1.7006223553820572, -0.3749362579588993, -0.321730470925927, 0.044822892130943925, False
0.16300582669360164, -0.9357398774622423, 2.8439835983201336, -0.3749362579588993, -0.321730470925927, 0.044822892130943925, False
-3.4132493807320934, 0.3450932116673284, -1.4939910014114708, -0.3749362579588993, -0.321730470925927, 0.044822892130943925, False
5.387439640610779, 2.956728566211382, -1.458986267325885, -0.3749362579588993, -0.321730470925927, 0.044822892130943925, False
1.2126090100746492, -0.10993648987877869, 2.084114198812788, -0.3749362579588993, -0.321730470925927, 0.044822892130943925, False
-2.2892936648293176, -4.099930774235604, -1.3200751867391693, -0.3749362579588993, -0.321730470925927, 0.044822892130943925, False
6.208210892443846, -3.6740199508027302, -0.3077525671923831, -0.3749362579588993, -0.321730470925927, 0.044822892130943925, False
-6.103425868339172, -0.7237181033052087, -2.086501508176041, -0.3749362579588993, -0.321730470925927, 0.044822892130943925, False
-1.8246177379080226, 0.7274897567840117, 1.3440667626030622, -0.3749362579588993, -0.321730470925927, 0.044822892130943925, False
4.261000890324347, -4.341910640944282, 2.643729602180377, -0.3749362579588993, -0.321730470925927, 0.044822892130943925, False
4.676492569428358, -1.403777731589213, -0.5330714411618307, -0.3749362579588993, -0.321730470925927, 0.044822892130943925, False
4.380521460651053, -1.3138984731866445, -2.0760277374681353, -0.3749362579588993, -0.321730470925927, 0.044822892130943925, False
-5.374341750078237, -6.1691270423389675, -1.038066041062942, -0.3749362579588993, -0.321730470925927, 0.044822892130943925, False
-0.5452646647085011, -5.008510146104362, -2.8443370760068802, -0.3749362579588993, -0.321730470925927, 0.044822892130943925, False
-5.6526481980204295, -1.451939323649622, 1.9010815861856534, -0.3749362579588993, -0.321730470925927, 0.044822892130943925, False
-3.6864250180413536, 2.186123049795164, 0.6110001023905935, -0.3749362579588993, -0.321730470925927, 0.044822892130943925, False
-0.8867988208275905, 3.005472807946136, 1.9110440795382857, -0.3749362579588993, -0.321730470925927, 0.044822892130943925, False
1.774200488897895, 1.2413382249448919, 0.5587560279239101, -0.3749362579588993, -0.321730470925927, 0.044822892130943925, False
-1.2887330112382909, 0.4207559099741376, -2.238383693244473, -0.3749362579588993, -0.321730470925927, 0.044822892130943925, False
-5.532069179866352, -4.3223586337829545, -0.3454145995900584, -0.3749362579588993, -0.321730470925927, 0.044822892130943925, False
4.269665838270313, 0.7621423344943512, -1.5676022986009217, -0.3749362579588993, -0.321730470925927, 0.044822892130943925, False
0.9361690540564451, 3.6650411707201656, -1.994956434674483, -0.3749362579588993, -0.321730470925927, 0.044822892130943925, True
-5.363783282902789, -3.4982454786834936, -2.3418937186381403, -0.3749362579588993, -0.321730470925927, 0.044822892130943925, True
4.09774526604078, -4.736499737898093, 3.084409178248449, -0.3749362579588993, -0.321730470925927, 0.044822892130943925, True
-1.3899320233939392, 4.78913865603011, 1.4823004779301154, -0.3749362579588993, -0.321730470925927, 0.044822892130943925, False
2.8725925645365127, 5.203168445897905, -3.108171997501216, -0.3749362579588993, -0.321730470925927, 0.044822892130943925, True
-2.8818175431956674, 0.319542918986099, 1.9338421933734784, -0.3749362579588993, -0.321730470925927, 0.044822892130943925, True
3.5610838254158548, -1.170763581664966, -0.9203933158138726, -0.3749362579588993, -0.321730470925927, 0.044822892130943925, False
1.2710920187067938, 4.294845938393811, 2.3585770085665017, -0.3749362579588993, -0.321730470925927, 0.044822892130943925, False
3.907403612107453, 4.2096130261754094, 0.062322435599829085, -0.3749362579588993, -0.321730470925927, 0.044822892130943925, False
-1.3240458757294489, -0.9993762724712445, 1.562902136611931, -0.3749362579588993, -0.321730470925927, 0.044822892130943925, False
2.30611385784022, 5.421686423653693, 1.306743480265685, -0.3749362579588993, -0.321730470925927, 0.044822892130943925, False
3.182261667176004, 4.420550387208326, 0.08757753223736886, -0.3749362579588993, -0.321730470925927, 0.044822892130943925, False
0.41716275541701986, 0.11315377761681233, 1.7647501118737976, -0.3749362579588993, -0.321730470925927, 0.044822892130943925, False
3.2871669558822703, 0.9297703034090539, -2.3780721459125442, -0.3749362579588993, -0.321730470925927, 0.044822892130943925, False
-2.2820104868399103, -2.63239831707792, 1.8292719744216965, -0.3749362579588993, -0.321730470925927, 0.044822892130943925, False
-2.6808260929067433, 3.1244389775462764, -0.9472262685936212, -0.3749362579588993, -0.321730470925927, 0.044822892130943925, False
-5.362057885330503, -1.9114297121864334, -2.6794755894357882, -0.3749362579588993, -0.321730470925927, 0.044822892130943925, False
1.5991556374630065, -5.638063870985, 0.26255399038942917, -0.3749362579588993, -0.321730470925927, 0.044822892130943925, False
2.113796772193597, 4.068128449871809, 1.6877410207348946, -0.3749362579588993, -0.321730470925927, 0.044822892130943925, False
-4.835592392845221, 4.317104419873054, -1.4265886869805584, -0.3749362579588993, -0.321730470925927, 0.044822892130943925, False
3.7031417343811004, -0.4782697039713515, 2.243025889701582, -0.3749362579588993, -0.321730470925927, 0.044822892130943925, True
3.387003701421392, 3.900495702366408, 0.5221131487102308, -0.3749362579588993, -0.321730470925927, 0.044822892130943925, False
2.9901805548389966, 2.0065571779921942, 2.908964204594466, -0.3749362579588993, -0.321730470925927, 0.044822892130943925, False
-2.604184375902744, 3.0620156262869163, 2.3612939470212257, -0.3749362579588993, -0.321730470925927, 0.044822892130943925, False
4.292197834264366, 5.855713522645864, 1.5254000912298213, -0.3749362579588993, -0.321730470925927, 0.044822892130943925, False
4.450324232482567, 2.658671800486813, 1.543777194836526, -0.3749362579588993, -0.321730470925927, 0.044822892130943925, False
3.5116502622848635, -1.1529875771623317, -1.1042004727613923, -0.3749362579588993, -0.321730470925927, 0.044822892130943925, False
5.980593122255495, 1.2448183325582036, -0.8262806743395967, -0.3749362579588993, -0.321730470925927, 0.044822892130943925, False
3.4557510141758723, 5.868065949018588, -0.6356479804318607, -0.3749362579588993, -0.321730470925927, 0.044822892130943925, False
-0.7466692376926538, -2.1690482055179734, -0.21225986424594323, -0.3749362579588993, -0.321730470925927, 0.044822892130943925, False
5.837066000032927, 3.0775311466342057, 2.9171421340403896, -0.3749362579588993, -0.321730470925927, 0.044822892130943925, True
4.475528057870093, -3.2183371347003424, -0.17944281528960948, -0.3749362579588993, -0.321730470925927, 0.044822892130943925, False
-3.293715823831622, 1.4568277208494766, 2.1338689742622625, -0.3749362579588993, -0.321730470925927, 0.044822892130943925, False
-2.3568918510361856, -4.5542567504452185, -1.8102659235695295, -0.3749362579588993, -0.321730470925927, 0.044822892130943925, False
1.5999459864602636, 6.207657981576549, 2.6831639361730746, -0.3749362579588993, -0.321730470925927, 0.044822892130943925, False
0.14946387302772024, -6.147839130770975, -0.32750196800617104, -0.3749362579588993, -0.321730470925927, 0.044822892130943925, False
1.9838153407540808, 2.072401945850901, -2.884848271408727, -0.3749362579588993, -0.321730470925927, 0.044822892130943925, True
-1.629766519604023, 4.4446521266491725, 1.037142320347204, -0.3749362579588993, -0.321730470925927, 0.044822892130943925, False
2.4300740013393103, -0.1901283182695579, -0.4092446644422125, -0.3749362579588993, -0.321730470925927, 0.044822892130943925, False
1.8645843976392875, -1.6216179655602634, 2.895228798502857, -0.3749362579588993, -0.321730470925927, 0.044822892130943925, True
3.657838354978672, 6.081769061737509, -2.9631892871515166, -0.3749362579588993, -0.321730470925927, 0.044822892130943925, True
3.1716312917930587, 2.0858021755844174, 2.21113385119168, -0.3749362579588993, -0.321730470925927, 0.044822892130943925, False
4.723496759367331, 1.2424064772406682, 2.6087860932984226, -0.3749362579588993, -0.321730470925927, 0.044822892130943925, False
-1.2102095270048698, -1.5687769262267652, 0.8791485939467405, -0.3749362579588993, -0.321730470925927, 0.044822892130943925, False
-4.846000288980216, 3.3684514474442633, -0.407087456162627, -0.3749362579588993, -0.321730470925927, 0.044822892130943925, False
3.40124185919972, -4.249813557055865, 0.35283940040619655, -0.3749362579588993, -0.321730470925927, 0.044822892130943925, False
-5.9434768841901215, -0.3809995068525591, 0.944134397850461, -0.3749362579588993, -0.321730470925927, 0.044822892130943925, False
-4.1116880936576194, 1.7036985609257211, -2.7225255128747077, -0.3749362579588993, -0.321730470925927, 0.044822892130943925, False
2.255578783848037, 0.5059619941685352, -2.6397835189718397, -0.3749362579588993, -0.321730470925927, 0.044822892130943925, False
5.350907990259511, -6.026474087925097, -0.02736777281262537, -0.3749362579588993, -0.321730470925927, 0.044822892130943925, False
-4.714689317462291, -3.8123894158107667, 0.471691593346661, -0.3749362579588993, -0.321730470925927, 0.044822892130943925, False
1.425708691277169, -3.362772794377939, 0.45450345510501666, -0.3749362579588993, -0.321730470925927, 0.044822892130943925, False
1.2740763190248119, -3.8197467470195856, 2.8721532738633195, -0.3749362579588993, -0.321730470925927, 0.044822892130943925, False
0.7948174836242341, -2.102126566618728, 0.6275924043465988, -0.3749362579588993, -0.321730470925927, 0.044822892130943925, False
-4.498703680954541, 4.502379669742254, 1.5814233359495953, -0.3749362579588993, -0.321730470925927, 0.044822892130943925, False
-0.13335292442734303, -5.44045535622795, 0.24066979995629545, -0.3749362579588993, -0.321730470925927, 0.044822892130943925, False
-2.4474036661974217, 2.658227116326149, 0.27719181744517707, -0.3749362579588993, -0.321730470925927, 0.044822892130943925, False
-1.6640200137970496, -4.824869588894688, 2.8591902929545556, -0.3749362579588993, -0.321730470925927, 0.044822892130943925, True
6.017384991528779, -6.168652676452999, -0.06602019483387922, -0.3749362579588993, -0.321730470925927, 0.044822892130943925, False
-2.2187766137797222, 6.006575646624359, 0.49690282621389326, -0.3749362579588993, -0.321730470925927, 0.044822892130943925, False
-0.28365482807019315, -5.941513759908088, 3.1149429761176783, -0.3749362579588993, -0.321730470925927, 0.044822892130943925, True
1.5995161476048416, -2.4969773117588856, -0.3745053158519789, -0.3749362579588993, -0.321730470925927, 0.044822892130943925, False
-3.633034075335987, 4.555918788108917, -1.249440297082095, -0.3749362579588993, -0.321730470925927, 0.044822892130943925, False
5.440242624184794, -5.201814182512724, 1.6967119897002911, -0.3749362579588993, -0.321730470925927, 0.044822892130943925, False
3.8940703100113137, 2.1065489385349334, 1.9822052425303953, -0.3749362579588993, -0.321730470925927, 0.044822892130943925, False
2.375930379173928, 5.663179847714742, -1.0400908706163743, -0.3749362579588993, -0.321730470925927, 0.044822892130943925, False
1.4438635507697528, -4.143339294311907, 0.6626884900856225, -0.3749362579588993, -0.321730470925927, 0.044822892130943925, False
-3.6534353219137063, -3.769704111178609, 0.6732647443803361, -0.3749362579588993, -0.321730470925927, 0.044822892130943925, False
-2.230153271648871, 5.470361687517283, 2.893588972765082, -0.3749362579588993, -0.321730470925927, 0.044822892130943925, False
3.406705552790809, -1.2283772377494193, 1.420461275322359, -0.3749362579588993, -0.321730470925927, 0.044822892130943925, False
-3.9319186447704375, -2.858445557805482, 1.765337245872293, -0.3749362579588993, -0.321730470925927, 0.044822892130943925, False
-3.662983278282004, 4.034791803616768, -2.11843977399896, -0.3749362579588993, -0.321730470925927, 0.044822892130943925, False
-1.484617614179803, 5.35580040137763, -1.2400859903195385, -0.3749362579588993, -0.321730470925927, 0.044822892130943925, False
-3.027667179761581, 4.449061612173274, 1.1389847712564993, -0.3749362579588993, -0.321730470925927, 0.044822892130943925, False
-0.9166628907554122, -5.013728590487654, -2.6661720935082576, -0.3749362579588993, -0.321730470925927, 0.044822892130943925, False
3.801018831829566, -1.0485215520385855, 1.0787003123120051, -0.3749362579588993, -0.321730470925927, 0.044822892130943925, False
-2.248588116875558, -3.5862824470156536, -0.8360940489787891, -0.3749362579588993, -0.321730470925927, 0.044822892130943925, False
-1.1635736943726487, 0.049014468515381715, -0.28544143864352733, -0.3749362579588993, -0.321730470925927, 0.044822892130943925, False
-2.1925197892419046, -0.34889618268448963, -1.4578860106667346, -0.3749362579588993, -0.321730470925927, 0.044822892130943925, False
0.05146147516375876, -5.9662625028338505, 0.9997854175738787, -0.3749362579588993, -0.321730470925927, 0.044822892130943925, False
1.7652541278473972, 5.001646527359053, -2.267980356757312, -0.3749362579588993, -0.321730470925927, 0.044822892130943925, False
