-5.899557948909065, -3.068837470618713, -3.033347533977592, -0.12144495203253158, 0.31090979960498977, -0.36214508911523025, True
0.9600807835459912, -6.128105955916576, -2.0268221336058003, -0.12144495203253158, 0.31090979960498977, -0.36214508911523025, False
-6.26311909761167, -1.4472300519144978, -2.997579600550896, -0.12144495203253158, 0.31090979960498977, -0.36214508911523025, True
-4.552498786606802, 3.0003861307428448, 0.3754065964210249, -0.12144495203253158, 0.31090979960498977, -0.36214508911523025, False
2.00971614430615, 1.2907409359198203, 1.838570421184321, -0.12144495203253158, 0.31090979960498977, -0.36214508911523025, False
1.2227252471570846, -2.0009427332229093, 2.2843867348031406, -0.12144495203253158, 0.31090979960498977, -0.36214508911523025, False
-4.855742407049831, -1.7447755187117462, 0.4331856746006997, -0.12144495203253158, 0.31090979960498977, -0.36214508911523025, False
-5.128623020392404, 4.0099573736011465, 3.049710030740651, -0.12144495203253158, 0.31090979960498977, -0.36214508911523025, True
5.713046655044785, -1.213238334360633, -0.9711488196870381, -0.12144495203253158, 0.31090979960498977, -0.36214508911523025, False
-6.234087723503672, -0.2721308552054609, -1.5512373924370289, -0.12144495203253158, 0.31090979960498977, -0.36214508911523025, False
4.172706892131908, 4.681711616280248, 1.2227812525108135, -0.12144495203253158, 0.31090979960498977, -0.36214508911523025, False
-4.933590443054252, -4.310390273538059, 0.7201831828580829, -0.12144495203253158, 0.31090979960498977, -0.36214508911523025, False
-0.30520118324240997, 0.6188200846044394, 2.770850403814353, -0.12144495203253158, 0.31090979960498977, -0.36214508911523025, False
6.057759947969961, -1.8926892328048979, 1.3529320152328408, -0.12144495203253158, 0.31090979960498977, -0.36214508911523025, False
-1.769269708232878, 2.6625184110800912, 2.2294803619155887, -0.12144495203253158, 0.31090979960498977, -0.36214508911523025, False
-5.345674741503079, -2.0793411932739785, 1.786515483580863, -0.12144495203253158, 0.31090979960498977, -0.36214508911523025, False
3.990970900514492, 0.9389764909332747, -0.4056472149469901, -0.12144495203253158, 0.31090979960498977, -0.36214508911523025, False
-5.7964528687994585, 5.21758988913315, -0.8722235117728858, -0.12144495203253158, 0.31090979960498977, -0.36214508911523025, False
-2.882899095238632, 2.5645395212662407, -3.1181904296467624, -0.12144495203253158, 0.31090979960498977, -0.36214508911523025, True
-5.38636101522407, -6.253609935795954, 2.9886191937995417, -0.12144495203253158, 0.31090979960498977, -0.36214508911523025, True
6.143597363236669, -5.34465129772805, 2.8582777476630827, -0.12144495203253158, 0.31090979960498977, -0.36214508911523025, True
-2.8924797873567973, -5.10969130628924, -1.0351960840657584, -0.12144495203253158, 0.31090979960498977, -0.36214508911523025, False
5.404118110938478, -5.216696952462025, -1.3745647360836346, -0.12144495203253158, 0.31090979960498977, -0.36214508911523025, False
-4.741966680834132, -6.072069733901922, 2.2061811764300234, -0.12144495203253158, 0.31090979960498977, -0.36214508911523025, False
-5.711124317359524, 5.115553783009169, 2.6126541617226273, -0.12144495203253158, 0.31090979960498977, -0.36214508911523025, False
6.17295901415126, -5.891878753268429, -0.08488640475750442, -0.12144495203253158, 0.31090979960498977, -0.36214508911523025, False
-1.2985596083654851, 4.895617701792466, -2.8604583057938577, -0.12144495203253158, 0.31090979960498977, -0.36214508911523025, False
0.6680403966584088, 5.263079869243542, -1.0770154376300338, -0.12144495203253158, 0.31090979960498977, -0.36214508911523025, False
2.516697982369024, -0.17178997495406634, 2.785988640174857, -0.12144495203253158, 0.31090979960498977, -0.36214508911523025, False
3.7413908889888905, 0.721443607687621, 1.2674652512562057, -0.12144495203253158, 0.31090979960498977, -0.36214508911523025, False
3.2281987963210064, 1.6453544448561193, -1.6770184284586143, -0.12144495203253158, 0.31090979960498977, -0.36214508911523025, False
5.367619465010987, 2.802866132718723, 1.7735405374273485, -0.12144495203253158, 0.31090979960498977, -0.36214508911523025, False
6.215998549641613, -4.746169167757806, 0.4164548921586886, -0.12144495203253158, 0.31090979960498977, -0.36214508911523025, False
-0.8195865746711535, 1.2206470937498972, -2.9863038914223896, -0.12144495203253158, 0.31090979960498977, -0.36214508911523025, True
4.122361590868595, -0.16555665650132845, -1.3868775786890148, -0.12144495203253158, 0.31090979960498977, -0.36214508911523025, False
4.4923877788749, -5.010671822246734, -1.0416808403922952, -0.12144495203253158, 0.31090979960498977, -0.36214508911523025, False
-3.5690163570543203, 3.522532872359692, -0.9136262877860708, -0.12144495203253158, 0.31090979960498977, -0.36214508911523025, False
-1.7962637489340159, 3.243395710643993, -0.368227274871344, -0.12144495203253158, 0.31090979960498977, -0.36214508911523025, False
0.2506774060381858, 5.513600102692939, 1.9368918157889423, -0.12144495203253158, 0.31090979960498977, -0.36214508911523025, False
-0.7870056453310577, 2.981605411607134, 0.40520464943853307, -0.12144495203253158, 0.31090979960498977, -0.36214508911523025, False
-2.85441808212471, -5.609971146904298, 3.068129024798468, -0.12144495203253158, 0.31090979960498977, -0.36214508911523025, True
3.8968645640715867, 4.085482126927953, -0.9294652272292097, -0.12144495203253158, 0.31090979960498977, -0.36214508911523025, False
4.516404110871649, 3.9208424554194075, -2.150935910680544, -0.12144495203253158, 0.31090979960498977, -0.36214508911523025, False
-0.1330443289683938, -2.2238439787618436, 2.1446134197919964, -0.12144495203253158, 0.31090979960498977, -0.36214508911523025, False
1.206278304987162, -4.474914235666832, 0.42019285539952334, -0.12144495203253158, 0.31090979960498977, -0.36214508911523025, False
4.438502022261657, 1.8396473296053149, -1.7130030253775832, -0.12144495203253158, 0.31090979960498977, -0.36214508911523025, False
3.174949125251409, -3.722913175489591, 0.1280041888045762, -0.12144495203253158, 0.31090979960498977, -0.36214508911523025, False
-3.805913894611528, -4.011153570815397, -1.1292283375945358, -0.12144495203253158, 0.31090979960498977, -0.36214508911523025, False
-5.153314968427095, 3.9275583341469105, -0.9045364455700748, -0.12144495203253158, 0.31090979960498977, -0.36214508911523025, False
1.243648163585151, -1.7469461410660942, 1.7367632423537538, -0.12144495203253158, 0.31090979960498977, -0.36214508911523025, False
-6.111047518639674, -5.572948736925845, -1.6511583698317807, -0.12144495203253158, 0.31090979960498977, -0.36214508911523025, False
2.9194600957656114, -3.9594711498955393, -1.2714606861994455, -0.12144495203253158, 0.31090979960498977, -0.36214508911523025, False
4.924246912472054, -5.844294362506296, 0.7368323499125995, -0.12144495203253158, 0.31090979960498977, -0.36214508911523025, False
-5.709072681415944, 2.1971878190883256, -2.8824838347037844, -0.12144495203253158, 0.31090979960498977, -0.36214508911523025, True
-4.7608511743724105, -4.911661447997683, 1.7983698354757287, -0.12144495203253158, 0.31090979960498977, -0.36214508911523025, False
0.7294074592302549, -3.1446151623730976, 0.9413878725622435, -0.12144495203253158, 0.31090979960498977, -0.36214508911523025, False
-4.708770469534815, 2.2934930721069673, 0.1227395248902976, -0.12144495203253158, 0.31090979960498977, -0.36214508911523025, False
-0.4807439747946951, 5.36171971345491, 0.10261751745915415, -0.12144495203253158, 0.31090979960498977, -0.36214508911523025, False
5.671259279729421, -5.759625405828093, -1.4380797857293293, -0.12144495203253158, 0.31090979960498977, -0.36214508911523025, False
-0.38282757325360084, 5.130363992974001, 2.4067210583351093, -0.12144495203253158, 0.31090979960498977, -0.36214508911523025, False
-1.5509195798906488, 1.7164353091136508, -1.6324314330561, -0.12144495203253158, 0.31090979960498977, -0.36214508911523025, False
-6.229497047839813, -5.969070135659195, -1.9628226039372412, -0.12144495203253158, 0.31090979960498977, -0.36214508911523025, False
5.581492651124115, -3.86159431060295, -0.5752715996481443, -0.12144495203253158, 0.31090979960498977, -0.36214508911523025, True
-5.286668661044319, 2.2588097136173424, 1.013169495567519, -0.12144495203253158, 0.31090979960498977, -0.36214508911523025, False
-3.256029964003326, -6.109148507240182, -1.778520522369464, -0.12144495203253158, 0.31090979960498977, -0.36214508911523025, False
-1.6344882447384297, -4.205689295534501, 0.6220012738894316, -0.12144495203253158, 0.31090979960498977, -0.36214508911523025, False
-6.015169027718225, -5.260053001141402, -0.5070752425082561, -0.12144495203253158, 0.31090979960498977, -0.36214508911523025, False
-3.8064887413702135, 1.0641398218975393, -1.1166396754137322, -0.12144495203253158, 0.31090979960498977, -0.36214508911523025, False
-2.093757245490747, -5.49721092023163, 0.4009676912929687, -0.12144495203253158, 0.31090979960498977, -0.36214508911523025, False
4.665329618095932, -4.600843279933123, 1.725154815121944, -0.12144495203253158, 0.31090979960498977, -0.36214508911523025, True
0.38019254337732455, 4.412986639515513, -1.215772867779198, -0.12144495203253158, 0.31090979960498977, -0.36214508911523025, False
-0.937987356437505, 4.785153887087791, -1.2779471450698787, -0.12144495203253158, 0.31090979960498977, -0.36214508911523025, False
-2.5579405037345078, -1.8407636308750632, -3.1357434668806135, -0.12144495203253158, 0.31090979960498977, -0.36214508911523025, True
-5.054805306639958, 0.473626425750421, -0.37712061699511334, -0.12144495203253158, 0.31090979960498977, -0.36214508911523025, False
-0.37837834191395725, 4.107581713110664, 0.2549763049718794, -0.12144495203253158, 0.31090979960498977, -0.36214508911523025, False
-2.3231562125628797, 4.309663167079705, -1.2146289410372644, -0.12144495203253158, 0.31090979960498977, -0.36214508911523025, False
0.15926273309157857, 4.164414418182027, 2.1319673150733864, -0.12144495203253158, 0.31090979960498977, -0.36214508911523025, False
-1.9851610822697285, -5.0701496216781194, -1.2592149045018026, -0.12144495203253158, 0.31090979960498977, -0.36214508911523025, False
-5.9826650751572155, 3.538589190262419, 0.14124951641849304, -0.12144495203253158, 0.31090979960498977, -0.36214508911523025, False
0.3130003893294129, 0.5689444409218565, -1.494954112397962, -0.12144495203253158, 0.31090979960498977, -0.36214508911523025, False
3.5188989471616967, 4.427233078921235, -0.028445650902699793, -0.12144495203253158, 0.31090979960498977, -0.36214508911523025, False
2.307285340663176, -3.9352338804394678, -0.29311319636657673, -0.12144495203253158, 0.31090979960498977, -0.36214508911523025, False
-4.951533153071166, 0.3259846803673039, 0.35881949198175844, -0.12144495203253158, 0.31090979960498977, -0.36214508911523025, False
3.6048303419856147, 0.5093606575155567, -1.4298603380412844, -0.12144495203253158, 0.31090979960498977, -0.36214508911523025, False
-4.216892729195596, 0.6179234033856691, -2.585426022752589, -0.12144495203253158, 0.31090979960498977, -0.36214508911523025, False
-5.221685361683716, -6.1758057058476465, 1.060177489089611, -0.12144495203253158, 0.31090979960498977, -0.36214508911523025, False
-1.2337901765944101, -2.6064312233679123, 3.135875587369237, -0.12144495203253158, 0.31090979960498977, -0.36214508911523025, True
-3.3651447567799133, 4.307714885918122, -1.9300929548006955, -0.12144495203253158, 0.31090979960498977, -0.36214508911523025, False
2.2729449652097387, 3.567804989771684, -1.4119132313149647, -0.12144495203253158, 0.31090979960498977, -0.36214508911523025, False
3.63816474593256, -6.265973559671936, -1.1629225118610453, -0.12144495203253158, 0.31090979960498977, -0.36214508911523025, False
-2.9558737704654434, -0.34082430910156436, 0.4634981309042523, -0.12144495203253158, 0.31090979960498977, -0.36214508911523025, False
0.5723007568879339, -0.6008892923488576, 0.3777400226697236, -0.12144495203253158, 0.31090979960498977, -0.36214508911523025, False
3.0637112946155796, 1.4926232501070293, -2.8018093436476565, -0.12144495203253158, 0.31090979960498977, -0.36214508911523025, False
-4.568355277371524, -5.531408607594371, 1.7283814457954012, -0.12144495203253158, 0.31090979960498977, -0.36214508911523025, True
5.83216692253111, -2.8176965388624455, -2.223133991717126, -0.12144495203253158, 0.31090979960498977, -0.36214508911523025, False
-0.25955742010812966, -3.173149623909572, 3.109722726026833, -0.12144495203253158, 0.31090979960498977, -0.36214508911523025, True
5.537100542614846, 5.329506857056076, -0.4957519440751299, -0.12144495203253158, 0.31090979960498977, -0.36214508911523025, False
3.325840595375979, -4.505172388951912, -2.248361526909574, -0.12144495203253158, 0.31090979960498977, -0.36214508911523025, False
0.7513250287174449, 3.2067260376975533, 0.4044619594350709, -0.12144495203253158, 0.31090979960498977, -0.36214508911523025, False
-3.688514661648872, 6.236725996912018, -1.0010435067871204, -0.12144495203253158, 0.31090979960498977, -0.36214508911523025, False
