1.2373519066252028, 4.479278288803121, -0.8258131577936463, -0.18864727881796717, -0.17948951795429502, -0.20770884631711684, False
-3.7512641377180755, -2.9811607875126485, -2.0553543027868937, -0.18864727881796717, -0.17948951795429502, -0.20770884631711684, False
2.8006035132736535, -3.532964095915114, -0.6082640438612454, -0.18864727881796717, -0.17948951795429502, -0.20770884631711684, False
-2.494318078761304, -3.7518893322981604, 1.8813112522825248, -0.18864727881796717, -0.17948951795429502, -0.20770884631711684, False
5.497349651901002, -0.33082228150744175, 1.5841545665274657, -0.18864727881796717, -0.17948951795429502, -0.20770884631711684, False
-4.022110775143659, 3.180890919193148, 1.8486326949227125, -0.18864727881796717, -0.17948951795429502, -0.20770884631711684, False
-2.4794567448494855, 2.547448587124622, 2.2458687003848867, -0.18864727881796717, -0.17948951795429502, -0.20770884631711684, False
-0.5159605923221209, 3.8074265867933565, 2.9463987932136764, -0.18864727881796717, -0.17948951795429502, -0.20770884631711684, True
-6.028765260942422, 0.3901186157232228, 0.09553135447314887, -0.18864727881796717, -0.17948951795429502, -0.20770884631711684, False
4.211457421844395, 3.9534417488683413, 0.30383775263967294, -0.18864727881796717, -0.17948951795429502, -0.20770884631711684, False
1.4141559333243983, -3.990448469262043, -1.6481889292627903, -0.18864727881796717, -0.17948951795429502, -0.20770884631711684, True
0.01842143999336443, -2.411897497812675, -0.5543791168237355, -0.18864727881796717, -0.17948951795429502, -0.20770884631711684, False
-0.8542464291371461, 3.231233979193023, 1.451328886959292, -0.18864727881796717, -0.17948951795429502, -0.20770884631711684, False
0.9961954366803702, 2.8346237890298216, -3.03919115853702, -0.18864727881796717, -0.17948951795429502, -0.20770884631711684, True
0.09728485138421572, 1.0299752972304077, -1.7942204300284252, -0.18864727881796717, -0.17948951795429502, -0.20770884631711684, False
5.449741174109928, -0.19642051165014163, 2.1197719250536506, -0.18864727881796717, -0.17948951795429502, -0.20770884631711684, False
-0.7087588059171246, -3.3717979903174786, -2.4046321495881435, -0.18864727881796717, -0.17948951795429502, -0.20770884631711684, False
-2.5920723615273102, -0.5213111855262866, -1.0506538696225638, -0.18864727881796717, -0.17948951795429502, -0.20770884631711684, False
-2.125961696864059, -3.5543084860531713, -1.2349405813413905, -0.18864727881796717, -0.17948951795429502, -0.20770884631711684, False
6.112061281431387, -0.11515462031480617, -0.08661461357386768, -0.18864727881796717, -0.17948951795429502, -0.20770884631711684, False
0.9728613977504867, 6.239824071643131, -1.5929010768250547, -0.18864727881796717, -0.17948951795429502, -0.20770884631711684, False
3.1561086969004, -2.6109064859636386, -2.7567390995973193, -0.18864727881796717, -0.17948951795429502, -0.20770884631711684, False
-1.147333399343906, -5.839033420894288, -2.321905715637956, -0.18864727881796717, -0.17948951795429502, -0.20770884631711684, False
5.170440962287536, -6.007838025433623, 0.6541243992775541, -0.18864727881796717, -0.17948951795429502, -0.20770884631711684, False
3.213225490418047, 1.6810413334451981, 1.409245943727238, -0.18864727881796717, -0.17948951795429502, -0.20770884631711684, False
-3.1935513172813748, -1.7075201907841855, -2.774104840884336, -0.18864727881796717, -0.17948951795429502, -0.20770884631711684, False
-0.5342782928467722, 5.5772134194862275, 1.4425988393564904, -0.18864727881796717, -0.17948951795429502, -0.20770884631711684, False
2.338661946293522, 2.2529914235612996, -0.9025006886833706, -0.18864727881796717, -0.17948951795429502, -0.20770884631711684, False
1.5569846453351053, 5.208922213922072, -1.490663358230427, -0.18864727881796717, -0.17948951795429502, -0.20770884631711684, False
1.5149229749016486, 0.6752717516828257, -0.849117197403944, -0.18864727881796717, -0.17948951795429502, -0.20770884631711684, False
-1.7998623833206633, -1.9360214911161115, -0.39665713921950196, -0.18864727881796717, -0.17948951795429502, -0.20770884631711684, False
0.12175699008170948, -1.5550472884271045, -0.049086960291104376, -0.18864727881796717, -0.17948951795429502, -0.20770884631711684, False
3.9074104383270267, 0.6179110968506238, 2.205230821812731, -0.18864727881796717, -0.17948951795429502, -0.20770884631711684, True
4.398822599929872, -4.992395490416978, 2.063542441829882, -0.18864727881796717, -0.17948951795429502, -0.20770884631711684, False
-4.38233105990148, -0.9891954776642438, 0.48626935373391067, -0.18864727881796717, -0.17948951795429502, -0.20770884631711684, False
-3.2747290681766836, 0.9954765241472616, 1.4705305849797323, -0.18864727881796717, -0.17948951795429502, -0.20770884631711684, True
-1.1732615069009187, -4.013975915677704, 1.3286494039444507, -0.18864727881796717, -0.17948951795429502, -0.20770884631711684, False
-2.9655519432494617, -0.05100175605410051, -0.7047446244268816, -0.18864727881796717, -0.17948951795429502, -0.20770884631711684, False
6.035905085523012, -0.2372159149461135, 1.5707012448456164, -0.18864727881796717, -0.17948951795429502, -0.20770884631711684, False
5.929768492337468, -3.4025122462224506, -2.752064048493745, -0.18864727881796717, -0.17948951795429502, -0.20770884631711684, False
-4.449724318049052, 1.4746992866237996, 0.800367120261213, -0.18864727881796717, -0.17948951795429502, -0.20770884631711684, True
2.7766405054192624, -6.191618867930276, -2.312527842182388, -0.18864727881796717, -0.17948951795429502, -0.20770884631711684, False
4.774957776469231, 1.5013651465166147, -2.412525034230668, -0.18864727881796717, -0.17948951795429502, -0.20770884631711684, False
-4.38089714263259, 5.590049070214606, -0.7341466804095447, -0.18864727881796717, -0.17948951795429502, -0.20770884631711684, False
0.4927308011393352, -2.9797869607921648, 0.6949465916262629, -0.18864727881796717, -0.17948951795429502, -0.20770884631711684, False
5.755519034081027, -2.0919484874878442, -0.27606175372903285, -0.18864727881796717, -0.17948951795429502, -0.20770884631711684, False
-0.587246555073313, -0.15402197572397203, 1.290580704818356, -0.18864727881796717, -0.17948951795429502, -0.20770884631711684, False
-2.6815621846583504, 1.959528904739006, 0.8799160894617986, -0.18864727881796717, -0.17948951795429502, -0.20770884631711684, False
-5.378210608439575, 0.6452350883366602, 0.46512909715816253, -0.18864727881796717, -0.17948951795429502, -0.20770884631711684, False
5.590378019678175, 5.313501701622108, -2.8173530757868464, -0.18864727881796717, -0.17948951795429502, -0.20770884631711684, False
2.3512122586370747, -4.126485031015365, 2.914345475556803, -0.18864727881796717, -0.17948951795429502, -0.20770884631711684, True
-3.497365288604039, -4.947256048476399, 2.4025616268688665, -0.18864727881796717, -0.17948951795429502, -0.20770884631711684, True
3.804076398287796, 2.072374466923023, -2.5054232482274372, -0.18864727881796717, -0.17948951795429502, -0.20770884631711684, True
-4.3251964238974105, -1.340469856527732, -0.1224904075612776, -0.18864727881796717, -0.17948951795429502, -0.20770884631711684, False
1.8259859999068127, 2.7380384374927083, 0.30519761054183414, -0.18864727881796717, -0.17948951795429502, -0.20770884631711684, False
-1.5520417440407703, -2.5651654635852985, -0.40493064364436293, -0.18864727881796717, -0.17948951795429502, -0.20770884631711684, False
-4.510571280321223, 5.225785659710276, 0.674757558521982, -0.18864727881796717, -0.17948951795429502, -0.20770884631711684, False
-2.4338831229597315, 5.168757400438583, 0.9650103471722087, -0.18864727881796717, -0.17948951795429502, -0.20770884631711684, False
6.080018600067543, 1.821357938032996, 2.7307299307341086, -0.18864727881796717, -0.17948951795429502, -0.20770884631711684, False
-0.12912237359450351, 6.144639664886201, -0.5753733725889916, -0.18864727881796717, -0.17948951795429502, -0.20770884631711684, False
4.97579470947063, -2.36281428697162, -1.4118095691448291, -0.18864727881796717, -0.17948951795429502, -0.20770884631711684, False
-3.3180876513474984, -3.312047651106342, 1.2624218674684302, -0.18864727881796717, -0.17948951795429502, -0.20770884631711684, False
2.4628184602837173, 5.356731774043077, 0.3976170454658643, -0.18864727881796717, -0.17948951795429502, -0.20770884631711684, False
2.496856065223721, 2.246550630209134, -2.4705363493810313, -0.18864727881796717, -0.17948951795429502, -0.20770884631711684, False
-6.1883598615527475, 2.085281882941832, -0.0877955813000515, -0.18864727881796717, -0.17948951795429502, -0.20770884631711684, False
-5.1787460410472965, 5.235248267269654, 0.9488441850669487, -0.18864727881796717, -0.17948951795429502, -0.20770884631711684, False
-4.852469867877912, 3.4556213922550256, -1.9108776199487751, -0.18864727881796717, -0.17948951795429502, -0.20770884631711684, False
1.5374057307639797, 4.948792180932285, -2.722426222994842, -0.18864727881796717, -0.17948951795429502, -0.20770884631711684, False
-4.953989504144025, 0.07618481560418022, 0.1156836690690457, -0.18864727881796717, -0.17948951795429502, -0.20770884631711684, False
2.955833569545618, 2.2265307933157814, -0.3469445170316545, -0.18864727881796717, -0.17948951795429502, -0.20770884631711684, False
0.5716367913901594, -2.105904479691061, -0.8171506934668495, -0.18864727881796717, -0.17948951795429502, -0.20770884631711684, False
-3.096822213203959, 3.724264488007563, -1.823605131015944, -0.18864727881796717, -0.17948951795429502, -0.20770884631711684, False
0.8869573991610675, -0.6232763591746018, -1.1659548633311083, -0.18864727881796717, -0.17948951795429502, -0.20770884631711684, False
-2.511808327686524, -0.40936598237397703, -3.128574320354499, -0.18864727881796717, -0.17948951795429502, -0.20770884631711684, True
-1.7567062925941759, -1.9783049043110053, 2.080295513524338, -0.18864727881796717, -0.17948951795429502, -0.20770884631711684, False
4.9820620457706095, 0.9172801706806126, -2.0109185642854035, -0.18864727881796717, -0.17948951795429502, -0.20770884631711684, False
5.768072536571548, 0.6586428445042598, -1.309148883963581, -0.18864727881796717, -0.17948951795429502, -0.20770884631711684, False
-5.145612447387005, 6.053326280290589, -2.3289473915285774, -0.18864727881796717, -0.17948951795429502, -0.20770884631711684, False
0.3522937324213409, -3.1506939242501684, 0.1449325661109282, -0.18864727881796717, -0.17948951795429502, -0.20770884631711684, False
-2.652337877387021, -4.397286380755428, -2.8967039010209152, -0.18864727881796717, -0.17948951795429502, -0.20770884631711684, True
2.696448231004492, -4.552828975582037, 2.9000140296193093, -0.18864727881796717, -0.17948951795429502, -0.20770884631711684, True
-2.167619353002925, 2.6456035050580606, -0.7323560897632784, -0.18864727881796717, -0.17948951795429502, -0.20770884631711684, False
0.6262293903800105, 1.9589123839074283, -2.52593832124856, -0.18864727881796717, -0.17948951795429502, -0.20770884631711684, True
-0.9542806864395352, 0.4623480556008044, -0.16246137624733947, -0.18864727881796717, -0.17948951795429502, -0.20770884631711684, False
-5.677282836367867, -0.5702984840626755, 0.6675985047213313, -0.18864727881796717, -0.17948951795429502, -0.20770884631711684, False
-2.438644357101859, 2.9030276522990786, 2.739502341640554, -0.18864727881796717, -0.17948951795429502, -0.20770884631711684, False
4.386558749299359, -1.736340453306072, -1.9493677658226933, -0.18864727881796717, -0.17948951795429502, -0.20770884631711684, False
-3.8431835553313145, -2.9659586850558766, -2.5073601793680735, -0.18864727881796717, -0.17948951795429502, -0.20770884631711684, False
-1.041771904865442, 2.1538148375395814, -1.493001346201255, -0.18864727881796717, -0.17948951795429502, -0.20770884631711684, False
2.2079665130207466, -1.766847468981008, -1.356962051503416, -0.18864727881796717, -0.17948951795429502, -0.20770884631711684, False
-3.8940960477335596, -3.9881585856754516, 2.8787641820795127, -0.18864727881796717, -0.17948951795429502, -0.20770884631711684, False
4.155011735276876, 0.2386336443482664, 1.451099988347881, -0.18864727881796717, -0.17948951795429502, -0.20770884631711684, True
-0.9792220414598907, 6.002085894087616, 2.379168679790931, -0.18864727881796717, -0.17948951795429502, -0.20770884631711684, False
3.8005031573344095, -3.384484621328952, 1.2694238891657825, -0.18864727881796717, -0.17948951795429502, -0.20770884631711684, False
4.991615850339873, 0.1174450902145523, 2.4715143725165634, -0.18864727881796717, -0.17948951795429502, -0.20770884631711684, False
-5.374945774795117, -1.9124149395931207, 2.9594300714723687, -0.18864727881796717, -0.17948951795429502, -0.20770884631711684, True
-5.300024772853297, -5.805236646771754, -1.8389313628278372, -0.18864727881796717, -0.17948951795429502, -0.20770884631711684, False
-3.813411053612085, 2.3171267153203576, -1.907067021438735, -0.18864727881796717, -0.17948951795429502, -0.20770884631711684, False
-1.6745542342971564, -2.608351228767862, -2.1396541095709476, -0.18864727881796717, -0.17948951795429502, -0.20770884631711684, False
0.6083958964256642, 3.906397376203495, 1.770150908374732, -0.18864727881796717, -0.17948951795429502, -0.20770884631711684, False
4.078085343263812, 5.571569307552631, 2.5101852831995037, -0.18864727881796717, -0.17948951795429502, -0.20770884631711684, False
0.6821765172839234, 3.9068501053825475, 0.8300857072248222, -0.18864727881796717, -0.17948951795429502, -0.20770884631711684, False
-2.2432931138852226, 3.2239053635680115, -0.9255763620581736, -0.18864727881796717, -0.17948951795429502, -0.20770884631711684, False
4.362725926754882, -5.851350888517903, 0.004763737118075095, -0.18864727881796717, -0.17948951795429502, -0.20770884631711684, False
1.9423799142248885, -0.3119787027675782, 1.7246512541210581, -0.18864727881796717, -0.17948951795429502, -0.20770884631711684, False
-5.901390894802042, -4.367970713456321, -1.6586845183910315, -0.18864727881796717, -0.17948951795429502, -0.20770884631711684, False
-0.9469789484374393, 5.784685732333415, -0.5447964437796267, -0.18864727881796717, -0.17948951795429502, -0.20770884631711684, False
5.086794296395924, 4.880744386497854, -1.504790313251588, -0.18864727881796717, -0.17948951795429502, -0.20770884631711684, False
-5.9096706170020115, 2.1960510272695064, 0.2841491768850921, -0.18864727881796717, -0.17948951795429502, -0.20770884631711684, True
-1.0078779719413848, 3.7430098886543988, 3.0358028104974597, -0.18864727881796717, -0.17948951795429502, -0.20770884631711684, True
-2.1393127273029133, 1.6375700724606546, 0.5860576390555665, -0.18864727881796717, -0.17948951795429502, -0.20770884631711684, False
-1.1877884838967656, 6.088053025416075, -0.3156058357562279, -0.18864727881796717, -0.17948951795429502, -0.20770884631711684, False
-2.3698061282871064, -5.605777558218945, -1.175536833082477, -0.18864727881796717, -0.17948951795429502, -0.20770884631711684, True
5.062328707905875, -2.306243073803413, -2.4364241764479226, -0.18864727881796717, -0.17948951795429502, -0.20770884631711684, False
-1.1668217150134126, -1.857828277167731, 1.6635008963849724, -0.18864727881796717, -0.17948951795429502, -0.20770884631711684, False
0.5961272668984137, -2.9179535116682302, -2.0459875305809465, -0.18864727881796717, -0.17948951795429502, -0.20770884631711684, True
-3.4345596887788292, 4.565140746804239, 1.0624098145053882, -0.18864727881796717, -0.17948951795429502, -0.20770884631711684, False
3.98219138071876, -4.172757762131198, -0.7289494936100058, -0.18864727881796717, -0.17948951795429502, -0.20770884631711684, False
4.263346152084688, 4.180951177049506, 2.287913736430183, -0.18864727881796717, -0.17948951795429502, -0.20770884631711684, False
5.030600128586258, 3.730944449757711, -2.559923351631564, -0.18864727881796717, -0.17948951795429502, -0.20770884631711684, False
0.5581440088237022, -2.918255287268751, 0.9824908782644401, -0.18864727881796717, -0.17948951795429502, -0.20770884631711684, False
-0.9628590165565685, 4.028825068371681, -0.29753986926151255, -0.18864727881796717, -0.17948951795429502, -0.20770884631711684, False
6.2395675650430125, 3.076331941979868, -2.178868170494657, -0.18864727881796717, -0.17948951795429502, -0.20770884631711684, False
-4.736230919435533, -1.7464637720911327, -2.507644167950759, -0.18864727881796717, -0.17948951795429502, -0.20770884631711684, False
-1.3461563725864991, 4.139650443187817, 0.08551487763058274, -0.18864727881796717, -0.17948951795429502, -0.20770884631711684, False
1.2188041881625953, -3.8835548656401864, 0.11108566329742464, -0.18864727881796717, -0.17948951795429502, -0.20770884631711684, True
-6.18641826534888, -5.005053480527215, -0.7896522883015766, -0.18864727881796717, -0.17948951795429502, -0.20770884631711684, False
6.060145427057458, -1.1785801283580808, -2.4025860686888136, -0.18864727881796717, -0.17948951795429502, -0.20770884631711684, False
-0.7654998929110484, -2.392299298088927, 0.7129772010022943, -0.18864727881796717, -0.17948951795429502, -0.20770884631711684, False
0.9577184134386671, 3.1383073566126836, 2.095122652846813, -0.18864727881796717, -0.17948951795429502, -0.20770884631711684, False
1.713478208182953, -4.491994014888647, -3.0244553531336535, -0.18864727881796717, -0.17948951795429502, -0.20770884631711684, True
-1.6730745311810633, -2.1096227111803625, 2.572698232771921, -0.18864727881796717, -0.17948951795429502, -0.20770884631711684, False
1.459616667809895, 0.28168794293867805, -0.4171736688565968, -0.18864727881796717, -0.17948951795429502, -0.20770884631711684, False
1.7148003796821891, 5.868491106242674, -2.1861936616141424, -0.18864727881796717, -0.17948951795429502, -0.20770884631711684, False
-2.2143051567705863, -4.509042482315434, -1.9122949295945453, -0.18864727881796717, -0.17948951795429502, -0.20770884631711684, True
2.519180585855059, -2.4075286972300356, 1.9743677619410818, -0.18864727881796717, -0.17948951795429502, -0.20770884631711684, False
-4.503906666513049, -3.3395953866015526, 2.530872049145154, -0.18864727881796717, -0.17948951795429502, -0.20770884631711684, False
2.502966640159725, 3.9751911443436097, -1.6688372957597686, -0.18864727881796717, -0.17948951795429502, -0.20770884631711684, False
-3.22154537998141, -5.204695142431863, 1.9183772013202427, -0.18864727881796717, -0.17948951795429502, -0.20770884631711684, True
-3.438204407491614, 1.3371104585990325, 1.6377573256845839, -0.18864727881796717, -0.17948951795429502, -0.20770884631711684, True
-0.42639286460795667, 4.647953987600925, -2.774125907594737, -0.18864727881796717, -0.17948951795429502, -0.20770884631711684, False
5.779428679191712, 1.9976101273092155, -1.1971119419370297, -0.18864727881796717, -0.17948951795429502, -0.20770884631711684, False
-2.942260581463056, -0.6607507310301557, 1.670245831329641, -0.18864727881796717, -0.17948951795429502, -0.20770884631711684, False
5.708599827036263, 1.445784779747183, -1.683701523222553, -0.18864727881796717, -0.17948951795429502, -0.20770884631711684, False
-3.4448514691616974, 1.1411095238179998, -2.987001925771944, -0.18864727881796717, -0.17948951795429502, -0.20770884631711684, True
-4.951578435737944, -3.1454976038360534, 1.1469955205251727, -0.18864727881796717, -0.17948951795429502, -0.20770884631711684, False
-4.644485111137437, -4.83022369800951, 0.0820843057675793, -0.18864727881796717, -0.17948951795429502, -0.20770884631711684, False
-5.1137770634662445, 3.5492153306331904, -2.4959538485139694, -0.18864727881796717, -0.17948951795429502, -0.20770884631711684, False
-0.6338903156571671, -5.898864314848921, 1.4925541331248438, -0.18864727881796717, -0.17948951795429502, -0.20770884631711684, False
5.322228119423606, -1.6172647084054228, -2.1968608233482323, -0.18864727881796717, -0.17948951795429502, -0.20770884631711684, False
5.376996322584436, -1.3030930842708583, -1.530739909101443, -0.18864727881796717, -0.17948951795429502, -0.20770884631711684, False
-0.14181137104220642, -3.044882938843949, 2.275346731611341, -0.18864727881796717, -0.17948951795429502, -0.20770884631711684, False
6.048501341413829, -3.7510640329643152, 3.094109602795708, -0.18864727881796717, -0.17948951795429502, -0.20770884631711684, True
-3.0421596730223768, 5.876578624282436, -3.0515898496441074, -0.18864727881796717, -0.17948951795429502, -0.20770884631711684, True
-1.8276392893716151, 1.1644889378119538, 0.6830226134409272, -0.18864727881796717, -0.17948951795429502, -0.20770884631711684, False
2.826747196593546, -3.7353942368748045, 1.9983856926868757, -0.18864727881796717, -0.17948951795429502, -0.20770884631711684, False
3.773469448938698, -0.2598398778362352, 1.379791843863445, -0.18864727881796717, -0.17948951795429502, -0.20770884631711684, False
-5.333472809318767, 3.318846296921185, -0.38674905161878526, -0.18864727881796717, -0.17948951795429502, -0.20770884631711684, False
4.317849504060598, 0.46728914934494714, 2.51788882389197, -0.18864727881796717, -0.17948951795429502, -0.20770884631711684, True
1.9452911877037753, -0.3194993820365726, -3.0545511111327275, -0.18864727881796717, -0.17948951795429502, -0.20770884631711684, True
-3.997396840684035, -6.105691567029591, -1.4176614294662382, -0.18864727881796717, -0.17948951795429502, -0.20770884631711684, False
0.8078566968256489, -4.5577408666893735, -1.3977154601354376, -0.18864727881796717, -0.17948951795429502, -0.20770884631711684, False
4.1602899769772375, -3.6265670074433856, 2.3691176230589504, -0.18864727881796717, -0.17948951795429502, -0.20770884631711684, False
-4.005287513333524, 1.7201123183728182, -1.3594638227653204, -0.18864727881796717, -0.17948951795429502, -0.20770884631711684, True
4.346795285918661, -1.6522237592683817, 2.37647535017002, -0.18864727881796717, -0.17948951795429502, -0.20770884631711684, False
4.752665377908235, -1.714530317972117, -2.7320602292911684, -0.18864727881796717, -0.17948951795429502, -0.20770884631711684, False
3.5553427651670475, 4.6448526715326075, -1.639145296222414, -0.18864727881796717, -0.17948951795429502, -0.20770884631711684, False
-2.8676017517832952, 3.8085349108558884, -1.6755269343196924, -0.18864727881796717, -0.17948951795429502, -0.20770884631711684, False
-2.439052834993966, -1.7138430018278683, -0.8705356954053216, -0.18864727881796717, -0.17948951795429502, -0.20770884631711684, False
4.127204452877033, -4.7659717458256505, -0.5524644268321133, -0.18864727881796717, -0.17948951795429502, -0.20770884631711684, False
-4.95204471376887, -5.1010272657564215, 2.048899959114178, -0.18864727881796717, -0.17948951795429502, -0.20770884631711684, True
5.431192470359786, 1.3163387949743601, 0.9287952882188018, -0.18864727881796717, -0.17948951795429502, -0.20770884631711684, False
-2.2517928029383416, 5.769137367684584, 0.22715587704090723, -0.18864727881796717, -0.17948951795429502, -0.20770884631711684, False
5.639055111317976, -5.5064871165324965, -0.1747196984106285, -0.18864727881796717, -0.17948951795429502, -0.20770884631711684, False
2.1305242073624147, 5.556568180519006, -2.4711023441141706, -0.18864727881796717, -0.17948951795429502, -0.20770884631711684, False
-1.3692179222579934, -2.5947481838209807, 1.815649655691053, -0.18864727881796717, -0.17948951795429502, -0.20770884631711684, False
-5.764126091185215, 6.16944138598892, 0.613197540809689, -0.18864727881796717, -0.17948951795429502, -0.20770884631711684, False
3.191606088196748, -3.55243807293183, 0.3011082910771421, -0.18864727881796717, -0.17948951795429502, -0.20770884631711684, False
3.591735178619693, -4.059728428249464, 0.746209524700626, -0.18864727881796717, -0.17948951795429502, -0.20770884631711684, False
2.1341870215760324, -3.760366953857575, 0.7226511723846802, -0.18864727881796717, -0.17948951795429502, -0.20770884631711684, False
-3.566940423669057, -1.7598740020079209, -0.7566501258696232, -0.18864727881796717, -0.17948951795429502, -0.20770884631711684, False
-4.594838143987942, 5.589153235481456, -1.4072728865513695, -0.18864727881796717, -0.17948951795429502, -0.20770884631711684, False
4.419654087067213, 0.9505500081884488, 1.5462562661932528, -0.18864727881796717, -0.17948951795429502, -0.20770884631711684, False
2.4981474094780403, -1.0595451325926808, -1.3045983542655522, -0.18864727881796717, -0.17948951795429502, -0.20770884631711684, False
2.81241540667126, -5.621454794991086, -1.914338488567844, -0.18864727881796717, -0.17948951795429502, -0.20770884631711684, True
1.2679931761382761, 0.24157351068542443, -0.3262438439036157, -0.18864727881796717, -0.17948951795429502, -0.20770884631711684, False
3.0379865128145553, -1.9118243238732608, 1.3734198214806774, -0.18864727881796717, -0.17948951795429502, -0.20770884631711684, False
5.423965390083348, -4.144122894968595, 1.1203142938392459, -0.18864727881796717, -0.17948951795429502, -0.20770884631711684, False
5.550441465199011, 2.382109483845406, 1.3591102774591466, -0.18864727881796717, -0.17948951795429502, -0.20770884631711684, False
2.5956225035796905, 0.7051043378295576, 0.43853697646446355, -0.18864727881796717, -0.17948951795429502, -0.20770884631711684, False
-3.320323109166148, 4.516574855759437, 1.3837290509914348, -0.18864727881796717, -0.17948951795429502, -0.20770884631711684, False
4.500479370425099, 2.9078945927068673, 1.5439023446046667, -0.18864727881796717, -0.17948951795429502, -0.20770884631711684, False
1.1716257808652726, -3.0373451546381967, -0.8778585598069117, -0.18864727881796717, -0.17948951795429502, -0.20770884631711684, False
5.201382614790479, 5.907481336136454, -0.8181066242734358, -0.18864727881796717, -0.17948951795429502, -0.20770884631711684, False
-1.4588743257476606, -4.610778495216339, -0.19575937170557411, -0.18864727881796717, -0.17948951795429502, -0.20770884631711684, False
5.128396056885052, 3.134907357171288, -1.7253791376167305, -0.18864727881796717, -0.17948951795429502, -0.20770884631711684, False
-2.0063538227281468, -4.664266947923347, -0.5296216533292939, -0.18864727881796717, -0.17948951795429502, -0.20770884631711684, False
2.867186520004415, 5.72023174992805, 0.5407945902020348, -0.18864727881796717, -0.17948951795429502, -0.20770884631711684, False
3.4239924257125818, -4.960348747878182, -3.0525605814827905, -0.18864727881796717, -0.17948951795429502, -0.20770884631711684, True
4.6230222630111495, 5.975415654466891, 0.008487480670886338, -0.18864727881796717, -0.17948951795429502, -0.20770884631711684, False
