4.229751948643223, 3.0180815018774094, -3.0301548030458747, 0.1900253319363906, -0.05587330863400464, -0.5626662938224449, True
2.843124082725806, -0.01528339449773064, 2.3374042653966534, 0.1900253319363906, -0.05587330863400464, -0.5626662938224449, False
2.1485953851615314, -6.095752388554314, 2.7634498351717003, 0.1900253319363906, -0.05587330863400464, -0.5626662938224449, False
2.274360621169915, -0.5885485630812637, -0.035835200035551296, 0.1900253319363906, -0.05587330863400464, -0.5626662938224449, False
0.7474002543743978, 4.302336703424059, 1.313176924498907, 0.1900253319363906, -0.05587330863400464, -0.5626662938224449, False
3.282727854998237, -3.5641706864491445, -2.024665135530145, 0.1900253319363906, -0.05587330863400464, -0.5626662938224449, False
-0.8843563841002933, 1.4175260530429359, -2.7696574773431584, 0.1900253319363906, -0.05587330863400464, -0.5626662938224449, False
-0.922399803549534, -3.1192313070598923, 1.1382092184957209, 0.1900253319363906, -0.05587330863400464, -0.5626662938224449, False
-5.514941597652925, 2.546837396838777, -2.1896501596880538, 0.1900253319363906, -0.05587330863400464, -0.5626662938224449, False
5.6353502751698965, 3.8088097031514856, -2.2282555346511943, 0.1900253319363906, -0.05587330863400464, -0.5626662938224449, False
5.232115632239639, -5.674806042513178, 1.261779464778491, 0.1900253319363906, -0.05587330863400464, -0.5626662938224449, True
3.669004002894093, -4.141308135213451, -0.1741171540293429, 0.1900253319363906, -0.05587330863400464, -0.5626662938224449, False
3.51670271413769, 1.5168817043645202, -1.4807887715353298, 0.1900253319363906, -0.05587330863400464, -0.5626662938224449, False
-0.9041531151656548, -1.952091369309354, -2.885481538787851, 0.1900253319363906, -0.05587330863400464, -0.5626662938224449, False
2.2816585231713127, -5.33760292713328, -0.517829169891141, 0.1900253319363906, -0.05587330863400464, -0.5626662938224449, False
-4.542730342182225, 5.030608882438502, 0.5216715380437189, 0.1900253319363906, -0.05587330863400464, -0.5626662938224449, False
-4.3604632869904165, -4.544968943794047, -2.341538014130367, 0.1900253319363906, -0.05587330863400464, -0.5626662938224449, False
3.459724733170747, -4.741745433832934, -0.5011948318727217, 0.1900253319363906, -0.05587330863400464, -0.5626662938224449, False
3.12110319935295, 5.480004531179539, 0.1189036614223764, 0.1900253319363906, -0.05587330863400464, -0.5626662938224449, False
0.8740086875388613, 1.9236143581346248, -1.8481459929411144, 0.1900253319363906, -0.05587330863400464, -0.5626662938224449, False
-1.1408054209993228, -0.7626463660375036, -0.1612744665609167, 0.1900253319363906, -0.05587330863400464, -0.5626662938224449, False
3.805068095464346, -2.4597550083138424, 2.0838134976664007, 0.1900253319363906, -0.05587330863400464, -0.5626662938224449, False
4.41010421802768, -1.8272354604374295, 0.8702673273082091, 0.1900253319363906, -0.05587330863400464, -0.5626662938224449, False
-5.332912981959299, -1.7090333220712015, 0.9465753857296555, 0.1900253319363906, -0.05587330863400464, -0.5626662938224449, False
-6.072325267591255, -0.6847492904130457, 0.6207625171457516, 0.1900253319363906, -0.05587330863400464, -0.5626662938224449, False
-5.439519456291437, -0.2712391720254388, -0.7565771842420883, 0.1900253319363906, -0.05587330863400464, -0.5626662938224449, False
3.295845884150914, 6.1952829395715625, -1.7216427397259086, 0.1900253319363906, -0.05587330863400464, -0.5626662938224449, False
5.38853857485508, 5.965015876435855, -1.123464082086306, 0.1900253319363906, -0.05587330863400464, -0.5626662938224449, False
3.796871421444461, 4.533131342662379, 1.393783603240223, 0.1900253319363906, -0.05587330863400464, -0.5626662938224449, False
-3.9512051877876235, 0.6082099876450497, -0.7691638557982059, 0.1900253319363906, -0.05587330863400464, -0.5626662938224449, False
2.1631735793128968, 4.586458075576692, -2.0856681600121894, 0.1900253319363906, -0.05587330863400464, -0.5626662938224449, False
3.705848282916616, -3.9583831165598276, 1.1686432929704944, 0.1900253319363906, -0.05587330863400464, -0.5626662938224449, False
3.8636851297201567, 0.8010864215174038, 3.06412211980743, 0.1900253319363906, -0.05587330863400464, -0.5626662938224449, True
2.4369789337117975, 2.089058441199196, -1.7120797613682537, 0.1900253319363906, -0.05587330863400464, -0.5626662938224449, False
-0.22353487600462252, 1.6887506774826564, 2.8849815728142856, 0.1900253319363906, -0.05587330863400464, -0.5626662938224449, True
4.5679105169553615, 2.7528667881632973, -0.10813828652748603, 0.1900253319363906, -0.05587330863400464, -0.5626662938224449, False
5.9238018211237335, -5.854709935473807, 1.1869480930411616, 0.1900253319363906, -0.05587330863400464, -0.5626662938224449, False
-4.1525693515623985, -0.5321042520171133, 2.5302820905880594, 0.1900253319363906, -0.05587330863400464, -0.5626662938224449, False
-4.110770845860507, -2.7285917029951756, 2.9253704301235697, 0.1900253319363906, -0.05587330863400464, -0.5626662938224449, True
0.9549147632046155, -1.0959948021582946, 2.8272505610140533, 0.1900253319363906, -0.05587330863400464, -0.5626662938224449, False
4.656345806178786, 2.699029639957942, -2.2480904332150873, 0.1900253319363906, -0.05587330863400464, -0.5626662938224449, False
4.034156449733587, -1.0202468359028698, 0.8097899626513758, 0.1900253319363906, -0.05587330863400464, -0.5626662938224449, False
6.226828178222451, 5.453910919650394, -2.3479892890405853, 0.1900253319363906, -0.05587330863400464, -0.5626662938224449, False
-5.206049582047538, -0.8475237361519374, 0.32900818688524724, 0.1900253319363906, -0.05587330863400464, -0.5626662938224449, False
-5.546412503253172, 1.1545394910799045, -0.1878780606330679, 0.1900253319363906, -0.05587330863400464, -0.5626662938224449, False
4.084370107022556, -5.812641210289897, 0.9030353616512512, 0.1900253319363906, -0.05587330863400464, -0.5626662938224449, False
4.692162303098481, 2.5201717142495283, -0.6572838612173695, 0.1900253319363906, -0.05587330863400464, -0.5626662938224449, False
4.215554133161385, -4.204919520020091, -1.1230141041683166, 0.1900253319363906, -0.05587330863400464, -0.5626662938224449, True
3.661848820861657, -0.5566390679150102, 2.7554115165737736, 0.1900253319363906, -0.05587330863400464, -0.5626662938224449, False
1.230434751714661, 5.830204450925928, 3.0274352145942895, 0.1900253319363906, -0.05587330863400464, -0.5626662938224449, True
3.696666084035739, 2.6226900624992506, -2.003839463577049, 0.1900253319363906, -0.05587330863400464, -0.5626662938224449, False
3.7237070148580873, 1.150703174205164, -2.7651840043288463, 0.1900253319363906, -0.05587330863400464, -0.5626662938224449, False
-0.9092537850047098, 2.6174749827297283, 0.9518471356263909, 0.1900253319363906, -0.05587330863400464, -0.5626662938224449, False
3.182078290928093, -3.782966617027946, -3.0750783829569013, 0.1900253319363906, -0.05587330863400464, -0.5626662938224449, True
-2.9866708573713976, -1.3364867164119856, -0.4975260404308366, 0.1900253319363906, -0.05587330863400464, -0.5626662938224449, False
-0.6458263848111185, 2.3621940638271237, 2.170060065012315, 0.1900253319363906, -0.05587330863400464, -0.5626662938224449, False
-1.5727472736341586, -2.4332036828127976, 2.479599545812987, 0.1900253319363906, -0.05587330863400464, -0.5626662938224449, False
-6.217094635649352, -1.3324107002244494, 0.47818186887504366, 0.1900253319363906, -0.05587330863400464, -0.5626662938224449, False
1.9901763654298108, 0.8960974915831104, 2.4903372043870364, 0.1900253319363906, -0.05587330863400464, -0.5626662938224449, False
-3.314733897172042, -2.6934455567880367, -2.618132923613091, 0.1900253319363906, -0.05587330863400464, -0.5626662938224449, False
2.855845966157762, -0.15388458740526545, 2.291015443212176, 0.1900253319363906, -0.05587330863400464, -0.5626662938224449, False
-4.1995660492073235, 3.076502472114374, 3.106978298149035, 0.1900253319363906, -0.05587330863400464, -0.5626662938224449, True
1.0764735240994217, 2.480683349621886, 1.8479201211042957, 0.1900253319363906, -0.05587330863400464, -0.5626662938224449, False
4.845619422324225, -2.2801902122120215, 3.0084764725592175, 0.1900253319363906, -0.05587330863400464, -0.5626662938224449, True
-2.7114266877774154, 2.4844429483259454, -1.7517125538332539, 0.1900253319363906, -0.05587330863400464, -0.5626662938224449, False
5.392830284370346, 6.119453609144777, 1.1307199395909606, 0.1900253319363906, -0.05587330863400464, -0.5626662938224449, False
0.8800011583320027, -3.666860213990045, -0.482521404419026, 0.1900253319363906, -0.05587330863400464, -0.5626662938224449, False
-5.206761809641317, 3.2865319602179337, 2.9393943095108774, 0.1900253319363906, -0.05587330863400464, -0.5626662938224449, True
-3.0596267135126722, 2.6788770836880254, -1.6975614189418786, 0.1900253319363906, -0.05587330863400464, -0.5626662938224449, False
1.7915093234676132, -4.432555071344429, -2.745541215868838, 0.1900253319363906, -0.05587330863400464, -0.5626662938224449, False
1.9033275822019569, -1.3038508527358914, -1.995680314566551, 0.1900253319363906, -0.05587330863400464, -0.5626662938224449, False
0.4080547037336588, 6.084697695479658, -1.6097713251499732, 0.1900253319363906, -0.05587330863400464, -0.5626662938224449, False
4.688928475205994, -3.754861677093698, 0.9875783671164244, 0.1900253319363906, -0.05587330863400464, -0.5626662938224449, False
3.343064846385433, -4.117895013490859, -1.1320042177344525, 0.1900253319363906, -0.05587330863400464, -0.5626662938224449, True
-5.086426901499571, 0.3584305188837531, -0.4840322012781586, 0.1900253319363906, -0.05587330863400464, -0.5626662938224449, False
-0.14771787225089028, 1.7039820600437388, -2.758823108959216, 0.1900253319363906, -0.05587330863400464, -0.5626662938224449, False
-5.941002304090093, 5.823223926369058, -0.42864044418640157, 0.1900253319363906, -0.05587330863400464, -0.5626662938224449, False
1.796080003582551, 2.612485936176851, 1.9501087175364322, 0.1900253319363906, -0.05587330863400464, -0.5626662938224449, False
0.12865316959498596, 4.1319630104490255, 2.1988118358538884, 0.1900253319363906, -0.05587330863400464, -0.5626662938224449, False
-2.7406910489480683, 1.1032896067135125, 0.1801778393532345, 0.1900253319363906, -0.05587330863400464, -0.5626662938224449, False
-3.136416944537367, -2.9145748209750217, 1.9740280638490377, 0.1900253319363906, -0.05587330863400464, -0.5626662938224449, False
4.551875604200639, -4.027966676647712, 1.9084770710197443, 0.1900253319363906, -0.05587330863400464, -0.5626662938224449, False
-0.007943650233421806, -4.272345246967035, -2.1577976500710996, 0.1900253319363906, -0.05587330863400464, -0.5626662938224449, False
0.32166292228620286, -6.143511335377335, -1.573666430682389, 0.1900253319363906, -0.05587330863400464, -0.5626662938224449, False
0.12475963096054432, -2.944431375059914, 0.5790755595963741, 0.1900253319363906, -0.05587330863400464, -0.5626662938224449, False
4.566881506619042, 1.1773355348557892, -0.003503577739787822, 0.1900253319363906, -0.05587330863400464, -0.5626662938224449, False
0.5352137578742582, 3.9357472039834107, -0.7396667252888371, 0.1900253319363906, -0.05587330863400464, -0.5626662938224449, False
3.5930772574166987, 4.65261855071118, 3.1231539008762494, 0.1900253319363906, -0.05587330863400464, -0.5626662938224449, True
5.644218290058127, 1.5243572048474947, 1.2816576712467267, 0.1900253319363906, -0.05587330863400464, -0.5626662938224449, False
3.406779166028116, 4.1901390862950905, -2.585170821289097, 0.1900253319363906, -0.05587330863400464, -0.5626662938224449, False
1.991000230482733, 5.459862191503072, 0.297746156903667, 0.1900253319363906, -0.05587330863400464, -0.5626662938224449, False
-1.1961342204034109, -1.3809410806124527, 1.1477919345467225, 0.1900253319363906, -0.05587330863400464, -0.5626662938224449, False
-5.025237720443474, -0.38896625022476705, -3.1294968297835584, 0.1900253319363906, -0.05587330863400464, -0.5626662938224449, True
-1.8201829238587317, 0.8770500749362169, -0.41312603527376757, 0.1900253319363906, -0.05587330863400464, -0.5626662938224449, False
4.205101076565628, -3.3123836732753675, 0.8484439933024963, 0.1900253319363906, -0.05587330863400464, -0.5626662938224449, False
-1.7268063604033053, 3.052231615149241, 2.1755175361087797, 0.1900253319363906, -0.05587330863400464, -0.5626662938224449, False
1.494875600621313, 2.5041354646209992, 0.15105607356401096, 0.1900253319363906, -0.05587330863400464, -0.5626662938224449, False
-5.076464210371158, -3.81998507794296, 1.6015364992410532, 0.1900253319363906, -0.05587330863400464, -0.5626662938224449, False
-1.7428491098226315, 1.0727265367617242, 0.547299705649503, 0.1900253319363906, -0.05587330863400464, -0.5626662938224449, False
-6.1806360559603775, -5.797597482292816, 1.5520463052830697, 0.1900253319363906, -0.05587330863400464, -0.5626662938224449, True
