-5.480609636758756, 3.903538539099065, -1.1214028951452537, -0.3289609984527335, -0.06609692289893077, 0.03760309140686657, False
-0.9668619060609043, 2.312900260572791, -1.8749606155834881, -0.3289609984527335, -0.06609692289893077, 0.03760309140686657, False
-2.6198590945287954, 5.451735046700753, -1.3941176407646056, -0.3289609984527335, -0.06609692289893077, 0.03760309140686657, False
4.788217306766818, 6.182789242747159, 0.4997183537017915, -0.3289609984527335, -0.06609692289893077, 0.03760309140686657, False
-2.922189899241472, -3.2581976380769593, 2.0806017443879243, -0.3289609984527335, -0.06609692289893077, 0.03760309140686657, False
4.2421651443097375, -4.44362063549714, 0.6798861445545166, -0.3289609984527335, -0.06609692289893077, 0.03760309140686657, False
-3.5238505626603107, 1.1535623944165598, 0.4634925196480326, -0.3289609984527335, -0.06609692289893077, 0.03760309140686657, False
-6.143988382923984, -0.49965121821148983, -1.425252736779282, -0.3289609984527335, -0.06609692289893077, 0.03760309140686657, False
-5.237307235589858, 5.432916858323994, -1.8662460876217668, -0.3289609984527335, -0.06609692289893077, 0.03760309140686657, False
2.241008019064468, -1.988458364769813, -0.10308951508364483, -0.3289609984527335, -0.06609692289893077, 0.03760309140686657, False
-3.507400957366757, 5.986404423817515, -1.5098720618193506, -0.3289609984527335, -0.06609692289893077, 0.03760309140686657, True
3.185112894590393, -1.7382550594839739, 2.203035664902255, -0.3289609984527335, -0.06609692289893077, 0.03760309140686657, False
0.6244867208062423, 3.2333197704585572, 0.24041849136322524, -0.3289609984527335, -0.06609692289893077, 0.03760309140686657, True
-1.7924060929022803, 0.08644040051304192, 0.5046633076514628, -0.3289609984527335, -0.06609692289893077, 0.03760309140686657, False
-5.529766629370805, 6.195349237165118, 1.9189772160098713, -0.3289609984527335, -0.06609692289893077, 0.03760309140686657, False
-5.638042951749271, 2.427630705226491, -2.551521989431061, -0.3289609984527335, -0.06609692289893077, 0.03760309140686657, True
-1.609259304776054, 5.098649299934124, -2.0352201468329483, -0.3289609984527335, -0.06609692289893077, 0.03760309140686657, False
0.49377321593801415, -5.43786679849584, -2.597596179204526, -0.3289609984527335, -0.06609692289893077, 0.03760309140686657, False
0.592679949713764, -5.968842042075448, -1.6391330186482296, -0.3289609984527335, -0.06609692289893077, 0.03760309140686657, False
-1.4979162440114866, -4.578020030722409, 0.695346539721529, -0.3289609984527335, -0.06609692289893077, 0.03760309140686657, False
1.4355537015105861, 5.635192872414997, 2.565259931242373, -0.3289609984527335, -0.06609692289893077, 0.03760309140686657, False
-0.5051409802959732, -5.9911604018607445, -1.9613568262526782, -0.3289609984527335, -0.06609692289893077, 0.03760309140686657, False
4.300806537906215, 3.0415217802037535, -2.4663316728309614, -0.3289609984527335, -0.06609692289893077, 0.03760309140686657, False
-3.595433713833486, 2.552721124570194, -2.2803220580650185, -0.3289609984527335, -0.06609692289893077, 0.03760309140686657, False
-3.711516688784803, 5.786926170952032, 2.3166894019863014, -0.3289609984527335, -0.06609692289893077, 0.03760309140686657, True
-4.281073773670384, -2.8481672855853795, 0.24233928747743638, -0.3289609984527335, -0.06609692289893077, 0.03760309140686657, False
5.109149132593744, -0.13172331398171977, -2.4348434730886703, -0.3289609984527335, -0.06609692289893077, 0.03760309140686657, False
-1.860108806575842, -4.771778980971714, 1.187735350617678, -0.3289609984527335, -0.06609692289893077, 0.03760309140686657, False
-3.4592826167053343, -3.0412619810072603, 2.293015673314712, -0.3289609984527335, -0.06609692289893077, 0.03760309140686657, False
-1.399555864975123, 0.6529332732705466, -0.7181465285862121, -0.3289609984527335, -0.06609692289893077, 0.03760309140686657, False
4.588300151040865, 0.5832539876239355, -0.11448522294518693, -0.3289609984527335, -0.06609692289893077, 0.03760309140686657, False
0.8409184400729748, 1.1680797526282278, -2.472626176071098, -0.3289609984527335, -0.06609692289893077, 0.03760309140686657, False
-2.319211028757929, -0.2909523056861678, -0.44338238861463797, -0.3289609984527335, -0.06609692289893077, 0.03760309140686657, False
3.406939095593975, 3.670416543886697, 2.033663864763456, -0.3289609984527335, -0.06609692289893077, 0.03760309140686657, False
2.776058844478216, -5.4079439368938855, 1.8411716373932014, -0.3289609984527335, -0.06609692289893077, 0.03760309140686657, True
2.5772771663002683, 1.380810459699772, 2.0445360497674923, -0.3289609984527335, -0.06609692289893077, 0.03760309140686657, False
4.428813740260971, 2.4249791778705436, 1.7095150143252749, -0.3289609984527335, -0.06609692289893077, 0.03760309140686657, False
-4.33622924822248, 0.2892005841463572, 2.1492382404512513, -0.3289609984527335, -0.06609692289893077, 0.03760309140686657, True
1.985067379702615, 5.011341974626495, 0.24797920562232134, -0.3289609984527335, -0.06609692289893077, 0.03760309140686657, False
1.8022669483197369, 2.0478164149881497, 0.8922721511041232, -0.3289609984527335, -0.06609692289893077, 0.03760309140686657, False
1.7652329166947407, -5.164064371403237, 1.239666316184449, -0.3289609984527335, -0.06609692289893077, 0.03760309140686657, False
2.2342938488699957, -4.182046107102586, -2.4860741641081416, -0.3289609984527335, -0.06609692289893077, 0.03760309140686657, False
-5.033277288448031, -3.5968173511164734, 1.3068668540114112, -0.3289609984527335, -0.06609692289893077, 0.03760309140686657, True
-4.6225024414678355, -5.026127640513163, 0.6251149965533753, -0.3289609984527335, -0.06609692289893077, 0.03760309140686657, False
5.818408017001824, 3.1971284947005927, -0.26319237365699655, -0.3289609984527335, -0.06609692289893077, 0.03760309140686657, False
-5.487676072027255, -5.97525499866501, 2.8717571004426903, -0.3289609984527335, -0.06609692289893077, 0.03760309140686657, False
-1.8387345232092134, -4.072325375346928, -3.087942613485036, -0.3289609984527335, -0.06609692289893077, 0.03760309140686657, True
2.192963243519639, -5.396635784559304, 0.5298240078079135, -0.3289609984527335, -0.06609692289893077, 0.03760309140686657, True
1.1182661040954276, -5.177702834897009, 2.4679623479612403, -0.3289609984527335, -0.06609692289893077, 0.03760309140686657, False
4.559548872366419, -5.943965088740463, -1.728062491065817, -0.3289609984527335, -0.06609692289893077, 0.03760309140686657, False
-0.08787476633325131, -2.9494446339666314, -1.5258916208355928, -0.3289609984527335, -0.06609692289893077, 0.03760309140686657, True
1.8065911712263514, -1.9773037838269856, 1.107155542767127, -0.3289609984527335, -0.06609692289893077, 0.03760309140686657, False
4.317782243760865, -5.249921228617346, -1.726282213487645, -0.3289609984527335, -0.06609692289893077, 0.03760309140686657, False
-0.5684878439142063, -2.94468798307697, -2.1693633748393237, -0.3289609984527335, -0.06609692289893077, 0.03760309140686657, False
-4.237163040424136, 2.6993927651311154, 0.8700824775352052, -0.3289609984527335, -0.06609692289893077, 0.03760309140686657, False
3.3024212492817018, 2.347016643570802, -0.1425676327105898, -0.3289609984527335, -0.06609692289893077, 0.03760309140686657, False
-5.724372120076888, -1.9870240573388074, -2.6830071674456457, -0.3289609984527335, -0.06609692289893077, 0.03760309140686657, False
4.739727718116654, -2.2692034402151346, -0.10567524400569361, -0.3289609984527335, -0.06609692289893077, 0.03760309140686657, False
1.614377596456598, -5.670630416977195, 1.3963144242436156, -0.3289609984527335, -0.06609692289893077, 0.03760309140686657, False
3.110714625668665, 3.3658222882156057, 2.021497489233047, -0.3289609984527335, -0.06609692289893077, 0.03760309140686657, False
5.35303261375914, 2.531086219617901, 1.9313917940861165, -0.3289609984527335, -0.06609692289893077, 0.03760309140686657, False
-4.740466021829563, -5.049793811267095, -0.8584168944127084, -0.3289609984527335, -0.06609692289893077, 0.03760309140686657, False
-0.026500217329867404, 1.7374614056504516, 1.3104277852704733, -0.3289609984527335, -0.06609692289893077, 0.03760309140686657, False
-5.319120954259762, 2.4533615260372983, 1.001863965392796, -0.3289609984527335, -0.06609692289893077, 0.03760309140686657, True
-3.67510011616316, -4.825775072686254, 2.5995644280273416, -0.3289609984527335, -0.06609692289893077, 0.03760309140686657, False
-0.26155210747147883, -3.431254801027201, -1.1597137110470617, -0.3289609984527335, -0.06609692289893077, 0.03760309140686657, False
-5.366590097332475, 2.3146508869315543, 2.682860387055829, -0.3289609984527335, -0.06609692289893077, 0.03760309140686657, True
-0.5988274747054989, 1.8539043908315698, -1.0713347558039112, -0.3289609984527335, -0.06609692289893077, 0.03760309140686657, False
-6.236365432991816, -2.0623465154533154, -1.3462477531350732, -0.3289609984527335, -0.06609692289893077, 0.03760309140686657, False
-0.0697338423785192, -4.017966804532028, 2.5175532011871518, -0.3289609984527335, -0.06609692289893077, 0.03760309140686657, True
0.9131074183509069, -6.10057715160997, 0.7941193762791037, -0.3289609984527335, -0.06609692289893077, 0.03760309140686657, False
2.992791978144366, -0.6483283534915039, -2.884635161981827, -0.3289609984527335, -0.06609692289893077, 0.03760309140686657, True
-4.423870859872745, -2.9549401474792982, 2.534457501732449, -0.3289609984527335, -0.06609692289893077, 0.03760309140686657, False
-0.5989072018788955, 1.6528719843242419, 0.721163193644859, -0.3289609984527335, -0.06609692289893077, 0.03760309140686657, False
2.468737493015073, -3.0351899789451795, -0.9316065948650616, -0.3289609984527335, -0.06609692289893077, 0.03760309140686657, False
-0.7250413077612876, -4.300183954865059, -1.0539788015832072, -0.3289609984527335, -0.06609692289893077, 0.03760309140686657, False
3.1578598817674486, 4.257657762086257, -0.6104820440040486, -0.3289609984527335, -0.06609692289893077, 0.03760309140686657, False
-5.9273252904901215, 0.10084347723904763, 1.5358255297907952, -0.3289609984527335, -0.06609692289893077, 0.03760309140686657, False
2.9706207412129118, -2.271955229772411, 0.013764339327714925, -0.3289609984527335, -0.06609692289893077, 0.03760309140686657, False
-4.485999517101733, 0.6914270237429125, 1.3822213654786975, -0.3289609984527335, -0.06609692289893077, 0.03760309140686657, False
-2.8744693972980278, 1.0016602457141621, -0.02398405160734418, -0.3289609984527335, -0.06609692289893077, 0.03760309140686657, False
-2.246927363451155, 5.98497171214748, 0.45754143792628144, -0.3289609984527335, -0.06609692289893077, 0.03760309140686657, False
3.819653754410263, 0.9722260584032947, -2.9644759330526784, -0.3289609984527335, -0.06609692289893077, 0.03760309140686657, True
-5.0196955524950795, -0.4601659291634421, -1.0830181586277567, -0.3289609984527335, -0.06609692289893077, 0.03760309140686657, False
3.6783787173822553, -4.8759296741704565, 2.474753081934029, -0.3289609984527335, -0.06609692289893077, 0.03760309140686657, False
2.6970924182414606, -2.920211579076641, 1.8215703049101606, -0.3289609984527335, -0.06609692289893077, 0.03760309140686657, False
-6.264222477470647, -0.6612969961779092, 3.026242476185515, -0.3289609984527335, -0.06609692289893077, 0.03760309140686657, True
-2.8589965585634896, 6.0388371906207645, 3.024349210157858, -0.3289609984527335, -0.06609692289893077, 0.03760309140686657, True
0.2850647899613916, 4.59444346390276, 0.5536834765916145, -0.3289609984527335, -0.06609692289893077, 0.03760309140686657, False
-5.080013917338508, -2.1284648707375027, 1.0890852763156031, -0.3289609984527335, -0.06609692289893077, 0.03760309140686657, False
2.3061017468678084, 2.8188818186225646, -2.7801836938169804, -0.3289609984527335, -0.06609692289893077, 0.03760309140686657, False
3.327525109205583, -1.4922548694178817, 0.2975617063934801, -0.3289609984527335, -0.06609692289893077, 0.03760309140686657, False
-3.8765085943449606, -3.4588655331795084, 2.3117163210524474, -0.3289609984527335, -0.06609692289893077, 0.03760309140686657, False
-4.403962706785856, -4.273665968310215, 1.414045110790946, -0.3289609984527335, -0.06609692289893077, 0.03760309140686657, False
3.9240986289767097, 4.231219390336147, -1.8264667395255298, -0.3289609984527335, -0.06609692289893077, 0.03760309140686657, False
2.1417378550043384, -0.44750095542755464, -3.0261134845379267, -0.3289609984527335, -0.06609692289893077, 0.03760309140686657, True
3.8984668041741113, -4.111119721224949, -0.45784858673703965, -0.3289609984527335, -0.06609692289893077, 0.03760309140686657, False
2.8418450144116445, 4.274169658087175, 1.968440212685488, -0.3289609984527335, -0.06609692289893077, 0.03760309140686657, False
3.022430872188064, 1.9509939639424179, 2.4680362680681007, -0.3289609984527335, -0.06609692289893077, 0.03760309140686657, False
-1.2501102218862306, 5.839452580929871, -2.4529128943531444, -0.3289609984527335, -0.06609692289893077, 0.03760309140686657, False
