-1.7439452871427612, -1.468325876673405, -0.8803397635010244, -0.48412352208876086, -0.23392549190910417, -0.1513286033882053, False
-1.3126087267216189, -3.367650403253934, -2.180469824767953, -0.48412352208876086, -0.23392549190910417, -0.1513286033882053, False
-3.0427882546887206, -1.4814264076096677, 3.074226348254463, -0.48412352208876086, -0.23392549190910417, -0.1513286033882053, True
5.628592938003644, -3.2383446625556354, 2.661978030498976, -0.48412352208876086, -0.23392549190910417, -0.1513286033882053, False
4.058564422139499, 4.643850274738188, 2.2824317818502697, -0.48412352208876086, -0.23392549190910417, -0.1513286033882053, False
2.7351846902832158, 4.786605515895916, 1.6000653928287312, -0.48412352208876086, -0.23392549190910417, -0.1513286033882053, False
2.131680980021912, -0.7151698919780776, 1.705266394170951, -0.48412352208876086, -0.23392549190910417, -0.1513286033882053, False
3.1643808852895976, -3.1059894095994096, -0.4658003593684521, -0.48412352208876086, -0.23392549190910417, -0.1513286033882053, False
-1.7735376943931849, -3.689238332574575, 1.7790805613504999, -0.48412352208876086, -0.23392549190910417, -0.1513286033882053, False
-4.01748806118511, 2.278752834529863, 2.6930734072661826, -0.48412352208876086, -0.23392549190910417, -0.1513286033882053, False
5.3909684211779805, -2.465635581215878, -1.529902024221615, -0.48412352208876086, -0.23392549190910417, -0.1513286033882053, False
-2.804409418784075, 3.4772568723087165, -1.6973469937570624, -0.48412352208876086, -0.23392549190910417, -0.1513286033882053, False
0.767648275450231, 5.797049199751029, -0.579417502573996, -0.48412352208876086, -0.23392549190910417, -0.1513286033882053, False
-3.6552412271976915, -5.71984718027249, -0.5268469238454245, -0.48412352208876086, -0.23392549190910417, -0.1513286033882053, False
-0.922901388546042, -1.9336685879716535, 0.9298563202446228, -0.48412352208876086, -0.23392549190910417, -0.1513286033882053, False
3.8394270277872895, 3.9464535631208904, 1.4309468008142332, -0.48412352208876086, -0.23392549190910417, -0.1513286033882053, False
-5.100171692327784, -3.4313704745752984, -2.370783731498187, -0.48412352208876086, -0.23392549190910417, -0.1513286033882053, False
-4.513800978210256, 1.5282510103286766, -2.971638423437975, -0.48412352208876086, -0.23392549190910417, -0.1513286033882053, True
0.12259768444066399, -2.8377162028768645, 1.617566361588067, -0.48412352208876086, -0.23392549190910417, -0.1513286033882053, False
2.465236710505179, 2.2693917581734695, 1.0300364858860718, -0.48412352208876086, -0.23392549190910417, -0.1513286033882053, False
2.6373339051652174, -2.2230652412847265, 0.05796480974192697, -0.48412352208876086, -0.23392549190910417, -0.1513286033882053, False
-0.24138289208386432, -5.988825724992927, -2.4095160098531823, -0.48412352208876086, -0.23392549190910417, -0.1513286033882053, False
-0.5318132121806292, -0.8179253470510375, -0.09511714331985077, -0.48412352208876086, -0.23392549190910417, -0.1513286033882053, False
2.0183783872803307, -5.2983339870369806, -0.6083041188153495, -0.48412352208876086, -0.23392549190910417, -0.1513286033882053, False
3.640321420769652, -2.7378902791718898, 3.0235818524369087, -0.48412352208876086, -0.23392549190910417, -0.1513286033882053, True
3.2168917716100225, 6.0730191281325006, 1.4585780616014574, -0.48412352208876086, -0.23392549190910417, -0.1513286033882053, False
5.350542002017464, 5.830496787803085, 1.126902661780238, -0.48412352208876086, -0.23392549190910417, -0.1513286033882053, False
-5.379137622783368, -5.921349365378017, -0.12936830306857372, -0.48412352208876086, -0.23392549190910417, -0.1513286033882053, False
4.896625413847056, -5.944487736009629, -3.0610322246266652, -0.48412352208876086, -0.23392549190910417, -0.1513286033882053, True
4.17120760507707, 5.13660340166448, 1.0334131936855435, -0.48412352208876086, -0.23392549190910417, -0.1513286033882053, False
3.277782954555379, -2.72353758259578, -0.8760144166318846, -0.48412352208876086, -0.23392549190910417, -0.1513286033882053, False
4.429413048676258, 5.640448647916548, -2.9950629043840538, -0.48412352208876086, -0.23392549190910417, -0.1513286033882053, True
-0.22217648877195284, -4.133929511822712, -1.2664972517099218, -0.48412352208876086, -0.23392549190910417, -0.1513286033882053, False
-0.6562638360775672, -1.4694410325278442, 2.078436118523279, -0.48412352208876086, -0.23392549190910417, -0.1513286033882053, False
-0.8913470333437488, 4.715883754388264, -0.6907768617786227, -0.48412352208876086, -0.23392549190910417, -0.1513286033882053, False
3.1311494663093935, 0.8301904351580234, 1.1334025168844803, -0.48412352208876086, -0.23392549190910417, -0.1513286033882053, False
4.6151379935266075, -3.224009406310458, -2.0181056228835317, -0.48412352208876086, -0.23392549190910417, -0.1513286033882053, False
5.47317913833851, -1.7391722226924475, -1.5445919342162056, -0.48412352208876086, -0.23392549190910417, -0.1513286033882053, False
-2.386556125854301, 4.140286984711638, 0.8771692460582514, -0.48412352208876086, -0.23392549190910417, -0.1513286033882053, False
1.2196130992759553, -0.5676718334779034, 1.6882311221659299, -0.48412352208876086, -0.23392549190910417, -0.1513286033882053, False
2.587304187913116, 1.1856998213301901, 2.854662480916353, -0.48412352208876086, -0.23392549190910417, -0.1513286033882053, True
-6.241299780064917, 4.8598571907612715, -0.8472976184039709, -0.48412352208876086, -0.23392549190910417, -0.1513286033882053, False
-6.043619292373314, -1.0802933963629036, 0.11649965731599288, -0.48412352208876086, -0.23392549190910417, -0.1513286033882053, False
3.6005606092072817, -2.3935864753962224, -2.9427623624929695, -0.48412352208876086, -0.23392549190910417, -0.1513286033882053, True
0.37172969820777535, 2.7965842214360546, -2.291720805191082, -0.48412352208876086, -0.23392549190910417, -0.1513286033882053, True
0.9164770315937103, 5.668093357027722, -1.9758183236280236, -0.48412352208876086, -0.23392549190910417, -0.1513286033882053, False
-1.9031937183436138, -2.8532600212680057, 0.6679874732531648, -0.48412352208876086, -0.23392549190910417, -0.1513286033882053, False
-1.1307711717714275, 5.5963930734019325, 1.4337394371198933, -0.48412352208876086, -0.23392549190910417, -0.1513286033882053, False
0.1712138805233261, 2.0066871800915838, 0.9970226666033222, -0.48412352208876086, -0.23392549190910417, -0.1513286033882053, False
5.245925513755768, 6.100829433448723, -2.2502240860836005, -0.48412352208876086, -0.23392549190910417, -0.1513286033882053, False
-3.2910616050243884, -5.901593753735913, 2.572911381721659, -0.48412352208876086, -0.23392549190910417, -0.1513286033882053, True
-5.459261346298671, -2.4427476365826553, 2.813620707122375, -0.48412352208876086, -0.23392549190910417, -0.1513286033882053, False
3.4706619031918624, -3.0162011921053313, 1.3925471328479846, -0.48412352208876086, -0.23392549190910417, -0.1513286033882053, False
-0.046973995091309284, -3.6302652169714107, -1.1655686681794604, -0.48412352208876086, -0.23392549190910417, -0.1513286033882053, False
-1.9270640665216332, -1.6008447093150808, -2.5328903219595995, -0.48412352208876086, -0.23392549190910417, -0.1513286033882053, False
4.777249206005349, -2.7602686072433404, -1.03624203510741, -0.48412352208876086, -0.23392549190910417, -0.1513286033882053, False
0.42224298398259474, -1.4467109805399208, -1.8569996301720788, -0.48412352208876086, -0.23392549190910417, -0.1513286033882053, False
-3.3324714760651886, 2.1841483637670844, -2.599985332855627, -0.48412352208876086, -0.23392549190910417, -0.1513286033882053, False
-0.9901255698908775, -3.012809748495751, -2.0096469067641856, -0.48412352208876086, -0.23392549190910417, -0.1513286033882053, False
-0.020553527836801422, 4.460809948032475, -0.23575332582085817, -0.48412352208876086, -0.23392549190910417, -0.1513286033882053, False
-1.9321866800356506, -5.099500056431562, -2.536944777937002, -0.48412352208876086, -0.23392549190910417, -0.1513286033882053, False
3.0920571548296873, 3.9251079125700237, -1.778646516224041, -0.48412352208876086, -0.23392549190910417, -0.1513286033882053, False
-1.8073360585824938, 4.537220116054257, 2.707008596129235, -0.48412352208876086, -0.23392549190910417, -0.1513286033882053, False
-5.128012311224579, -6.257366592529119, -1.10102183135746, -0.48412352208876086, -0.23392549190910417, -0.1513286033882053, False
1.3523242257910164, -0.34095304964758455, -0.6053213700481415, -0.48412352208876086, -0.23392549190910417, -0.1513286033882053, False
-0.9428289681183761, -1.7887434273164775, -1.420167974008403, -0.48412352208876086, -0.23392549190910417, -0.1513286033882053, False
3.2306505930026077, 1.6278513853174505, -0.058984254744938625, -0.48412352208876086, -0.23392549190910417, -0.1513286033882053, False
-3.901892502627511, -6.1691221733494235, -2.5266078713771067, -0.48412352208876086, -0.23392549190910417, -0.1513286033882053, False
2.1381962286006395, 4.229677775581694, -1.4599196499384877, -0.48412352208876086, -0.23392549190910417, -0.1513286033882053, False
2.1449874048252013, -4.797390611166954, -2.471508833332483, -0.48412352208876086, -0.23392549190910417, -0.1513286033882053, False
-2.9074449411684395, -2.945790918362181, -1.5991835688454823, -0.48412352208876086, -0.23392549190910417, -0.1513286033882053, False
-4.351586277793978, 4.346766499853166, -2.846136564043622, -0.48412352208876086, -0.23392549190910417, -0.1513286033882053, False
2.402445261378549, 3.3762480837027695, 2.811763731994705, -0.48412352208876086, -0.23392549190910417, -0.1513286033882053, False
0.22423748807603783, -4.103952415125942, 0.25450042060547773, -0.48412352208876086, -0.23392549190910417, -0.1513286033882053, False
-2.306449598549019, -3.387940075575503, 2.1669235426090925, -0.48412352208876086, -0.23392549190910417, -0.1513286033882053, False
0.9775875531921949, -5.675408342564742, 2.0642287435631292, -0.48412352208876086, -0.23392549190910417, -0.1513286033882053, False
1.5495592036843622, -5.205345245838225, 3.1091556455643126, -0.48412352208876086, -0.23392549190910417, -0.1513286033882053, True
6.042098783683711, 0.6634138887229977, -2.685086347965101, -0.48412352208876086, -0.23392549190910417, -0.1513286033882053, False
1.3269220691679742, -3.0894277014080025, 0.07842969100845432, -0.48412352208876086, -0.23392549190910417, -0.1513286033882053, False
1.1350466510523498, 3.3909518697623255, -2.997689647605453, -0.48412352208876086, -0.23392549190910417, -0.1513286033882053, True
-0.352218972640749, -4.441192161857867, -2.703789839953071, -0.48412352208876086, -0.23392549190910417, -0.1513286033882053, False
1.44532581443036, -0.3674157081686893, -2.9957957918936313, -0.48412352208876086, -0.23392549190910417, -0.1513286033882053, True
-5.167422159108246, -3.769023889336726, 1.6770101845512295, -0.48412352208876086, -0.23392549190910417, -0.1513286033882053, False
1.1975184653625552, -2.579917852669888, 2.210892187453399, -0.48412352208876086, -0.23392549190910417, -0.1513286033882053, False
-1.0386823459262207, -0.7710027965546162, 2.3282246111388734, -0.48412352208876086, -0.23392549190910417, -0.1513286033882053, False
-3.6319373380861517, -3.303010809932309, -0.007104313703764742, -0.48412352208876086, -0.23392549190910417, -0.1513286033882053, False
5.934742788215036, 2.8150435182439253, 0.7050022667392839, -0.48412352208876086, -0.23392549190910417, -0.1513286033882053, False
2.2806920966381927, 2.0000261730824302, 2.857892712795228, -0.48412352208876086, -0.23392549190910417, -0.1513286033882053, False
-1.2166647081316553, 1.5916709686364916, 2.5566679184693113, -0.48412352208876086, -0.23392549190910417, -0.1513286033882053, False
1.1945575996989852, 0.5445963007646029, -2.0764993674698244, -0.48412352208876086, -0.23392549190910417, -0.1513286033882053, False
-1.9907528548456437, -0.6880902577158716, 0.539085877727453, -0.48412352208876086, -0.23392549190910417, -0.1513286033882053, False
3.2852893598617747, -3.5546015326979825, -0.7931011903255238, -0.48412352208876086, -0.23392549190910417, -0.1513286033882053, False
4.930078110852371, 5.256441291958295, 2.567449502989958, -0.48412352208876086, -0.23392549190910417, -0.1513286033882053, False
-1.4799886477522115, -0.5193519490326874, 0.5424374457592642, -0.48412352208876086, -0.23392549190910417, -0.1513286033882053, False
1.2930557983888722, -2.1624295840620302, -1.638280201661999, -0.48412352208876086, -0.23392549190910417, -0.1513286033882053, False
-0.05300710226464478, -3.4834778224194785, -0.14655629656848834, -0.48412352208876086, -0.23392549190910417, -0.1513286033882053, False
-6.005907203286954, -5.809895963302792, 1.3193977185011372, -0.48412352208876086, -0.23392549190910417, -0.1513286033882053, False
1.3616553335529105, -4.031855220478491, 0.11359954613306611, -0.48412352208876086, -0.23392549190910417, -0.1513286033882053, False
-0.14091902380249444, 1.5216959590615433, -1.1406257240240856, -0.48412352208876086, -0.23392549190910417, -0.1513286033882053, False
0.14290604578692534, -5.825248939189187, -2.015152182893341, -0.48412352208876086, -0.23392549190910417, -0.1513286033882053, False
