1.1152769153894546, 2.628427542630881, 0.867813631804955, -0.21089586833540053, -0.038477415603816234, 0.039540603402320906, True
0.2458965350756701, -4.346982071950134, 0.021967859057454575, -0.21089586833540053, -0.038477415603816234, 0.039540603402320906, True
-0.020783090199153698, -1.6043771216254372, 0.6863304103234347, -0.21089586833540053, -0.038477415603816234, 0.039540603402320906, False
2.709347472058857, -5.175779570557542, -2.065177013923497, -0.21089586833540053, -0.038477415603816234, 0.039540603402320906, True
2.5733153451300748, 3.3014336913580458, 0.03634377197364902, -0.21089586833540053, -0.038477415603816234, 0.039540603402320906, True
0.4631911627470826, -0.10578540640989242, 2.4428909895602553, -0.21089586833540053, -0.038477415603816234, 0.039540603402320906, False
-5.2120205338822325, 2.1039111409827953, -2.2776516881514013, -0.21089586833540053, -0.038477415603816234, 0.039540603402320906, True
0.3632074237170686, -1.6925561204307762, -2.9985773391553057, -0.21089586833540053, -0.038477415603816234, 0.039540603402320906, True
5.87882680380641, 1.869663070058996, 0.2762473169922339, -0.21089586833540053, -0.038477415603816234, 0.039540603402320906, False
-5.5796219964209195, -3.7622304088134726, 1.9432233622963677, -0.21089586833540053, -0.038477415603816234, 0.039540603402320906, True
-1.8078648401637167, -5.391089907097336, 0.38939426526159204, -0.21089586833540053, -0.038477415603816234, 0.039540603402320906, False
-2.578247795526627, 0.7527842473009656, 0.6973425610848922, -0.21089586833540053, -0.038477415603816234, 0.039540603402320906, False
2.365570019949958, -3.1840211556593108, -0.18561714893043213, -0.21089586833540053, -0.038477415603816234, 0.039540603402320906, True
3.704810335803092, -5.878797927972546, -0.7519224557879061, -0.21089586833540053, -0.038477415603816234, 0.039540603402320906, False
1.118447601162159, -3.9108164492355524, 0.605706082545697, -0.21089586833540053, -0.038477415603816234, 0.039540603402320906, True
4.994132047835729, 3.6761002955887125, 2.1612286585982092, -0.21089586833540053, -0.038477415603816234, 0.039540603402320906, False
-4.145044410781452, -6.211369977491236, -1.6514973608138952, -0.21089586833540053, -0.038477415603816234, 0.039540603402320906, True
-5.741138392040432, -5.539921213864068, 0.408994431809369, -0.21089586833540053, -0.038477415603816234, 0.039540603402320906, False
-4.503793009213885, -5.090183938183201, -2.2513755702181815, -0.21089586833540053, -0.038477415603816234, 0.039540603402320906, True
3.8842028113337754, -3.229806578334724, -0.32536721165118854, -0.21089586833540053, -0.038477415603816234, 0.039540603402320906, False
-4.06759026517328, -2.7995424976367733, 0.8343154699471023, -0.21089586833540053, -0.038477415603816234, 0.039540603402320906, True
4.817795418165359, -5.142227820942752, -2.9622351029687812, -0.21089586833540053, -0.038477415603816234, 0.039540603402320906, True
-1.7632076788825417, 1.8844779569130292, 0.7211128120761252, -0.21089586833540053, -0.038477415603816234, 0.039540603402320906, False
1.3951843134559416, -5.730216174751274, 0.013269169306724837, -0.21089586833540053, -0.038477415603816234, 0.039540603402320906, True
0.8792427730146937, -0.17816633587813957, -1.2973859535140604, -0.21089586833540053, -0.038477415603816234, 0.039540603402320906, True
-2.1485649178526787, 1.3387561875565472, -0.23645664533002542, -0.21089586833540053, -0.038477415603816234, 0.039540603402320906, False
-5.32088407998035, 2.007938246802853, 1.0117822338533076, -0.21089586833540053, -0.038477415603816234, 0.039540603402320906, True
-3.4215146959609504, 3.942455138623318, 1.0000561824381897, -0.21089586833540053, -0.038477415603816234, 0.039540603402320906, False
-2.046376435621422, 2.3907133777155867, 1.6851991134859086, -0.21089586833540053, -0.038477415603816234, 0.039540603402320906, False
-1.435077758002742, 4.042465983241328, -0.7456805609644328, -0.21089586833540053, -0.038477415603816234, 0.039540603402320906, False
3.5217740483162654, 4.514390918532339, -0.418962719268384, -0.21089586833540053, -0.038477415603816234, 0.039540603402320906, False
4.093827459165279, 4.58795093247055, -0.1742143078432381, -0.21089586833540053, -0.038477415603816234, 0.039540603402320906, False
-2.1178445429000776, -1.5105578886055167, 0.8405072457241745, -0.21089586833540053, -0.038477415603816234, 0.039540603402320906, False
5.202042891494315, -5.991058973530504, -2.3385014525365566, -0.21089586833540053, -0.038477415603816234, 0.039540603402320906, False
-1.8820851914935544, 2.8174374198202212, 1.1988496155868251, -0.21089586833540053, -0.038477415603816234, 0.039540603402320906, False
-2.486265363504116, -5.487561049493822, -2.175376778876206, -0.21089586833540053, -0.038477415603816234, 0.039540603402320906, False
0.7149367800331259, 3.9810889912835226, 2.8220433677522694, -0.21089586833540053, -0.038477415603816234, 0.039540603402320906, True
-1.4205800934756967, 0.892694609012783, 0.14178656271194212, -0.21089586833540053, -0.038477415603816234, 0.039540603402320906, False
0.659844312134191, -4.446148256708691, 1.209069018957135, -0.21089586833540053, -0.038477415603816234, 0.039540603402320906, True
5.135716242892009, -4.909573701377463, -1.1187416294603314, -0.21089586833540053, -0.038477415603816234, 0.039540603402320906, False
-3.6903453352044657, 5.818193219182856, 1.813003381441633, -0.21089586833540053, -0.038477415603816234, 0.039540603402320906, True
6.245401059194203, 2.0563229980124245, -1.7837298875417391, -0.21089586833540053, -0.038477415603816234, 0.039540603402320906, False
5.745813418079171, -5.076014745354637, 1.0373916928817168, -0.21089586833540053, -0.038477415603816234, 0.039540603402320906, False
-4.385169834068403, -4.370774078572245, 0.6293881532058845, -0.21089586833540053, -0.038477415603816234, 0.039540603402320906, True
-3.427939227922093, 1.3392615500815657, -0.5059748102737873, -0.21089586833540053, -0.038477415603816234, 0.039540603402320906, True
4.659294395175353, -5.244682221694864, 1.6395487660791597, -0.21089586833540053, -0.038477415603816234, 0.039540603402320906, False
3.6128950676637697, 3.1749965934855418, 2.8464933244336788, -0.21089586833540053, -0.038477415603816234, 0.039540603402320906, False
2.464904226355504, 5.007692339754852, -0.5299621198623536, -0.21089586833540053, -0.038477415603816234, 0.039540603402320906, True
3.4709963645347095, 6.177869804293772, -0.8286330830577939, -0.21089586833540053, -0.038477415603816234, 0.039540603402320906, True
-0.1299289459201951, 0.16216282617367295, 2.5147300555013725, -0.21089586833540053, -0.038477415603816234, 0.039540603402320906, False
-5.621217118385703, 2.4038475375382724, 1.0486497204672194, -0.21089586833540053, -0.038477415603816234, 0.039540603402320906, True
-4.771916215723332, -1.111094898591083, 2.9408664402696685, -0.21089586833540053, -0.038477415603816234, 0.039540603402320906, True
-4.8691000320084665, -6.088743220501378, 2.7640094441515703, -0.21089586833540053, -0.038477415603816234, 0.039540603402320906, True
4.232028866210133, -4.574313598593632, -1.009593484039672, -0.21089586833540053, -0.038477415603816234, 0.039540603402320906, False
5.954170932804981, 3.9883637576926194, 1.4814687002313267, -0.21089586833540053, -0.038477415603816234, 0.039540603402320906, False
5.314541142511349, -4.75325456019887, -1.314164621626757, -0.21089586833540053, -0.038477415603816234, 0.039540603402320906, False
-4.197291279815769, -5.080061533357855, -1.9464282971472935, -0.21089586833540053, -0.038477415603816234, 0.039540603402320906, True
-0.7579317579613045, 3.216110043241496, 1.0796504104023938, -0.21089586833540053, -0.038477415603816234, 0.039540603402320906, False
-0.8842009444645971, 3.554044728487913, -1.9434124578200505, -0.21089586833540053, -0.038477415603816234, 0.039540603402320906, False
-3.27340443439917, -3.658979458083407, -1.3722356763119947, -0.21089586833540053, -0.038477415603816234, 0.039540603402320906, False
-3.6443227178269613, -1.725383874518542, -3.0216608253343207, -0.21089586833540053, -0.038477415603816234, 0.039540603402320906, True
3.517414362743928, -6.0769494038763, 1.88731393446007, -0.21089586833540053, -0.038477415603816234, 0.039540603402320906, True
1.9468423286595247, 4.600562722545252, -1.8961837824460555, -0.21089586833540053, -0.038477415603816234, 0.039540603402320906, True
-5.022426117395924, 3.1793669327104155, 0.7083056450488434, -0.21089586833540053, -0.038477415603816234, 0.039540603402320906, True
-4.8036177852906, -0.6290525593840828, 2.152175468741504, -0.21089586833540053, -0.038477415603816234, 0.039540603402320906, True
-2.2900384888528245, 1.785908873121432, -2.0529324562596574, -0.21089586833540053, -0.038477415603816234, 0.039540603402320906, False
-0.6144977503599929, -3.892193583113538, 2.8023838936512453, -0.21089586833540053, -0.038477415603816234, 0.039540603402320906, True
-5.608731428832799, -2.273130253230457, 1.7817871985905018, -0.21089586833540053, -0.038477415603816234, 0.039540603402320906, True
-0.7824489061172981, 4.589773479949169, 2.849756570479256, -0.21089586833540053, -0.038477415603816234, 0.039540603402320906, False
4.955190880339455, -1.6162198199205378, -1.0204875056364013, -0.21089586833540053, -0.038477415603816234, 0.039540603402320906, False
-0.1227698310076546, 1.510030906955552, 2.1182165132431647, -0.21089586833540053, -0.038477415603816234, 0.039540603402320906, False
-2.7801685221231622, -0.2030172371366703, 0.12879881178704222, -0.21089586833540053, -0.038477415603816234, 0.039540603402320906, True
0.37456410128358897, -2.7787079739998104, -0.23821963344382713, -0.21089586833540053, -0.038477415603816234, 0.039540603402320906, True
-1.3479030807405392, 5.199327244680422, 2.112222098308272, -0.21089586833540053, -0.038477415603816234, 0.039540603402320906, False
-6.258714269161307, -2.07276139637718, 2.2449442569549136, -0.21089586833540053, -0.038477415603816234, 0.039540603402320906, False
-4.101828821063574, 4.360294490565812, 0.5911051350685108, -0.21089586833540053, -0.038477415603816234, 0.039540603402320906, True
0.44735626048362853, -5.736309427646089, -2.1468877680189733, -0.21089586833540053, -0.038477415603816234, 0.039540603402320906, False
-2.2588115065662997, -5.090055140223207, 2.5660232308055804, -0.21089586833540053, -0.038477415603816234, 0.039540603402320906, False
-0.9561789872772426, -3.3575744468920696, 2.2813588291132216, -0.21089586833540053, -0.038477415603816234, 0.039540603402320906, False
5.387052786107166, -1.6806401713069832, 1.827475011582397, -0.21089586833540053, -0.038477415603816234, 0.039540603402320906, False
-5.502239878340389, -3.6402028228144925, 2.664324619614094, -0.21089586833540053, -0.038477415603816234, 0.039540603402320906, True
-1.8154604508969792, 4.641645416042351, -2.77169255749015, -0.21089586833540053, -0.038477415603816234, 0.039540603402320906, False
-1.850254592578807, -4.244947221282821, -1.4792060745126496, -0.21089586833540053, -0.038477415603816234, 0.039540603402320906, False
-0.9345469084544709, -1.4168454959693593, 1.3620338569532677, -0.21089586833540053, -0.038477415603816234, 0.039540603402320906, False
5.3590122818891555, -2.0769307928863467, 2.352773583282339, -0.21089586833540053, -0.038477415603816234, 0.039540603402320906, False
4.4969747085042915, -5.235947969436899, -2.322444467842007, -0.21089586833540053, -0.038477415603816234, 0.039540603402320906, False
-2.6719357980757557, 6.120936681455788, -0.2070238955944066, -0.21089586833540053, -0.038477415603816234, 0.039540603402320906, True
-0.6530504878546308, -0.9289220174965163, -2.804740295720263, -0.21089586833540053, -0.038477415603816234, 0.039540603402320906, False
0.19788519993711784, -4.6894065500884725, -0.7530537992123394, -0.21089586833540053, -0.038477415603816234, 0.039540603402320906, False
2.2353558611972755, 4.301159799813854, 1.9689443904749622, -0.21089586833540053, -0.038477415603816234, 0.039540603402320906, True
-1.7627038233841654, -1.02783789092528, -0.0953564467884398, -0.21089586833540053, -0.038477415603816234, 0.039540603402320906, False
1.1807835039062748, 4.916569115851898, -2.060201036976092, -0.21089586833540053, -0.038477415603816234, 0.039540603402320906, True
-3.3263410249528085, 5.304289563464909, -2.9363996570567816, -0.21089586833540053, -0.038477415603816234, 0.039540603402320906, True
4.18545548299158, 2.218781719635924, 2.8054947838359867, -0.21089586833540053, -0.038477415603816234, 0.039540603402320906, False
-4.750680605573786, -4.4718827769703005, -2.8922672595000853, -0.21089586833540053, -0.038477415603816234, 0.039540603402320906, True
3.377226279322713, 5.551191108208055, -2.2490284440489448, -0.21089586833540053, -0.038477415603816234, 0.039540603402320906, False
4.2736043281272895, -0.7730621909796875, -2.0752731656275856, -0.21089586833540053, -0.038477415603816234, 0.039540603402320906, False
2.958716909018163, 2.2944650054871847, 1.253147921261327, -0.21089586833540053, -0.038477415603816234, 0.039540603402320906, False
3.838506182794232, 4.923302632009484, -0.6331627737516432, -0.21089586833540053, -0.038477415603816234, 0.039540603402320906, False
-1.4720838930403604, 3.847736939095766, -2.389520460399306, -0.21089586833540053, -0.038477415603816234, 0.039540603402320906, False
6.0074916758037045, 3.0252666976001326, 0.11536858161679842, -0.21089586833540053, -0.038477415603816234, 0.039540603402320906, False
5.9397310246442885, 5.230056166389472, 0.15291886606348815, -0.21089586833540053, -0.038477415603816234, 0.039540603402320906, False
2.7203778223586657, 2.864387931214848, -0.5645675847048319, -0.21089586833540053, -0.038477415603816234, 0.039540603402320906, True
0.9361032349390488, -0.940608418670057, -2.235110787399089, -0.21089586833540053, -0.038477415603816234, 0.039540603402320906, True
3.9461386694157223, 2.9452800615705588, -3.1258200429427663, -0.21089586833540053, -0.038477415603816234, 0.039540603402320906, True
4.682048999613183, -0.6291009920740045, -0.24432590864634562, -0.21089586833540053, -0.038477415603816234, 0.039540603402320906, False
0.29756321557282295, 1.069386655172166, 1.4311613143938402, -0.21089586833540053, -0.038477415603816234, 0.039540603402320906, False
-3.375722637990717, -5.408212373678143, 1.1146817003545948, -0.21089586833540053, -0.038477415603816234, 0.039540603402320906, True
5.854782155134016, -1.0052325680610075, 2.0173970689965577, -0.21089586833540053, -0.038477415603816234, 0.039540603402320906, False
4.329675922392589, 4.13469588618657, 2.734782630537481, -0.21089586833540053, -0.038477415603816234, 0.039540603402320906, False
-1.0838535957097788, -0.624101246795739, -1.9249841932347582, -0.21089586833540053, -0.038477415603816234, 0.039540603402320906, False
-1.0707980269856137, -4.873055388218072, 0.7083030055746149, -0.21089586833540053, -0.038477415603816234, 0.039540603402320906, False
1.3520507274630953, -0.10279765366251059, -0.9343819678176177, -0.21089586833540053, -0.038477415603816234, 0.039540603402320906, True
2.0330780018520986, 1.0627429654297442, -1.6415293822033241, -0.21089586833540053, -0.038477415603816234, 0.039540603402320906, True
0.5519989201106386, -3.4773555460419523, 0.7945467250465774, -0.21089586833540053, -0.038477415603816234, 0.039540603402320906, True
-2.502047311747364, 4.876951923770816, 2.0372446431399123, -0.21089586833540053, -0.038477415603816234, 0.039540603402320906, False
-1.0898872011447889, 4.712055085514878, -0.034178636664870865, -0.21089586833540053, -0.038477415603816234, 0.039540603402320906, False
-1.0079160181083822, 2.876260105486921, 0.6735917938199556, -0.21089586833540053, -0.038477415603816234, 0.039540603402320906, False
-0.6522171754280786, -2.5901628339759255, -0.20619885846105923, -0.21089586833540053, -0.038477415603816234, 0.039540603402320906, False
3.0087011583987504, 4.56100501081295, 0.8672382298871293, -0.21089586833540053, -0.038477415603816234, 0.039540603402320906, False
4.890757756413365, 2.0196316779693326, 1.8319162972138097, -0.21089586833540053, -0.038477415603816234, 0.039540603402320906, False
1.1705008944920285, 5.786693332801674, -2.8885419393327036, -0.21089586833540053, -0.038477415603816234, 0.039540603402320906, True
-5.238700530913848, 1.2077619177277485, -0.21580311582408163, -0.21089586833540053, -0.038477415603816234, 0.039540603402320906, True
5.951261395046105, 5.36141779269429, 1.711592965699336, -0.21089586833540053, -0.038477415603816234, 0.039540603402320906, False
2.8128816120900293, -5.2025277444790765, 1.08192385460183, -0.21089586833540053, -0.038477415603816234, 0.039540603402320906, True
5.269315284216804, -3.2708717296143273, 3.019652277479871, -0.21089586833540053, -0.038477415603816234, 0.039540603402320906, True
3.011096304312341, 1.4694709845782734, -0.020433087026838326, -0.21089586833540053, -0.038477415603816234, 0.039540603402320906, False
-1.8512821344685468, -4.214223489073385, -0.980686398988226, -0.21089586833540053, -0.038477415603816234, 0.039540603402320906, False
3.89106952573788, -3.470615633105144, 2.306881324061501, -0.21089586833540053, -0.038477415603816234, 0.039540603402320906, False
1.6115577675530286, -5.294723919188386, -2.5566481382231787, -0.21089586833540053, -0.038477415603816234, 0.039540603402320906, True
3.8943591235929276, 1.2703127403314394, -1.887578589880055, -0.21089586833540053, -0.038477415603816234, 0.039540603402320906, False
-6.007189503770853, -0.24161189036108066, 2.5119954033436525, -0.21089586833540053, -0.038477415603816234, 0.039540603402320906, False
4.912749603158611, 0.4782553666629772, 2.7790140060336253, -0.21089586833540053, -0.038477415603816234, 0.039540603402320906, False
-5.038571290584372, 3.5486750598380024, -2.2787960378098786, -0.21089586833540053, -0.038477415603816234, 0.039540603402320906, True
5.310166111822646, 4.580600760169267, 3.0197731757794415, -0.21089586833540053, -0.038477415603816234, 0.039540603402320906, True
-5.579190229337565, -2.7372686767267305, 1.3943131264830502, -0.21089586833540053, -0.038477415603816234, 0.039540603402320906, True
-5.822663248908369, -4.0102696048080215, 0.46732471414917987, -0.21089586833540053, -0.038477415603816234, 0.039540603402320906, True
1.385364496225777, -1.2075490403997833, -1.5161107337267574, -0.21089586833540053, -0.038477415603816234, 0.039540603402320906, True
4.416238074219493, -0.43404336201183913, 1.0502595677723967, -0.21089586833540053, -0.038477415603816234, 0.039540603402320906, False
1.1418880668710774, -2.4700947908684676, -1.6964408583047845, -0.21089586833540053, -0.038477415603816234, 0.039540603402320906, True
-1.8919115603758083, 0.4449670004544952, 1.5822091054200822, -0.21089586833540053, -0.038477415603816234, 0.039540603402320906, False
-4.5577415904778995, -4.537769662938588, -1.9863247001981816, -0.21089586833540053, -0.038477415603816234, 0.039540603402320906, True
-5.096182839816158, -4.72257403244041, 2.701279437906777, -0.21089586833540053, -0.038477415603816234, 0.039540603402320906, True
4.2898687829267015, 3.0881989629147206, 1.7001539706987847, -0.21089586833540053, -0.038477415603816234, 0.039540603402320906, False
-2.8380238598439766, 0.42879125310388577, 1.7752651454176327, -0.21089586833540053, -0.038477415603816234, 0.039540603402320906, True
-4.40915949125881, 5.583418285623178, 0.735716059048976, -0.21089586833540053, -0.038477415603816234, 0.039540603402320906, True
-2.3329684964719886, 1.9725000561740664, 2.606764349557926, -0.21089586833540053, -0.038477415603816234, 0.039540603402320906, False
0.2984927163003599, 1.1439303367018834, 2.5128853912937137, -0.21089586833540053, -0.038477415603816234, 0.039540603402320906, True
6.189313698705362, -5.828814615733721, 0.37095144351978426, -0.21089586833540053, -0.038477415603816234, 0.039540603402320906, False
-4.289088629768555, 4.632872821344396, 0.9420611669216408, -0.21089586833540053, -0.038477415603816234, 0.039540603402320906, True
4.419334397967313, -1.4318999276825508, -1.2071130228283196, -0.21089586833540053, -0.038477415603816234, 0.039540603402320906, False
-0.26004179814191186, 0.22729527038536723, 1.0598608669022722, -0.21089586833540053, -0.038477415603816234, 0.039540603402320906, False
2.7378954781135256, -5.523590101653085, -2.6160734955398315, -0.21089586833540053, -0.038477415603816234, 0.039540603402320906, True
4.812427166400376, 1.6591166672029054, -2.0586921698590306, -0.21089586833540053, -0.038477415603816234, 0.039540603402320906, False
2.7152130059549933, 3.3924493636362687, 0.866424199393899, -0.21089586833540053, -0.038477415603816234, 0.039540603402320906, True
-4.399474262945345, 3.4026890851772986, -0.3226228423087676, -0.21089586833540053, -0.038477415603816234, 0.039540603402320906, True
-1.3440375949168057, 2.184488631470318, 0.43205984524336305, -0.21089586833540053, -0.038477415603816234, 0.039540603402320906, False
-3.863902221538898, -3.897567128259819, 3.036016282500177, -0.21089586833540053, -0.038477415603816234, 0.039540603402320906, True
4.636899659172899, 4.841302217777995, -2.787579879579665, -0.21089586833540053, -0.038477415603816234, 0.039540603402320906, False
3.1793800376095334, -4.5276067926002455, 0.7964776826681086, -0.21089586833540053, -0.038477415603816234, 0.039540603402320906, False
4.140201789639804, -1.4061736957227744, -0.2808962021339134, -0.21089586833540053, -0.038477415603816234, 0.039540603402320906, False
-2.647007024351935, 6.132014289885058, 1.4145683700675376, -0.21089586833540053, -0.038477415603816234, 0.039540603402320906, False
4.095282510270547, 0.7166228841796611, 2.578821107342981, -0.21089586833540053, -0.038477415603816234, 0.039540603402320906, False
0.10668415096097039, 4.711008350459386, 1.9031516973679787, -0.21089586833540053, -0.038477415603816234, 0.039540603402320906, False
1.654341103546841, -0.9244749489061297, 2.5917097683026835, -0.21089586833540053, -0.038477415603816234, 0.039540603402320906, True
-4.400249911963769, -4.215799906126065, 1.127468801367332, -0.21089586833540053, -0.038477415603816234, 0.039540603402320906, True
-2.4473695255800756, 2.4299334794118383, 0.44031874956520367, -0.21089586833540053, -0.038477415603816234, 0.039540603402320906, False
3.5691116750479157, -3.768131074785577, -1.637183342279017, -0.21089586833540053, -0.038477415603816234, 0.039540603402320906, False
5.097462648415451, -5.3656926355629615, 1.7598385426819387, -0.21089586833540053, -0.038477415603816234, 0.039540603402320906, False
-4.0665340358585045, 4.360632961199508, -2.143018154163576, -0.21089586833540053, -0.038477415603816234, 0.039540603402320906, True
0.7116267713258662, -5.322288946676064, 1.6147339769896547, -0.21089586833540053, -0.038477415603816234, 0.039540603402320906, True
-3.2665907540388806, 5.309580030391654, 0.25915139657407416, -0.21089586833540053, -0.038477415603816234, 0.039540603402320906, True
5.858564185005537, -1.3432616476766475, 2.8043817002820584, -0.21089586833540053, -0.038477415603816234, 0.039540603402320906, False
0.5614864587673605, -4.968803917184646, 2.141222227603784, -0.21089586833540053, -0.038477415603816234, 0.039540603402320906, False
-1.3233911631801858, 1.2654716248358087, -1.5597037359071437, -0.21089586833540053, -0.038477415603816234, 0.039540603402320906, False
3.2613531777089353, -5.27689580333711, -2.354678367145664, -0.21089586833540053, -0.038477415603816234, 0.039540603402320906, True
-3.745280322111735, -4.02183151039698, 2.9379869033526393, -0.21089586833540053, -0.038477415603816234, 0.039540603402320906, True
4.9987071377135255, 3.038978014918886, -1.1194385564136953, -0.21089586833540053, -0.038477415603816234, 0.039540603402320906, False
-3.1082590788011686, 0.58555766252561, 0.9893401700180791, -0.21089586833540053, -0.038477415603816234, 0.039540603402320906, True
3.857329334889039, 3.7530513663726595, -1.6707009165284978, -0.21089586833540053, -0.038477415603816234, 0.039540603402320906, False
-4.341702551812054, 1.3551146360271744, 2.5827759672250403, -0.21089586833540053, -0.038477415603816234, 0.039540603402320906, True
2.078481217470392, -5.969843749440263, 0.8753806296033373, -0.21089586833540053, -0.038477415603816234, 0.039540603402320906, True
-0.4000865075140059, -4.7982872201257205, 1.714732317738572, -0.21089586833540053, -0.038477415603816234, 0.039540603402320906, False
6.038144824028075, 4.963213382392361, 3.0349206600569767, -0.21089586833540053, -0.038477415603816234, 0.039540603402320906, True
2.436723759869423, 1.7264588085343977, 1.0565892105532395, -0.21089586833540053, -0.038477415603816234, 0.039540603402320906, True
-4.928358487289406, 0.7456545619981663, 1.035388520372801, -0.21089586833540053, -0.038477415603816234, 0.039540603402320906, True
-2.944661853439665, -1.4933339836539394, -1.7397310857596193, -0.21089586833540053, -0.038477415603816234, 0.039540603402320906, False
-0.06064779366875328, -6.238476850105321, -2.8111664150165683, -0.21089586833540053, -0.038477415603816234, 0.039540603402320906, False
1.1802013381082492, 2.458355477579792, -3.072324330692219, -0.21089586833540053, -0.038477415603816234, 0.039540603402320906, True
-5.380626647970125, 2.693305475851247, 1.3150219119028765, -0.21089586833540053, -0.038477415603816234, 0.039540603402320906, True
-2.9738975105561343, 5.836899294684663, -2.731694545948163, -0.21089586833540053, -0.038477415603816234, 0.039540603402320906, True
-3.3380381872013696, 0.6669561930334975, 1.8625107179786538, -0.21089586833540053, -0.038477415603816234, 0.039540603402320906, True
6.010707954171327, 3.5564595794956624, 0.7789271478445636, -0.21089586833540053, -0.038477415603816234, 0.039540603402320906, False
-2.127936473213526, 4.200241650722377, 0.17998502128598393, -0.21089586833540053, -0.038477415603816234, 0.039540603402320906, False
-0.1687557719420738, 5.07096530115761, -1.9191477252968234, -0.21089586833540053, -0.038477415603816234, 0.039540603402320906, False
-5.9340490639384935, -0.7158731116557782, 0.6778134962247537, -0.21089586833540053, -0.038477415603816234, 0.039540603402320906, False
1.1874988319373578, 3.7900966686708237, 2.4398472770729622, -0.21089586833540053, -0.038477415603816234, 0.039540603402320906, True
2.6301077849946335, 0.28423413278139353, -2.327650470515046, -0.21089586833540053, -0.038477415603816234, 0.039540603402320906, True
-0.11961979703664483, 2.70703967277878, 2.699111454910308, -0.21089586833540053, -0.038477415603816234, 0.039540603402320906, True
-5.539078429958099, 1.8179623995923304, -0.07810370745457007, -0.21089586833540053, -0.038477415603816234, 0.039540603402320906, True
