-0.34916901048130633, -1.247618816607564, 2.8340877954829438, 0.38864170277131616, -0.2804904187964927, 0.587233906018244, False
3.727598493972547, -4.4280161688367965, 1.5176079059357885, 0.38864170277131616, -0.2804904187964927, 0.587233906018244, True
-3.760881920293593, 2.3376223482426965, 2.2708885595293102, 0.38864170277131616, -0.2804904187964927, 0.587233906018244, True
0.26368265783537925, 2.602006122288186, -1.6032252323424647, 0.38864170277131616, -0.2804904187964927, 0.587233906018244, True
1.1288710941843325, -6.07880201505696, 1.0553096679135239, 0.38864170277131616, -0.2804904187964927, 0.587233906018244, True
3.4674908059593736, 2.652660484984983, 1.3898485306150947, 0.38864170277131616, -0.2804904187964927, 0.587233906018244, True
-6.2627505969677255, -1.4253950408847436, -0.5636977110189849, 0.38864170277131616, -0.2804904187964927, 0.587233906018244, False
-5.143679202486319, 1.4982382737085356, -1.248485668669145, 0.38864170277131616, -0.2804904187964927, 0.587233906018244, True
-0.35234219821380197, -0.3560040321651208, 2.563764658135428, 0.38864170277131616, -0.2804904187964927, 0.587233906018244, True
2.2970219834527352, -0.9976115617907055, 1.896317892137791, 0.38864170277131616, -0.2804904187964927, 0.587233906018244, False
3.8321016581755796, -1.1013078113347916, -1.6126544776288834, 0.38864170277131616, -0.2804904187964927, 0.587233906018244, False
-0.36417741217228716, -0.31514645729783464, -0.7477774932373515, 0.38864170277131616, -0.2804904187964927, 0.587233906018244, True
-6.170210175920133, 5.729132513825878, 0.7870842423122859, 0.38864170277131616, -0.2804904187964927, 0.587233906018244, False
-5.620401310367435, 3.92681995334949, -0.18888583044402374, 0.38864170277131616, -0.2804904187964927, 0.587233906018244, False
-4.496891482247771, -4.372753182262611, 0.8318911156536322, 0.38864170277131616, -0.2804904187964927, 0.587233906018244, True
2.4032077498454445, -3.1065828617266775, 2.864368462438951, 0.38864170277131616, -0.2804904187964927, 0.587233906018244, False
0.7201982350794518, 2.5266991999488653, 1.4358583965746323, 0.38864170277131616, -0.2804904187964927, 0.587233906018244, True
-4.997144711477164, -2.6772387564330846, -1.0525871347360494, 0.38864170277131616, -0.2804904187964927, 0.587233906018244, False
-2.6743033538346372, 5.724121200802145, -2.71674401785721, 0.38864170277131616, -0.2804904187964927, 0.587233906018244, False
0.35555254423714633, 4.758703012262885, -1.9740661375203465, 0.38864170277131616, -0.2804904187964927, 0.587233906018244, False
-4.348250031914682, -3.648274108590797, 1.4919835889449145, 0.38864170277131616, -0.2804904187964927, 0.587233906018244, True
1.1920626941098371, -4.053106429103351, -0.7926324138192657, 0.38864170277131616, -0.2804904187964927, 0.587233906018244, True
-2.9308222652179237, -3.171260433257691, -0.5300084604884718, 0.38864170277131616, -0.2804904187964927, 0.587233906018244, True
-0.6526543865404788, -2.557200851828574, -2.7022679542835877, 0.38864170277131616, -0.2804904187964927, 0.587233906018244, True
3.06791297186904, -0.1438493528929472, -0.835861998602069, 0.38864170277131616, -0.2804904187964927, 0.587233906018244, False
0.3840817668806009, 5.3630587664634675, -3.1399083906399277, 0.38864170277131616, -0.2804904187964927, 0.587233906018244, True
-2.58820348065616, -2.9484817458536967, -0.49211035279316384, 0.38864170277131616, -0.2804904187964927, 0.587233906018244, False
-0.47008436740642967, -3.1506919158328994, -2.6963408079538325, 0.38864170277131616, -0.2804904187964927, 0.587233906018244, True
0.9619697929617992, 0.18789679521425295, 2.6141201307276845, 0.38864170277131616, -0.2804904187964927, 0.587233906018244, True
-0.7535082064486014, 1.8114346982550344, -1.5500775117223782, 0.38864170277131616, -0.2804904187964927, 0.587233906018244, True
0.5883864553145743, 1.7345140096962108, -1.614320742602807, 0.38864170277131616, -0.2804904187964927, 0.587233906018244, True
0.1749708979651361, -0.03260617278023137, 2.4888529045110594, 0.38864170277131616, -0.2804904187964927, 0.587233906018244, True
-2.220201185920148, -1.8486329483590875, -2.3475115626031022, 0.38864170277131616, -0.2804904187964927, 0.587233906018244, False
2.580101440431358, -3.8409722110974385, -2.7940373741731883, 0.38864170277131616, -0.2804904187964927, 0.587233906018244, True
2.8427500686881615, -2.370354002648907, 2.8764711204405504, 0.38864170277131616, -0.2804904187964927, 0.587233906018244, True
-1.0774126153624053, -1.4418531393436975, 2.955239399730236, 0.38864170277131616, -0.2804904187964927, 0.587233906018244, True
4.992477689823785, -6.15927135762913, 2.192738864942637, 0.38864170277131616, -0.2804904187964927, 0.587233906018244, True
-2.986355076113347, -1.3696501180624203, -0.9123569174013322, 0.38864170277131616, -0.2804904187964927, 0.587233906018244, False
2.5728089883763356, 2.305155913067132, 0.9736935491637011, 0.38864170277131616, -0.2804904187964927, 0.587233906018244, True
-3.4866491040001035, -2.1816418975162906, 2.2678216842902215, 0.38864170277131616, -0.2804904187964927, 0.587233906018244, False
2.5604350999105314, 0.7482998962293959, -2.6299357514866535, 0.38864170277131616, -0.2804904187964927, 0.587233906018244, True
2.46169197550325, 3.177900282772999, 1.546294715921439, 0.38864170277131616, -0.2804904187964927, 0.587233906018244, True
-4.691411393295232, 2.8704088621251405, 2.498719079753129, 0.38864170277131616, -0.2804904187964927, 0.587233906018244, True
-3.9679600987827883, -0.5595346734573079, -1.3309148660757153, 0.38864170277131616, -0.2804904187964927, 0.587233906018244, False
4.546256094175304, -1.8046847570842335, -1.6459081918353993, 0.38864170277131616, -0.2804904187964927, 0.587233906018244, False
-1.169444375667819, -0.9942689898342474, 3.0127102332359046, 0.38864170277131616, -0.2804904187964927, 0.587233906018244, True
-0.8679559682715849, 2.2448805358331008, 1.357317488452236, 0.38864170277131616, -0.2804904187964927, 0.587233906018244, True
3.419014513317034, 4.221249852717033, 2.0338041359367853, 0.38864170277131616, -0.2804904187964927, 0.587233906018244, False
-4.855753678078083, 2.7380330330904954, 0.6964648568889014, 0.38864170277131616, -0.2804904187964927, 0.587233906018244, True
-0.4846409256015356, -1.280351447362671, -1.0315902001393655, 0.38864170277131616, -0.2804904187964927, 0.587233906018244, False
3.2319449814195664, 4.108536579799434, 2.479258504492833, 0.38864170277131616, -0.2804904187964927, 0.587233906018244, False
-4.65284256693542, 3.2520110861053855, -1.51449229884219, 0.38864170277131616, -0.2804904187964927, 0.587233906018244, True
2.8404811126171676, -2.009524096125933, -0.8745110462686232, 0.38864170277131616, -0.2804904187964927, 0.587233906018244, True
2.050874637786766, -4.284609134395669, -1.4718385770466158, 0.38864170277131616, -0.2804904187964927, 0.587233906018244, True
-1.887110743854965, 4.415166470815761, 1.2014615473661898, 0.38864170277131616, -0.2804904187964927, 0.587233906018244, False
-1.2722555250899417, 5.847640977902222, 2.156489662538137, 0.38864170277131616, -0.2804904187964927, 0.587233906018244, True
3.7072272554277568, 0.06858319579889738, 2.9903868635857584, 0.38864170277131616, -0.2804904187964927, 0.587233906018244, True
-5.689135691641085, 1.4795483264715132, 2.8514650348556865, 0.38864170277131616, -0.2804904187964927, 0.587233906018244, True
0.9440524482294395, -1.5408830395907769, 0.6342145551873775, 0.38864170277131616, -0.2804904187964927, 0.587233906018244, False
4.198014549964311, -1.544603496955549, 2.6759754205128354, 0.38864170277131616, -0.2804904187964927, 0.587233906018244, False
-6.023542318682297, 2.293860078656172, 0.5887843334894769, 0.38864170277131616, -0.2804904187964927, 0.587233906018244, True
-6.165098551224606, -5.9159817314274274, -2.150972231287649, 0.38864170277131616, -0.2804904187964927, 0.587233906018244, True
-4.883531733061567, 1.3893283517641244, -2.3785019110203387, 0.38864170277131616, -0.2804904187964927, 0.587233906018244, True
-5.1193855888081785, -1.4457085667083236, 0.6497585078683992, 0.38864170277131616, -0.2804904187964927, 0.587233906018244, False
0.3164739206142171, -4.562903193958816, 0.5822215395800798, 0.38864170277131616, -0.2804904187964927, 0.587233906018244, True
-0.517024617536312, 5.8239705488707045, -1.5345576422621627, 0.38864170277131616, -0.2804904187964927, 0.587233906018244, False
5.612754742045347, 0.6946746018837704, -2.9526609568839555, 0.38864170277131616, -0.2804904187964927, 0.587233906018244, True
-3.0677167959358798, 4.46585618924248, -1.5090871167552775, 0.38864170277131616, -0.2804904187964927, 0.587233906018244, False
-3.212262662574274, -5.80983909864869, 1.5990623906905634, 0.38864170277131616, -0.2804904187964927, 0.587233906018244, True
-6.001146190790886, -2.8775923815161284, 0.7242353388453702, 0.38864170277131616, -0.2804904187964927, 0.587233906018244, False
2.88143741273133, 5.023312637709804, 2.3375470380333123, 0.38864170277131616, -0.2804904187964927, 0.587233906018244, False
-1.5646615371374475, 0.5464376444944357, 1.5707640346352516, 0.38864170277131616, -0.2804904187964927, 0.587233906018244, True
3.1504234525435884, -1.841431694275987, -1.7766315138252784, 0.38864170277131616, -0.2804904187964927, 0.587233906018244, False
-4.997266867907749, -3.3125475934182322, 2.0601869777061905, 0.38864170277131616, -0.2804904187964927, 0.587233906018244, True
3.3159335337709095, 5.6028845791081405, 2.599329347444047, 0.38864170277131616, -0.2804904187964927, 0.587233906018244, True
-5.002511868492848, 5.503487223808019, -3.0961445961821323, 0.38864170277131616, -0.2804904187964927, 0.587233906018244, True
-0.8145564847656246, 0.4754362784403483, 0.31715540245004537, 0.38864170277131616, -0.2804904187964927, 0.587233906018244, True
0.3898532614317558, -1.3763178319031786, -2.0196461106954127, 0.38864170277131616, -0.2804904187964927, 0.587233906018244, False
-1.1547145366423575, -1.7942105856286181, 2.070896822228229, 0.38864170277131616, -0.2804904187964927, 0.587233906018244, False
-4.819549838866612, 1.917604772347504, 1.8099902199964983, 0.38864170277131616, -0.2804904187964927, 0.587233906018244, True
-0.7412961880770386, -0.15039392336924173, 1.4154991435035704, 0.38864170277131616, -0.2804904187964927, 0.587233906018244, True
-3.5369860806746236, 3.6770759359829714, -1.9098886694950123, 0.38864170277131616, -0.2804904187964927, 0.587233906018244, True
3.620306978066491, 3.4299908374039187, -1.486783190755259, 0.38864170277131616, -0.2804904187964927, 0.587233906018244, True
1.7887770520256119, -0.007107451932153452, -3.096097640233314, 0.38864170277131616, -0.2804904187964927, 0.587233906018244, True
1.0757755522312173, 4.238288571465288, -2.142239259602393, 0.38864170277131616, -0.2804904187964927, 0.587233906018244, False
2.9955427957757816, -5.196875923086928, -1.9948623142818076, 0.38864170277131616, -0.2804904187964927, 0.587233906018244, True
0.139017663198179, -1.5389618897127457, -0.3530717669176058, 0.38864170277131616, -0.2804904187964927, 0.587233906018244, False
-3.704853669618699, 4.351403593493373, 0.6560042811982307, 0.38864170277131616, -0.2804904187964927, 0.587233906018244, False
-4.807604320186993, -5.072104191177374, 1.5423756038159109, 0.38864170277131616, -0.2804904187964927, 0.587233906018244, True
4.956725267932342, -3.3158344494297025, 1.368336984052248, 0.38864170277131616, -0.2804904187964927, 0.587233906018244, True
-5.876220923341687, 2.5500410619680434, -2.1245708135577956, 0.38864170277131616, -0.2804904187964927, 0.587233906018244, True
1.4208247540459213, -0.9444309030541769, 2.437812500799165, 0.38864170277131616, -0.2804904187964927, 0.587233906018244, False
-3.3659937413443624, -5.93830599686572, 0.8090081290918016, 0.38864170277131616, -0.2804904187964927, 0.587233906018244, True
5.3924685197024385, 1.75132180344821, 2.1142757750111763, 0.38864170277131616, -0.2804904187964927, 0.587233906018244, True
-5.828660982405882, 4.090632897038249, 2.785145339611395, 0.38864170277131616, -0.2804904187964927, 0.587233906018244, False
-3.7775960405684423, 0.09929998559027009, 0.5355304005776165, 0.38864170277131616, -0.2804904187964927, 0.587233906018244, True
-3.253010324074401, 1.8460024365458345, 2.1683740098678594, 0.38864170277131616, -0.2804904187964927, 0.587233906018244, True
-2.9328596402897964, -1.2467068859817534, 2.7919676980394073, 0.38864170277131616, -0.2804904187964927, 0.587233906018244, False
6.21739027502586, 2.4232908557603157, -0.05824710167235292, 0.38864170277131616, -0.2804904187964927, 0.587233906018244, True
1.9803199324776468, -4.573626804616931, -1.6406627963684388, 0.38864170277131616, -0.2804904187964927, 0.587233906018244, True
6.213366878813735, 5.5617170990754285, -0.10161645535468766, 0.38864170277131616, -0.2804904187964927, 0.587233906018244, False
1.7561119724972496, -5.308044180978604, 2.9943705866265793, 0.38864170277131616, -0.2804904187964927, 0.587233906018244, True
-1.1193642193523354, 6.1108991240975925, -0.7667202463222682, 0.38864170277131616, -0.2804904187964927, 0.587233906018244, False
-3.994968269616068, -1.248941975144457, -2.7669284691453617, 0.38864170277131616, -0.2804904187964927, 0.587233906018244, False
0.7464477023660843, -0.7834075600771904, -0.7050042681717406, 0.38864170277131616, -0.2804904187964927, 0.587233906018244, False
5.297968723770989, -5.895050663983577, -1.7263420046400184, 0.38864170277131616, -0.2804904187964927, 0.587233906018244, True
1.3325397104157348, 5.9945761435769995, 3.067952410249246, 0.38864170277131616, -0.2804904187964927, 0.587233906018244, True
1.3122385770849334, 4.597919946450313, 2.62169349476242, 0.38864170277131616, -0.2804904187964927, 0.587233906018244, False
2.098633073757844, 1.9804058727816134, -1.6790218419573373, 0.38864170277131616, -0.2804904187964927, 0.587233906018244, True
4.531860200235885, -6.268627122030694, -2.6478142266946105, 0.38864170277131616, -0.2804904187964927, 0.587233906018244, False
4.558956731412467, -5.89826668102311, -1.4580733655218563, 0.38864170277131616, -0.2804904187964927, 0.587233906018244, True
-3.146325404060672, -4.516241157628791, 2.490069555253891, 0.38864170277131616, -0.2804904187964927, 0.587233906018244, True
-2.202925313167648, -4.36253962291887, -3.1026333929205205, 0.38864170277131616, -0.2804904187964927, 0.587233906018244, True
4.741184593787775, -6.017956716954125, -0.9049371244499427, 0.38864170277131616, -0.2804904187964927, 0.587233906018244, True
-3.4614217515451076, -2.081445884678118, 2.9789812308423613, 0.38864170277131616, -0.2804904187964927, 0.587233906018244, True
3.30588050550603, 4.019421746443802, 2.463002472815641, 0.38864170277131616, -0.2804904187964927, 0.587233906018244, False
-0.6049175269476708, -2.192433774468488, -0.6380030070780469, 0.38864170277131616, -0.2804904187964927, 0.587233906018244, False
4.063501380433003, -4.185625941813304, 0.8330222552379736, 0.38864170277131616, -0.2804904187964927, 0.587233906018244, True
4.788403313326475, -6.002957271248008, -2.6422498348072954, 0.38864170277131616, -0.2804904187964927, 0.587233906018244, True
0.9703070090309467, 4.504319784727153, 1.100680714024647, 0.38864170277131616, -0.2804904187964927, 0.587233906018244, False
4.3819962085772115, 5.769857116593702, -2.356955987173305, 0.38864170277131616, -0.2804904187964927, 0.587233906018244, False
1.5628134725802472, -0.13295898521583727, 0.39271653518157557, 0.38864170277131616, -0.2804904187964927, 0.587233906018244, False
-5.967290462793571, 4.428513053949775, 1.8262614442260565, 0.38864170277131616, -0.2804904187964927, 0.587233906018244, False
5.195180251501837, 1.5341302153491974, -1.712493685019109, 0.38864170277131616, -0.2804904187964927, 0.587233906018244, True
2.5781107576527322, -5.895855388444049, -1.9120803601929295, 0.38864170277131616, -0.2804904187964927, 0.587233906018244, True
-5.778877884218377, -4.068097420960523, 1.9925927627694682, 0.38864170277131616, -0.2804904187964927, 0.587233906018244, True
2.87164820831876, -4.056048545107988, 2.587619420520049, 0.38864170277131616, -0.2804904187964927, 0.587233906018244, True
-3.637410719982865, -3.9878001214679406, -1.576575068186778, 0.38864170277131616, -0.2804904187964927, 0.587233906018244, True
-4.77474463674322, 5.825713866296885, -2.9960143933314054, 0.38864170277131616, -0.2804904187964927, 0.587233906018244, True
-3.757017528727862, -4.852830610646701, -0.787212215879133, 0.38864170277131616, -0.2804904187964927, 0.587233906018244, True
-4.410700670927263, -3.3942917236286236, -1.2560791547174752, 0.38864170277131616, -0.2804904187964927, 0.587233906018244, True
4.07833185621581, 1.822130462830831, -2.119724662780472, 0.38864170277131616, -0.2804904187964927, 0.587233906018244, True
3.648427685029546, -6.193241468195236, -1.9062097541274208, 0.38864170277131616, -0.2804904187964927, 0.587233906018244, False
3.414637206216325, -3.4592576376129394, 2.8382522609248255, 0.38864170277131616, -0.2804904187964927, 0.587233906018244, True
5.958154387141327, -2.467704444113248, -2.0836427466622944, 0.38864170277131616, -0.2804904187964927, 0.587233906018244, True
2.3846237712315883, -0.31076093848682707, 1.2618070675214357, 0.38864170277131616, -0.2804904187964927, 0.587233906018244, True
-3.5155148337766584, -0.9175412974922699, -2.399908897719725, 0.38864170277131616, -0.2804904187964927, 0.587233906018244, False
0.19541450653394055, -2.898397360432981, 1.5566446082230403, 0.38864170277131616, -0.2804904187964927, 0.587233906018244, False
5.121094480437042, -2.327118515813943, -1.5961261155773907, 0.38864170277131616, -0.2804904187964927, 0.587233906018244, False
0.4179142677058536, 2.6409805142422016, 1.9675516903346937, 0.38864170277131616, -0.2804904187964927, 0.587233906018244, True
-4.058618346425455, 0.4950857172624801, 0.9787135217510565, 0.38864170277131616, -0.2804904187964927, 0.587233906018244, True
4.339500997539194, -0.44901037740550276, 0.31274039966149525, 0.38864170277131616, -0.2804904187964927, 0.587233906018244, False
-0.08813990405330063, 6.11717452259032, 1.2217457531127325, 0.38864170277131616, -0.2804904187964927, 0.587233906018244, True
-0.5964802481829219, 2.1474225722350724, 0.3337434273618074, 0.38864170277131616, -0.2804904187964927, 0.587233906018244, True
3.69468074991064, 2.797577130539551, -1.0038308693403017, 0.38864170277131616, -0.2804904187964927, 0.587233906018244, True
-5.133777044296281, -5.525020538742073, -1.1625246848440471, 0.38864170277131616, -0.2804904187964927, 0.587233906018244, True
4.248636973548347, 0.6367874093094485, -0.4029540870307624, 0.38864170277131616, -0.2804904187964927, 0.587233906018244, True
5.61799670856176, -5.437587955620333, 2.2331741109633665, 0.38864170277131616, -0.2804904187964927, 0.587233906018244, True
0.7357536571738317, -4.177867042309597, 1.566216868190562, 0.38864170277131616, -0.2804904187964927, 0.587233906018244, True
1.8733622031448007, -4.271438430637202, 1.4736565012023206, 0.38864170277131616, -0.2804904187964927, 0.587233906018244, True
2.02230647596679, 4.292570262398542, -1.1349600809359495, 0.38864170277131616, -0.2804904187964927, 0.587233906018244, False
-4.385652982186398, 2.2436268066884146, 1.0251145109067936, 0.38864170277131616, -0.2804904187964927, 0.587233906018244, True
0.8310788221356056, 1.7214482277102316, 1.9484218269260731, 0.38864170277131616, -0.2804904187964927, 0.587233906018244, True
-0.1583813523252795, -2.4236790630169285, -2.609929978272989, 0.38864170277131616, -0.2804904187964927, 0.587233906018244, True
5.999333351006271, 2.595089583632074, 0.014290040506726331, 0.38864170277131616, -0.2804904187964927, 0.587233906018244, True
4.276793907427249, 4.165732763319621, 0.9296909564537241, 0.38864170277131616, -0.2804904187964927, 0.587233906018244, False
2.6147071207844146, 2.3943125005011474, 1.2737270531799147, 0.38864170277131616, -0.2804904187964927, 0.587233906018244, True
-0.6299539111146037, 0.40509524536883923, -1.061813789487939, 0.38864170277131616, -0.2804904187964927, 0.587233906018244, True
-4.56773272458898, -1.4428995732632854, -0.26814664785811315, 0.38864170277131616, -0.2804904187964927, 0.587233906018244, False
6.248374741652585, -6.085823590593636, -1.7486095050041253, 0.38864170277131616, -0.2804904187964927, 0.587233906018244, True
0.18139997544194575, 5.922517922977214, -0.8863886847661657, 0.38864170277131616, -0.2804904187964927, 0.587233906018244, False
0.765544569075451, 1.909314660107949, 1.8914076554376145, 0.38864170277131616, -0.2804904187964927, 0.587233906018244, True
4.57428037698395, -6.184914120863444, -0.5630321556457782, 0.38864170277131616, -0.2804904187964927, 0.587233906018244, False
6.169280243003513, 5.458865532907733, -0.8598674793887677, 0.38864170277131616, -0.2804904187964927, 0.587233906018244, False
2.0967119693721195, 1.0579380908534644, 3.04172959790126, 0.38864170277131616, -0.2804904187964927, 0.587233906018244, True
5.5105994163808205, -2.2908895649162817, 1.6219760233244687, 0.38864170277131616, -0.2804904187964927, 0.587233906018244, False
4.150838814852456, -0.2605255113702025, -1.6726389332166753, 0.38864170277131616, -0.2804904187964927, 0.587233906018244, False
3.0338320284656497, 3.8177415634092497, -0.5014988846828534, 0.38864170277131616, -0.2804904187964927, 0.587233906018244, False
5.987514944586621, -2.332074568833153, -1.3315128255765194, 0.38864170277131616, -0.2804904187964927, 0.587233906018244, False
2.976259933681762, -5.412423135082554, -0.8362513035167862, 0.38864170277131616, -0.2804904187964927, 0.587233906018244, True
-3.044638114266963, -0.6975386374527046, 2.6475611037538904, 0.38864170277131616, -0.2804904187964927, 0.587233906018244, True
3.225609732718741, -0.9384350881095909, 0.41557602579555963, 0.38864170277131616, -0.2804904187964927, 0.587233906018244, False
1.420366371018205, 4.8624395468401005, -1.2845573702891564, 0.38864170277131616, -0.2804904187964927, 0.587233906018244, False
-2.696236736413681, 3.231410104638167, -0.7152580173751741, 0.38864170277131616, -0.2804904187964927, 0.587233906018244, True
5.708132798251905, -6.03167563503725, -2.84177967771364, 0.38864170277131616, -0.2804904187964927, 0.587233906018244, True
5.110566062177606, -5.076594695864227, -0.36540471608044367, 0.38864170277131616, -0.2804904187964927, 0.587233906018244, True
5.703988207613387, -4.142319936438676, 1.7131739441753258, 0.38864170277131616, -0.2804904187964927, 0.587233906018244, True
1.0523919181071868, -4.221874556292413, 2.70000806354685, 0.38864170277131616, -0.2804904187964927, 0.587233906018244, True
-4.042443179275622, -2.706900752652887, -1.671871306070709, 0.38864170277131616, -0.2804904187964927, 0.587233906018244, True
2.250385773242522, -4.502159940678354, -2.067611095818738, 0.38864170277131616, -0.2804904187964927, 0.587233906018244, True
-6.047075076168093, 5.5645715376668345, -1.2744309603336141, 0.38864170277131616, -0.2804904187964927, 0.587233906018244, False
5.631456885224065, 0.45058963556432285, -1.489119056508809, 0.38864170277131616, -0.2804904187964927, 0.587233906018244, True
-1.5072592238762414, -0.00010304301072672217, 0.37697738015216853, 0.38864170277131616, -0.2804904187964927, 0.587233906018244, True
2.0706418783808687, 5.980001323248926, -0.2940211858644548, 0.38864170277131616, -0.2804904187964927, 0.587233906018244, False
-1.120525736759487, 2.1066187841447856, 0.6505997314390553, 0.38864170277131616, -0.2804904187964927, 0.587233906018244, True
-3.5169221245658777, 6.094107199774566, 1.8486179885167013, 0.38864170277131616, -0.2804904187964927, 0.587233906018244, True
0.9230165899149005, -3.868643888425736, -2.2612972260958903, 0.38864170277131616, -0.2804904187964927, 0.587233906018244, True
-1.222487537763853, 1.9899816992264547, -1.8434904755709947, 0.38864170277131616, -0.2804904187964927, 0.587233906018244, True
0.22950937261184112, 4.725221510025305, 1.9937628380812242, 0.38864170277131616, -0.2804904187964927, 0.587233906018244, False
1.6387684970023484, -0.5879249827104474, 2.391917216875507, 0.38864170277131616, -0.2804904187964927, 0.587233906018244, True
0.6400763832564742, -0.12516396227551407, -1.70035928229229, 0.38864170277131616, -0.2804904187964927, 0.587233906018244, False
2.7729872815214893, 5.054712393309197, 0.3206518301420611, 0.38864170277131616, -0.2804904187964927, 0.587233906018244, False
-5.159070094046056, -1.2645602003150014, 2.2914066640072592, 0.38864170277131616, -0.2804904187964927, 0.587233906018244, False
5.90771408083649, 1.228022240726827, 2.9215991457333983, 0.38864170277131616, -0.2804904187964927, 0.587233906018244, True
3.0264930227114792, -2.425191032841889, 1.1069345072217551, 0.38864170277131616, -0.2804904187964927, 0.587233906018244, False
6.05621579817433, 5.203727351269167, -1.6957602372509937, 0.38864170277131616, -0.2804904187964927, 0.587233906018244, False
-3.4572414869195907, 5.321483727026935, 2.5944822070276734, 0.38864170277131616, -0.2804904187964927, 0.587233906018244, False
-0.4240693382833811, 2.6925408077844146, -1.4168487069873252, 0.38864170277131616, -0.2804904187964927, 0.587233906018244, True
-4.185560546592097, -5.085005345630112, -0.2836168952940459, 0.38864170277131616, -0.2804904187964927, 0.587233906018244, True
-1.399432876906098, 6.044573327124954, 2.960492323735007, 0.38864170277131616, -0.2804904187964927, 0.587233906018244, True
