3.373282842886722, 1.120865930543876, -1.7478038462382626, 0.42568136260520184, -0.0032261045686962087, 0.5524897524424239, True
-2.3276448408920154, 5.587783126770134, 1.701563538282998, 0.42568136260520184, -0.0032261045686962087, 0.5524897524424239, False
-5.107683710977775, -1.0402008885033736, -1.8536507820559294, 0.42568136260520184, -0.0032261045686962087, 0.5524897524424239, False
-3.7140740006252084, -0.08895309034551424, 3.0940605735261704, 0.42568136260520184, -0.0032261045686962087, 0.5524897524424239, True
-0.34215892117807556, -1.2430688430598629, 1.3086614694579, 0.42568136260520184, -0.0032261045686962087, 0.5524897524424239, True
5.4120444051875065, 2.1345830661251615, 1.6853304256983659, 0.42568136260520184, -0.0032261045686962087, 0.5524897524424239, True
1.2513597722785752, -3.997878545662483, -2.6880908701685975, 0.42568136260520184, -0.0032261045686962087, 0.5524897524424239, True
-3.610130138844988, 2.4167150165829305, -0.8399047608631292, 0.42568136260520184, -0.0032261045686962087, 0.5524897524424239, True
-5.183293530726813, 6.087608157924899, 2.7558636285329783, 0.42568136260520184, -0.0032261045686962087, 0.5524897524424239, True
0.7980381876671938, 5.791153478716913, 0.7668673477130401, 0.42568136260520184, -0.0032261045686962087, 0.5524897524424239, False
0.4918666394507012, -3.2782519522647666, 2.999286193588457, 0.42568136260520184, -0.0032261045686962087, 0.5524897524424239, True
-5.646799218299705, -4.741896427857431, -2.7477572731828346, 0.42568136260520184, -0.0032261045686962087, 0.5524897524424239, True
2.6928585235531663, 0.9816472939038698, -1.6360152601346418, 0.42568136260520184, -0.0032261045686962087, 0.5524897524424239, True
-0.23427904627868568, 0.061830616013781814, 1.1645918618202478, 0.42568136260520184, -0.0032261045686962087, 0.5524897524424239, True
1.5125240143957663, 5.222196686912962, -0.157346602506085, 0.42568136260520184, -0.0032261045686962087, 0.5524897524424239, False
3.920504206738876, 4.420032139447915, -2.2055976284427588, 0.42568136260520184, -0.0032261045686962087, 0.5524897524424239, False
-0.5210207513992637, 1.5722626935493746, -1.860763382893366, 0.42568136260520184, -0.0032261045686962087, 0.5524897524424239, True
4.612410457277109, 0.35436720495751306, -2.0640155587427347, 0.42568136260520184, -0.0032261045686962087, 0.5524897524424239, True
2.626123830770478, -4.50125115448485, -2.8297278321769674, 0.42568136260520184, -0.0032261045686962087, 0.5524897524424239, True
-0.2600793944741575, -5.950627829027926, -2.6637614220746473, 0.42568136260520184, -0.0032261045686962087, 0.5524897524424239, True
-3.591742836169657, -6.1674423215808, 2.2490411057305595, 0.42568136260520184, -0.0032261045686962087, 0.5524897524424239, True
4.253151847183162, 2.8276642143064183, -0.47915234110779625, 0.42568136260520184, -0.0032261045686962087, 0.5524897524424239, True
3.068926529031197, -2.440020702216446, -1.6883715565316473, 0.42568136260520184, -0.0032261045686962087, 0.5524897524424239, False
-1.7485799302121228, 5.337919246527214, -3.1152081220763344, 0.42568136260520184, -0.0032261045686962087, 0.5524897524424239, True
-5.52190926272577, -3.9459348506046847, 0.3240120116157881, 0.42568136260520184, -0.0032261045686962087, 0.5524897524424239, True
4.1754118122325075, 1.1597320633053538, 1.9645485408037144, 0.42568136260520184, -0.0032261045686962087, 0.5524897524424239, True
-5.87670329878143, 2.357461459504126, -1.81530809745596, 0.42568136260520184, -0.0032261045686962087, 0.5524897524424239, True
5.108446749309872, -0.9956244421188476, 0.2920017938227799, 0.42568136260520184, -0.0032261045686962087, 0.5524897524424239, False
2.4252775266787836, 2.77365456756106, 2.042578017487175, 0.42568136260520184, -0.0032261045686962087, 0.5524897524424239, True
-3.585309250199856, -5.6876178361388, -2.584572995457001, 0.42568136260520184, -0.0032261045686962087, 0.5524897524424239, True
-5.180345741176762, -6.190091941576749, -2.591119866040762, 0.42568136260520184, -0.0032261045686962087, 0.5524897524424239, False
5.782410485151333, 3.222753107208545, -2.686632284269946, 0.42568136260520184, -0.0032261045686962087, 0.5524897524424239, True
-5.442144796682722, -1.6622741966918904, 0.4937979448883567, 0.42568136260520184, -0.0032261045686962087, 0.5524897524424239, False
1.749484250989175, -3.630862032855893, 1.1279430545217064, 0.42568136260520184, -0.0032261045686962087, 0.5524897524424239, True
1.7928829527511692, 2.6740525506960875, 2.188428145507662, 0.42568136260520184, -0.0032261045686962087, 0.5524897524424239, True
-2.613193457631822, -5.834660917545133, -0.90149310178673, 0.42568136260520184, -0.0032261045686962087, 0.5524897524424239, True
2.8505408396467846, 0.5199489509873638, -1.4697081816287445, 0.42568136260520184, -0.0032261045686962087, 0.5524897524424239, True
-2.5065996481216257, 3.6038070493272016, 0.07389201947408797, 0.42568136260520184, -0.0032261045686962087, 0.5524897524424239, False
-0.6560708006165585, 3.0612172369937323, -0.8580117777254848, 0.42568136260520184, -0.0032261045686962087, 0.5524897524424239, True
3.3626290802656005, -2.3968653900412455, -0.6278640807393634, 0.42568136260520184, -0.0032261045686962087, 0.5524897524424239, True
-4.217768445243237, -2.477583966190263, -1.45628057834433, 0.42568136260520184, -0.0032261045686962087, 0.5524897524424239, False
-2.3742638481624905, 0.11010716965920153, 3.0813444145018334, 0.42568136260520184, -0.0032261045686962087, 0.5524897524424239, True
-4.746651076285719, -4.577630856954055, 1.9402873232430666, 0.42568136260520184, -0.0032261045686962087, 0.5524897524424239, True
-0.3701793125856234, -1.4031210396649847, 1.320031654019452, 0.42568136260520184, -0.0032261045686962087, 0.5524897524424239, True
6.047598324467035, 3.3435601235453003, 1.4432323067605548, 0.42568136260520184, -0.0032261045686962087, 0.5524897524424239, False
4.327079621209787, 2.7583477248973782, -0.5345618889977461, 0.42568136260520184, -0.0032261045686962087, 0.5524897524424239, True
-0.11783137721248949, 3.954160535380799, -2.189989844539997, 0.42568136260520184, -0.0032261045686962087, 0.5524897524424239, True
-0.3966652042752168, 0.6126356931275057, 0.7564004676536049, 0.42568136260520184, -0.0032261045686962087, 0.5524897524424239, True
-4.393914165205013, 6.129389509489323, -1.9159705605624384, 0.42568136260520184, -0.0032261045686962087, 0.5524897524424239, False
-5.404327179129404, -0.7484614496975999, -2.3316375963570994, 0.42568136260520184, -0.0032261045686962087, 0.5524897524424239, False
2.258106117234872, 6.118429596142155, 1.7077437496722307, 0.42568136260520184, -0.0032261045686962087, 0.5524897524424239, True
3.9708285840419553, -1.540639376510958, 0.5932646069405032, 0.42568136260520184, -0.0032261045686962087, 0.5524897524424239, False
-6.2556562314820585, -3.433654174744988, -0.9079307628016005, 0.42568136260520184, -0.0032261045686962087, 0.5524897524424239, True
-3.6185871903218048, -1.3353265041105695, 1.1853967529195728, 0.42568136260520184, -0.0032261045686962087, 0.5524897524424239, False
5.952569378904332, -2.833116606421057, 2.76947602653144, 0.42568136260520184, -0.0032261045686962087, 0.5524897524424239, False
3.0695782850138293, 3.675304783400028, 0.7884298521460615, 0.42568136260520184, -0.0032261045686962087, 0.5524897524424239, True
2.5211526287516364, -3.9195121394951977, 1.136229544722526, 0.42568136260520184, -0.0032261045686962087, 0.5524897524424239, True
1.3434952684796482, 0.9337568588062091, 0.3243575350500083, 0.42568136260520184, -0.0032261045686962087, 0.5524897524424239, True
4.8441531076067434, 1.6226048840063338, -0.28606027260542, 0.42568136260520184, -0.0032261045686962087, 0.5524897524424239, True
-2.3273630286077007, 0.473137651288587, -2.0718754405366044, 0.42568136260520184, -0.0032261045686962087, 0.5524897524424239, True
-1.8147808006103228, 0.9261285881098535, -2.351949964046819, 0.42568136260520184, -0.0032261045686962087, 0.5524897524424239, True
0.017556958018614566, -1.5032114247617718, -2.150291492386004, 0.42568136260520184, -0.0032261045686962087, 0.5524897524424239, False
2.0003600166619773, -4.757460587142845, -1.8048497560433532, 0.42568136260520184, -0.0032261045686962087, 0.5524897524424239, True
4.9535227187040825, -5.044440226584965, 1.8551388020554302, 0.42568136260520184, -0.0032261045686962087, 0.5524897524424239, True
-1.4706853715886998, 0.7301271599654484, 3.0055549951409057, 0.42568136260520184, -0.0032261045686962087, 0.5524897524424239, True
-3.622220466232626, -5.019252020751919, 0.7136268800668164, 0.42568136260520184, -0.0032261045686962087, 0.5524897524424239, True
3.830213150467557, -2.4438013670159346, 2.4346757747872276, 0.42568136260520184, -0.0032261045686962087, 0.5524897524424239, False
1.2874830099759436, -6.134813717120627, 2.2613669333777517, 0.42568136260520184, -0.0032261045686962087, 0.5524897524424239, True
-1.73447608773749, 0.9604149061690039, -0.05098590731843622, 0.42568136260520184, -0.0032261045686962087, 0.5524897524424239, True
0.9426901369242708, -3.1329839236628927, -1.0375543847306532, 0.42568136260520184, -0.0032261045686962087, 0.5524897524424239, True
-1.1117582429649113, -4.311136880065373, 3.135433934658468, 0.42568136260520184, -0.0032261045686962087, 0.5524897524424239, True
-0.41549852195663295, 0.9958817132391466, 1.3306875117667607, 0.42568136260520184, -0.0032261045686962087, 0.5524897524424239, True
-2.7447892283437025, 5.8834822785023615, 3.098576456085188, 0.42568136260520184, -0.0032261045686962087, 0.5524897524424239, True
-0.05889823515018566, -3.1239783836467905, 0.5833920552802225, 0.42568136260520184, -0.0032261045686962087, 0.5524897524424239, False
3.6115655861162015, 0.6007220336010635, 1.1324712134659087, 0.42568136260520184, -0.0032261045686962087, 0.5524897524424239, True
5.9115031520427355, -0.6996958467183187, -2.823919712482546, 0.42568136260520184, -0.0032261045686962087, 0.5524897524424239, False
0.03863083014655544, -4.383972428147825, 2.343955648624548, 0.42568136260520184, -0.0032261045686962087, 0.5524897524424239, True
2.5526858247489557, -0.7767812457216197, 0.3042018151018171, 0.42568136260520184, -0.0032261045686962087, 0.5524897524424239, False
-4.104668105619994, 3.9388573858020113, -0.09061323519547004, 0.42568136260520184, -0.0032261045686962087, 0.5524897524424239, False
3.9104042718651773, -3.025654046138764, 1.4396465383648263, 0.42568136260520184, -0.0032261045686962087, 0.5524897524424239, False
-4.959820024088186, -2.4957702234173533, -0.9287528564351182, 0.42568136260520184, -0.0032261045686962087, 0.5524897524424239, False
4.590916993110682, -3.831751455035809, -0.1643054164724993, 0.42568136260520184, -0.0032261045686962087, 0.5524897524424239, True
2.118207298616664, -4.520859366878539, 2.4919817798593993, 0.42568136260520184, -0.0032261045686962087, 0.5524897524424239, True
-2.3970334122671972, -0.656692874744798, -1.0901230620330375, 0.42568136260520184, -0.0032261045686962087, 0.5524897524424239, False
1.0254192367750639, -2.6268219197392573, -2.5653995970712136, 0.42568136260520184, -0.0032261045686962087, 0.5524897524424239, True
0.7067523295664246, 4.397609002790523, -1.3705740660994363, 0.42568136260520184, -0.0032261045686962087, 0.5524897524424239, False
2.041370294317421, 4.465796829130193, -0.11847885855602547, 0.42568136260520184, -0.0032261045686962087, 0.5524897524424239, False
1.6003294679945395, -2.0922632464090096, 2.5714273293512884, 0.42568136260520184, -0.0032261045686962087, 0.5524897524424239, False
5.1177747671445015, -4.019434908877422, 1.0124126051345677, 0.42568136260520184, -0.0032261045686962087, 0.5524897524424239, True
2.7018307460252764, 0.07687749388376375, -1.9242209707836904, 0.42568136260520184, -0.0032261045686962087, 0.5524897524424239, False
-0.9422584592859486, 3.4247945338660024, 2.883415060832042, 0.42568136260520184, -0.0032261045686962087, 0.5524897524424239, False
-0.6215927151232261, 2.937642084147514, -1.5669724004977956, 0.42568136260520184, -0.0032261045686962087, 0.5524897524424239, True
5.23268156736917, 0.7557438861167807, -2.31212006654789, 0.42568136260520184, -0.0032261045686962087, 0.5524897524424239, True
-1.6624231138401164, 5.648270157375016, 0.7197514681590493, 0.42568136260520184, -0.0032261045686962087, 0.5524897524424239, False
-3.6621048767608833, -0.3167567391338002, 2.7569102076254177, 0.42568136260520184, -0.0032261045686962087, 0.5524897524424239, True
5.265820885493984, -4.224847715605877, -2.652199283749446, 0.42568136260520184, -0.0032261045686962087, 0.5524897524424239, True
5.740131553602456, -5.367881128805333, 2.213067136554204, 0.42568136260520184, -0.0032261045686962087, 0.5524897524424239, True
-3.6308426349316014, -5.031824311102801, 2.5307950631119622, 0.42568136260520184, -0.0032261045686962087, 0.5524897524424239, True
-0.4683060429013839, -4.661152462433851, -2.9317891598331887, 0.42568136260520184, -0.0032261045686962087, 0.5524897524424239, True
-2.6823432267780363, 3.2017380185167568, 0.8896844875712979, 0.42568136260520184, -0.0032261045686962087, 0.5524897524424239, False
-4.100862762352055, 1.5074956679254239, -2.2769464329605253, 0.42568136260520184, -0.0032261045686962087, 0.5524897524424239, True
4.424935051329877, -2.8952457577188078, -0.30757542561159523, 0.42568136260520184, -0.0032261045686962087, 0.5524897524424239, False
-1.7273664734767022, 2.4480323465083416, 0.8277563172391931, 0.42568136260520184, -0.0032261045686962087, 0.5524897524424239, True
1.2622854408287285, 3.3471208305366833, -0.650208583415286, 0.42568136260520184, -0.0032261045686962087, 0.5524897524424239, True
2.3595493679623125, 4.952699424108589, -1.8251885526427565, 0.42568136260520184, -0.0032261045686962087, 0.5524897524424239, False
-6.046239900712914, -2.8612466729528645, 2.8996546620036483, 0.42568136260520184, -0.0032261045686962087, 0.5524897524424239, True
3.3535100366800954, 5.093610268989499, -2.397701617733685, 0.42568136260520184, -0.0032261045686962087, 0.5524897524424239, False
4.608742259766929, 4.901891994219255, -1.0382912044222925, 0.42568136260520184, -0.0032261045686962087, 0.5524897524424239, False
-0.18170130826040864, 5.562359218885446, -1.296765029253137, 0.42568136260520184, -0.0032261045686962087, 0.5524897524424239, True
4.26041892357628, 3.350484034896448, 2.6335477795495184, 0.42568136260520184, -0.0032261045686962087, 0.5524897524424239, False
5.201802613622839, 4.302027165823931, -2.557753131796059, 0.42568136260520184, -0.0032261045686962087, 0.5524897524424239, False
-0.9784285274657396, 1.759272449517093, 2.623777126094253, 0.42568136260520184, -0.0032261045686962087, 0.5524897524424239, True
3.068372927463093, 5.093726118793208, -1.315623892885938, 0.42568136260520184, -0.0032261045686962087, 0.5524897524424239, False
0.7466570835634379, -0.9089114621262988, -2.2269554728125893, 0.42568136260520184, -0.0032261045686962087, 0.5524897524424239, False
1.3214948600943242, -1.4259182937194446, -2.29499531916567, 0.42568136260520184, -0.0032261045686962087, 0.5524897524424239, False
-2.329649989630678, -1.0311882428006678, -1.9942396043841009, 0.42568136260520184, -0.0032261045686962087, 0.5524897524424239, False
-0.5367805029309052, -0.8279365599496318, -2.5158378938719332, 0.42568136260520184, -0.0032261045686962087, 0.5524897524424239, True
-4.414584515766078, 1.33654073157743, -1.5412620905499839, 0.42568136260520184, -0.0032261045686962087, 0.5524897524424239, True
3.2044328459036837, 4.704804706043955, 2.2335011509362808, 0.42568136260520184, -0.0032261045686962087, 0.5524897524424239, False
5.759146019083184, -0.13324028315519065, 0.29827788351442086, 0.42568136260520184, -0.0032261045686962087, 0.5524897524424239, False
-5.930585395301428, -5.985683732194911, -0.5962463048436288, 0.42568136260520184, -0.0032261045686962087, 0.5524897524424239, True
-1.639083420185024, -0.12180229029031864, -1.4217069387884247, 0.42568136260520184, -0.0032261045686962087, 0.5524897524424239, False
-0.8393370903487076, 0.5642585640251996, -1.9601150405558365, 0.42568136260520184, -0.0032261045686962087, 0.5524897524424239, True
4.1993214999537525, -5.0752546978040805, 2.6313328324814416, 0.42568136260520184, -0.0032261045686962087, 0.5524897524424239, True
-5.102570321874698, 5.486864470829508, -0.37352074799959123, 0.42568136260520184, -0.0032261045686962087, 0.5524897524424239, False
4.574105034333941, 3.260490482708212, -2.774230071117254, 0.42568136260520184, -0.0032261045686962087, 0.5524897524424239, True
-0.8214790294843706, -4.950364949742856, 2.5167174436919693, 0.42568136260520184, -0.0032261045686962087, 0.5524897524424239, True
1.582343926714083, -3.3174603906676285, -0.9757054300206915, 0.42568136260520184, -0.0032261045686962087, 0.5524897524424239, True
-4.093795765189787, -1.30243495919236, -1.6706238558882844, 0.42568136260520184, -0.0032261045686962087, 0.5524897524424239, False
0.9172781156381351, -0.4092312733113541, -0.030331180970544214, 0.42568136260520184, -0.0032261045686962087, 0.5524897524424239, False
-3.6990124894424703, 3.645979870833436, 2.820199879566479, 0.42568136260520184, -0.0032261045686962087, 0.5524897524424239, False
-2.818680429385978, 1.2012423978713764, -0.783797995825346, 0.42568136260520184, -0.0032261045686962087, 0.5524897524424239, True
5.310846095807657, 2.709316461367033, -0.0906871544994754, 0.42568136260520184, -0.0032261045686962087, 0.5524897524424239, True
0.766036263264148, 3.384552815601083, 2.5869712886741745, 0.42568136260520184, -0.0032261045686962087, 0.5524897524424239, False
1.235949461015089, 1.0710125043270127, -0.7137504744990286, 0.42568136260520184, -0.0032261045686962087, 0.5524897524424239, True
1.9393302145627267, 5.028766567601911, -1.3912256801968013, 0.42568136260520184, -0.0032261045686962087, 0.5524897524424239, False
-5.879240643468684, 4.073483754444236, 2.583511762715565, 0.42568136260520184, -0.0032261045686962087, 0.5524897524424239, False
-3.471003206028563, 1.5550077674912224, -0.5857604834912058, 0.42568136260520184, -0.0032261045686962087, 0.5524897524424239, True
-3.7442686540365258, 0.8144490238314264, 2.0553224846087135, 0.42568136260520184, -0.0032261045686962087, 0.5524897524424239, True
5.9284006815650265, 1.8357595970874208, 0.13587548584463827, 0.42568136260520184, -0.0032261045686962087, 0.5524897524424239, True
3.6013963581932043, -0.9302929097424304, 2.1442606335506644, 0.42568136260520184, -0.0032261045686962087, 0.5524897524424239, False
4.871145568987011, -1.3997086751626107, -2.9207686300280145, 0.42568136260520184, -0.0032261045686962087, 0.5524897524424239, True
-0.211122957061332, -2.5200667413227342, 1.0011375662508994, 0.42568136260520184, -0.0032261045686962087, 0.5524897524424239, False
6.063322542001979, 1.1049994115467694, 3.1143877010786634, 0.42568136260520184, -0.0032261045686962087, 0.5524897524424239, True
-6.167621493935853, -4.895732086883845, -0.7505302205330584, 0.42568136260520184, -0.0032261045686962087, 0.5524897524424239, True
4.322418760280078, 2.7523940991942464, -2.2540226969527173, 0.42568136260520184, -0.0032261045686962087, 0.5524897524424239, True
0.9283432033844115, 4.366003478443776, 1.1084693503047927, 0.42568136260520184, -0.0032261045686962087, 0.5524897524424239, False
-4.610517408823741, 4.799234669453018, -0.4641989467699905, 0.42568136260520184, -0.0032261045686962087, 0.5524897524424239, False
-0.2746165964863918, -4.129111339901798, 2.7318340015089406, 0.42568136260520184, -0.0032261045686962087, 0.5524897524424239, True
-2.2434957874952444, 4.523928406247663, 0.20752353775971732, 0.42568136260520184, -0.0032261045686962087, 0.5524897524424239, False
-5.1612619432509055, 4.250290563914088, -0.15103664518032645, 0.42568136260520184, -0.0032261045686962087, 0.5524897524424239, False
-3.4676550154827814, 2.3070039842117733, 1.66008933271618, 0.42568136260520184, -0.0032261045686962087, 0.5524897524424239, True
-0.8826347828568188, -1.9390817304405479, 1.7215766698296955, 0.42568136260520184, -0.0032261045686962087, 0.5524897524424239, False
-1.563740992614692, -3.614002243505616, -0.9182819918540384, 0.42568136260520184, -0.0032261045686962087, 0.5524897524424239, True
-1.100984984560717, -0.8507956331258519, -2.0882471877623963, 0.42568136260520184, -0.0032261045686962087, 0.5524897524424239, False
2.8671283652718635, -3.3962833014052465, -0.3778481683672874, 0.42568136260520184, -0.0032261045686962087, 0.5524897524424239, True
-5.302327246565894, -4.143074935429172, -2.1942101977909387, 0.42568136260520184, -0.0032261045686962087, 0.5524897524424239, True
-5.442365289494993, 0.1225680884483209, 2.7511104340601102, 0.42568136260520184, -0.0032261045686962087, 0.5524897524424239, True
-5.765766308462388, -2.096078097714085, 2.5057434166336865, 0.42568136260520184, -0.0032261045686962087, 0.5524897524424239, False
5.244045728073134, -2.403297454382034, 1.5422506089832302, 0.42568136260520184, -0.0032261045686962087, 0.5524897524424239, False
-0.4625187777776496, -1.789419427747271, 0.2666744810661106, 0.42568136260520184, -0.0032261045686962087, 0.5524897524424239, False
-4.296311839741522, 0.11997070701390733, -0.4022527375899374, 0.42568136260520184, -0.0032261045686962087, 0.5524897524424239, True
-5.931711357763624, -4.301433115018175, -1.5491170422771914, 0.42568136260520184, -0.0032261045686962087, 0.5524897524424239, True
-0.027740288851636485, -1.9907058239333644, 1.5813003840899755, 0.42568136260520184, -0.0032261045686962087, 0.5524897524424239, False
-4.61463621273464, -1.6185883777968701, -3.0079747826018677, 0.42568136260520184, -0.0032261045686962087, 0.5524897524424239, True
-2.633299374279566, -4.772927154293305, 2.5101261374014054, 0.42568136260520184, -0.0032261045686962087, 0.5524897524424239, True
-1.1974123889834232, -5.16748419186891, 2.428870190297282, 0.42568136260520184, -0.0032261045686962087, 0.5524897524424239, True
5.773210159373235, 3.7324498218400883, -1.767317780106368, 0.42568136260520184, -0.0032261045686962087, 0.5524897524424239, True
6.031038877198698, 0.6945208322060656, -3.0351805256070996, 0.42568136260520184, -0.0032261045686962087, 0.5524897524424239, True
-4.612748062898065, -2.656072020684076, 0.48355541399291413, 0.42568136260520184, -0.0032261045686962087, 0.5524897524424239, False
2.850051570344691, -5.8286497335276435, -2.3497396300340165, 0.42568136260520184, -0.0032261045686962087, 0.5524897524424239, True
-2.1689177973029317, -4.616253751484392, 1.9198631426084205, 0.42568136260520184, -0.0032261045686962087, 0.5524897524424239, True
0.9756669145960766, 4.73626436391771, -2.166983134020441, 0.42568136260520184, -0.0032261045686962087, 0.5524897524424239, False
2.278669760023396, -5.543870157218484, -3.0554616293714396, 0.42568136260520184, -0.0032261045686962087, 0.5524897524424239, True
-1.5977665781599617, -2.734085781011161, -0.797838100582053, 0.42568136260520184, -0.0032261045686962087, 0.5524897524424239, False
-1.2725071988824288, 3.259608650399622, -0.9120124357859001, 0.42568136260520184, -0.0032261045686962087, 0.5524897524424239, True
-5.390735295805637, 6.118624381615589, -2.0479683593411346, 0.42568136260520184, -0.0032261045686962087, 0.5524897524424239, False
0.21661286876797714, -4.751146896679678, -1.8529817502106218, 0.42568136260520184, -0.0032261045686962087, 0.5524897524424239, True
-2.943701217602934, -5.571829246581139, 0.36374539638972925, 0.42568136260520184, -0.0032261045686962087, 0.5524897524424239, True
1.0270969891621808, 5.2082150330921095, -2.2578568343587215, 0.42568136260520184, -0.0032261045686962087, 0.5524897524424239, False
-5.568868400941815, 5.485339386113598, -0.8228979424415583, 0.42568136260520184, -0.0032261045686962087, 0.5524897524424239, False
5.730084071792232, -1.4908147390281412, 3.042473732924061, 0.42568136260520184, -0.0032261045686962087, 0.5524897524424239, True
-2.0416629832942483, -1.343804416165395, -2.945694429189915, 0.42568136260520184, -0.0032261045686962087, 0.5524897524424239, True
4.579612182464119, -3.459710207101842, 1.1920158260916587, 0.42568136260520184, -0.0032261045686962087, 0.5524897524424239, True
-2.0319701955935736, -0.7875499119763996, 0.3369672313716725, 0.42568136260520184, -0.0032261045686962087, 0.5524897524424239, False
3.2416354150560363, 6.274842125327417, 0.9276317822402076, 0.42568136260520184, -0.0032261045686962087, 0.5524897524424239, True
-1.0738458159809472, -2.0805053006443552, 0.5720269515553174, 0.42568136260520184, -0.0032261045686962087, 0.5524897524424239, False
-4.160999602329959, 4.252516968204569, 0.4774524743349775, 0.42568136260520184, -0.0032261045686962087, 0.5524897524424239, False
1.36341879120857, -4.581117042264014, -1.928181368814208, 0.42568136260520184, -0.0032261045686962087, 0.5524897524424239, True
1.175059215215133, 5.1544819666814, 0.16182528499021664, 0.42568136260520184, -0.0032261045686962087, 0.5524897524424239, False
5.606550203644485, -3.2100044003571027, -1.148827582387705, 0.42568136260520184, -0.0032261045686962087, 0.5524897524424239, True
-5.273625287061433, 2.777290042641125, 2.894902916908002, 0.42568136260520184, -0.0032261045686962087, 0.5524897524424239, True
-0.02158611165765212, -1.3880063297146323, 1.8351492304120454, 0.42568136260520184, -0.0032261045686962087, 0.5524897524424239, True
-4.774845291322322, -6.064608059280534, 0.5650497451480563, 0.42568136260520184, -0.0032261045686962087, 0.5524897524424239, True
2.475762874742001, 1.1469062477625176, 1.5193982171466507, 0.42568136260520184, -0.0032261045686962087, 0.5524897524424239, True
1.7140714757905773, -3.5754389277898304, -1.2889142920537537, 0.42568136260520184, -0.0032261045686962087, 0.5524897524424239, True
-2.017358697269617, -3.582287897098679, -2.148644367652207, 0.42568136260520184, -0.0032261045686962087, 0.5524897524424239, True
2.919215921950805, 2.729687738692572, -1.6535055702896793, 0.42568136260520184, -0.0032261045686962087, 0.5524897524424239, True
-3.467430095774669, 3.2837543362517483, 0.6235834418690156, 0.42568136260520184, -0.0032261045686962087, 0.5524897524424239, False
4.405631454569333, -1.9252661718268662, -2.050548616831162, 0.42568136260520184, -0.0032261045686962087, 0.5524897524424239, False
