0.7279285482925104, 4.110085640800143, 1.3556276148762771, -0.4336166881077511, -0.3213305800410836, -0.06251250766724814, False
-4.766295676432766, -1.8996997138560099, -2.842267755296205, -0.4336166881077511, -0.3213305800410836, -0.06251250766724814, False
-5.344708651578556, 0.5543824187532254, -1.5293521449155125, -0.4336166881077511, -0.3213305800410836, -0.06251250766724814, False
-2.699810675539307, -3.698789092612135, 1.221435251299746, -0.4336166881077511, -0.3213305800410836, -0.06251250766724814, False
-5.255114834360388, 5.945267476719712, -1.5656215937250446, -0.4336166881077511, -0.3213305800410836, -0.06251250766724814, False
5.033352822084755, -1.6943261324018373, -2.374806625761861, -0.4336166881077511, -0.3213305800410836, -0.06251250766724814, False
-0.1562187449338177, -1.9406071859060763, -0.8415595205566748, -0.4336166881077511, -0.3213305800410836, -0.06251250766724814, False
-3.884931584639608, 4.922504597358429, 1.1995671262357632, -0.4336166881077511, -0.3213305800410836, -0.06251250766724814, False
3.7433375168324226, -1.2158285792949712, -1.59133445301524, -0.4336166881077511, -0.3213305800410836, -0.06251250766724814, False
0.3100398345607118, 5.082341927371031, -1.2328321503784938, -0.4336166881077511, -0.3213305800410836, -0.06251250766724814, False
5.508967892151077, 1.9456152677194254, -1.0698409749826032, -0.4336166881077511, -0.3213305800410836, -0.06251250766724814, False
-0.5460413967197759, -0.7706958318060462, 1.6709051937496016, -0.4336166881077511, -0.3213305800410836, -0.06251250766724814, False
0.6970738735211102, 3.1295444422638425, -2.2259569495107385, -0.4336166881077511, -0.3213305800410836, -0.06251250766724814, True
4.408739166934861, 1.0618460226670363, -1.9000512140760704, -0.4336166881077511, -0.3213305800410836, -0.06251250766724814, False
6.224233775851616, -0.45472282018866395, 1.8927883097453613, -0.4336166881077511, -0.3213305800410836, -0.06251250766724814, False
-1.3139006715890034, -3.270706397982622, 1.0644286072367732, -0.4336166881077511, -0.3213305800410836, -0.06251250766724814, False
-5.462463084190565, 0.6406741772216717, -1.8188357991219382, -0.4336166881077511, -0.3213305800410836, -0.06251250766724814, False
-4.77627483228957, -4.405254034970858, 2.7853664621432914, -0.4336166881077511, -0.3213305800410836, -0.06251250766724814, False
-1.9407453714166838, -0.7028407339126916, -2.132308724492603, -0.4336166881077511, -0.3213305800410836, -0.06251250766724814, False
4.84596129375203, -3.966542859372227, 0.26910261232128496, -0.4336166881077511, -0.3213305800410836, -0.06251250766724814, False
-2.1094897392821323, -5.420195616223469, -2.4940821796808357, -0.4336166881077511, -0.3213305800410836, -0.06251250766724814, False
5.362518684256969, 2.343648694486708, 1.417695837817364, -0.4336166881077511, -0.3213305800410836, -0.06251250766724814, False
0.22269836982383673, 5.259176571790958, -1.2628159189371868, -0.4336166881077511, -0.3213305800410836, -0.06251250766724814, False
-1.6844181146752302, 1.7760877785144658, -2.9208393127935794, -0.4336166881077511, -0.3213305800410836, -0.06251250766724814, True
-2.108413391371184, 3.454826378101579, 2.4320532786848963, -0.4336166881077511, -0.3213305800410836, -0.06251250766724814, False
0.7271994248127127, -1.1442735698502418, 2.751197886909214, -0.4336166881077511, -0.3213305800410836, -0.06251250766724814, False
-3.341837102449701, 0.4173381471849513, 3.113513867854537, -0.4336166881077511, -0.3213305800410836, -0.06251250766724814, True
-4.388959537453488, -4.6480562234488785, -0.02698124512365707, -0.4336166881077511, -0.3213305800410836, -0.06251250766724814, False
5.131610612300237, 0.9042264851913631, -0.20857338848158635, -0.4336166881077511, -0.3213305800410836, -0.06251250766724814, False
-1.7340882647627334, 5.307787545109189, 1.6470190370562117, -0.4336166881077511, -0.3213305800410836, -0.06251250766724814, False
-1.13066913732834, -5.8203198323661125, -0.586358489803751, -0.4336166881077511, -0.3213305800410836, -0.06251250766724814, False
5.011292336505447, -3.918308952167679, -0.3676200215548633, -0.4336166881077511, -0.3213305800410836, -0.06251250766724814, False
5.134288685697829, 1.9788008297678825, -1.7019582556902924, -0.4336166881077511, -0.3213305800410836, -0.06251250766724814, False
2.5755504671237937, -4.032158405536749, -1.748601148918015, -0.4336166881077511, -0.3213305800410836, -0.06251250766724814, False
0.2811963316555257, -0.020590863759482936, 2.8054864868929545, -0.4336166881077511, -0.3213305800410836, -0.06251250766724814, False
2.0702038120915525, -4.174942052749202, -0.09014655547270989, -0.4336166881077511, -0.3213305800410836, -0.06251250766724814, False
-5.36445094657436, 1.0310797466457382, -0.5320463714971115, -0.4336166881077511, -0.3213305800410836, -0.06251250766724814, False
6.152016277432676, -3.3080260728707223, 2.455507673156797, -0.4336166881077511, -0.3213305800410836, -0.06251250766724814, False
-1.211249824455476, -1.0068830943416431, -3.0981995846108075, -0.4336166881077511, -0.3213305800410836, -0.06251250766724814, True
5.883482291663512, -4.975309887293419, 0.5220191313489209, -0.4336166881077511, -0.3213305800410836, -0.06251250766724814, False
-2.756185322346504, -6.142195743714514, 0.7977752819849928, -0.4336166881077511, -0.3213305800410836, -0.06251250766724814, True
5.615958619523601, -2.072274956102093, -1.0640229940223946, -0.4336166881077511, -0.3213305800410836, -0.06251250766724814, False
-0.13262811063057356, 2.811047190143235, -0.6028414112485176, -0.4336166881077511, -0.3213305800410836, -0.06251250766724814, False
-2.562649386165406, -6.100872512913264, -2.2017783863210663, -0.4336166881077511, -0.3213305800410836, -0.06251250766724814, True
0.5445871979268979, -0.926859099164961, 0.9613869879107169, -0.4336166881077511, -0.3213305800410836, -0.06251250766724814, False
4.409541695128899, -5.731974900691582, -0.3625098934659352, -0.4336166881077511, -0.3213305800410836, -0.06251250766724814, False
-3.2104377040612704, 1.3787683272136855, -1.537761963300793, -0.4336166881077511, -0.3213305800410836, -0.06251250766724814, False
-2.623557394796786, 4.3318607237453275, -0.4288531154921098, -0.4336166881077511, -0.3213305800410836, -0.06251250766724814, False
3.685794591269314, -5.48352985900515, 0.875315584075814, -0.4336166881077511, -0.3213305800410836, -0.06251250766724814, False
5.375445366354837, 3.6728042157833496, 0.512044153014076, -0.4336166881077511, -0.3213305800410836, -0.06251250766724814, False
-1.081914773565435, -3.9383323225827063, 1.3733381886817577, -0.4336166881077511, -0.3213305800410836, -0.06251250766724814, False
3.6965995204938444, -0.4397025608813454, 1.951086330136902, -0.4336166881077511, -0.3213305800410836, -0.06251250766724814, True
0.3776437832318926, -3.6907958006892465, -0.4659870970887878, -0.4336166881077511, -0.3213305800410836, -0.06251250766724814, False
2.1546656424512705, 5.181735375198112, 1.6027262012825227, -0.4336166881077511, -0.3213305800410836, -0.06251250766724814, False
-4.848051868553279, -6.19728337527128, 2.5853193268749095, -0.4336166881077511, -0.3213305800410836, -0.06251250766724814, False
4.584075236027438, -4.278083518848819, -2.3034028677758878, -0.4336166881077511, -0.3213305800410836, -0.06251250766724814, False
-5.63738221243481, -1.930870540486679, -0.8976331914834188, -0.4336166881077511, -0.3213305800410836, -0.06251250766724814, False
-0.5607639197003262, -6.140888702466935, 3.049610071954482, -0.4336166881077511, -0.3213305800410836, -0.06251250766724814, True
-5.361882345052535, 3.9203736909880416, 2.619039415431378, -0.4336166881077511, -0.3213305800410836, -0.06251250766724814, False
-6.1339127417702874, 0.8917708736590964, 2.0820735179975713, -0.4336166881077511, -0.3213305800410836, -0.06251250766724814, False
-2.5281441033419227, -3.4329262476057703, 1.0225631731742117, -0.4336166881077511, -0.3213305800410836, -0.06251250766724814, False
2.547698494148385, 3.565914886022769, -2.4784727277918552, -0.4336166881077511, -0.3213305800410836, -0.06251250766724814, False
-4.536626069965203, 4.99971990197305, -1.3669431684952498, -0.4336166881077511, -0.3213305800410836, -0.06251250766724814, False
-0.8671367062833379, 1.5638110097142333, 1.237818373811761, -0.4336166881077511, -0.3213305800410836, -0.06251250766724814, False
2.9099567291696307, -6.124831003282764, -1.588250262956364, -0.4336166881077511, -0.3213305800410836, -0.06251250766724814, False
1.3407943081863456, 5.97596301414494, -2.783963005527725, -0.4336166881077511, -0.3213305800410836, -0.06251250766724814, False
-5.537490679521229, -4.157434523218626, -0.6376247234473227, -0.4336166881077511, -0.3213305800410836, -0.06251250766724814, False
-6.183794809627032, -2.5562231268267306, -0.5561816571280951, -0.4336166881077511, -0.3213305800410836, -0.06251250766724814, False
4.2112850171774525, 0.698552906397385, -2.6308380998162155, -0.4336166881077511, -0.3213305800410836, -0.06251250766724814, False
5.8154778616853395, -3.2814675468808194, -1.6843556299712559, -0.4336166881077511, -0.3213305800410836, -0.06251250766724814, False
-2.6587562129908866, -5.512163877145539, 2.174418457534788, -0.4336166881077511, -0.3213305800410836, -0.06251250766724814, False
2.9136092407549725, 2.3636581212062584, -0.529736664759676, -0.4336166881077511, -0.3213305800410836, -0.06251250766724814, False
-5.140328642452135, 4.533705220685718, -0.1504897380548944, -0.4336166881077511, -0.3213305800410836, -0.06251250766724814, False
-5.927375053635986, -2.611112174642221, -0.47368469484002373, -0.4336166881077511, -0.3213305800410836, -0.06251250766724814, False
-1.362989502107303, 5.060896490876873, -1.846334035103183, -0.4336166881077511, -0.3213305800410836, -0.06251250766724814, False
2.7743081348070504, -1.064432857082653, -2.298753597577424, -0.4336166881077511, -0.3213305800410836, -0.06251250766724814, False
5.398261290581951, 5.074381546129551, -1.5369497465179267, -0.4336166881077511, -0.3213305800410836, -0.06251250766724814, False
-2.3860743207485977, -3.9118660488085744, -0.6499329277403083, -0.4336166881077511, -0.3213305800410836, -0.06251250766724814, False
2.9021330442604967, -5.98282440055998, -1.695854075500027, -0.4336166881077511, -0.3213305800410836, -0.06251250766724814, False
2.4265096399164783, -6.0671929875970605, -2.7084587230657675, -0.4336166881077511, -0.3213305800410836, -0.06251250766724814, False
5.4219981519072125, -5.244546905304037, 0.12812410333685254, -0.4336166881077511, -0.3213305800410836, -0.06251250766724814, False
-2.663344204099044, -6.249707660197061, 0.6657631815836598, -0.4336166881077511, -0.3213305800410836, -0.06251250766724814, True
-0.4555088939806229, 1.455396344098844, 0.9047574347397598, -0.4336166881077511, -0.3213305800410836, -0.06251250766724814, False
-1.4774918953020624, -6.19781560190595, -1.918754978401573, -0.4336166881077511, -0.3213305800410836, -0.06251250766724814, False
-6.141150623866387, 4.657387877511532, -0.9750571620953679, -0.4336166881077511, -0.3213305800410836, -0.06251250766724814, False
-2.1983050135283877, 0.9652886881540601, 0.11837245892478787, -0.4336166881077511, -0.3213305800410836, -0.06251250766724814, False
-5.828492500200523, 4.060194673838819, -1.28329871313417, -0.4336166881077511, -0.3213305800410836, -0.06251250766724814, False
-1.4309542139745508, 2.1520977196962026, -0.4648766771856718, -0.4336166881077511, -0.3213305800410836, -0.06251250766724814, False
-2.156721729010754, -3.8049311230966714, -2.1390306099848617, -0.4336166881077511, -0.3213305800410836, -0.06251250766724814, False
-0.5466916700963838, 0.3224545204319309, -2.0292665835804455, -0.4336166881077511, -0.3213305800410836, -0.06251250766724814, False
-6.232568506224882, -3.0984389546511864, 1.9239219308704234, -0.4336166881077511, -0.3213305800410836, -0.06251250766724814, False
4.838172025679388, -3.9891337624676892, 2.179360535134384, -0.4336166881077511, -0.3213305800410836, -0.06251250766724814, False
4.093876687075472, 5.067457954982089, 2.872033400052853, -0.4336166881077511, -0.3213305800410836, -0.06251250766724814, False
-5.2168081119081995, 2.075236144795767, -1.2546935638963075, -0.4336166881077511, -0.3213305800410836, -0.06251250766724814, False
4.793012312699698, -2.1485249396766486, 0.18290026750662403, -0.4336166881077511, -0.3213305800410836, -0.06251250766724814, False
2.462595217353609, -3.9544157844444046, 2.345039891249744, -0.4336166881077511, -0.3213305800410836, -0.06251250766724814, False
-5.137614490730513, -1.9377082007216746, -2.934172615237289, -0.4336166881077511, -0.3213305800410836, -0.06251250766724814, True
5.717306019918867, -6.126383817938263, 0.764075199855963, -0.4336166881077511, -0.3213305800410836, -0.06251250766724814, False
3.5068440632518936, 3.518066475805222, 0.11035662535398316, -0.4336166881077511, -0.3213305800410836, -0.06251250766724814, False
-4.892217230224518, -4.240465982645304, 1.757162496725134, -0.4336166881077511, -0.3213305800410836, -0.06251250766724814, False
4.392323742468214, 3.082357945497627, -0.34779758526809834, -0.4336166881077511, -0.3213305800410836, -0.06251250766724814, False
-0.47914457665341903, 3.26328268457854, 0.35624081041162725, -0.4336166881077511, -0.3213305800410836, -0.06251250766724814, False
3.206275387937941, 1.0992469776257403, -1.7965897049896116, -0.4336166881077511, -0.3213305800410836, -0.06251250766724814, False
-1.8816165392965587, -4.978052614087925, 0.5397275013449816, -0.4336166881077511, -0.3213305800410836, -0.06251250766724814, False
-2.9573145261991063, 0.7263174955583835, -2.023407859825416, -0.4336166881077511, -0.3213305800410836, -0.06251250766724814, True
-2.525777490797266, 2.158599782244284, 2.74236482524101, -0.4336166881077511, -0.3213305800410836, -0.06251250766724814, False
-2.376647040311457, 6.152130507527202, -2.2979055203312595, -0.4336166881077511, -0.3213305800410836, -0.06251250766724814, False
3.2331663240911173, -3.018800347338028, -1.531703887473973, -0.4336166881077511, -0.3213305800410836, -0.06251250766724814, False
-5.846702631784773, 1.1522730251533613, 2.228905717031311, -0.4336166881077511, -0.3213305800410836, -0.06251250766724814, False
-3.1579590942826883, 5.974853176395763, -1.9892579431088873, -0.4336166881077511, -0.3213305800410836, -0.06251250766724814, False
-5.914682299548994, 1.3936058013404171, -1.9378025064741047, -0.4336166881077511, -0.3213305800410836, -0.06251250766724814, False
2.934223646604071, 3.309671597564394, -1.7403696162734739, -0.4336166881077511, -0.3213305800410836, -0.06251250766724814, False
2.1084112026007826, 0.46704032421723163, 2.54267231170678, -0.4336166881077511, -0.3213305800410836, -0.06251250766724814, False
-0.3723808803736359, -2.7694643975870723, 0.2473520785606742, -0.4336166881077511, -0.3213305800410836, -0.06251250766724814, False
-2.005130089655136, 4.897252599984631, 2.253425004324721, -0.4336166881077511, -0.3213305800410836, -0.06251250766724814, False
-6.062066977184375, 2.1368570911800173, -0.10436632087500097, -0.4336166881077511, -0.3213305800410836, -0.06251250766724814, False
0.8003384079851648, 1.024463027573285, 1.395108889114761, -0.4336166881077511, -0.3213305800410836, -0.06251250766724814, False
1.0293625117347922, -0.10885996790383956, -2.084706302295719, -0.4336166881077511, -0.3213305800410836, -0.06251250766724814, False
-3.4453716405989128, 0.31230102809627613, 1.4451548154713327, -0.4336166881077511, -0.3213305800410836, -0.06251250766724814, False
1.816343347792623, 4.992477475470681, -0.4109797108442743, -0.4336166881077511, -0.3213305800410836, -0.06251250766724814, False
2.2723809533520622, 1.191874701692626, 0.6456681471502241, -0.4336166881077511, -0.3213305800410836, -0.06251250766724814, False
-6.27661309155372, 2.0059210755457144, 1.036035149469157, -0.4336166881077511, -0.3213305800410836, -0.06251250766724814, False
3.6783330381785095, 2.095323604202278, 0.9452230568614723, -0.4336166881077511, -0.3213305800410836, -0.06251250766724814, False
-4.065570600795393, 1.5743912369567497, 1.936614797036433, -0.4336166881077511, -0.3213305800410836, -0.06251250766724814, False
5.728122932828871, -1.614335088103057, 1.6574661895164322, -0.4336166881077511, -0.3213305800410836, -0.06251250766724814, False
-3.2771221151224004, -2.613737749992384, -1.0412585859821584, -0.4336166881077511, -0.3213305800410836, -0.06251250766724814, False
1.7048530515614821, -2.9392336087081996, -0.21572265100129062, -0.4336166881077511, -0.3213305800410836, -0.06251250766724814, False
-3.177294544020454, 1.6298474042053845, -1.4493001954189206, -0.4336166881077511, -0.3213305800410836, -0.06251250766724814, False
3.3301742758775283, -2.1933015751238214, -0.7351990132569601, -0.4336166881077511, -0.3213305800410836, -0.06251250766724814, False
2.4849164844108653, -3.551569426063287, 1.7942734041786252, -0.4336166881077511, -0.3213305800410836, -0.06251250766724814, False
5.084509617323544, 3.408547373738939, -1.6855160161263931, -0.4336166881077511, -0.3213305800410836, -0.06251250766724814, False
4.573854017684894, -4.430859383895898, 1.5111461483260964, -0.4336166881077511, -0.3213305800410836, -0.06251250766724814, False
-3.6696183115892653, 5.817560111669119, 0.16919585071375787, -0.4336166881077511, -0.3213305800410836, -0.06251250766724814, False
-5.778449639343559, -0.9081895531805886, 0.9721079033538667, -0.4336166881077511, -0.3213305800410836, -0.06251250766724814, False
-4.963884251402598, -6.230342309815065, 3.0915890897306024, -0.4336166881077511, -0.3213305800410836, -0.06251250766724814, True
1.8870382689644618, 2.2353253554662853, -0.6748654574363733, -0.4336166881077511, -0.3213305800410836, -0.06251250766724814, False
0.7791062466301151, -1.8694984874346918, -1.1502916039761362, -0.4336166881077511, -0.3213305800410836, -0.06251250766724814, False
-3.7676656513588846, 1.175380044682635, 1.16577302030056, -0.4336166881077511, -0.3213305800410836, -0.06251250766724814, False
5.691425447682569, -1.730554257306884, -2.94611064154498, -0.4336166881077511, -0.3213305800410836, -0.06251250766724814, True
-4.738971355537712, 0.4802200093035669, 0.39259856089773093, -0.4336166881077511, -0.3213305800410836, -0.06251250766724814, False
-2.644870969451842, -1.5725747186811319, 0.38657228793687715, -0.4336166881077511, -0.3213305800410836, -0.06251250766724814, False
2.2267499315543287, -1.4347352432926623, -0.2625488857342706, -0.4336166881077511, -0.3213305800410836, -0.06251250766724814, False
-0.2517814809941168, -5.744603713594495, 3.0813684861777526, -0.4336166881077511, -0.3213305800410836, -0.06251250766724814, True
2.232635067419741, -5.1422112188637765, -1.3711190224157195, -0.4336166881077511, -0.3213305800410836, -0.06251250766724814, False
-0.9700560751558172, -3.5323210445281785, 0.014565973321154058, -0.4336166881077511, -0.3213305800410836, -0.06251250766724814, False
-4.862549196308655, -6.03562306051716, 1.3652090052636856, -0.4336166881077511, -0.3213305800410836, -0.06251250766724814, False
-5.803599889902997, -2.4866393301220047, 3.0047060484353256, -0.4336166881077511, -0.3213305800410836, -0.06251250766724814, True
0.45005909339482564, 4.703939265516556, -0.28241613127835574, -0.4336166881077511, -0.3213305800410836, -0.06251250766724814, False
4.152708196771039, 4.854535599430578, -0.3605716451250469, -0.4336166881077511, -0.3213305800410836, -0.06251250766724814, False
-0.8002855176813295, 0.9097255669117157, -2.000978430230158, -0.4336166881077511, -0.3213305800410836, -0.06251250766724814, False
3.876171233844966, 3.964499879627102, 1.527492448646636, -0.4336166881077511, -0.3213305800410836, -0.06251250766724814, False
2.635238216168652, -2.742482771156821, -0.06916057238493734, -0.4336166881077511, -0.3213305800410836, -0.06251250766724814, False
3.192681800837887, 1.0870656243504024, 2.0894690546178625, -0.4336166881077511, -0.3213305800410836, -0.06251250766724814, False
-0.03974356110058075, 3.6767419736333213, -1.1515299866409097, -0.4336166881077511, -0.3213305800410836, -0.06251250766724814, False
4.552131008529637, -4.602623348390597, 1.459926893271665, -0.4336166881077511, -0.3213305800410836, -0.06251250766724814, False
2.1378188162597027, -1.3912794856123574, -1.0595395470920121, -0.4336166881077511, -0.3213305800410836, -0.06251250766724814, False
1.8778431091521313, 6.197774638114106, -0.7413473380663209, -0.4336166881077511, -0.3213305800410836, -0.06251250766724814, False
-3.1830542550283543, 4.36394859487136, -0.08115506750266688, -0.4336166881077511, -0.3213305800410836, -0.06251250766724814, False
2.063181324410989, -1.2345508262828755, 1.978386910399279, -0.4336166881077511, -0.3213305800410836, -0.06251250766724814, False
-4.840787284169679, 5.359782942367023, 1.351400500228566, -0.4336166881077511, -0.3213305800410836, -0.06251250766724814, False
5.172357404080023, 1.7480020990503462, -1.8241444492241372, -0.4336166881077511, -0.3213305800410836, -0.06251250766724814, False
6.1558678098553425, -2.610977842996442, -2.7914636827075157, -0.4336166881077511, -0.3213305800410836, -0.06251250766724814, False
6.080965421120453, 2.5504922106349586, -1.006786904428706, -0.4336166881077511, -0.3213305800410836, -0.06251250766724814, False
3.8873126553101933, -1.1305236189386756, -2.905113144750493, -0.4336166881077511, -0.3213305800410836, -0.06251250766724814, True
1.1332327774256887, 5.365547143068422, -1.9571062265995327, -0.4336166881077511, -0.3213305800410836, -0.06251250766724814, False
-1.2118822630289987, -4.595980845398112, 1.6276664195984507, -0.4336166881077511, -0.3213305800410836, -0.06251250766724814, False
-0.2507270908513961, 5.586040777845746, -0.20889080676945104, -0.4336166881077511, -0.3213305800410836, -0.06251250766724814, False
-2.2614440601783956, 2.7284562343798147, 0.6854300395651673, -0.4336166881077511, -0.3213305800410836, -0.06251250766724814, False
0.28710443000642716, -2.980594253273201, -0.8134365055101522, -0.4336166881077511, -0.3213305800410836, -0.06251250766724814, False
-2.7645176237323064, -1.8177946232391475, 2.4824573179550873, -0.4336166881077511, -0.3213305800410836, -0.06251250766724814, False
3.0233697070264878, -4.853730652140776, 1.5649882104851347, -0.4336166881077511, -0.3213305800410836, -0.06251250766724814, False
1.8988281970021177, 4.96040662940943, -2.1878880447506064, -0.4336166881077511, -0.3213305800410836, -0.06251250766724814, False
-4.712812802548576, -5.995623710456775, -0.9442569296070955, -0.4336166881077511, -0.3213305800410836, -0.06251250766724814, False
0.38358132820983215, -0.28684669589207523, 0.3471279839643606, -0.4336166881077511, -0.3213305800410836, -0.06251250766724814, False
-4.585888196705552, 4.114207649750769, -1.280632139343146, -0.4336166881077511, -0.3213305800410836, -0.06251250766724814, False
-2.5040987818344616, 1.665718829744237, -2.728786819019572, -0.4336166881077511, -0.3213305800410836, -0.06251250766724814, False
-5.802230735521145, 2.8310113024191086, -1.0671942388451732, -0.4336166881077511, -0.3213305800410836, -0.06251250766724814, True
2.627119999470077, -5.5241658924955654, 2.949945494649116, -0.4336166881077511, -0.3213305800410836, -0.06251250766724814, True
-0.6020055276163161, -2.993933855932497, -2.496556439029053, -0.4336166881077511, -0.3213305800410836, -0.06251250766724814, False
1.8950235657048324, 0.7902608325121774, 0.07872516294332588, -0.4336166881077511, -0.3213305800410836, -0.06251250766724814, False
1.8769471432314688, 4.857251689861718, 1.9402044339957722, -0.4336166881077511, -0.3213305800410836, -0.06251250766724814, False
-5.704329816859283, 2.869021176840265, -2.832232426309268, -0.4336166881077511, -0.3213305800410836, -0.06251250766724814, True
0.8816785708229844, -5.536002573018975, 2.920928045064252, -0.4336166881077511, -0.3213305800410836, -0.06251250766724814, True
-5.601140296185316, 2.9531605530060556, 1.9497997909318086, -0.4336166881077511, -0.3213305800410836, -0.06251250766724814, True
-2.8655219305910835, -6.143554596491079, -0.8712921491677443, -0.4336166881077511, -0.3213305800410836, -0.06251250766724814, True
3.946652817987335, 2.5391244193870843, 3.1195838320919913, -0.4336166881077511, -0.3213305800410836, -0.06251250766724814, True
2.0661067163651445, 5.5482686369249645, -0.7065084817480636, -0.4336166881077511, -0.3213305800410836, -0.06251250766724814, False
-0.4573411400457905, -3.8098380179090356, -0.8947998411239988, -0.4336166881077511, -0.3213305800410836, -0.06251250766724814, False
2.8558258424556993, 0.5773851833111188, 0.7060829730870553, -0.4336166881077511, -0.3213305800410836, -0.06251250766724814, False
0.035109692542395265, 1.729078412041611, 0.4676320703767711, -0.4336166881077511, -0.3213305800410836, -0.06251250766724814, False
3.310802906557564, 6.151832837600631, -1.6377302392800428, -0.4336166881077511, -0.3213305800410836, -0.06251250766724814, False
-3.267849928455024, -6.102840361539668, 0.8880735144535299, -0.4336166881077511, -0.3213305800410836, -0.06251250766724814, False
3.120384955763962, 1.2034220443006536, 2.2941193210752377, -0.4336166881077511, -0.3213305800410836, -0.06251250766724814, False
4.169883481904231, 0.6176146335894863, -1.8848178225007743, -0.4336166881077511, -0.3213305800410836, -0.06251250766724814, False
5.623601147127591, -3.9440991747002476, -2.1831911744786323, -0.4336166881077511, -0.3213305800410836, -0.06251250766724814, False
-3.0648779637137102, 5.18815756486635, 1.1726309285055203, -0.4336166881077511, -0.3213305800410836, -0.06251250766724814, False
5.362375117696091, 1.5538354832026355, 1.479091665300686, -0.4336166881077511, -0.3213305800410836, -0.06251250766724814, False
-5.949079159027021, -5.053195510467111, 2.6272411929071415, -0.4336166881077511, -0.3213305800410836, -0.06251250766724814, False
-0.27243056891304374, -3.820056598955087, -2.871463171313034, -0.4336166881077511, -0.3213305800410836, -0.06251250766724814, False
-3.22195224621254, -3.9073507996320203, 2.4579491275765744, -0.4336166881077511, -0.3213305800410836, -0.06251250766724814, False
