5.9148789943994, 1.2932310933544642, 1.5899190297639407, -0.05908175957210815, 0.14681138176374753, 0.5262553279510933, True
-1.9564072152042602, -1.2975553015017693, -0.309933718749698, -0.05908175957210815, 0.14681138176374753, 0.5262553279510933, False
-1.6105992240896843, -4.830607161659428, -1.7605866506473433, -0.05908175957210815, 0.14681138176374753, 0.5262553279510933, True
-5.734689903092986, -4.726081150495765, -0.5729538858786749, -0.05908175957210815, 0.14681138176374753, 0.5262553279510933, True
5.234613074015272, 3.6756010862722714, -2.7496409852543042, -0.05908175957210815, 0.14681138176374753, 0.5262553279510933, True
-5.201756301076492, -1.953363463467313, -0.7126662807610087, -0.05908175957210815, 0.14681138176374753, 0.5262553279510933, False
-1.4167785355126927, 1.315002432884425, -1.0815281943059576, -0.05908175957210815, 0.14681138176374753, 0.5262553279510933, True
-3.800901690403327, -1.0399423500905467, 0.988487619605225, -0.05908175957210815, 0.14681138176374753, 0.5262553279510933, True
-5.784973911078628, -2.157953506999946, 1.9558158054905999, -0.05908175957210815, 0.14681138176374753, 0.5262553279510933, True
0.8414494800434476, -1.4969483073838195, -2.033331600283023, -0.05908175957210815, 0.14681138176374753, 0.5262553279510933, True
2.816571860437957, 6.11623443512317, -0.28893692290344086, -0.05908175957210815, 0.14681138176374753, 0.5262553279510933, False
-0.09782061211349191, 5.156121845131013, 0.05034727990110399, -0.05908175957210815, 0.14681138176374753, 0.5262553279510933, False
2.706885520023956, 4.828848980368257, -3.0922881685362595, -0.05908175957210815, 0.14681138176374753, 0.5262553279510933, True
-0.8920463119219937, 6.143756555602122, -1.6439107867137677, -0.05908175957210815, 0.14681138176374753, 0.5262553279510933, False
-3.5394306848308195, 2.493789962299674, 2.9909055298031735, -0.05908175957210815, 0.14681138176374753, 0.5262553279510933, True
6.275154472743322, 0.5228672663670793, 1.0949780634167778, -0.05908175957210815, 0.14681138176374753, 0.5262553279510933, True
-4.310271938712282, -4.950043719109278, -2.844597879769443, -0.05908175957210815, 0.14681138176374753, 0.5262553279510933, True
-3.760799387187433, -4.003881144232671, -1.3331889721228634, -0.05908175957210815, 0.14681138176374753, 0.5262553279510933, True
4.379064765930055, -0.7369657974066035, 1.3978421423225962, -0.05908175957210815, 0.14681138176374753, 0.5262553279510933, False
-3.913269934253866, -0.7208517693974681, 2.939927506713059, -0.05908175957210815, 0.14681138176374753, 0.5262553279510933, True
-0.23371518139776803, -4.739160019591395, -2.1083223649545157, -0.05908175957210815, 0.14681138176374753, 0.5262553279510933, True
1.7895896695085458, -1.2498355309359477, 1.9583249395260927, -0.05908175957210815, 0.14681138176374753, 0.5262553279510933, True
-3.220441504210936, -1.6628799045500662, -2.415029874864097, -0.05908175957210815, 0.14681138176374753, 0.5262553279510933, False
4.161264361623443, 1.0089772411378828, -2.9678008424185007, -0.05908175957210815, 0.14681138176374753, 0.5262553279510933, True
-2.9285973518970816, 6.252426661111949, 0.31541473365585704, -0.05908175957210815, 0.14681138176374753, 0.5262553279510933, True
1.1696576625275412, -3.7930690528425544, 0.7379287988018151, -0.05908175957210815, 0.14681138176374753, 0.5262553279510933, True
3.3692201550658325, 1.9392409719867718, -2.705948219382538, -0.05908175957210815, 0.14681138176374753, 0.5262553279510933, True
-3.5330442412769343, -4.300086937636706, -2.2050472767122598, -0.05908175957210815, 0.14681138176374753, 0.5262553279510933, True
4.6235801666999325, 3.540379877525721, -0.32647634762903, -0.05908175957210815, 0.14681138176374753, 0.5262553279510933, False
5.138590879118492, -2.122015754951496, 2.075995259700491, -0.05908175957210815, 0.14681138176374753, 0.5262553279510933, True
3.482639162653502, 2.435483729967567, -1.7875125460301389, -0.05908175957210815, 0.14681138176374753, 0.5262553279510933, True
4.175191086407505, -6.097596255079365, 2.123929079926638, -0.05908175957210815, 0.14681138176374753, 0.5262553279510933, True
1.6316577206078113, -0.3213529739248049, -1.6026222784900448, -0.05908175957210815, 0.14681138176374753, 0.5262553279510933, True
5.940518953910226, -5.1897174991862665, -3.0728081171654384, -0.05908175957210815, 0.14681138176374753, 0.5262553279510933, True
3.6558507368310806, 5.390386654412254, 1.4687287542374685, -0.05908175957210815, 0.14681138176374753, 0.5262553279510933, False
0.8842193621814314, -1.4458527201081566, -2.6005260382456585, -0.05908175957210815, 0.14681138176374753, 0.5262553279510933, True
-4.312169797388143, 2.8721811711191005, 0.25236355331178073, -0.05908175957210815, 0.14681138176374753, 0.5262553279510933, True
-4.975184912508636, 2.3264060701133253, 2.74526084559158, -0.05908175957210815, 0.14681138176374753, 0.5262553279510933, True
2.108930982453119, -3.4537613632530695, -0.9881622906979457, -0.05908175957210815, 0.14681138176374753, 0.5262553279510933, True
1.8659539735679491, -1.5016122344196656, -2.5083011662928563, -0.05908175957210815, 0.14681138176374753, 0.5262553279510933, True
-3.7132061984674025, -5.1484968192593215, 2.4714212917177543, -0.05908175957210815, 0.14681138176374753, 0.5262553279510933, True
-2.680845278891388, -4.600225478343067, -1.342009179089894, -0.05908175957210815, 0.14681138176374753, 0.5262553279510933, True
0.37604415716923434, 1.2869026541822564, 0.7187845139254931, -0.05908175957210815, 0.14681138176374753, 0.5262553279510933, True
-1.7115349252940497, -3.4259284012200153, -0.8277105138617191, -0.05908175957210815, 0.14681138176374753, 0.5262553279510933, True
-2.222999824592538, -3.8330368892236653, 1.5232849784383253, -0.05908175957210815, 0.14681138176374753, 0.5262553279510933, True
-4.138419225149354, -2.753866889437034, -1.1567761129185332, -0.05908175957210815, 0.14681138176374753, 0.5262553279510933, True
-0.7807414831903046, -4.130242666954719, 0.0662258615575273, -0.05908175957210815, 0.14681138176374753, 0.5262553279510933, True
3.773457234937327, 0.21632603247410476, -1.4734545307597242, -0.05908175957210815, 0.14681138176374753, 0.5262553279510933, True
5.77459325435504, 3.536117575431522, 3.0147995065957183, -0.05908175957210815, 0.14681138176374753, 0.5262553279510933, True
1.352575748535613, -2.7664173931880627, -2.502515568443297, -0.05908175957210815, 0.14681138176374753, 0.5262553279510933, True
-3.2096054956553925, 5.0459542662913766, 1.8705800081463622, -0.05908175957210815, 0.14681138176374753, 0.5262553279510933, False
-1.4015948659209991, 1.923892650004527, 2.153316250212555, -0.05908175957210815, 0.14681138176374753, 0.5262553279510933, True
0.05607216900364875, -1.8748519439912075, -1.7395359345184291, -0.05908175957210815, 0.14681138176374753, 0.5262553279510933, True
1.8102780037857453, -4.356984179436466, 2.2263122443439647, -0.05908175957210815, 0.14681138176374753, 0.5262553279510933, True
-1.3552702814527384, 6.119623170672039, -1.7569480808281805, -0.05908175957210815, 0.14681138176374753, 0.5262553279510933, False
-4.974509045119405, 1.135577374256492, -1.087174122001053, -0.05908175957210815, 0.14681138176374753, 0.5262553279510933, True
1.9306831529975792, -4.74144548106858, 2.024497337394801, -0.05908175957210815, 0.14681138176374753, 0.5262553279510933, True
-2.072493628250043, 0.7144863726321331, 0.7453859839985557, -0.05908175957210815, 0.14681138176374753, 0.5262553279510933, True
-5.532647044858668, -2.4869228371208547, -2.432315654139024, -0.05908175957210815, 0.14681138176374753, 0.5262553279510933, True
4.806265297161833, 4.434853801876109, -2.958872585244714, -0.05908175957210815, 0.14681138176374753, 0.5262553279510933, True
-1.043097735130928, -2.754123795412149, -2.779439036743799, -0.05908175957210815, 0.14681138176374753, 0.5262553279510933, True
4.1706679744618285, -5.007657593687579, 1.0349568276216283, -0.05908175957210815, 0.14681138176374753, 0.5262553279510933, True
0.14984672531747378, -6.2545948875060215, 1.989297085854517, -0.05908175957210815, 0.14681138176374753, 0.5262553279510933, True
-0.5571100321758227, -5.739958421647197, 1.308450809012931, -0.05908175957210815, 0.14681138176374753, 0.5262553279510933, True
3.353450241208204, -0.37661911955962957, -0.04711917943834054, -0.05908175957210815, 0.14681138176374753, 0.5262553279510933, False
4.022612841339475, 4.367553445054391, -2.8284492642346293, -0.05908175957210815, 0.14681138176374753, 0.5262553279510933, False
4.050793372610778, -4.14687162604401, -0.21563582849519358, -0.05908175957210815, 0.14681138176374753, 0.5262553279510933, True
-1.3915243168073497, 3.596872503032854, -0.47565617936110316, -0.05908175957210815, 0.14681138176374753, 0.5262553279510933, False
-4.582209511257098, 0.009248872971450162, -2.2822242412916967, -0.05908175957210815, 0.14681138176374753, 0.5262553279510933, True
-1.3856184121937378, 0.2806390743031937, 0.24558184517591775, -0.05908175957210815, 0.14681138176374753, 0.5262553279510933, True
2.2304603346110934, -0.9287980929794246, -3.11889081629922, -0.05908175957210815, 0.14681138176374753, 0.5262553279510933, True
4.103633603900326, -1.572149935561395, -3.08512100692042, -0.05908175957210815, 0.14681138176374753, 0.5262553279510933, True
-5.159589627871422, 1.653140324364692, -1.5158708944747048, -0.05908175957210815, 0.14681138176374753, 0.5262553279510933, True
2.916891805259903, 0.07630357247518038, -0.5339651486588646, -0.05908175957210815, 0.14681138176374753, 0.5262553279510933, False
2.121538408847373, 1.0139340205120337, -3.045239774454802, -0.05908175957210815, 0.14681138176374753, 0.5262553279510933, True
1.4118411493420364, 2.839914439883305, -2.536367883742056, -0.05908175957210815, 0.14681138176374753, 0.5262553279510933, True
6.08541013301466, 1.3216395716910032, 1.4126890584105647, -0.05908175957210815, 0.14681138176374753, 0.5262553279510933, True
2.996673812829634, 4.751906604170069, 2.103061329244089, -0.05908175957210815, 0.14681138176374753, 0.5262553279510933, True
-0.8685920822227535, -0.08371987539127179, 1.3356322418150244, -0.05908175957210815, 0.14681138176374753, 0.5262553279510933, True
3.339868487679066, -2.4080010953928173, -0.2599701508744481, -0.05908175957210815, 0.14681138176374753, 0.5262553279510933, False
-2.233673920625658, -5.356818241127867, -2.119580266511206, -0.05908175957210815, 0.14681138176374753, 0.5262553279510933, True
-0.09948073772623989, -0.18742472559274148, 2.420971938458048, -0.05908175957210815, 0.14681138176374753, 0.5262553279510933, True
-4.444370384432155, 6.214593110168156, 0.9662906902116584, -0.05908175957210815, 0.14681138176374753, 0.5262553279510933, True
-2.4908093512051797, 2.683760727394544, -2.6018695380078256, -0.05908175957210815, 0.14681138176374753, 0.5262553279510933, True
4.319538329893641, 5.824652459921847, 1.342678265850636, -0.05908175957210815, 0.14681138176374753, 0.5262553279510933, True
5.438523066412824, -5.35972305145507, 0.14991879468553115, -0.05908175957210815, 0.14681138176374753, 0.5262553279510933, True
2.341939529080861, 5.326269080222271, -2.8267360227861777, -0.05908175957210815, 0.14681138176374753, 0.5262553279510933, True
-0.7534247290206366, 4.965157990419273, 0.9155406070566379, -0.05908175957210815, 0.14681138176374753, 0.5262553279510933, False
2.99062835244089, -3.7776362325158335, -2.926120436676425, -0.05908175957210815, 0.14681138176374753, 0.5262553279510933, True
5.783803194081493, 1.3728887355778232, 1.0179999775900006, -0.05908175957210815, 0.14681138176374753, 0.5262553279510933, True
0.49008956339965515, -3.378276563484444, 2.5816158131630216, -0.05908175957210815, 0.14681138176374753, 0.5262553279510933, True
-1.8726940644486572, 6.044192128790778, -1.3847413358147225, -0.05908175957210815, 0.14681138176374753, 0.5262553279510933, False
2.3907551422335125, -2.120869700589936, 0.23821561223743393, -0.05908175957210815, 0.14681138176374753, 0.5262553279510933, False
-0.2695501980687238, -2.789911706554585, 0.999686376936392, -0.05908175957210815, 0.14681138176374753, 0.5262553279510933, False
6.014403387202389, -6.156562014864634, 0.2479934926936398, -0.05908175957210815, 0.14681138176374753, 0.5262553279510933, True
2.7766480363384733, 2.9201121280132494, -2.517480279616396, -0.05908175957210815, 0.14681138176374753, 0.5262553279510933, True
-3.6626014574873107, -2.241186249367262, 0.09785665881321348, -0.05908175957210815, 0.14681138176374753, 0.5262553279510933, False
5.168081450973446, 3.5100965077806556, -1.065377380404521, -0.05908175957210815, 0.14681138176374753, 0.5262553279510933, True
-1.1864884106564553, -6.185190894310898, 1.6729752920462593, -0.05908175957210815, 0.14681138176374753, 0.5262553279510933, True
0.44266239443515154, -5.917974842933995, 1.8654974694426327, -0.05908175957210815, 0.14681138176374753, 0.5262553279510933, True
0.639721808797229, 0.9118726669320107, -1.7664109186094676, -0.05908175957210815, 0.14681138176374753, 0.5262553279510933, True
-1.5413403208985725, -0.9407408644520734, 2.9024871473341305, -0.05908175957210815, 0.14681138176374753, 0.5262553279510933, False
-0.07475841119763871, 2.9841811883847154, 2.8025606244603543, -0.05908175957210815, 0.14681138176374753, 0.5262553279510933, True
0.5260622959367138, 0.19903164903890325, -2.2573847471091057, -0.05908175957210815, 0.14681138176374753, 0.5262553279510933, True
4.20125961716672, -2.0760742291669585, 0.6653508130105705, -0.05908175957210815, 0.14681138176374753, 0.5262553279510933, False
5.996900380662451, -3.5376581267433624, -2.477016712830019, -0.05908175957210815, 0.14681138176374753, 0.5262553279510933, True
3.988170967577762, -4.17261085599557, 2.7215054750408445, -0.05908175957210815, 0.14681138176374753, 0.5262553279510933, True
1.1173282393144843, -1.9234168997397658, 1.6006158611707315, -0.05908175957210815, 0.14681138176374753, 0.5262553279510933, True
-5.629978052805097, -4.954359500065849, 1.8581909094236329, -0.05908175957210815, 0.14681138176374753, 0.5262553279510933, True
-2.4841471595959757, 5.780080225960244, 2.4392785535062984, -0.05908175957210815, 0.14681138176374753, 0.5262553279510933, True
0.17353820848936152, 4.3327522822872115, -0.9861814675871412, -0.05908175957210815, 0.14681138176374753, 0.5262553279510933, True
-0.40184757005561433, 5.118096415215755, -1.7875445341413367, -0.05908175957210815, 0.14681138176374753, 0.5262553279510933, True
-4.807950970612534, -4.444183053265142, -2.3702672860626564, -0.05908175957210815, 0.14681138176374753, 0.5262553279510933, True
-5.2873989051054116, -1.975007755265442, -2.7931907488919308, -0.05908175957210815, 0.14681138176374753, 0.5262553279510933, False
-5.996454286815628, -1.8857386587245806, -2.2965452474864705, -0.05908175957210815, 0.14681138176374753, 0.5262553279510933, True
-4.168268542071631, -1.507661417636906, 2.4060648602287085, -0.05908175957210815, 0.14681138176374753, 0.5262553279510933, True
-6.068487578687683, 4.9653933107414385, 2.3486271397474043, -0.05908175957210815, 0.14681138176374753, 0.5262553279510933, True
-3.3596696836635074, -2.9373181740223187, 1.9423325640288747, -0.05908175957210815, 0.14681138176374753, 0.5262553279510933, False
-3.2444832605053504, -4.099500997492774, -0.9161120539380483, -0.05908175957210815, 0.14681138176374753, 0.5262553279510933, True
1.690019208499196, -1.673189146405539, -2.0127769544742646, -0.05908175957210815, 0.14681138176374753, 0.5262553279510933, False
5.364033229970987, -3.3496039224360272, 0.2362387472022962, -0.05908175957210815, 0.14681138176374753, 0.5262553279510933, True
0.8590962630956165, 3.823601985376042, 2.9229925663294836, -0.05908175957210815, 0.14681138176374753, 0.5262553279510933, True
-0.4943239078996102, -4.162501361236833, 0.9302443715348856, -0.05908175957210815, 0.14681138176374753, 0.5262553279510933, True
0.7386982765122339, -2.842191224810428, 0.1759841781721243, -0.05908175957210815, 0.14681138176374753, 0.5262553279510933, False
0.2554085609387746, 3.237767964178307, -2.692686472091395, -0.05908175957210815, 0.14681138176374753, 0.5262553279510933, True
-5.78390563630878, 1.1696589333669793, 0.0018139982003879673, -0.05908175957210815, 0.14681138176374753, 0.5262553279510933, True
5.628198991345631, 1.2447444802258874, -2.937975135176936, -0.05908175957210815, 0.14681138176374753, 0.5262553279510933, True
-5.555662969281076, 3.5875281874331133, -1.5856609326092492, -0.05908175957210815, 0.14681138176374753, 0.5262553279510933, True
1.9053229195661103, 2.4991114834875177, 3.0154559077702414, -0.05908175957210815, 0.14681138176374753, 0.5262553279510933, True
0.22620044489499147, 0.617651746896434, 1.9781127995115915, -0.05908175957210815, 0.14681138176374753, 0.5262553279510933, True
2.7608173088280132, 3.0032301053828387, 1.6651518832496892, -0.05908175957210815, 0.14681138176374753, 0.5262553279510933, True
-5.7309670856418435, -2.075995911615874, -0.6365359638625421, -0.05908175957210815, 0.14681138176374753, 0.5262553279510933, True
4.196958980787137, 1.5173225847019163, 1.1930897052349039, -0.05908175957210815, 0.14681138176374753, 0.5262553279510933, True
0.3073678310578263, 5.885677691984082, -2.542255229879971, -0.05908175957210815, 0.14681138176374753, 0.5262553279510933, False
3.68831982392801, -3.1180596418973976, -2.4430690410636444, -0.05908175957210815, 0.14681138176374753, 0.5262553279510933, True
-2.7462739739350863, -0.49255790145701894, 0.8267612945678064, -0.05908175957210815, 0.14681138176374753, 0.5262553279510933, False
-1.7996970158779746, -5.780425113222519, -1.4864148805909412, -0.05908175957210815, 0.14681138176374753, 0.5262553279510933, True
-4.933733017433096, -2.025025302692687, -0.091379213042039, -0.05908175957210815, 0.14681138176374753, 0.5262553279510933, False
0.8581297844770068, -5.197088221486985, -3.086969294021442, -0.05908175957210815, 0.14681138176374753, 0.5262553279510933, True
3.339371984279788, -1.556019495366229, -2.037879485512317, -0.05908175957210815, 0.14681138176374753, 0.5262553279510933, False
5.288428410596321, -3.6944764528257963, 2.4875883951858206, -0.05908175957210815, 0.14681138176374753, 0.5262553279510933, True
-5.539966603643474, 5.93246157801606, 0.11395625220101913, -0.05908175957210815, 0.14681138176374753, 0.5262553279510933, False
-0.4140924438258091, -0.2902582271020302, 2.2711264457350326, -0.05908175957210815, 0.14681138176374753, 0.5262553279510933, True
3.896602046021288, -6.281240056812575, 1.371441802940537, -0.05908175957210815, 0.14681138176374753, 0.5262553279510933, True
0.33959731383865766, 2.2015043052529464, -0.9614574397204012, -0.05908175957210815, 0.14681138176374753, 0.5262553279510933, True
1.868871720253468, 0.4524610948049812, -0.16439081696193414, -0.05908175957210815, 0.14681138176374753, 0.5262553279510933, True
-0.2764599597917625, 5.231630337101707, 0.5766746408540087, -0.05908175957210815, 0.14681138176374753, 0.5262553279510933, False
5.743472216879695, 5.30524787982273, -0.007768883611347199, -0.05908175957210815, 0.14681138176374753, 0.5262553279510933, False
2.7391710039670567, -0.898932650008236, 2.3388431633185434, -0.05908175957210815, 0.14681138176374753, 0.5262553279510933, False
-0.44163962347229724, 4.116304827121008, 0.06659835916197965, -0.05908175957210815, 0.14681138176374753, 0.5262553279510933, True
-5.815998450463618, -2.4495033088999847, -2.829426416331852, -0.05908175957210815, 0.14681138176374753, 0.5262553279510933, False
2.121935258517283, -5.638719963370988, -2.0875385516619573, -0.05908175957210815, 0.14681138176374753, 0.5262553279510933, True
3.1425206809541315, -2.4685075052885606, 2.036617898322059, -0.05908175957210815, 0.14681138176374753, 0.5262553279510933, False
-1.0750407287347175, -3.1500756064486772, -0.04740530425735079, -0.05908175957210815, 0.14681138176374753, 0.5262553279510933, False
4.544241936566259, -5.127788907531412, -0.6820850852769285, -0.05908175957210815, 0.14681138176374753, 0.5262553279510933, True
5.433170553346736, -2.653757090608047, 0.5611623405061041, -0.05908175957210815, 0.14681138176374753, 0.5262553279510933, False
-3.644818081092198, -2.0902112658008374, -1.6683808487438407, -0.05908175957210815, 0.14681138176374753, 0.5262553279510933, False
-4.097092253204372, 0.06776614344758336, -1.2109264904682722, -0.05908175957210815, 0.14681138176374753, 0.5262553279510933, False
-4.956986501460258, -2.465634065035231, -1.4338326218532171, -0.05908175957210815, 0.14681138176374753, 0.5262553279510933, False
5.57590911066754, -2.4035166074458982, -2.708773221316151, -0.05908175957210815, 0.14681138176374753, 0.5262553279510933, True
0.9261449686537899, 3.3523027529763585, 2.2175090881817834, -0.05908175957210815, 0.14681138176374753, 0.5262553279510933, False
-1.3583527232315102, 1.762314689316991, -2.77322010906507, -0.05908175957210815, 0.14681138176374753, 0.5262553279510933, True
0.35333028555896284, -2.806330664658571, -2.7028403154484106, -0.05908175957210815, 0.14681138176374753, 0.5262553279510933, True
0.5833988059978354, 2.4501896558519185, 2.829406927781176, -0.05908175957210815, 0.14681138176374753, 0.5262553279510933, True
-6.144606307224843, 2.7171984510880876, -1.9416582846869042, -0.05908175957210815, 0.14681138176374753, 0.5262553279510933, True
4.201121495301315, -5.1367329765538905, 0.7416841333585169, -0.05908175957210815, 0.14681138176374753, 0.5262553279510933, True
3.2682827516195854, 2.7474699960813638, 2.4880681176722836, -0.05908175957210815, 0.14681138176374753, 0.5262553279510933, True
-4.26041026618152, -1.8884572757448836, 0.5536589926987321, -0.05908175957210815, 0.14681138176374753, 0.5262553279510933, False
-6.051899831683495, -2.3030080680390603, -1.6575745450624237, -0.05908175957210815, 0.14681138176374753, 0.5262553279510933, False
-2.6855041476917965, 5.751198997644298, -0.12280867164176579, -0.05908175957210815, 0.14681138176374753, 0.5262553279510933, False
-5.217911188709637, -3.4869874134057675, -1.0260259184077154, -0.05908175957210815, 0.14681138176374753, 0.5262553279510933, True
-5.785465110833016, 2.474224850710957, 0.6341115527917816, -0.05908175957210815, 0.14681138176374753, 0.5262553279510933, True
5.899354482584485, 4.4417309602767805, -2.8382908866305274, -0.05908175957210815, 0.14681138176374753, 0.5262553279510933, True
5.2498425019771435, -2.2606167748706323, -0.9766662956306638, -0.05908175957210815, 0.14681138176374753, 0.5262553279510933, True
2.888415643903109, -5.768230089966462, 0.8676115898190337, -0.05908175957210815, 0.14681138176374753, 0.5262553279510933, True
4.968261644409747, 3.7047959669330677, -0.9202852080575599, -0.05908175957210815, 0.14681138176374753, 0.5262553279510933, False
0.5947033077636013, -3.6472234171421993, 0.11152726216620801, -0.05908175957210815, 0.14681138176374753, 0.5262553279510933, True
5.702158810223464, -2.8507133136896954, 0.5263990168729933, -0.05908175957210815, 0.14681138176374753, 0.5262553279510933, False
-1.2991516276019972, -0.6000920933177687, -1.138031647472379, -0.05908175957210815, 0.14681138176374753, 0.5262553279510933, False
1.2262570122359255, -3.3663115842277422, -1.310302385613214, -0.05908175957210815, 0.14681138176374753, 0.5262553279510933, True
4.273009405059145, 4.185440910767202, 0.9722518245511909, -0.05908175957210815, 0.14681138176374753, 0.5262553279510933, True
0.6340212899097892, 4.385226218445883, -1.5500390048331878, -0.05908175957210815, 0.14681138176374753, 0.5262553279510933, True
-1.70272010487016, -4.069954084980596, 1.9766218020560036, -0.05908175957210815, 0.14681138176374753, 0.5262553279510933, True
3.2636382826264327, 2.391106145218183, 0.3690614827958587, -0.05908175957210815, 0.14681138176374753, 0.5262553279510933, True
-2.9816121152166257, 1.0254535088522436, -2.409974462422246, -0.05908175957210815, 0.14681138176374753, 0.5262553279510933, True
-4.604761569113152, -1.5183379084016115, -2.5113914962779056, -0.05908175957210815, 0.14681138176374753, 0.5262553279510933, True
0.01202020831411943, -3.209698989942556, -1.0991681054885132, -0.05908175957210815, 0.14681138176374753, 0.5262553279510933, True
-1.5967380657299692, 3.559291433519384, -0.5482856633158777, -0.05908175957210815, 0.14681138176374753, 0.5262553279510933, False
-1.284652076947677, 4.200465836376813, -1.9721380153750545, -0.05908175957210815, 0.14681138176374753, 0.5262553279510933, True
5.7283952789516785, -0.5595206234571712, -1.6446027619801653, -0.05908175957210815, 0.14681138176374753, 0.5262553279510933, False
-2.975851789390095, 2.7989148126507626, 1.9746620749362611, -0.05908175957210815, 0.14681138176374753, 0.5262553279510933, True
1.1797110635034365, 5.479368810501928, -2.4666637469905806, -0.05908175957210815, 0.14681138176374753, 0.5262553279510933, True
0.3379292050628351, -4.100743020141271, 2.7024858897985933, -0.05908175957210815, 0.14681138176374753, 0.5262553279510933, True
4.451780034083788, -3.704836143885539, 2.997811873294271, -0.05908175957210815, 0.14681138176374753, 0.5262553279510933, True
-3.022496642652814, -2.889906268773767, 2.635201800036943, -0.05908175957210815, 0.14681138176374753, 0.5262553279510933, False
-0.4803183746144235, -3.801598407305998, 1.5274603067248327, -0.05908175957210815, 0.14681138176374753, 0.5262553279510933, True
0.9598385119183996, -5.780702784687884, -1.5691958593849047, -0.05908175957210815, 0.14681138176374753, 0.5262553279510933, True
-4.623603083151137, -2.882479398046261, -2.531736623676787, -0.05908175957210815, 0.14681138176374753, 0.5262553279510933, True
5.470507201209804, 4.835034745001817, 1.1575978689872723, -0.05908175957210815, 0.14681138176374753, 0.5262553279510933, True
0.08627348537675061, -4.546954164293922, 0.3806563362287556, -0.05908175957210815, 0.14681138176374753, 0.5262553279510933, True
