4.672035756505961, -3.2129991155934032, -1.7861512995526507, 0.21776627622473144, -0.16391182424335027, 0.26399958977811844, False
-5.47954602501559, 5.723128669013752, 2.1978376680352634, 0.21776627622473144, -0.16391182424335027, 0.26399958977811844, False
-1.7345050579969792, 1.0388557375633471, 1.2953847756623125, 0.21776627622473144, -0.16391182424335027, 0.26399958977811844, False
0.7318214984833569, -0.589409343882358, 2.883746735476186, 0.21776627622473144, -0.16391182424335027, 0.26399958977811844, True
-4.187519174981379, -3.9727623657542237, 3.1285871328587014, 0.21776627622473144, -0.16391182424335027, 0.26399958977811844, True
6.023346013433992, -5.857161354810398, 2.2213716350210664, 0.21776627622473144, -0.16391182424335027, 0.26399958977811844, False
-2.5182016931197686, 1.8948025930272046, -1.4245278547292732, 0.21776627622473144, -0.16391182424335027, 0.26399958977811844, True
2.347254390114177, 3.3978961765179925, 2.273078869279103, 0.21776627622473144, -0.16391182424335027, 0.26399958977811844, True
6.055471943517553, 2.673955010484722, 2.7144765213927338, 0.21776627622473144, -0.16391182424335027, 0.26399958977811844, False
0.37101747711673916, 5.699756179883192, -1.9851193836440675, 0.21776627622473144, -0.16391182424335027, 0.26399958977811844, False
-1.1087785472036362, -5.95986990256593, -1.7656324183994156, 0.21776627622473144, -0.16391182424335027, 0.26399958977811844, False
-2.9090308840688572, -3.004245207083626, -3.04171507820213, 0.21776627622473144, -0.16391182424335027, 0.26399958977811844, True
4.550224514688219, 3.2771245766001105, -1.6699874268824106, 0.21776627622473144, -0.16391182424335027, 0.26399958977811844, False
-5.582813312470728, 0.8022862886318123, -0.09716282649172925, 0.21776627622473144, -0.16391182424335027, 0.26399958977811844, False
-1.2431021496860524, -0.3825169316779089, 2.081656599376328, 0.21776627622473144, -0.16391182424335027, 0.26399958977811844, True
-3.422099876191131, 4.807346560202866, -3.0982099753567014, 0.21776627622473144, -0.16391182424335027, 0.26399958977811844, True
2.7261598948306567, -4.52363975020859, 1.6492582675468759, 0.21776627622473144, -0.16391182424335027, 0.26399958977811844, False
2.9153000940167626, 1.6382234744406148, 2.8518116124138935, 0.21776627622473144, -0.16391182424335027, 0.26399958977811844, False
4.876041800517813, 5.654591213964348, -1.0533813077909668, 0.21776627622473144, -0.16391182424335027, 0.26399958977811844, True
2.6182905179168383, 2.108015068939155, 0.5431722549466476, 0.21776627622473144, -0.16391182424335027, 0.26399958977811844, False
-1.24617992421598, -6.214105208566726, 2.1045647422134834, 0.21776627622473144, -0.16391182424335027, 0.26399958977811844, False
2.4844915959181453, 1.2218056726594595, -2.851831435345918, 0.21776627622473144, -0.16391182424335027, 0.26399958977811844, False
-5.277511641889968, 0.3602345234686224, 1.6064850244897277, 0.21776627622473144, -0.16391182424335027, 0.26399958977811844, False
2.661274151191746, 5.934453512041777, -2.7218853196551387, 0.21776627622473144, -0.16391182424335027, 0.26399958977811844, False
0.2249493420762052, 3.4706900683922424, -1.3339550569966727, 0.21776627622473144, -0.16391182424335027, 0.26399958977811844, False
2.4880070064143336, 4.633707550487689, 0.4690789571389007, 0.21776627622473144, -0.16391182424335027, 0.26399958977811844, False
-2.271629114955915, -2.6644765623250986, -3.0450346456293893, 0.21776627622473144, -0.16391182424335027, 0.26399958977811844, True
1.027481230352425, -3.899908640546472, -0.4912627328592558, 0.21776627622473144, -0.16391182424335027, 0.26399958977811844, False
1.2761040351225486, 5.608546287345106, 2.7487322492279898, 0.21776627622473144, -0.16391182424335027, 0.26399958977811844, False
3.35645654293133, -0.4906742057530158, 2.484265404411736, 0.21776627622473144, -0.16391182424335027, 0.26399958977811844, False
5.328616084642611, -5.235191303555745, 2.435373396861288, 0.21776627622473144, -0.16391182424335027, 0.26399958977811844, False
-5.618288668761767, -0.5710376167759685, 2.0760299604624697, 0.21776627622473144, -0.16391182424335027, 0.26399958977811844, False
3.9442150036363337, 4.610615287141629, 0.7709309001498617, 0.21776627622473144, -0.16391182424335027, 0.26399958977811844, True
0.048250356689121254, -1.6009997063254104, -2.146552040894914, 0.21776627622473144, -0.16391182424335027, 0.26399958977811844, False
0.9568800512561975, -2.9810721080305447, 1.660842793754889, 0.21776627622473144, -0.16391182424335027, 0.26399958977811844, False
-3.0324990336072766, 1.8135980559163034, -0.06991513723048648, 0.21776627622473144, -0.16391182424335027, 0.26399958977811844, False
1.3348420265268635, -2.6513639130872066, -0.7448671451785325, 0.21776627622473144, -0.16391182424335027, 0.26399958977811844, False
5.830744097246214, 0.6201304252839934, -0.008952248697521537, 0.21776627622473144, -0.16391182424335027, 0.26399958977811844, False
-5.637036400582827, 2.6542169785438396, -1.5688143492977793, 0.21776627622473144, -0.16391182424335027, 0.26399958977811844, False
5.884408982895396, -1.7699655810148895, -1.7646297602441328, 0.21776627622473144, -0.16391182424335027, 0.26399958977811844, False
-3.0449757714842147, 3.3471488453612857, 2.842286135368324, 0.21776627622473144, -0.16391182424335027, 0.26399958977811844, True
0.4337975132327996, 1.8586109523973793, -1.2860166167656764, 0.21776627622473144, -0.16391182424335027, 0.26399958977811844, False
-0.7517623448816506, 0.01360637191487779, -0.42622039915496446, 0.21776627622473144, -0.16391182424335027, 0.26399958977811844, True
2.9260680213244186, 0.5979786763431143, -0.7570090424807319, 0.21776627622473144, -0.16391182424335027, 0.26399958977811844, False
-4.157437670547559, 0.506182020167933, 2.8117560964717754, 0.21776627622473144, -0.16391182424335027, 0.26399958977811844, False
-5.277162357774172, -0.134275956822691, -2.9834271480621517, 0.21776627622473144, -0.16391182424335027, 0.26399958977811844, True
-5.108469417440318, -5.307116889008748, -2.724075347801794, 0.21776627622473144, -0.16391182424335027, 0.26399958977811844, False
-3.4708322571079675, 3.5125765325620932, -2.9356778288706313, 0.21776627622473144, -0.16391182424335027, 0.26399958977811844, True
-1.9320307347919137, -0.3369945260818872, 1.9423364758548338, 0.21776627622473144, -0.16391182424335027, 0.26399958977811844, True
-0.5409838998915486, 3.6792150628861044, 2.0333221604269776, 0.21776627622473144, -0.16391182424335027, 0.26399958977811844, False
-2.4123951052854125, 0.02756789261852166, -2.028615150220773, 0.21776627622473144, -0.16391182424335027, 0.26399958977811844, True
-5.192045307074677, -4.3153016123284065, 1.9338078479958458, 0.21776627622473144, -0.16391182424335027, 0.26399958977811844, False
-5.748882181395057, 1.124744790335317, -2.782746685806562, 0.21776627622473144, -0.16391182424335027, 0.26399958977811844, False
4.118259365422556, 0.3200720380389388, 1.6035669618827093, 0.21776627622473144, -0.16391182424335027, 0.26399958977811844, True
-2.6125570416894437, 2.9474325649683806, -0.8373206672891196, 0.21776627622473144, -0.16391182424335027, 0.26399958977811844, False
1.485311590944037, -2.6915833655645414, 1.6594484967397376, 0.21776627622473144, -0.16391182424335027, 0.26399958977811844, False
1.7570654328740076, 3.3679022010273147, -1.4298932359554581, 0.21776627622473144, -0.16391182424335027, 0.26399958977811844, False
-1.1319424930888413, 2.917078299252804, -1.1552371650314044, 0.21776627622473144, -0.16391182424335027, 0.26399958977811844, False
0.9119431649066474, -2.956144994472433, 0.5320755965531623, 0.21776627622473144, -0.16391182424335027, 0.26399958977811844, False
4.743529620888763, -3.6691028432710464, 2.0792023837857885, 0.21776627622473144, -0.16391182424335027, 0.26399958977811844, False
-1.3997870539551824, 1.4164380351457497, -1.0190121888799588, 0.21776627622473144, -0.16391182424335027, 0.26399958977811844, False
-2.099017127558712, -5.23788734995133, 1.1652475388469057, 0.21776627622473144, -0.16391182424335027, 0.26399958977811844, True
5.179922860420437, -2.041479666737672, -2.7788129657511904, 0.21776627622473144, -0.16391182424335027, 0.26399958977811844, False
3.337437775790173, -0.2551461532134134, -1.1933762306836129, 0.21776627622473144, -0.16391182424335027, 0.26399958977811844, False
4.3323457559471485, 1.1680528361398128, 0.08181758443684073, 0.21776627622473144, -0.16391182424335027, 0.26399958977811844, True
0.14378563414086187, 6.153925891793822, 1.7268169662776582, 0.21776627622473144, -0.16391182424335027, 0.26399958977811844, False
-3.817246839623905, 3.6789856265769814, -0.8790651984898794, 0.21776627622473144, -0.16391182424335027, 0.26399958977811844, True
-2.114880019221638, 2.9484137644029094, -1.7932171738177727, 0.21776627622473144, -0.16391182424335027, 0.26399958977811844, True
4.486625433614401, 6.229225366968132, -2.2772020137906, 0.21776627622473144, -0.16391182424335027, 0.26399958977811844, True
-6.166924424080816, -4.232194393443908, -2.532561413716423, 0.21776627622473144, -0.16391182424335027, 0.26399958977811844, False
-3.48096147225176, -5.27495122403894, -2.7467929238665665, 0.21776627622473144, -0.16391182424335027, 0.26399958977811844, False
-3.520506765142707, -4.447918312664157, -0.1329127213632182, 0.21776627622473144, -0.16391182424335027, 0.26399958977811844, False
2.4607931683215973, -3.9882193924859153, -2.803125678558465, 0.21776627622473144, -0.16391182424335027, 0.26399958977811844, False
5.942057391064239, -6.201993815865775, 2.1658720913218916, 0.21776627622473144, -0.16391182424335027, 0.26399958977811844, False
1.5928453822440565, 1.5332400390584313, -0.37067615095764994, 0.21776627622473144, -0.16391182424335027, 0.26399958977811844, False
-0.9924763380044528, 4.6279359566728875, 0.7014286335840527, 0.21776627622473144, -0.16391182424335027, 0.26399958977811844, False
0.8379113456112703, -3.3627691343228565, -2.983934209063958, 0.21776627622473144, -0.16391182424335027, 0.26399958977811844, True
4.939046612616346, 5.058161784366405, -1.4684889051415944, 0.21776627622473144, -0.16391182424335027, 0.26399958977811844, True
2.055188090652649, -4.368812095293703, 0.7211029519640815, 0.21776627622473144, -0.16391182424335027, 0.26399958977811844, False
1.0981459388098314, -2.710985553906999, -3.1412238999928896, 0.21776627622473144, -0.16391182424335027, 0.26399958977811844, True
-5.42092706369164, -1.7664568274325996, -0.3993817269235387, 0.21776627622473144, -0.16391182424335027, 0.26399958977811844, False
0.31710164110006556, -0.9859869141228073, 2.623889242296978, 0.21776627622473144, -0.16391182424335027, 0.26399958977811844, False
3.434977954255526, 1.8364894442723827, 2.6266256452205274, 0.21776627622473144, -0.16391182424335027, 0.26399958977811844, False
4.3288702404800254, -4.635315052009739, 2.780818689376945, 0.21776627622473144, -0.16391182424335027, 0.26399958977811844, True
0.20189113385805868, 4.97485955652677, 2.7290012862860342, 0.21776627622473144, -0.16391182424335027, 0.26399958977811844, False
-1.2293789766395085, 2.5378298930492207, 1.432094435540173, 0.21776627622473144, -0.16391182424335027, 0.26399958977811844, False
2.2684281260565413, -0.5246879634425827, 0.31748517142016475, 0.21776627622473144, -0.16391182424335027, 0.26399958977811844, False
-1.7426363563710856, -0.33202454438978, -2.387919274998142, 0.21776627622473144, -0.16391182424335027, 0.26399958977811844, True
5.424197413985144, 2.705530272407195, 0.8948375166672111, 0.21776627622473144, -0.16391182424335027, 0.26399958977811844, False
1.2592014275073922, -2.3720574660626172, 0.6877988434898352, 0.21776627622473144, -0.16391182424335027, 0.26399958977811844, False
-1.4855819169623858, 5.0280335092315624, -0.0882131721846875, 0.21776627622473144, -0.16391182424335027, 0.26399958977811844, True
-4.698435562391692, 3.614233301751419, 1.2928426304914566, 0.21776627622473144, -0.16391182424335027, 0.26399958977811844, False
-1.851980999591861, 5.508669930560558, -1.9478582171258736, 0.21776627622473144, -0.16391182424335027, 0.26399958977811844, True
2.447360155039526, -0.7805248996632024, -1.9791230664543678, 0.21776627622473144, -0.16391182424335027, 0.26399958977811844, False
2.8696873383952557, 6.139616839926086, -0.3873394769105145, 0.21776627622473144, -0.16391182424335027, 0.26399958977811844, False
-6.238220607311822, -4.225676870598778, -3.0150848189300565, 0.21776627622473144, -0.16391182424335027, 0.26399958977811844, True
-1.0859673791834092, -0.05998832336825011, 2.593176843188414, 0.21776627622473144, -0.16391182424335027, 0.26399958977811844, True
2.890469964880703, -2.8584759238263686, -0.01464026100459348, 0.21776627622473144, -0.16391182424335027, 0.26399958977811844, True
4.67268948909701, -5.125384151918484, 1.9094437374451863, 0.21776627622473144, -0.16391182424335027, 0.26399958977811844, False
0.2747190570668909, -3.7545659059127456, 0.871247082509492, 0.21776627622473144, -0.16391182424335027, 0.26399958977811844, False
-1.8724561066674354, -0.5744019174816648, 3.064163389505694, 0.21776627622473144, -0.16391182424335027, 0.26399958977811844, True
4.897082128873908, 4.415330073008159, 2.623687054665477, 0.21776627622473144, -0.16391182424335027, 0.26399958977811844, False
1.5320912798368784, 5.289446025661567, -2.313567803664686, 0.21776627622473144, -0.16391182424335027, 0.26399958977811844, False
-2.4585387601988518, -4.352560383625466, -2.782467988811146, 0.21776627622473144, -0.16391182424335027, 0.26399958977811844, True
3.7308604459387116, -6.244556647460049, -0.10030527298189229, 0.21776627622473144, -0.16391182424335027, 0.26399958977811844, True
4.816913890491588, 4.87883344339285, 2.5092653114013386, 0.21776627622473144, -0.16391182424335027, 0.26399958977811844, True
-4.168584359163589, -3.3746167205487043, 1.0675582597632092, 0.21776627622473144, -0.16391182424335027, 0.26399958977811844, False
4.518617857347413, -2.180026681726024, -0.23408826740367283, 0.21776627622473144, -0.16391182424335027, 0.26399958977811844, True
-6.090476027270538, -2.7668746862559774, -0.25728190686130104, 0.21776627622473144, -0.16391182424335027, 0.26399958977811844, False
0.1413324481593765, -0.5204899247887766, -0.2874917924345577, 0.21776627622473144, -0.16391182424335027, 0.26399958977811844, False
-6.136362211275922, -3.812615920176856, 1.8617504668814284, 0.21776627622473144, -0.16391182424335027, 0.26399958977811844, False
-1.6779874284816252, -0.276948256252342, 0.21161939437940536, 0.21776627622473144, -0.16391182424335027, 0.26399958977811844, True
-0.3162690240428505, -0.4307220740338584, -0.9992713268321558, 0.21776627622473144, -0.16391182424335027, 0.26399958977811844, False
-5.920791807202074, -1.9810374511120976, -0.8510382526549978, 0.21776627622473144, -0.16391182424335027, 0.26399958977811844, False
3.041384013746182, 5.064886622543245, -0.9667067947998449, 0.21776627622473144, -0.16391182424335027, 0.26399958977811844, False
-6.183990922721405, 6.1620088145685, -1.4503751487541936, 0.21776627622473144, -0.16391182424335027, 0.26399958977811844, False
2.238329687463189, 0.7594339023245409, 0.15607114154172574, 0.21776627622473144, -0.16391182424335027, 0.26399958977811844, False
4.995916779662416, 2.791278603913751, -1.079458677393215, 0.21776627622473144, -0.16391182424335027, 0.26399958977811844, False
1.412169718016826, -2.0394214931461123, 0.2480164084838199, 0.21776627622473144, -0.16391182424335027, 0.26399958977811844, False
-3.886390964969488, -3.7955023382334105, -2.611076161852633, 0.21776627622473144, -0.16391182424335027, 0.26399958977811844, False
-2.191530463071264, -3.733009385599332, -1.1748752894925634, 0.21776627622473144, -0.16391182424335027, 0.26399958977811844, True
0.11406538016047474, 1.9552326666093496, -1.9470826522511566, 0.21776627622473144, -0.16391182424335027, 0.26399958977811844, False
1.0680085820264607, 0.7041697455360865, 1.7897997385152333, 0.21776627622473144, -0.16391182424335027, 0.26399958977811844, False
3.2067550451873856, -5.307710868946592, -1.720514709034907, 0.21776627622473144, -0.16391182424335027, 0.26399958977811844, False
6.170212362386325, 4.963918278782073, 2.8850242970786653, 0.21776627622473144, -0.16391182424335027, 0.26399958977811844, False
-2.268373213684616, -3.316759893734883, 0.8003785422401162, 0.21776627622473144, -0.16391182424335027, 0.26399958977811844, True
-3.229038288093055, 0.9188686045487087, 0.17527112448877924, 0.21776627622473144, -0.16391182424335027, 0.26399958977811844, False
-1.6750320262088207, 6.163474178389244, 0.8573839696172021, 0.21776627622473144, -0.16391182424335027, 0.26399958977811844, True
0.18138216406736785, -4.876560665165841, -2.756223837421901, 0.21776627622473144, -0.16391182424335027, 0.26399958977811844, False
1.9328478438479308, -0.8846253790962031, 2.5772555119062472, 0.21776627622473144, -0.16391182424335027, 0.26399958977811844, False
3.5971387230347336, 2.000070755745737, -2.8369944216968555, 0.21776627622473144, -0.16391182424335027, 0.26399958977811844, False
1.9070744522882066, 2.545543159539383, 0.8125583994903467, 0.21776627622473144, -0.16391182424335027, 0.26399958977811844, False
-5.430304411589738, 0.18713648709276764, 2.2464605643577675, 0.21776627622473144, -0.16391182424335027, 0.26399958977811844, False
-0.6412942451346852, 5.992463576234437, -0.8170628756166636, 0.21776627622473144, -0.16391182424335027, 0.26399958977811844, True
-2.7214351838620403, -5.770467732454089, 2.8057005027795627, 0.21776627622473144, -0.16391182424335027, 0.26399958977811844, False
-0.06579408265369935, 4.840261576683908, -1.3391565898262277, 0.21776627622473144, -0.16391182424335027, 0.26399958977811844, False
2.2845246233651597, 2.3481003737478883, -2.22440231222802, 0.21776627622473144, -0.16391182424335027, 0.26399958977811844, False
0.7381984420598089, -3.5024177271051196, 1.704768600644469, 0.21776627622473144, -0.16391182424335027, 0.26399958977811844, False
-4.567034240384135, -4.053788573663486, 2.6360335392360934, 0.21776627622473144, -0.16391182424335027, 0.26399958977811844, False
5.1484497377880505, -6.232604802272905, 1.871439045990548, 0.21776627622473144, -0.16391182424335027, 0.26399958977811844, False
-4.232811622987345, 4.3238637154804564, -1.6430613715712996, 0.21776627622473144, -0.16391182424335027, 0.26399958977811844, False
1.335692298410085, 5.360094434374625, -0.8808030424308, 0.21776627622473144, -0.16391182424335027, 0.26399958977811844, False
3.0031871584799976, 3.468192266682328, -0.29338528787666496, 0.21776627622473144, -0.16391182424335027, 0.26399958977811844, True
5.449824191394013, -0.5759739951212195, 1.4636366973184245, 0.21776627622473144, -0.16391182424335027, 0.26399958977811844, True
3.2978186135332113, 3.300610044593803, 0.7772974506840051, 0.21776627622473144, -0.16391182424335027, 0.26399958977811844, True
-3.5808387729167497, -0.9868974003102347, -1.5240442851665745, 0.21776627622473144, -0.16391182424335027, 0.26399958977811844, False
5.078659362157589, 0.899789473218938, -1.4877877522014804, 0.21776627622473144, -0.16391182424335027, 0.26399958977811844, False
5.7226606912661495, -1.8169159992060084, -2.4390461667779952, 0.21776627622473144, -0.16391182424335027, 0.26399958977811844, False
0.2682812070333904, -0.7231928394617819, 2.3508302819161164, 0.21776627622473144, -0.16391182424335027, 0.26399958977811844, False
-5.346977353788137, -1.840460803470565, -2.768246058105225, 0.21776627622473144, -0.16391182424335027, 0.26399958977811844, False
0.7022145241137547, -0.8068766239915934, -0.05355408866823819, 0.21776627622473144, -0.16391182424335027, 0.26399958977811844, False
2.095096838003835, -0.21061226673006228, -2.8756784237778947, 0.21776627622473144, -0.16391182424335027, 0.26399958977811844, False
2.723665281683065, -5.807214880044568, -1.340712968704905, 0.21776627622473144, -0.16391182424335027, 0.26399958977811844, False
-6.138116585850346, -3.8958223014000377, -1.1746856809643456, 0.21776627622473144, -0.16391182424335027, 0.26399958977811844, False
2.373278787607731, -4.469168962051621, 2.8897894444907726, 0.21776627622473144, -0.16391182424335027, 0.26399958977811844, False
4.1474562395674415, 4.4276070323873284, 0.2855826522152922, 0.21776627622473144, -0.16391182424335027, 0.26399958977811844, True
-3.6248080817859516, -4.72825462875424, 2.89026292205864, 0.21776627622473144, -0.16391182424335027, 0.26399958977811844, True
1.3037814728510844, -6.0792136458624935, 2.8363297349716987, 0.21776627622473144, -0.16391182424335027, 0.26399958977811844, False
-1.282811350063369, -4.338410703019094, 2.7832496462210976, 0.21776627622473144, -0.16391182424335027, 0.26399958977811844, False
2.522074966769404, -3.188450185603054, -1.8983208076948914, 0.21776627622473144, -0.16391182424335027, 0.26399958977811844, False
0.36947972769049375, -3.557540472456253, 1.9674599526351733, 0.21776627622473144, -0.16391182424335027, 0.26399958977811844, False
0.05491547403605157, -3.016060957271521, -2.7271466191351963, 0.21776627622473144, -0.16391182424335027, 0.26399958977811844, False
-1.1117098460116592, 1.9325529421212604, 1.9626114892060178, 0.21776627622473144, -0.16391182424335027, 0.26399958977811844, False
-3.5082427438962216, -0.0686546010260285, -0.8594868895946539, 0.21776627622473144, -0.16391182424335027, 0.26399958977811844, False
1.2909514490727823, -1.6966929941673508, 2.66402744644164, 0.21776627622473144, -0.16391182424335027, 0.26399958977811844, False
4.72085065690046, -2.184919756711122, 0.28910238649881936, 0.21776627622473144, -0.16391182424335027, 0.26399958977811844, False
-3.34420729968769, -2.7490546849255137, -0.8992369369546993, 0.21776627622473144, -0.16391182424335027, 0.26399958977811844, True
6.174130560710651, -4.701083351815276, 0.5515667266216204, 0.21776627622473144, -0.16391182424335027, 0.26399958977811844, False
2.8593216759314632, 1.1576079186431683, -1.820709181997106, 0.21776627622473144, -0.16391182424335027, 0.26399958977811844, False
5.608946490011265, -2.7242533894566994, -0.3974922125864868, 0.21776627622473144, -0.16391182424335027, 0.26399958977811844, False
3.615648819113689, 5.332748886172421, 1.7973591715321797, 0.21776627622473144, -0.16391182424335027, 0.26399958977811844, False
-5.669262262381066, -1.9167235544563335, -1.8616324150732637, 0.21776627622473144, -0.16391182424335027, 0.26399958977811844, False
4.307023410269009, 1.299261143711731, -1.1170392685463297, 0.21776627622473144, -0.16391182424335027, 0.26399958977811844, True
-5.7758401664576855, 0.5797052187774376, 0.1204126177710263, 0.21776627622473144, -0.16391182424335027, 0.26399958977811844, False
-4.730284610479504, 3.904271238102794, 1.1825699771118394, 0.21776627622473144, -0.16391182424335027, 0.26399958977811844, False
1.131683766417777, 1.1200675601169117, 2.812481743880843, 0.21776627622473144, -0.16391182424335027, 0.26399958977811844, False
-2.800464932535997, -4.005175627936335, 0.012412359269181827, 0.21776627622473144, -0.16391182424335027, 0.26399958977811844, False
-2.4318614203276767, 2.4815771057714784, -1.9973425621121628, 0.21776627622473144, -0.16391182424335027, 0.26399958977811844, True
1.9699023995477987, -2.890058475033635, 0.967791726926623, 0.21776627622473144, -0.16391182424335027, 0.26399958977811844, False
-1.588955153224604, -2.4509450163499666, -0.12396053571906007, 0.21776627622473144, -0.16391182424335027, 0.26399958977811844, False
2.9880633484828536, -6.025700110800288, -0.22927347387970753, 0.21776627622473144, -0.16391182424335027, 0.26399958977811844, False
-4.944139411805708, 5.4299934731046555, -0.3355078227591015, 0.21776627622473144, -0.16391182424335027, 0.26399958977811844, False
-4.165496031611436, 0.6382361380504546, 0.24798536819979455, 0.21776627622473144, -0.16391182424335027, 0.26399958977811844, False
4.382336099866146, 5.020583783604357, -3.123805739024127, 0.21776627622473144, -0.16391182424335027, 0.26399958977811844, True
-2.5157185315497492, 2.145822198207167, 1.5056304192857617, 0.21776627622473144, -0.16391182424335027, 0.26399958977811844, True
-3.2528105964067637, 1.4728149285735261, 0.6712264772292471, 0.21776627622473144, -0.16391182424335027, 0.26399958977811844, False
3.8686748630427132, -2.49302142245588, -3.0727370430604064, 0.21776627622473144, -0.16391182424335027, 0.26399958977811844, True
-2.3153894729215776, 6.257899757613293, 0.05184802542704903, 0.21776627622473144, -0.16391182424335027, 0.26399958977811844, True
-0.19422099904340406, 5.066048488354845, 1.4833207751622854, 0.21776627622473144, -0.16391182424335027, 0.26399958977811844, False
-2.532480912801882, 6.025142089730105, -0.402339725901125, 0.21776627622473144, -0.16391182424335027, 0.26399958977811844, True
-2.6912975400702983, -0.12421626875686709, 0.8096248713500587, 0.21776627622473144, -0.16391182424335027, 0.26399958977811844, False
-1.8474105311051154, 5.7087178400396645, 0.318652402326542, 0.21776627622473144, -0.16391182424335027, 0.26399958977811844, True
-3.622868556324234, 2.353431607846643, 0.9763248231864434, 0.21776627622473144, -0.16391182424335027, 0.26399958977811844, False
-2.173383625923674, -1.702512415061582, 2.34856168800758, 0.21776627622473144, -0.16391182424335027, 0.26399958977811844, True
3.0383737983137866, -3.8755480877616493, 0.5276475130950082, 0.21776627622473144, -0.16391182424335027, 0.26399958977811844, False
-4.67478815826347, -0.21496496431532996, -1.1915209236438853, 0.21776627622473144, -0.16391182424335027, 0.26399958977811844, False
-4.899337466636077, 0.07706773487744645, 0.3623507937268924, 0.21776627622473144, -0.16391182424335027, 0.26399958977811844, False
-0.4206241628490801, 0.1933032063354032, 2.0600110645795136, 0.21776627622473144, -0.16391182424335027, 0.26399958977811844, False
1.1225795423988698, 4.492682364521146, 1.5398539380572744, 0.21776627622473144, -0.16391182424335027, 0.26399958977811844, False
-4.143323241095654, 5.669614194030348, -2.2062377531890385, 0.21776627622473144, -0.16391182424335027, 0.26399958977811844, False
