-2.5997816500214554, -3.847274849491673, 1.7829604436387463, 0.07377431360013875, 0.11162812601489613, -0.0017952320149365875, True
3.603637109577651, 4.256485075153504, 0.5965267983125693, 0.07377431360013875, 0.11162812601489613, -0.0017952320149365875, True
-0.8798252642842561, -0.35287913783869307, -0.03234634034289652, 0.07377431360013875, 0.11162812601489613, -0.0017952320149365875, True
1.2016508312680614, -0.13533131957684041, 0.1365247381757433, 0.07377431360013875, 0.11162812601489613, -0.0017952320149365875, True
-4.2482193147775344, 5.183671133816995, 2.7100886077981743, 0.07377431360013875, 0.11162812601489613, -0.0017952320149365875, True
1.1508423572173845, -2.335703071881767, 1.7452011636172315, 0.07377431360013875, 0.11162812601489613, -0.0017952320149365875, True
3.869571177996445, 0.1244499896959903, 2.166877609630821, 0.07377431360013875, 0.11162812601489613, -0.0017952320149365875, True
-0.9176215919793345, -1.9378417913681139, 1.7344436502604532, 0.07377431360013875, 0.11162812601489613, -0.0017952320149365875, True
3.9375795249524774, 3.8792211127931786, 0.382506774478812, 0.07377431360013875, 0.11162812601489613, -0.0017952320149365875, True
-6.198582960170279, 2.2616383349873974, 1.3163906958960165, 0.07377431360013875, 0.11162812601489613, -0.0017952320149365875, True
1.1123966553671103, -3.01346499717734, 1.7639918481099226, 0.07377431360013875, 0.11162812601489613, -0.0017952320149365875, True
-3.1613287429162966, -4.496330928104061, -3.015312744291651, 0.07377431360013875, 0.11162812601489613, -0.0017952320149365875, True
-6.156693895486989, -0.8514755337895537, 2.4717835962029904, 0.07377431360013875, 0.11162812601489613, -0.0017952320149365875, True
4.140607497862973, -5.788551818244505, -0.47033317408159236, 0.07377431360013875, 0.11162812601489613, -0.0017952320149365875, True
-4.6627638240027425, 4.300449927500004, 0.5371843074045946, 0.07377431360013875, 0.11162812601489613, -0.0017952320149365875, True
-3.74938814031439, -0.9158012457694991, -0.610256195127183, 0.07377431360013875, 0.11162812601489613, -0.0017952320149365875, True
3.6227483178013333, 5.204661259372672, 2.2415706544783864, 0.07377431360013875, 0.11162812601489613, -0.0017952320149365875, True
-2.4104998339660146, 5.5214206010613385, -0.42313429905758815, 0.07377431360013875, 0.11162812601489613, -0.0017952320149365875, True
2.453205181334063, 6.100038437317458, 0.2406988486080448, 0.07377431360013875, 0.11162812601489613, -0.0017952320149365875, True
-1.9560822213860938, -1.6091745879397195, -2.7903004299879477, 0.07377431360013875, 0.11162812601489613, -0.0017952320149365875, True
-4.411048467874774, -2.401646764449883, 1.462837972519102, 0.07377431360013875, 0.11162812601489613, -0.0017952320149365875, True
-1.9756653052518605, 5.526292264592239, 0.8300491376258767, 0.07377431360013875, 0.11162812601489613, -0.0017952320149365875, True
0.7432837434132589, 5.800770750911592, 2.5868091320045625, 0.07377431360013875, 0.11162812601489613, -0.0017952320149365875, True
4.456266411177369, -1.1467528004999545, -2.7146170020647085, 0.07377431360013875, 0.11162812601489613, -0.0017952320149365875, True
-0.5897612960148306, -4.136828510497175, -2.3482754722996533, 0.07377431360013875, 0.11162812601489613, -0.0017952320149365875, True
-1.8573747808021865, 4.762113758394243, -0.7801488677287081, 0.07377431360013875, 0.11162812601489613, -0.0017952320149365875, True
4.735263393706939, 2.9791724495819363, -2.9387658606477784, 0.07377431360013875, 0.11162812601489613, -0.0017952320149365875, True
-1.0540162559691462, -4.251945227993297, -2.692235643471766, 0.07377431360013875, 0.11162812601489613, -0.0017952320149365875, True
-3.2887681223268097, 2.1596566490502767, -2.3291049786483025, 0.07377431360013875, 0.11162812601489613, -0.0017952320149365875, True
-0.054245912600348056, 0.16933372342611896, 1.4657013855230616, 0.07377431360013875, 0.11162812601489613, -0.0017952320149365875, True
-0.4990373844337581, -4.501472705530542, -0.5576770901930002, 0.07377431360013875, 0.11162812601489613, -0.0017952320149365875, True
-4.191079592502296, -4.782963772853499, -0.9728760848737301, 0.07377431360013875, 0.11162812601489613, -0.0017952320149365875, True
0.2121800846820081, -0.17072116241830404, -0.198316195483208, 0.07377431360013875, 0.11162812601489613, -0.0017952320149365875, True
0.739194292798599, 3.111866660844136, 2.3455427173222354, 0.07377431360013875, 0.11162812601489613, -0.0017952320149365875, True
4.176333866940183, 4.0048389786212635, -2.2762907067300397, 0.07377431360013875, 0.11162812601489613, -0.0017952320149365875, True
5.700377006428004, -0.8155998661528869, 0.3055186663421523, 0.07377431360013875, 0.11162812601489613, -0.0017952320149365875, True
-3.820523697967774, -1.6821706455354777, 0.7764297719329818, 0.07377431360013875, 0.11162812601489613, -0.0017952320149365875, True
5.7241608608997705, 2.597186154040555, 0.3687801611376691, 0.07377431360013875, 0.11162812601489613, -0.0017952320149365875, True
3.7453253348478057, -0.8554349775814334, 1.4153814872411088, 0.07377431360013875, 0.11162812601489613, -0.0017952320149365875, True
6.082500106927693, -5.2020931678699736, 1.5350962116455165, 0.07377431360013875, 0.11162812601489613, -0.0017952320149365875, True
-3.875752603349589, -3.03990658937125, 1.655447589896732, 0.07377431360013875, 0.11162812601489613, -0.0017952320149365875, True
1.8604600830039235, 5.348574321868018, 2.072928020424696, 0.07377431360013875, 0.11162812601489613, -0.0017952320149365875, True
0.9350220628805559, 0.16835539394583598, -1.4843799959049622, 0.07377431360013875, 0.11162812601489613, -0.0017952320149365875, True
0.3878126680677383, 5.694334929815941, 1.0739681282932008, 0.07377431360013875, 0.11162812601489613, -0.0017952320149365875, True
5.325471500813363, 5.054224183526051, -2.5346992892330342, 0.07377431360013875, 0.11162812601489613, -0.0017952320149365875, True
-0.14683642367504834, -2.1379761994581132, 2.034444925178577, 0.07377431360013875, 0.11162812601489613, -0.0017952320149365875, True
-2.0111623012305255, -1.0684604777388778, 0.4533408695092236, 0.07377431360013875, 0.11162812601489613, -0.0017952320149365875, True
1.9901492112394177, 0.4941504426498202, -2.155997141137676, 0.07377431360013875, 0.11162812601489613, -0.0017952320149365875, True
4.78656196284088, 1.0636140765882853, 3.0344378716819866, 0.07377431360013875, 0.11162812601489613, -0.0017952320149365875, True
2.2625215815617494, -3.9607356588829092, 2.892456756178654, 0.07377431360013875, 0.11162812601489613, -0.0017952320149365875, True
-5.548234254048529, 3.572363161158375, -2.1939260893737083, 0.07377431360013875, 0.11162812601489613, -0.0017952320149365875, True
0.8113945502858222, 5.504177217095824, 0.9021726713381071, 0.07377431360013875, 0.11162812601489613, -0.0017952320149365875, True
-3.241058640576433, -0.8563330577476798, 1.131083711962737, 0.07377431360013875, 0.11162812601489613, -0.0017952320149365875, True
0.5816992249120361, -5.778875153869783, 0.9075578018422048, 0.07377431360013875, 0.11162812601489613, -0.0017952320149365875, True
-2.0828895677148065, -5.07717552300328, -1.277268448102149, 0.07377431360013875, 0.11162812601489613, -0.0017952320149365875, True
0.9831576061306615, 0.5853451745416836, 0.9569091743552667, 0.07377431360013875, 0.11162812601489613, -0.0017952320149365875, True
-3.1106593469287507, 5.696525561697312, -0.685486721355872, 0.07377431360013875, 0.11162812601489613, -0.0017952320149365875, True
-3.7674542166059166, 0.18011888498015338, 0.777541519520538, 0.07377431360013875, 0.11162812601489613, -0.0017952320149365875, True
-5.3533803814513234, -3.603246658141199, 1.9172267662556504, 0.07377431360013875, 0.11162812601489613, -0.0017952320149365875, True
-3.0385532601225784, -1.7527609183438013, 0.7638981456020946, 0.07377431360013875, 0.11162812601489613, -0.0017952320149365875, True
-4.477333435824369, 6.13497115912474, 1.1183241044920589, 0.07377431360013875, 0.11162812601489613, -0.0017952320149365875, True
-5.96818450093458, 1.4906134130145539, 0.8126903330673847, 0.07377431360013875, 0.11162812601489613, -0.0017952320149365875, True
5.8214866068542115, -0.14143526296914732, 1.3592860838579934, 0.07377431360013875, 0.11162812601489613, -0.0017952320149365875, True
-5.634879187970903, -0.5015169353149895, 2.9796685776342526, 0.07377431360013875, 0.11162812601489613, -0.0017952320149365875, True
6.168064342610416, 0.1943390953228752, -2.6313414423096777, 0.07377431360013875, 0.11162812601489613, -0.0017952320149365875, True
-1.788936179571614, 4.99564591583623, -0.616308123448865, 0.07377431360013875, 0.11162812601489613, -0.0017952320149365875, True
-4.893782898827828, -5.780785868985131, 0.7860019654960091, 0.07377431360013875, 0.11162812601489613, -0.0017952320149365875, True
-0.41859706578233347, -3.133747634969001, 2.1858944698532303, 0.07377431360013875, 0.11162812601489613, -0.0017952320149365875, True
-4.706728139280617, 4.553942179101869, 0.5269329010243862, 0.07377431360013875, 0.11162812601489613, -0.0017952320149365875, True
6.035545995760764, 0.5606847267757562, -1.2103037843865363, 0.07377431360013875, 0.11162812601489613, -0.0017952320149365875, True
6.011003545447526, 5.422623839069129, -2.014304368567675, 0.07377431360013875, 0.11162812601489613, -0.0017952320149365875, True
-1.6964339209421961, -1.1661888017605584, -0.9875705555773284, 0.07377431360013875, 0.11162812601489613, -0.0017952320149365875, True
5.701507691340877, 5.2569451692223925, -1.8958056589062475, 0.07377431360013875, 0.11162812601489613, -0.0017952320149365875, True
2.0790927950418627, 5.183132612725512, -0.8877812191659493, 0.07377431360013875, 0.11162812601489613, -0.0017952320149365875, True
-3.72051631732336, -4.242299773846064, -0.9800794867171088, 0.07377431360013875, 0.11162812601489613, -0.0017952320149365875, True
-5.126571662175879, -1.8834739083708003, -1.5150208221046373, 0.07377431360013875, 0.11162812601489613, -0.0017952320149365875, True
-1.8845351198348022, -0.510523834221396, -0.39926084619019653, 0.07377431360013875, 0.11162812601489613, -0.0017952320149365875, True
-1.3613136875563345, 4.395923420675464, -1.964336722843576, 0.07377431360013875, 0.11162812601489613, -0.0017952320149365875, True
2.7107063009172574, 6.277886837375785, -2.643593927981969, 0.07377431360013875, 0.11162812601489613, -0.0017952320149365875, True
-0.8013432579665682, 1.4920405031830262, -1.738647483624059, 0.07377431360013875, 0.11162812601489613, -0.0017952320149365875, True
3.7446154634786133, 2.2365512856839036, -0.8119227589340947, 0.07377431360013875, 0.11162812601489613, -0.0017952320149365875, True
2.3387317929427294, 5.076691984335161, 2.177353100522182, 0.07377431360013875, 0.11162812601489613, -0.0017952320149365875, True
5.914188430302206, -6.080580780993969, -1.3156735336461562, 0.07377431360013875, 0.11162812601489613, -0.0017952320149365875, True
-1.7896154917430582, 6.248578590057097, -3.0940612919046697, 0.07377431360013875, 0.11162812601489613, -0.0017952320149365875, True
-4.077092705501219, -0.2921639923131405, -2.20045662244403, 0.07377431360013875, 0.11162812601489613, -0.0017952320149365875, True
3.955492502259041, 5.565420112330285, -2.070280766350729, 0.07377431360013875, 0.11162812601489613, -0.0017952320149365875, True
-1.2722851739008822, 4.43033374291768, 0.21902073492515672, 0.07377431360013875, 0.11162812601489613, -0.0017952320149365875, True
1.1846259872869664, -5.366757582563135, 2.878903624088105, 0.07377431360013875, 0.11162812601489613, -0.0017952320149365875, True
2.7006382422878144, 6.166109021393538, 0.38700012114843263, 0.07377431360013875, 0.11162812601489613, -0.0017952320149365875, True
1.5597654899258098, 2.4866709572902312, 2.1272483162072637, 0.07377431360013875, 0.11162812601489613, -0.0017952320149365875, True
-2.236131115720225, -6.013335020798535, 0.3684706038876149, 0.07377431360013875, 0.11162812601489613, -0.0017952320149365875, True
5.23993787158426, 2.8873933667744094, 1.2779721992949744, 0.07377431360013875, 0.11162812601489613, -0.0017952320149365875, True
2.8113384844706992, 6.1693162958590975, 2.995790369455656, 0.07377431360013875, 0.11162812601489613, -0.0017952320149365875, True
-1.6593166634629206, -3.2852942787504213, -1.5529434975670633, 0.07377431360013875, 0.11162812601489613, -0.0017952320149365875, True
-4.128564405377702, 4.6248898661498075, 2.4123417230915623, 0.07377431360013875, 0.11162812601489613, -0.0017952320149365875, True
1.3633107536512368, 3.576358921984049, 1.4417391523479735, 0.07377431360013875, 0.11162812601489613, -0.0017952320149365875, True
-4.037887755931909, -1.49422947503062, -1.0868496922505617, 0.07377431360013875, 0.11162812601489613, -0.0017952320149365875, True
1.603356056634678, 0.7251558604977557, -1.8233740102994092, 0.07377431360013875, 0.11162812601489613, -0.0017952320149365875, True
-5.969536842482591, -5.367494617970798, 0.552121395005857, 0.07377431360013875, 0.11162812601489613, -0.0017952320149365875, True
5.789504142785956, -4.27498688371205, -1.7349860351003703, 0.07377431360013875, 0.11162812601489613, -0.0017952320149365875, True
