5.186640171076746, -4.793798628606137, 1.8058900137630642, 0.3332295495658668, -0.11810201651553898, -0.11123610648762106, False
5.090805597736868, 5.408608609380668, -2.892773981604551, 0.3332295495658668, -0.11810201651553898, -0.11123610648762106, True
-4.40964830106734, 5.768192814713421, -0.1637990297934726, 0.3332295495658668, -0.11810201651553898, -0.11123610648762106, False
-1.5465980209165595, 3.311177233164802, -2.3466759923121163, 0.3332295495658668, -0.11810201651553898, -0.11123610648762106, False
-2.5136131536924586, 2.708565641436742, -1.5932994929352426, 0.3332295495658668, -0.11810201651553898, -0.11123610648762106, True
6.214473386387008, 5.499046022841819, 1.0539378835220576, 0.3332295495658668, -0.11810201651553898, -0.11123610648762106, False
-4.582979653954086, -2.5919409917047904, -1.0136018642053681, 0.3332295495658668, -0.11810201651553898, -0.11123610648762106, False
0.5828061414898844, 1.671841205933263, -1.321644995569817, 0.3332295495658668, -0.11810201651553898, -0.11123610648762106, False
-2.9037781184479865, 1.9573110912758924, -2.8089076379566604, 0.3332295495658668, -0.11810201651553898, -0.11123610648762106, False
5.229152334423189, -0.28844710410670604, -0.40128802207093006, 0.3332295495658668, -0.11810201651553898, -0.11123610648762106, False
-2.0563964840087907, 1.4418871593879103, -2.2707767661625904, 0.3332295495658668, -0.11810201651553898, -0.11123610648762106, False
2.327386306475619, -3.79173923448226, 3.1206296924161734, 0.3332295495658668, -0.11810201651553898, -0.11123610648762106, True
-3.7779043540038737, -5.370247236268294, -2.139956210091078, 0.3332295495658668, -0.11810201651553898, -0.11123610648762106, False
-1.6733602851456117, 4.819251722603937, 2.5799966875948863, 0.3332295495658668, -0.11810201651553898, -0.11123610648762106, False
-3.213569754126523, 1.021722860048163, 1.476051211889133, 0.3332295495658668, -0.11810201651553898, -0.11123610648762106, False
0.15559790648045624, 3.729974026784774, 0.8161288511603724, 0.3332295495658668, -0.11810201651553898, -0.11123610648762106, False
2.414508382941184, 1.9406388472479872, 0.822459985411033, 0.3332295495658668, -0.11810201651553898, -0.11123610648762106, False
2.6956977768940202, -4.6319578093012375, -1.8110181772964027, 0.3332295495658668, -0.11810201651553898, -0.11123610648762106, False
-1.2217226032719655, -3.406733687219285, -1.1269616312682529, 0.3332295495658668, -0.11810201651553898, -0.11123610648762106, False
3.684335805988704, -3.2637068939464364, 1.4035368781656707, 0.3332295495658668, -0.11810201651553898, -0.11123610648762106, False
3.789021812091054, 0.140885554277685, 3.0169864070772006, 0.3332295495658668, -0.11810201651553898, -0.11123610648762106, True
-1.5849227706194178, -5.254647301204416, 1.7130423350159916, 0.3332295495658668, -0.11810201651553898, -0.11123610648762106, False
2.0742785546371003, 3.957375869979206, 1.4250017663240877, 0.3332295495658668, -0.11810201651553898, -0.11123610648762106, False
-0.9801118226958128, -5.62281043175461, -0.2998328505699761, 0.3332295495658668, -0.11810201651553898, -0.11123610648762106, True
0.11446950858062355, 0.4374896891242397, -0.8743492092276144, 0.3332295495658668, -0.11810201651553898, -0.11123610648762106, False
-2.3146438880015117, -5.938554377915942, 2.948525207818811, 0.3332295495658668, -0.11810201651553898, -0.11123610648762106, True
-2.1508169440346334, -2.719043368767239, -2.3104105147697576, 0.3332295495658668, -0.11810201651553898, -0.11123610648762106, False
2.019761343690586, -5.367603144611627, -0.3121934154194719, 0.3332295495658668, -0.11810201651553898, -0.11123610648762106, False
-1.6733347057544252, 4.490106508605869, -1.987959203004156, 0.3332295495658668, -0.11810201651553898, -0.11123610648762106, False
3.432056046129089, 5.182238326140004, -2.466832437218275, 0.3332295495658668, -0.11810201651553898, -0.11123610648762106, False
1.461132319431747, -5.636439414995544, -2.412045401560108, 0.3332295495658668, -0.11810201651553898, -0.11123610648762106, False
2.8580278891748367, 0.9625429204875386, -2.326663798282976, 0.3332295495658668, -0.11810201651553898, -0.11123610648762106, False
3.0448437528398173, 2.737606640572441, -1.1364710576383636, 0.3332295495658668, -0.11810201651553898, -0.11123610648762106, True
6.046238182927237, -5.016976344364407, 2.0610665339550875, 0.3332295495658668, -0.11810201651553898, -0.11123610648762106, False
-3.52821043349935, 5.302686626938053, 2.070955562157698, 0.3332295495658668, -0.11810201651553898, -0.11123610648762106, False
5.396761041608505, -5.262578034812835, -0.12870730153498489, 0.3332295495658668, -0.11810201651553898, -0.11123610648762106, True
-4.608762346463168, 3.4252634414782683, -1.925526878629647, 0.3332295495658668, -0.11810201651553898, -0.11123610648762106, False
-2.4670026309494926, 3.8905804823492343, 1.579642400439087, 0.3332295495658668, -0.11810201651553898, -0.11123610648762106, False
-6.061572422477264, 4.108470001212725, -1.0227068573353244, 0.3332295495658668, -0.11810201651553898, -0.11123610648762106, False
3.362803139954794, -3.797273920979333, 2.9272703395042727, 0.3332295495658668, -0.11810201651553898, -0.11123610648762106, True
-3.681334859100187, 1.6327504002379403, 2.9987601483034627, 0.3332295495658668, -0.11810201651553898, -0.11123610648762106, True
-3.753688122091393, -2.369402308950626, -1.6308026221929526, 0.3332295495658668, -0.11810201651553898, -0.11123610648762106, False
-0.777378419653199, -2.2009667615385506, 2.116699968480101, 0.3332295495658668, -0.11810201651553898, -0.11123610648762106, False
-0.999119985124393, 1.6349396221525776, 2.59595783433333, 0.3332295495658668, -0.11810201651553898, -0.11123610648762106, False
-3.0500800291420775, -3.0652216637015353, -3.0174747720961954, 0.3332295495658668, -0.11810201651553898, -0.11123610648762106, True
4.930103296090023, -3.677756634336766, -2.186442478492422, 0.3332295495658668, -0.11810201651553898, -0.11123610648762106, False
-5.027776643950275, -4.559281839206273, -0.4526700782621069, 0.3332295495658668, -0.11810201651553898, -0.11123610648762106, False
3.075766523839608, -3.764021417599979, 1.4673482472090598, 0.3332295495658668, -0.11810201651553898, -0.11123610648762106, True
1.1263278923525233, 1.3942309967037758, 2.7120169003154917, 0.3332295495658668, -0.11810201651553898, -0.11123610648762106, False
4.363653091046093, -5.1253690826367055, -0.37468825475000456, 0.3332295495658668, -0.11810201651553898, -0.11123610648762106, False
1.6615060040984444, 2.3927888308498044, 1.2313734220710693, 0.3332295495658668, -0.11810201651553898, -0.11123610648762106, False
-1.5723223075103672, 5.868301316359393, 1.9360935866140014, 0.3332295495658668, -0.11810201651553898, -0.11123610648762106, False
3.8267576691868044, 2.1466523481905355, -1.5552553441786947, 0.3332295495658668, -0.11810201651553898, -0.11123610648762106, True
5.594817072159046, 2.5536540411634263, 0.41854090056311843, 0.3332295495658668, -0.11810201651553898, -0.11123610648762106, False
0.32620856569253753, -1.4653672217856082, -0.8197724093580101, 0.3332295495658668, -0.11810201651553898, -0.11123610648762106, False
-1.2241447756104842, -0.37258752168600573, 1.5896293332148783, 0.3332295495658668, -0.11810201651553898, -0.11123610648762106, False
4.854972333841056, 3.0698374832694384, 2.1624059832121016, 0.3332295495658668, -0.11810201651553898, -0.11123610648762106, False
3.3872006005646806, -3.2751985640391688, -0.32794191799251626, 0.3332295495658668, -0.11810201651553898, -0.11123610648762106, False
-0.04550409816305301, -4.7086531220537235, -2.3388479277700958, 0.3332295495658668, -0.11810201651553898, -0.11123610648762106, True
-5.449056639884585, 2.2935800043419636, -0.5540914123692056, 0.3332295495658668, -0.11810201651553898, -0.11123610648762106, False
1.7728254690951122, 1.293295964904038, 1.8297987577303543, 0.3332295495658668, -0.11810201651553898, -0.11123610648762106, False
0.6287269528838735, 5.0801683490523715, 1.3966663335759995, 0.3332295495658668, -0.11810201651553898, -0.11123610648762106, False
5.704147566088773, -2.962495906367333, -1.0630638982733664, 0.3332295495658668, -0.11810201651553898, -0.11123610648762106, False
0.35838958247131103, -1.0390637582126034, 0.3707390545756861, 0.3332295495658668, -0.11810201651553898, -0.11123610648762106, False
-3.9017935972469124, -1.9393916190706761, 0.37022297020226436, 0.3332295495658668, -0.11810201651553898, -0.11123610648762106, False
3.2839769816786095, 5.573549409446896, -1.7206485387368564, 0.3332295495658668, -0.11810201651553898, -0.11123610648762106, False
1.6343011551968853, 1.0918655126363106, 2.6037613796355545, 0.3332295495658668, -0.11810201651553898, -0.11123610648762106, False
-2.1709596610848676, -0.7217284741211962, 0.5161170336935212, 0.3332295495658668, -0.11810201651553898, -0.11123610648762106, False
0.648978270513445, -4.6425215780432145, -1.0077407405761285, 0.3332295495658668, -0.11810201651553898, -0.11123610648762106, False
-4.274551927902628, 2.1327178177908745, -1.284324630044056, 0.3332295495658668, -0.11810201651553898, -0.11123610648762106, False
-0.4784897516902813, 0.10992514203255066, 2.919528565641153, 0.3332295495658668, -0.11810201651553898, -0.11123610648762106, True
2.5464913291018885, 0.3027269960453731, 2.528127694886309, 0.3332295495658668, -0.11810201651553898, -0.11123610648762106, False
1.6851575216485362, 5.759103905360222, -0.5883054581554634, 0.3332295495658668, -0.11810201651553898, -0.11123610648762106, False
4.5575713386843155, 4.807487955555606, 1.7140250131122299, 0.3332295495658668, -0.11810201651553898, -0.11123610648762106, False
1.6006214651177624, -1.9046895625105114, -0.8014484009578298, 0.3332295495658668, -0.11810201651553898, -0.11123610648762106, False
-0.7598294837522781, 5.116070959120904, 1.8572709543618364, 0.3332295495658668, -0.11810201651553898, -0.11123610648762106, False
0.19808305017382377, -2.443428490454425, -1.1982614772994291, 0.3332295495658668, -0.11810201651553898, -0.11123610648762106, False
-5.826153118500377, -2.2394230973529865, -0.11559261446527946, 0.3332295495658668, -0.11810201651553898, -0.11123610648762106, False
3.763228699692597, -5.611530326203669, 3.0431098437182253, 0.3332295495658668, -0.11810201651553898, -0.11123610648762106, True
3.5390397964000364, 1.9153552986445632, 1.7323305794219177, 0.3332295495658668, -0.11810201651553898, -0.11123610648762106, True
3.9928331741692045, -0.807117386591, 0.4354135944626183, 0.3332295495658668, -0.11810201651553898, -0.11123610648762106, False
-5.4936845237334415, -4.711859945190219, -1.8598749184372572, 0.3332295495658668, -0.11810201651553898, -0.11123610648762106, False
-2.1378087904402268, -5.508647784486745, 1.0693906317330013, 0.3332295495658668, -0.11810201651553898, -0.11123610648762106, False
2.7819756618915203, -5.940968734573302, 1.2372517933701834, 0.3332295495658668, -0.11810201651553898, -0.11123610648762106, False
5.028509941055608, -0.7473745578672712, 1.3511406965415924, 0.3332295495658668, -0.11810201651553898, -0.11123610648762106, False
0.8016527315571098, -4.010347701604958, -3.1072465411585433, 0.3332295495658668, -0.11810201651553898, -0.11123610648762106, True
-2.6397602639603313, 1.2194602085081065, 1.9406587595186506, 0.3332295495658668, -0.11810201651553898, -0.11123610648762106, False
4.41985051892455, -6.088212086694129, 3.132295185607205, 0.3332295495658668, -0.11810201651553898, -0.11123610648762106, True
3.389169559069172, 4.755450944236392, -1.5955951891278224, 0.3332295495658668, -0.11810201651553898, -0.11123610648762106, False
-1.4850849224755915, 2.272913608592237, -0.7602498865413763, 0.3332295495658668, -0.11810201651553898, -0.11123610648762106, False
0.5557782255057653, -3.293242453341691, -2.4983516168882116, 0.3332295495658668, -0.11810201651553898, -0.11123610648762106, False
2.391288282226556, -4.711188772192868, -2.950428462174038, 0.3332295495658668, -0.11810201651553898, -0.11123610648762106, True
-5.219760006105092, -4.505477835700923, 2.909779789304129, 0.3332295495658668, -0.11810201651553898, -0.11123610648762106, True
0.2829121893537687, 2.563889666533276, 1.5374955746502454, 0.3332295495658668, -0.11810201651553898, -0.11123610648762106, False
4.3419463525514335, -3.0854931607806586, 0.0033468923997683753, 0.3332295495658668, -0.11810201651553898, -0.11123610648762106, False
5.90494488663904, 3.0364025826544605, 1.6974065279560762, 0.3332295495658668, -0.11810201651553898, -0.11123610648762106, False
-2.9177202985737396, 2.5643032984434466, -0.8433605764498182, 0.3332295495658668, -0.11810201651553898, -0.11123610648762106, True
-3.762763053913969, 1.4783380703681317, 1.1921451829134586, 0.3332295495658668, -0.11810201651553898, -0.11123610648762106, False
3.9945097409613766, -5.898386254933208, -2.4816641945240097, 0.3332295495658668, -0.11810201651553898, -0.11123610648762106, False
-0.053577098902958475, 5.49920250268438, -0.43209869046222815, 0.3332295495658668, -0.11810201651553898, -0.11123610648762106, False
4.100805778668851, -4.4437261631341265, -2.5688139950053017, 0.3332295495658668, -0.11810201651553898, -0.11123610648762106, True
2.6843576441297774, -4.386116671324222, 1.5493935417849425, 0.3332295495658668, -0.11810201651553898, -0.11123610648762106, True
-1.2136107660696798, 5.935204546537463, 1.985660567121629, 0.3332295495658668, -0.11810201651553898, -0.11123610648762106, False
4.03797929776124, -6.091188615456455, 2.3691814840500776, 0.3332295495658668, -0.11810201651553898, -0.11123610648762106, False
-0.21165823858039, 2.450853321130527, 2.2214950253676777, 0.3332295495658668, -0.11810201651553898, -0.11123610648762106, False
-2.9258696984386425, 4.095319936554166, 0.8039412447413281, 0.3332295495658668, -0.11810201651553898, -0.11123610648762106, False
2.0767271296517773, -1.2033422234817799, 2.3487956754351114, 0.3332295495658668, -0.11810201651553898, -0.11123610648762106, False
-0.8636483523923566, -3.3463472683590245, 2.1216571754237155, 0.3332295495658668, -0.11810201651553898, -0.11123610648762106, False
-5.978894106039529, 1.5794595229089419, 2.2043161472279484, 0.3332295495658668, -0.11810201651553898, -0.11123610648762106, False
3.1823708871876235, -2.4047061216433616, 0.25123716732925017, 0.3332295495658668, -0.11810201651553898, -0.11123610648762106, False
5.856927703314954, -3.4819919710064595, 0.748163478890822, 0.3332295495658668, -0.11810201651553898, -0.11123610648762106, False
-5.7859058838115525, 4.062022346898615, 0.42543569266547676, 0.3332295495658668, -0.11810201651553898, -0.11123610648762106, False
-5.802726959971887, -2.448917613743482, -0.9582412786464176, 0.3332295495658668, -0.11810201651553898, -0.11123610648762106, False
1.3418042878862266, 2.8384524475215116, 2.9602023521510707, 0.3332295495658668, -0.11810201651553898, -0.11123610648762106, True
1.469776440756478, 0.9891249097427366, 2.357912002742383, 0.3332295495658668, -0.11810201651553898, -0.11123610648762106, False
-5.099232272556708, -6.115401526383005, -2.081502281191759, 0.3332295495658668, -0.11810201651553898, -0.11123610648762106, False
-5.868817317201056, 3.203127231841428, 3.0255690006947003, 0.3332295495658668, -0.11810201651553898, -0.11123610648762106, True
-4.881335890822797, -2.8992141193876626, -2.1079758878400137, 0.3332295495658668, -0.11810201651553898, -0.11123610648762106, False
-3.997033878291948, -2.4997181015747887, 1.1192055000063759, 0.3332295495658668, -0.11810201651553898, -0.11123610648762106, False
-3.5555710270763106, 4.049452904604182, 0.6457621089945369, 0.3332295495658668, -0.11810201651553898, -0.11123610648762106, False
6.003677749626084, 1.7339964513696167, 1.487451177000919, 0.3332295495658668, -0.11810201651553898, -0.11123610648762106, False
-5.664693535181989, 3.5860668289177227, -3.0978278923176186, 0.3332295495658668, -0.11810201651553898, -0.11123610648762106, True
2.0097998197877143, 3.0538413520972494, -0.4445961192404808, 0.3332295495658668, -0.11810201651553898, -0.11123610648762106, False
3.18972162930703, 1.1187358248136192, -0.3596681016257701, 0.3332295495658668, -0.11810201651553898, -0.11123610648762106, False
-5.689489571071707, -3.1380496778430316, 2.9052777298107157, 0.3332295495658668, -0.11810201651553898, -0.11123610648762106, True
5.778154981341903, -0.6913732249088254, 1.3200890171303392, 0.3332295495658668, -0.11810201651553898, -0.11123610648762106, False
-2.7566269747572836, -3.253838050745209, 1.7648034873940324, 0.3332295495658668, -0.11810201651553898, -0.11123610648762106, False
-0.6867946206796489, -0.8428482493550655, 0.10614546243758793, 0.3332295495658668, -0.11810201651553898, -0.11123610648762106, False
1.6366238535721749, -1.470919601337929, 0.5998999887544723, 0.3332295495658668, -0.11810201651553898, -0.11123610648762106, False
4.209281020789657, 6.142966974169941, -1.0048170671492707, 0.3332295495658668, -0.11810201651553898, -0.11123610648762106, False
3.1687507437957834, -0.18548952319128098, -3.0955184136552525, 0.3332295495658668, -0.11810201651553898, -0.11123610648762106, True
0.41670132387823156, 2.6628022415837975, -1.8263071397581714, 0.3332295495658668, -0.11810201651553898, -0.11123610648762106, False
-6.143126759903812, 3.6462051159893534, 0.2662262658664538, 0.3332295495658668, -0.11810201651553898, -0.11123610648762106, False
-3.0678533583160545, -2.313904396615697, -0.49989616524698466, 0.3332295495658668, -0.11810201651553898, -0.11123610648762106, False
5.28215450266063, 6.188450280003551, 0.23790096765279856, 0.3332295495658668, -0.11810201651553898, -0.11123610648762106, False
1.8096584852405098, -0.28997553388120245, 3.02220848006297, 0.3332295495658668, -0.11810201651553898, -0.11123610648762106, True
-1.1404528133316294, 1.5178456105320937, -0.010522515982568148, 0.3332295495658668, -0.11810201651553898, -0.11123610648762106, False
-3.7968876140056134, -4.267775448502315, 2.839698891757851, 0.3332295495658668, -0.11810201651553898, -0.11123610648762106, False
4.740588054299771, 5.333956437051604, 1.4207391613623743, 0.3332295495658668, -0.11810201651553898, -0.11123610648762106, False
-4.596661608005981, -3.087718849305189, 1.8860947339920626, 0.3332295495658668, -0.11810201651553898, -0.11123610648762106, False
-3.6633746629625694, -3.4261274268878656, -1.046165894762884, 0.3332295495658668, -0.11810201651553898, -0.11123610648762106, True
2.8235920060022295, -3.981559639647356, -1.2858174311583053, 0.3332295495658668, -0.11810201651553898, -0.11123610648762106, True
2.7093633687483845, -5.208910352496419, -1.6743144607029445, 0.3332295495658668, -0.11810201651553898, -0.11123610648762106, False
-2.1236591854488314, -0.10287397276983956, 0.7428913870262539, 0.3332295495658668, -0.11810201651553898, -0.11123610648762106, False
2.297301960382228, 5.706387632599318, -2.9156835054734986, 0.3332295495658668, -0.11810201651553898, -0.11123610648762106, True
2.9414416714522424, 5.085041291826622, 0.8530661667796107, 0.3332295495658668, -0.11810201651553898, -0.11123610648762106, False
5.7694028153562815, 5.134064210704846, -1.9443841972700833, 0.3332295495658668, -0.11810201651553898, -0.11123610648762106, False
-3.9448367940261804, -3.2440884693558836, -3.0117300808653007, 0.3332295495658668, -0.11810201651553898, -0.11123610648762106, True
4.495203930585401, -4.463280000689001, 2.9823680719860493, 0.3332295495658668, -0.11810201651553898, -0.11123610648762106, True
-2.09769817815039, -5.572086374596432, -2.2602479687571306, 0.3332295495658668, -0.11810201651553898, -0.11123610648762106, False
-1.3855955623666478, -1.1664367318655913, -0.9125019741098606, 0.3332295495658668, -0.11810201651553898, -0.11123610648762106, False
-2.8950559080572957, -6.0086762353974335, -1.6788909137626236, 0.3332295495658668, -0.11810201651553898, -0.11123610648762106, False
0.861982613418375, -2.3533314810120047, -1.5620856284051825, 0.3332295495658668, -0.11810201651553898, -0.11123610648762106, False
3.082196413780654, 2.747787698751523, 2.9226659977921843, 0.3332295495658668, -0.11810201651553898, -0.11123610648762106, True
0.8147446594120735, 5.139046024747282, 2.08888883707089, 0.3332295495658668, -0.11810201651553898, -0.11123610648762106, False
0.17969736646237422, 1.5254040051443534, 1.5273430056218107, 0.3332295495658668, -0.11810201651553898, -0.11123610648762106, False
-1.8365160471246371, -2.9942304411737926, -0.3718735385185936, 0.3332295495658668, -0.11810201651553898, -0.11123610648762106, False
6.026970017885247, 5.646919195819924, -2.2369427732255476, 0.3332295495658668, -0.11810201651553898, -0.11123610648762106, False
1.813751625564901, -0.29481360943802315, -1.3799442050078132, 0.3332295495658668, -0.11810201651553898, -0.11123610648762106, False
-3.2108838568615683, 3.098443221311502, -1.5955671447724122, 0.3332295495658668, -0.11810201651553898, -0.11123610648762106, True
5.958240105644574, 2.9700797902690006, 0.8986622230217671, 0.3332295495658668, -0.11810201651553898, -0.11123610648762106, False
0.6592776113163925, -4.858255568531562, -1.0381967029290156, 0.3332295495658668, -0.11810201651553898, -0.11123610648762106, False
-1.681335282772741, 3.691725905201615, -0.9169859632328432, 0.3332295495658668, -0.11810201651553898, -0.11123610648762106, False
3.4197861908525535, -1.7094621327052115, 1.574400283839804, 0.3332295495658668, -0.11810201651553898, -0.11123610648762106, False
-4.142488799786026, -1.9493464791997601, 2.182444637878665, 0.3332295495658668, -0.11810201651553898, -0.11123610648762106, False
-3.612678141161829, -1.214382007850773, -0.422195188349459, 0.3332295495658668, -0.11810201651553898, -0.11123610648762106, False
-3.5925099158928426, 2.5690438335206736, -0.4751886877828828, 0.3332295495658668, -0.11810201651553898, -0.11123610648762106, True
0.7825648272753769, -1.3947101109132873, -2.3214859474936276, 0.3332295495658668, -0.11810201651553898, -0.11123610648762106, False
2.634720058846341, -4.029132310429208, -3.032435468503561, 0.3332295495658668, -0.11810201651553898, -0.11123610648762106, True
-1.8493503125206514, 4.373492123872289, -3.000314188683771, 0.3332295495658668, -0.11810201651553898, -0.11123610648762106, True
2.0375069191452067, -4.153122629459755, -2.0833157947575995, 0.3332295495658668, -0.11810201651553898, -0.11123610648762106, False
-3.2402357311404515, -5.09364163529759, -1.6989901705867225, 0.3332295495658668, -0.11810201651553898, -0.11123610648762106, False
-3.5623675443451357, 3.3000577276833027, 0.9043268319943687, 0.3332295495658668, -0.11810201651553898, -0.11123610648762106, False
-0.15717718814950832, -2.3716705742418944, 0.17412908203109634, 0.3332295495658668, -0.11810201651553898, -0.11123610648762106, False
3.5375386101469246, -0.09718515534071503, -1.8582490359903039, 0.3332295495658668, -0.11810201651553898, -0.11123610648762106, False
-2.3128724943758834, -0.9936327679557326, 1.6289081339200298, 0.3332295495658668, -0.11810201651553898, -0.11123610648762106, False
-3.7490268626989818, -3.405669432456382, -2.9064908263738434, 0.3332295495658668, -0.11810201651553898, -0.11123610648762106, True
1.0406306206760956, -1.309467028695373, -2.9627174837370087, 0.3332295495658668, -0.11810201651553898, -0.11123610648762106, True
-3.2373729020127144, 0.7001452381357574, 2.8579289570518354, 0.3332295495658668, -0.11810201651553898, -0.11123610648762106, False
0.1035182732668245, -1.5796483844440798, 0.27730736589757843, 0.3332295495658668, -0.11810201651553898, -0.11123610648762106, False
0.46709276168057645, -2.0790458456137086, -1.9915167609480176, 0.3332295495658668, -0.11810201651553898, -0.11123610648762106, False
2.3764035643169628, 0.031376590465387544, -0.260268849345207, 0.3332295495658668, -0.11810201651553898, -0.11123610648762106, False
2.3570218404491587, 1.5408380533648813, 1.3436247456659212, 0.3332295495658668, -0.11810201651553898, -0.11123610648762106, False
-4.933473091294918, 5.264064209214341, -1.3533354851089872, 0.3332295495658668, -0.11810201651553898, -0.11123610648762106, False
3.1386808417853462, -6.208669089048517, -2.5545848401217874, 0.3332295495658668, -0.11810201651553898, -0.11123610648762106, False
0.8486597533894491, -0.9638920090168153, 0.09460743419618778, 0.3332295495658668, -0.11810201651553898, -0.11123610648762106, False
3.1739501429463637, 4.425339272930451, -1.776580037475341, 0.3332295495658668, -0.11810201651553898, -0.11123610648762106, False
-1.2078760971063502, 1.8875017455808525, 1.969574402086213, 0.3332295495658668, -0.11810201651553898, -0.11123610648762106, False
4.8609331723076625, -2.7784245514886035, -1.011742530653621, 0.3332295495658668, -0.11810201651553898, -0.11123610648762106, False
-4.764751312230063, 4.569052096051953, -1.2001221914436748, 0.3332295495658668, -0.11810201651553898, -0.11123610648762106, False
4.115590808377759, 3.159926081964308, 1.0194040958999526, 0.3332295495658668, -0.11810201651553898, -0.11123610648762106, False
5.41753439778943, 3.0583900169994287, -0.2905067741357388, 0.3332295495658668, -0.11810201651553898, -0.11123610648762106, False
2.8416103504170156, -3.883973049811419, 0.22552161123571635, 0.3332295495658668, -0.11810201651553898, -0.11123610648762106, True
-1.9265960945590184, -0.2958538438099776, -0.9236592254180422, 0.3332295495658668, -0.11810201651553898, -0.11123610648762106, False
-2.7150736279642342, 5.675401577744724, 1.5571869411250985, 0.3332295495658668, -0.11810201651553898, -0.11123610648762106, False
-3.186276114369461, -2.361445695385314, -0.14438268767584006, 0.3332295495658668, -0.11810201651553898, -0.11123610648762106, False
2.0980824550739055, 0.8893520848241181, -2.202303445617978, 0.3332295495658668, -0.11810201651553898, -0.11123610648762106, False
2.730084127924405, 2.083826298942597, 2.819220644109099, 0.3332295495658668, -0.11810201651553898, -0.11123610648762106, False
3.8493319715295744, -2.0256993957364884, -2.489736359865587, 0.3332295495658668, -0.11810201651553898, -0.11123610648762106, False
-0.1998190851241466, 3.2736489457354843, 2.5328789100643423, 0.3332295495658668, -0.11810201651553898, -0.11123610648762106, False
