3.113460656788188, -2.474387660556647, -2.971015933512062, -0.16281843292457054, -0.34155183686478163, 0.2084525162842017, True
6.098552079660216, -6.074668366131037, 2.8332728570898915, -0.16281843292457054, -0.34155183686478163, 0.2084525162842017, False
4.6712149661618465, 1.2297056247279263, -0.9941015748287052, -0.16281843292457054, -0.34155183686478163, 0.2084525162842017, False
0.4574333443793064, 4.892025750344068, -0.5293401046910842, -0.16281843292457054, -0.34155183686478163, 0.2084525162842017, False
-3.504346284090292, -0.1143957214066269, -1.347321557278178, -0.16281843292457054, -0.34155183686478163, 0.2084525162842017, False
1.476543312707407, 5.104764239131418, -0.9194408418999287, -0.16281843292457054, -0.34155183686478163, 0.2084525162842017, False
2.1575823712061286, -4.876030385255786, 0.9176039285225022, -0.16281843292457054, -0.34155183686478163, 0.2084525162842017, False
-5.098877086347708, -1.602495623117088, 1.3957147181472331, -0.16281843292457054, -0.34155183686478163, 0.2084525162842017, False
-3.5861937763547664, -3.4644904771335483, 1.4240057870963847, -0.16281843292457054, -0.34155183686478163, 0.2084525162842017, False
-1.0704304419466961, -2.8226600267448365, -1.059504395409177, -0.16281843292457054, -0.34155183686478163, 0.2084525162842017, False
-4.436623196350037, -5.157094259001623, -0.7832552558750083, -0.16281843292457054, -0.34155183686478163, 0.2084525162842017, False
-3.894047815537296, 2.693842578257941, -2.437780822712379, -0.16281843292457054, -0.34155183686478163, 0.2084525162842017, False
2.277948019319327, -1.3307870505265829, 2.4993960796116603, -0.16281843292457054, -0.34155183686478163, 0.2084525162842017, False
-5.851085659096279, 5.145160509154655, 0.33946472020515817, -0.16281843292457054, -0.34155183686478163, 0.2084525162842017, False
5.811799354019357, -0.6651086311827097, 2.8504177805720543, -0.16281843292457054, -0.34155183686478163, 0.2084525162842017, False
5.422188015935259, 1.0609524792873595, -1.4806424878466746, -0.16281843292457054, -0.34155183686478163, 0.2084525162842017, False
2.7057294453726612, -0.7366916449252034, -3.0838139893494487, -0.16281843292457054, -0.34155183686478163, 0.2084525162842017, True
-2.26323724701568, 3.305120050074951, -0.23949012333001196, -0.16281843292457054, -0.34155183686478163, 0.2084525162842017, False
-2.6654687756288484, -2.5687633798195852, 1.3000355330153042, -0.16281843292457054, -0.34155183686478163, 0.2084525162842017, False
5.990939808841796, -5.3046320410333925, 1.7052842383745004, -0.16281843292457054, -0.34155183686478163, 0.2084525162842017, False
0.9841012349850224, -0.7143075430459866, -0.8383977664475428, -0.16281843292457054, -0.34155183686478163, 0.2084525162842017, False
0.10935596314535356, -2.691203171483205, 1.7053966808016456, -0.16281843292457054, -0.34155183686478163, 0.2084525162842017, False
2.4697625023187317, -3.198641097854969, -2.5277116741210657, -0.16281843292457054, -0.34155183686478163, 0.2084525162842017, False
2.340420718603749, -4.972822964771194, 0.10353721325208154, -0.16281843292457054, -0.34155183686478163, 0.2084525162842017, False
1.9356535138670274, -6.192194459645482, -0.8352711589841082, -0.16281843292457054, -0.34155183686478163, 0.2084525162842017, False
-3.52026005778081, -3.704854255207144, 0.9298110253867238, -0.16281843292457054, -0.34155183686478163, 0.2084525162842017, False
-3.633024772610648, -2.693318416735502, 0.08424070919146365, -0.16281843292457054, -0.34155183686478163, 0.2084525162842017, False
-5.50020568338749, 5.540277302406379, -1.3584973358037622, -0.16281843292457054, -0.34155183686478163, 0.2084525162842017, False
1.6104032294094726, -2.3931066847211153, -0.29734140441178614, -0.16281843292457054, -0.34155183686478163, 0.2084525162842017, True
2.1308194192518464, -5.7135732905448755, -2.674133055073555, -0.16281843292457054, -0.34155183686478163, 0.2084525162842017, False
3.077038443697491, 3.9499032214689134, -0.9139766354312719, -0.16281843292457054, -0.34155183686478163, 0.2084525162842017, False
-0.7469467806317365, 1.1861122093323004, -0.18295386220170684, -0.16281843292457054, -0.34155183686478163, 0.2084525162842017, False
-5.948331978641922, -4.887398723797751, 0.695914108277226, -0.16281843292457054, -0.34155183686478163, 0.2084525162842017, False
1.6306235345516154, -5.686389885895646, 0.5832065687694215, -0.16281843292457054, -0.34155183686478163, 0.2084525162842017, False
-1.0226593687317624, -5.928972065449065, -1.3417236095388838, -0.16281843292457054, -0.34155183686478163, 0.2084525162842017, False
2.3127375031911246, 2.5551523709392843, -0.014428141793669802, -0.16281843292457054, -0.34155183686478163, 0.2084525162842017, False
-0.1777288284912153, -3.8577114122571277, -2.237545743754872, -0.16281843292457054, -0.34155183686478163, 0.2084525162842017, False
4.143161492625023, -4.999606955550706, 1.6144514903312235, -0.16281843292457054, -0.34155183686478163, 0.2084525162842017, False
4.895685341602304, 6.195694222341631, 0.9860231592416131, -0.16281843292457054, -0.34155183686478163, 0.2084525162842017, False
2.6263362579876937, 1.917633314977417, 0.7671123231052799, -0.16281843292457054, -0.34155183686478163, 0.2084525162842017, False
-1.7534248767693335, 4.122438887752255, 0.5413653907756988, -0.16281843292457054, -0.34155183686478163, 0.2084525162842017, False
1.0129282873525733, -3.0096281376349903, 0.7986263288443869, -0.16281843292457054, -0.34155183686478163, 0.2084525162842017, True
4.169957500112613, 3.869727335732321, 3.0617408001207336, -0.16281843292457054, -0.34155183686478163, 0.2084525162842017, True
-3.286836678258043, -0.1569606803812329, 1.6674064940879845, -0.16281843292457054, -0.34155183686478163, 0.2084525162842017, False
-5.8593769064435115, 5.970063423567625, 2.178584648358001, -0.16281843292457054, -0.34155183686478163, 0.2084525162842017, False
-1.1171905895162375, -2.7248352275530183, -1.4157639126027302, -0.16281843292457054, -0.34155183686478163, 0.2084525162842017, False
-1.0969741037897105, -1.5019218645064534, 3.015679568620053, -0.16281843292457054, -0.34155183686478163, 0.2084525162842017, True
-0.49516465888044614, -0.48028663775534586, 0.22179090867835694, -0.16281843292457054, -0.34155183686478163, 0.2084525162842017, False
5.675146453013829, -1.0036078363913141, 2.3533756428089276, -0.16281843292457054, -0.34155183686478163, 0.2084525162842017, False
4.956479771221597, -4.164984290284241, -2.8820557422264077, -0.16281843292457054, -0.34155183686478163, 0.2084525162842017, True
-0.06675006388413429, 2.8623780140100017, -3.067890220275387, -0.16281843292457054, -0.34155183686478163, 0.2084525162842017, True
1.8520527451547721, 5.886175872988426, 1.9594999408072065, -0.16281843292457054, -0.34155183686478163, 0.2084525162842017, False
0.7071404748405996, 0.21569503715182403, -0.27366333053209635, -0.16281843292457054, -0.34155183686478163, 0.2084525162842017, False
5.74127463012832, 4.715992566042614, 2.7498225061566837, -0.16281843292457054, -0.34155183686478163, 0.2084525162842017, False
-6.024434706847503, -5.987132393293558, -2.7361338725487574, -0.16281843292457054, -0.34155183686478163, 0.2084525162842017, False
-2.5253504107585205, 4.185149003061223, 0.575249875484185, -0.16281843292457054, -0.34155183686478163, 0.2084525162842017, False
-2.0384523924914433, -4.900254209343704, 2.7372600721994393, -0.16281843292457054, -0.34155183686478163, 0.2084525162842017, False
-5.128489191080233, 5.782717456551845, -2.9665297266067556, -0.16281843292457054, -0.34155183686478163, 0.2084525162842017, True
-2.425469936658241, -3.33942202223653, -0.521473363975804, -0.16281843292457054, -0.34155183686478163, 0.2084525162842017, False
-1.1144755173542027, 4.808350649962033, 0.027728695318353314, -0.16281843292457054, -0.34155183686478163, 0.2084525162842017, False
-4.241177442215083, 2.4090204365105627, 2.9733568500312417, -0.16281843292457054, -0.34155183686478163, 0.2084525162842017, True
5.308581320721418, 4.6576066262691675, -1.2619139921681646, -0.16281843292457054, -0.34155183686478163, 0.2084525162842017, False
-2.7136057988872726, 3.247057643529164, -0.16797095054132472, -0.16281843292457054, -0.34155183686478163, 0.2084525162842017, False
-0.8229280098020739, 1.8156017822562642, -2.6542722334405022, -0.16281843292457054, -0.34155183686478163, 0.2084525162842017, False
-4.731419337676113, -1.8351942797702252, 0.7662502419219042, -0.16281843292457054, -0.34155183686478163, 0.2084525162842017, False
-2.9193095541129512, 5.671625394038854, 2.04202260911181, -0.16281843292457054, -0.34155183686478163, 0.2084525162842017, True
-0.7245002414693786, -5.556862523149145, 2.5286187065782126, -0.16281843292457054, -0.34155183686478163, 0.2084525162842017, False
-3.36294807560233, -2.477709156040094, 2.9372437598423415, -0.16281843292457054, -0.34155183686478163, 0.2084525162842017, True
-0.9221396838314693, 1.5687079463359614, -2.1590666291741627, -0.16281843292457054, -0.34155183686478163, 0.2084525162842017, False
-2.508579738649765, 6.116458822183583, 1.1563521992245027, -0.16281843292457054, -0.34155183686478163, 0.2084525162842017, True
-4.674189522387689, -3.1685556455753976, -1.1608193911395124, -0.16281843292457054, -0.34155183686478163, 0.2084525162842017, True
0.726230644108754, -1.9153611168598337, -0.5407063834660089, -0.16281843292457054, -0.34155183686478163, 0.2084525162842017, False
2.4119073804440916, 4.687862061859377, 1.842306056988721, -0.16281843292457054, -0.34155183686478163, 0.2084525162842017, False
4.167021025555156, 6.270481446781369, -0.3595286053972213, -0.16281843292457054, -0.34155183686478163, 0.2084525162842017, True
-1.686607296171995, -0.08656651073265742, -1.4583738337897916, -0.16281843292457054, -0.34155183686478163, 0.2084525162842017, True
-0.38809040297476827, -4.262592329016392, -0.059807013184778324, -0.16281843292457054, -0.34155183686478163, 0.2084525162842017, False
4.1817058359248165, 4.482400350935933, 0.018231557876823068, -0.16281843292457054, -0.34155183686478163, 0.2084525162842017, False
-4.470839994575369, 0.7200434199307848, 0.26862296237775674, -0.16281843292457054, -0.34155183686478163, 0.2084525162842017, False
-0.8535261545635704, -4.107587247247415, -3.1018738749615973, -0.16281843292457054, -0.34155183686478163, 0.2084525162842017, True
5.004828281734827, 0.9895543384253207, 1.9653946233865183, -0.16281843292457054, -0.34155183686478163, 0.2084525162842017, False
-3.5108127270848803, -1.020767543256956, 0.8624122205081699, -0.16281843292457054, -0.34155183686478163, 0.2084525162842017, False
-3.4494522576789297, 2.2499349923421015, 0.041561602870175296, -0.16281843292457054, -0.34155183686478163, 0.2084525162842017, False
-3.6810138510442885, -4.776266948782386, -3.091376237665593, -0.16281843292457054, -0.34155183686478163, 0.2084525162842017, True
-5.915074871223243, 1.3908566219934464, -2.8856453784415774, -0.16281843292457054, -0.34155183686478163, 0.2084525162842017, False
5.609095626077361, -0.3665446226315199, -0.7886305520757233, -0.16281843292457054, -0.34155183686478163, 0.2084525162842017, False
0.9925091084524462, -0.4721590531444555, -1.335370894887659, -0.16281843292457054, -0.34155183686478163, 0.2084525162842017, False
2.2341219256430893, -5.790163382676296, -1.7174731094878408, -0.16281843292457054, -0.34155183686478163, 0.2084525162842017, False
2.5986697794711393, 4.45957388964494, 2.910414604375611, -0.16281843292457054, -0.34155183686478163, 0.2084525162842017, True
-0.03252091994118356, -6.076001110395818, -0.993258936111082, -0.16281843292457054, -0.34155183686478163, 0.2084525162842017, False
-4.747744937539293, 3.5649872820678254, -0.46005536516498324, -0.16281843292457054, -0.34155183686478163, 0.2084525162842017, True
-2.473897324331596, 1.8644150119495428, -0.2096189129244781, -0.16281843292457054, -0.34155183686478163, 0.2084525162842017, False
3.058876072249431, -4.420889004146692, 2.762227938491706, -0.16281843292457054, -0.34155183686478163, 0.2084525162842017, False
-0.1624441387488087, 2.032698877031274, -0.37229799290446763, -0.16281843292457054, -0.34155183686478163, 0.2084525162842017, False
-4.513060031634096, -2.9145098489569103, -2.453532037479884, -0.16281843292457054, -0.34155183686478163, 0.2084525162842017, True
-3.221072855052522, 4.228310801102483, -3.0361095221368344, -0.16281843292457054, -0.34155183686478163, 0.2084525162842017, True
0.28560162897261865, 0.4568701034900302, -2.045813807144478, -0.16281843292457054, -0.34155183686478163, 0.2084525162842017, False
-1.1928963054024466, 4.022205184818384, -2.801205072437414, -0.16281843292457054, -0.34155183686478163, 0.2084525162842017, False
-1.194791770304855, 2.5790030866541667, 1.927169051744249, -0.16281843292457054, -0.34155183686478163, 0.2084525162842017, False
1.4424825426696053, 5.221709938374266, -1.6062357808163286, -0.16281843292457054, -0.34155183686478163, 0.2084525162842017, False
-2.9580430391412755, -3.2533392690190293, 0.6260352485740301, -0.16281843292457054, -0.34155183686478163, 0.2084525162842017, False
-3.8997138854666873, -1.7627866111976669, -0.9994558176911252, -0.16281843292457054, -0.34155183686478163, 0.2084525162842017, False
2.6946602250206837, 2.031092951329782, 2.337603349739929, -0.16281843292457054, -0.34155183686478163, 0.2084525162842017, False
-2.192555583261071, -1.7478741578910908, 0.07926031410362411, -0.16281843292457054, -0.34155183686478163, 0.2084525162842017, False
-1.0717079414876203, -2.6737200594923305, -2.00607836973185, -0.16281843292457054, -0.34155183686478163, 0.2084525162842017, False
6.223241131842446, 2.728070307759472, 0.20873546452823577, -0.16281843292457054, -0.34155183686478163, 0.2084525162842017, False
5.241470729185073, -3.3177757379635446, -3.048690578072327, -0.16281843292457054, -0.34155183686478163, 0.2084525162842017, True
5.191655979334886, 1.9887802998368205, 0.1368798669502458, -0.16281843292457054, -0.34155183686478163, 0.2084525162842017, False
3.254952248395943, 0.057819838603291096, 1.532937694868381, -0.16281843292457054, -0.34155183686478163, 0.2084525162842017, False
2.5662939135095133, -5.433499311704427, 1.7238986917047265, -0.16281843292457054, -0.34155183686478163, 0.2084525162842017, False
-6.101675903088811, 2.8778002234480073, -1.7644529409464622, -0.16281843292457054, -0.34155183686478163, 0.2084525162842017, False
-1.153813832040612, 0.2397788191759238, -2.23137366312376, -0.16281843292457054, -0.34155183686478163, 0.2084525162842017, False
1.8664887615882826, -3.6628008030361094, -1.5795493192065622, -0.16281843292457054, -0.34155183686478163, 0.2084525162842017, False
4.323819620377545, 4.634084455801727, -2.4706160559519024, -0.16281843292457054, -0.34155183686478163, 0.2084525162842017, False
1.4689923787793333, -4.83989197963732, -1.2131914481094068, -0.16281843292457054, -0.34155183686478163, 0.2084525162842017, False
-3.1542260412067353, 1.5487449419809574, -0.5814997620255338, -0.16281843292457054, -0.34155183686478163, 0.2084525162842017, False
5.368038517756947, -6.231358038172915, 1.9424342361505769, -0.16281843292457054, -0.34155183686478163, 0.2084525162842017, False
2.695759528035941, -0.7498868468619655, -1.7931972418786755, -0.16281843292457054, -0.34155183686478163, 0.2084525162842017, False
0.9387977567244956, -3.6397056363452522, 3.0458110955426783, -0.16281843292457054, -0.34155183686478163, 0.2084525162842017, True
-0.9924931669803145, -2.056083998845593, 1.3625810985154434, -0.16281843292457054, -0.34155183686478163, 0.2084525162842017, False
-3.8488491703631595, 1.5690018504759315, 1.0698389891517976, -0.16281843292457054, -0.34155183686478163, 0.2084525162842017, False
3.8344836482756968, 2.0584244543222887, -1.9290561699914737, -0.16281843292457054, -0.34155183686478163, 0.2084525162842017, False
-4.281886281468776, -6.080351913068121, 0.7015291491060336, -0.16281843292457054, -0.34155183686478163, 0.2084525162842017, False
5.318237675384113, -1.3767356839703213, 2.1192016383209733, -0.16281843292457054, -0.34155183686478163, 0.2084525162842017, False
2.9201430873630336, -2.8124328671786207, -0.33210200236990906, -0.16281843292457054, -0.34155183686478163, 0.2084525162842017, False
-0.06457955086969847, 5.133523685884956, -3.0927692262259265, -0.16281843292457054, -0.34155183686478163, 0.2084525162842017, True
-2.763960680764363, -5.9512559463747845, 1.8243128007937948, -0.16281843292457054, -0.34155183686478163, 0.2084525162842017, True
3.3649978173179935, 0.004304284129723612, -0.3263561383224074, -0.16281843292457054, -0.34155183686478163, 0.2084525162842017, True
5.761497013411832, -0.7594618372097228, -1.642470042296551, -0.16281843292457054, -0.34155183686478163, 0.2084525162842017, False
-0.3162721826933641, -0.7405901316813175, 2.2820263484489685, -0.16281843292457054, -0.34155183686478163, 0.2084525162842017, False
-4.884423491040851, -0.07756974674692607, 1.3002409474373824, -0.16281843292457054, -0.34155183686478163, 0.2084525162842017, False
-0.49144374752106135, 0.008194794933578109, -0.8072487502093426, -0.16281843292457054, -0.34155183686478163, 0.2084525162842017, False
-0.5460988365380235, 0.3131926980098063, -2.0330108106754476, -0.16281843292457054, -0.34155183686478163, 0.2084525162842017, False
3.008129486172221, -3.9106385101395746, 1.5859467786142316, -0.16281843292457054, -0.34155183686478163, 0.2084525162842017, False
-6.2776497496856765, -0.600624735689621, -0.4818713284143987, -0.16281843292457054, -0.34155183686478163, 0.2084525162842017, False
-3.0934807200932077, 2.8706342737282107, 0.07398843679806166, -0.16281843292457054, -0.34155183686478163, 0.2084525162842017, False
5.126416584637882, -1.776705333517338, 1.507486804765123, -0.16281843292457054, -0.34155183686478163, 0.2084525162842017, False
4.563535951037085, 4.675779074630668, 0.29655107196097275, -0.16281843292457054, -0.34155183686478163, 0.2084525162842017, False
-5.795363749578836, -4.340846586215746, -2.329796051157455, -0.16281843292457054, -0.34155183686478163, 0.2084525162842017, False
-2.713736414874931, 0.27521591552316416, -2.334727987235195, -0.16281843292457054, -0.34155183686478163, 0.2084525162842017, True
-1.77625646144452, -5.576958234103758, -1.0099639106120093, -0.16281843292457054, -0.34155183686478163, 0.2084525162842017, False
4.747781597799198, -5.293251578870131, -2.1154200107502956, -0.16281843292457054, -0.34155183686478163, 0.2084525162842017, False
1.6530702290029442, -6.017573740483076, -1.1012901779096747, -0.16281843292457054, -0.34155183686478163, 0.2084525162842017, False
-3.829378084979958, 4.689495263868864, 2.5680232661074367, -0.16281843292457054, -0.34155183686478163, 0.2084525162842017, False
2.4005205144323494, -5.104509475818174, -1.4779164707512564, -0.16281843292457054, -0.34155183686478163, 0.2084525162842017, False
-1.9405170980112967, 0.03420033963421254, 1.6265755900716172, -0.16281843292457054, -0.34155183686478163, 0.2084525162842017, True
-3.031566753712856, -1.8796722667540653, -3.1400481442308696, -0.16281843292457054, -0.34155183686478163, 0.2084525162842017, True
-1.555730700727409, -0.28766195881151635, -0.6314137008596963, -0.16281843292457054, -0.34155183686478163, 0.2084525162842017, False
-0.8314502288923737, -5.20385957903807, 1.8740304630161297, -0.16281843292457054, -0.34155183686478163, 0.2084525162842017, False
4.2902935375924525, 3.047138022927653, -2.162857164045056, -0.16281843292457054, -0.34155183686478163, 0.2084525162842017, False
-2.4472205888857803, -0.18434921193727138, -1.7671386133554818, -0.16281843292457054, -0.34155183686478163, 0.2084525162842017, True
-4.570937074315563, -5.602750660054862, 1.2203404300921479, -0.16281843292457054, -0.34155183686478163, 0.2084525162842017, False
2.30361354101189, -5.53088001526495, 1.7559267140524453, -0.16281843292457054, -0.34155183686478163, 0.2084525162842017, False
4.388916957976745, 1.10067227018099, 1.5873188933678444, -0.16281843292457054, -0.34155183686478163, 0.2084525162842017, False
-4.632981887539971, 3.7470118873732368, 1.2216801714203083, -0.16281843292457054, -0.34155183686478163, 0.2084525162842017, True
1.0499392257136382, 5.623196786167201, -1.6977446610474192, -0.16281843292457054, -0.34155183686478163, 0.2084525162842017, False
-2.7823727933905777, -6.153806003731996, 1.7770440394701001, -0.16281843292457054, -0.34155183686478163, 0.2084525162842017, True
-6.073831576698311, -2.920081382171347, 0.24830395448946962, -0.16281843292457054, -0.34155183686478163, 0.2084525162842017, False
-0.11492774116554294, 6.168921561813205, -0.06227444293015205, -0.16281843292457054, -0.34155183686478163, 0.2084525162842017, False
-4.064792840422537, 1.758744464731075, 2.375438253669368, -0.16281843292457054, -0.34155183686478163, 0.2084525162842017, False
5.503569886724451, 0.6702766849549429, -2.3786363133123203, -0.16281843292457054, -0.34155183686478163, 0.2084525162842017, False
0.40326229353884013, 0.6062030983264179, 1.1190549352576147, -0.16281843292457054, -0.34155183686478163, 0.2084525162842017, False
-2.0236233019823153, -5.666013799915342, 0.9706375311797224, -0.16281843292457054, -0.34155183686478163, 0.2084525162842017, False
5.001343820827268, -5.499365656917657, -2.8174085993352835, -0.16281843292457054, -0.34155183686478163, 0.2084525162842017, False
0.5718273693098874, 0.9901625192907648, -0.3755361082663149, -0.16281843292457054, -0.34155183686478163, 0.2084525162842017, False
-3.999289054181067, 1.61005119967834, -1.9390716781328612, -0.16281843292457054, -0.34155183686478163, 0.2084525162842017, False
1.57379107587938, -3.53304707300745, -0.3278118917080479, -0.16281843292457054, -0.34155183686478163, 0.2084525162842017, False
0.892424212163144, -5.50968738074066, -2.471760299300943, -0.16281843292457054, -0.34155183686478163, 0.2084525162842017, False
-4.462637991344155, 3.857596129076848, -0.03689417572923581, -0.16281843292457054, -0.34155183686478163, 0.2084525162842017, True
4.6340613674877105, -0.26446202497375637, 1.090079535728595, -0.16281843292457054, -0.34155183686478163, 0.2084525162842017, False
2.3323141915924577, -6.252581844555316, 0.24518886378966576, -0.16281843292457054, -0.34155183686478163, 0.2084525162842017, False
5.906641224037802, 3.3321847817654273, -0.429390305158142, -0.16281843292457054, -0.34155183686478163, 0.2084525162842017, False
-4.3802540485394745, 2.2258013087902047, -2.289394610208738, -0.16281843292457054, -0.34155183686478163, 0.2084525162842017, False
-4.497660326630938, 1.3180664749784583, 1.0754599814115657, -0.16281843292457054, -0.34155183686478163, 0.2084525162842017, False
3.9574836714411727, 4.326395382275498, -2.237501795494919, -0.16281843292457054, -0.34155183686478163, 0.2084525162842017, False
-2.079253793167723, -2.7577116487605653, -2.2791301780488027, -0.16281843292457054, -0.34155183686478163, 0.2084525162842017, False
5.064575302243934, -4.956541903346171, 1.2297115748128178, -0.16281843292457054, -0.34155183686478163, 0.2084525162842017, False
-1.9222367241652947, -2.1388710663654296, 3.0656442701922284, -0.16281843292457054, -0.34155183686478163, 0.2084525162842017, True
6.165841331689366, -5.966315748296079, -0.5378392629242228, -0.16281843292457054, -0.34155183686478163, 0.2084525162842017, False
4.7030887878181655, -3.9175562992599833, 1.8843524778679992, -0.16281843292457054, -0.34155183686478163, 0.2084525162842017, False
-3.247629517778123, 1.3503710999787764, 0.5541132028134514, -0.16281843292457054, -0.34155183686478163, 0.2084525162842017, False
0.2535951806984622, 1.9598441502668589, -0.7919267906952516, -0.16281843292457054, -0.34155183686478163, 0.2084525162842017, False
2.0049958780929096, 3.082745453413425, -2.9056861020753244, -0.16281843292457054, -0.34155183686478163, 0.2084525162842017, True
-2.926079558300868, -6.159301833326957, 0.17336120994650317, -0.16281843292457054, -0.34155183686478163, 0.2084525162842017, True
-3.6296237264828646, 5.312930295298905, -2.6778120844262707, -0.16281843292457054, -0.34155183686478163, 0.2084525162842017, False
2.4662881051129872, 5.7669494471051035, -1.7648515958807756, -0.16281843292457054, -0.34155183686478163, 0.2084525162842017, False
-0.28416616162170083, 5.527377193247792, 1.732509986530781, -0.16281843292457054, -0.34155183686478163, 0.2084525162842017, False
6.250545941780446, -5.0380835396627415, 0.09198365223787963, -0.16281843292457054, -0.34155183686478163, 0.2084525162842017, False
-4.29094235242557, 2.0617116338739336, -1.2447381558493764, -0.16281843292457054, -0.34155183686478163, 0.2084525162842017, False
5.559699121704018, 0.5946218280632118, 0.549265075737071, -0.16281843292457054, -0.34155183686478163, 0.2084525162842017, False
3.163738205828933, -4.725762567933374, 2.893456910507112, -0.16281843292457054, -0.34155183686478163, 0.2084525162842017, True
1.8486701678255013, 0.3753096285893269, 0.9121152379631541, -0.16281843292457054, -0.34155183686478163, 0.2084525162842017, False
-2.447787296968969, -5.9505025270420555, 2.5476211910311495, -0.16281843292457054, -0.34155183686478163, 0.2084525162842017, False
-1.8797464410766054, 4.535436954883238, -1.6368912012675352, -0.16281843292457054, -0.34155183686478163, 0.2084525162842017, False
1.096939327480218, -1.4174421603451854, -2.343331534176874, -0.16281843292457054, -0.34155183686478163, 0.2084525162842017, True
3.533452730573636, -5.0712321426990785, -2.1673295749214705, -0.16281843292457054, -0.34155183686478163, 0.2084525162842017, False
-2.8085741080155087, 6.1650266005731105, 1.6892839632473606, -0.16281843292457054, -0.34155183686478163, 0.2084525162842017, True
-0.7716237592705513, 6.1832407534765625, -2.4167313274845488, -0.16281843292457054, -0.34155183686478163, 0.2084525162842017, False
4.624331954659983, 4.8034629850049, 2.5576049647319534, -0.16281843292457054, -0.34155183686478163, 0.2084525162842017, True
5.33274836758129, 5.701835727738462, 0.22549747843300194, -0.16281843292457054, -0.34155183686478163, 0.2084525162842017, False
3.913584385728969, 0.8235291705322485, 1.9571503222719393, -0.16281843292457054, -0.34155183686478163, 0.2084525162842017, False
