-5.820181851695499, 4.32496050134252, -0.4327330278402126, -0.07998221529615046, -0.20147461440900816, 0.2909185280526475, False
-0.7669942462453685, 4.586110858140229, 1.6223109757412013, -0.07998221529615046, -0.20147461440900816, 0.2909185280526475, False
-0.7438287423843946, 0.2158036623430757, -2.7524343643460427, -0.07998221529615046, -0.20147461440900816, 0.2909185280526475, True
-1.8482363743708312, 5.58374539668776, 3.084426943273222, -0.07998221529615046, -0.20147461440900816, 0.2909185280526475, True
-5.417861155776153, -5.941420839441312, -2.6150665471818426, -0.07998221529615046, -0.20147461440900816, 0.2909185280526475, True
-1.182657696129576, 2.7314229402852455, -2.2922698691224834, -0.07998221529615046, -0.20147461440900816, 0.2909185280526475, True
0.41459874678494213, 3.23990732014075, 1.8309669696606532, -0.07998221529615046, -0.20147461440900816, 0.2909185280526475, False
-1.636507131425014, 0.5875811403038194, -0.9383502949102533, -0.07998221529615046, -0.20147461440900816, 0.2909185280526475, True
-2.435292741757547, -1.9886635075320322, 1.73414557843678, -0.07998221529615046, -0.20147461440900816, 0.2909185280526475, False
-0.13262358202585567, 1.4306003134656242, -1.6901231489859174, -0.07998221529615046, -0.20147461440900816, 0.2909185280526475, True
-1.0598491612631058, 5.72229861318346, 3.023368430719816, -0.07998221529615046, -0.20147461440900816, 0.2909185280526475, True
2.881474993199486, 1.5341372792881929, 0.7922869048766246, -0.07998221529615046, -0.20147461440900816, 0.2909185280526475, True
5.026332775303052, -2.2742087317479163, 0.22795120002401736, -0.07998221529615046, -0.20147461440900816, 0.2909185280526475, False
-4.136343917746373, 0.3922957379661183, -0.7927572376616445, -0.07998221529615046, -0.20147461440900816, 0.2909185280526475, True
5.760207481535419, 5.074974208452154, 1.2547160032591416, -0.07998221529615046, -0.20147461440900816, 0.2909185280526475, False
4.556963416474366, 4.306386389814689, 1.260547198110535, -0.07998221529615046, -0.20147461440900816, 0.2909185280526475, False
3.868396698963073, 5.9820061574804555, 1.3462542970466451, -0.07998221529615046, -0.20147461440900816, 0.2909185280526475, True
0.645656260144893, -1.5070032973930987, -0.9253557395996026, -0.07998221529615046, -0.20147461440900816, 0.2909185280526475, False
1.956770402564823, 5.022296035966875, -1.9983687519431144, -0.07998221529615046, -0.20147461440900816, 0.2909185280526475, True
-0.5697438434614241, 0.682331515068034, -2.4945730706444094, -0.07998221529615046, -0.20147461440900816, 0.2909185280526475, True
2.6746933716081642, 4.462931606071251, -1.9578458604797546, -0.07998221529615046, -0.20147461440900816, 0.2909185280526475, True
2.4804990864431335, -0.15844539449516315, 0.5965423448166942, -0.07998221529615046, -0.20147461440900816, 0.2909185280526475, True
1.9594856514067285, -5.0189959475038775, -0.40109667147897143, -0.07998221529615046, -0.20147461440900816, 0.2909185280526475, True
4.768207228618481, -1.6745101297559843, -0.42645689660517405, -0.07998221529615046, -0.20147461440900816, 0.2909185280526475, False
0.6215620319164739, -3.00054869333461, -1.5198897252775867, -0.07998221529615046, -0.20147461440900816, 0.2909185280526475, True
2.62188190916779, -2.3892668138565067, 1.6655345262730172, -0.07998221529615046, -0.20147461440900816, 0.2909185280526475, True
-1.1987646966328276, -0.6645913008220061, -0.7514880173977168, -0.07998221529615046, -0.20147461440900816, 0.2909185280526475, False
-4.709505620376585, -4.575321654414101, -0.2073070345723127, -0.07998221529615046, -0.20147461440900816, 0.2909185280526475, True
3.588054623764757, -5.445570188341623, 2.8628373857203586, -0.07998221529615046, -0.20147461440900816, 0.2909185280526475, True
-4.370496787379845, -2.820466157350264, -0.2969976794513425, -0.07998221529615046, -0.20147461440900816, 0.2909185280526475, True
-0.19155754946026526, -4.532375951329607, -3.129853965645594, -0.07998221529615046, -0.20147461440900816, 0.2909185280526475, True
-4.148240680064568, 3.110192125592455, -0.9077554195074922, -0.07998221529615046, -0.20147461440900816, 0.2909185280526475, True
6.107036418893221, 4.789953501001904, -2.09872121038216, -0.07998221529615046, -0.20147461440900816, 0.2909185280526475, False
3.054634888090444, 1.847817709526339, -1.8378788319796242, -0.07998221529615046, -0.20147461440900816, 0.2909185280526475, True
-0.7099236990595781, 4.994113655218307, -0.217522046887491, -0.07998221529615046, -0.20147461440900816, 0.2909185280526475, False
-5.433017449178717, 0.29655436920532097, -2.3442334676593184, -0.07998221529615046, -0.20147461440900816, 0.2909185280526475, True
-2.3534117808600676, -0.8004599115282707, 0.10111380576765994, -0.07998221529615046, -0.20147461440900816, 0.2909185280526475, True
0.14685262847075897, -3.535302863784179, 0.06232944700502152, -0.07998221529615046, -0.20147461440900816, 0.2909185280526475, True
-1.7758965454197178, -0.6897186382647185, 0.5776698600977146, -0.07998221529615046, -0.20147461440900816, 0.2909185280526475, True
-3.202069633038478, -2.6904213441957423, -0.0879122393337961, -0.07998221529615046, -0.20147461440900816, 0.2909185280526475, False
4.998783593751696, 4.34918664770392, 1.2512788191820148, -0.07998221529615046, -0.20147461440900816, 0.2909185280526475, False
5.888012526409877, -0.277217613565659, 3.0298828711756443, -0.07998221529615046, -0.20147461440900816, 0.2909185280526475, True
-4.956323633004935, 2.78265071994897, -0.9406033274059196, -0.07998221529615046, -0.20147461440900816, 0.2909185280526475, True
-3.064528322492751, 0.8560266423888008, -1.9767570334572262, -0.07998221529615046, -0.20147461440900816, 0.2909185280526475, True
-0.9712861973195972, 2.4350527120037757, -1.309804474288442, -0.07998221529615046, -0.20147461440900816, 0.2909185280526475, True
0.765951914150369, 4.587967679066535, 0.5518088800778247, -0.07998221529615046, -0.20147461440900816, 0.2909185280526475, False
1.7349311813404729, -4.049305743757204, -1.1837691422068959, -0.07998221529615046, -0.20147461440900816, 0.2909185280526475, True
4.201338362808345, 0.47384090673348034, -2.3452688571799665, -0.07998221529615046, -0.20147461440900816, 0.2909185280526475, True
-0.9775058272303507, 4.495249531992753, -0.9423960258813193, -0.07998221529615046, -0.20147461440900816, 0.2909185280526475, False
4.3419813216581975, -0.9269942965116851, 3.1162423213216135, -0.07998221529615046, -0.20147461440900816, 0.2909185280526475, True
5.440665643312361, -4.6304586430809245, 0.4331364737976826, -0.07998221529615046, -0.20147461440900816, 0.2909185280526475, True
-5.7141610586216105, 0.08594216119452103, 2.182698433515127, -0.07998221529615046, -0.20147461440900816, 0.2909185280526475, True
3.6190569510072486, -1.8921150049170459, 2.20330703955156, -0.07998221529615046, -0.20147461440900816, 0.2909185280526475, True
-5.203297687255443, 4.66146974529274, 2.5017323584240962, -0.07998221529615046, -0.20147461440900816, 0.2909185280526475, False
-4.917009208086326, -5.307112950682332, -1.2275813945242944, -0.07998221529615046, -0.20147461440900816, 0.2909185280526475, True
-1.0522852603825896, 4.248967195581974, -2.574090948960296, -0.07998221529615046, -0.20147461440900816, 0.2909185280526475, False
4.935287422414316, -0.45483956172261397, 2.807283959983704, -0.07998221529615046, -0.20147461440900816, 0.2909185280526475, True
5.206112853131275, 5.448488468396652, 3.070855705280456, -0.07998221529615046, -0.20147461440900816, 0.2909185280526475, True
-3.718634552200402, 1.9800609116058503, -0.164445571578951, -0.07998221529615046, -0.20147461440900816, 0.2909185280526475, True
5.898041801213402, 2.572849403501454, 1.8746380345815536, -0.07998221529615046, -0.20147461440900816, 0.2909185280526475, True
1.1324990141498423, -4.668292134296986, -3.0779678269390724, -0.07998221529615046, -0.20147461440900816, 0.2909185280526475, True
3.0635557211339446, -2.682992158955029, -2.0281587636420655, -0.07998221529615046, -0.20147461440900816, 0.2909185280526475, True
-0.08088548369901893, 3.2889398465310755, -2.9455240361649295, -0.07998221529615046, -0.20147461440900816, 0.2909185280526475, True
-3.1838828518552353, -3.764655944172201, -0.642056290406757, -0.07998221529615046, -0.20147461440900816, 0.2909185280526475, True
3.5175676573958814, -1.5535883767691976, -1.138211219563669, -0.07998221529615046, -0.20147461440900816, 0.2909185280526475, True
2.2824588488024755, -5.5360806004272645, 0.8691289121636521, -0.07998221529615046, -0.20147461440900816, 0.2909185280526475, True
-5.327212533762561, 4.384822326097522, -2.506548918230913, -0.07998221529615046, -0.20147461440900816, 0.2909185280526475, True
-2.1678574199264062, 0.8756959217031772, -3.0789784761730608, -0.07998221529615046, -0.20147461440900816, 0.2909185280526475, True
3.948921317501034, 3.0323971261641347, -2.1038362870171214, -0.07998221529615046, -0.20147461440900816, 0.2909185280526475, True
4.439264729043932, 3.342077993198979, -0.49814678265976964, -0.07998221529615046, -0.20147461440900816, 0.2909185280526475, False
-5.859042660431426, 2.0006037487928054, -1.972601774963086, -0.07998221529615046, -0.20147461440900816, 0.2909185280526475, True
3.817203460185814, -4.951649374419721, -1.8392176063995207, -0.07998221529615046, -0.20147461440900816, 0.2909185280526475, True
3.813868143812579, -4.279717317756505, 2.144758190632098, -0.07998221529615046, -0.20147461440900816, 0.2909185280526475, True
1.4677368648938867, -3.1620443935592593, 1.0159095427132092, -0.07998221529615046, -0.20147461440900816, 0.2909185280526475, False
-2.7447962464009126, 4.791064162234619, 2.897012126954012, -0.07998221529615046, -0.20147461440900816, 0.2909185280526475, True
0.6425075451902513, -2.793591363550636, 2.2751580663368793, -0.07998221529615046, -0.20147461440900816, 0.2909185280526475, True
0.14472112158334483, -5.5446838677330685, 2.2912516109032106, -0.07998221529615046, -0.20147461440900816, 0.2909185280526475, True
1.0947399046593578, -0.46607550864534986, 2.7407404686788626, -0.07998221529615046, -0.20147461440900816, 0.2909185280526475, True
-3.59126286557961, -2.2110687938547473, -2.1246888438660196, -0.07998221529615046, -0.20147461440900816, 0.2909185280526475, True
-5.156824200508261, 2.354524034165296, -0.3401816798885644, -0.07998221529615046, -0.20147461440900816, 0.2909185280526475, True
-2.513241226870176, 5.8267250046403, 0.31200457915736246, -0.07998221529615046, -0.20147461440900816, 0.2909185280526475, True
-4.625939878056974, -4.609462149447811, -1.7926374932462228, -0.07998221529615046, -0.20147461440900816, 0.2909185280526475, True
0.5570945421621554, 4.151503801976084, -0.6417218445348127, -0.07998221529615046, -0.20147461440900816, 0.2909185280526475, False
3.14805800566025, -1.2235510444038624, 2.6843915255559194, -0.07998221529615046, -0.20147461440900816, 0.2909185280526475, True
-0.7170351846020955, 1.3395511873896169, 0.5788545111843812, -0.07998221529615046, -0.20147461440900816, 0.2909185280526475, True
-4.4683280859079115, 6.023202084990958, 1.6547864081391435, -0.07998221529615046, -0.20147461440900816, 0.2909185280526475, True
0.29505840636350644, -4.022733500395471, 1.2400723805749756, -0.07998221529615046, -0.20147461440900816, 0.2909185280526475, True
-5.043859854036448, -2.176490367811013, 2.715029170906428, -0.07998221529615046, -0.20147461440900816, 0.2909185280526475, True
-6.117372415450325, 4.7065447716595035, 0.8005831742220342, -0.07998221529615046, -0.20147461440900816, 0.2909185280526475, False
4.897907555316342, 5.306094108614385, -1.3725405838535016, -0.07998221529615046, -0.20147461440900816, 0.2909185280526475, False
-1.5614488546287042, 5.668676711346947, 2.1953003661035133, -0.07998221529615046, -0.20147461440900816, 0.2909185280526475, True
-6.24845715284963, -0.07834474031902339, 3.1026259842347175, -0.07998221529615046, -0.20147461440900816, 0.2909185280526475, True
3.573839064204977, 4.9383114979888525, 0.7300670843225112, -0.07998221529615046, -0.20147461440900816, 0.2909185280526475, True
-1.115951981613727, -2.9467644869696104, 1.9774362708298785, -0.07998221529615046, -0.20147461440900816, 0.2909185280526475, False
-3.4410321401033737, -2.5185084390767316, 1.537011299951045, -0.07998221529615046, -0.20147461440900816, 0.2909185280526475, True
1.8075009953440624, -1.5177552101878389, 1.9565284629878725, -0.07998221529615046, -0.20147461440900816, 0.2909185280526475, False
4.051130934551205, -6.127211127797482, 1.5085685094507753, -0.07998221529615046, -0.20147461440900816, 0.2909185280526475, True
-3.899560016359864, 1.4480450554289277, -2.2829420110101126, -0.07998221529615046, -0.20147461440900816, 0.2909185280526475, True
-0.09379374018373365, 0.3910267996472472, 2.304287349935395, -0.07998221529615046, -0.20147461440900816, 0.2909185280526475, True
-2.253765262501073, 1.4029311717981399, 0.8487648566627382, -0.07998221529615046, -0.20147461440900816, 0.2909185280526475, True
4.663881066849594, -0.7482346764776802, -2.3697960290158484, -0.07998221529615046, -0.20147461440900816, 0.2909185280526475, True
2.529475970833115, 1.3576809826533918, 1.4372933486970805, -0.07998221529615046, -0.20147461440900816, 0.2909185280526475, True
0.31868781854830974, 1.9519539515352555, -0.8811540413312091, -0.07998221529615046, -0.20147461440900816, 0.2909185280526475, True
1.5437609650220727, 4.012850756378748, 0.49805143464059975, -0.07998221529615046, -0.20147461440900816, 0.2909185280526475, True
0.3945739069299261, -1.168062693405469, 0.6988811284733907, -0.07998221529615046, -0.20147461440900816, 0.2909185280526475, False
1.0463291110723514, 4.242340252072577, 1.8564289421841034, -0.07998221529615046, -0.20147461440900816, 0.2909185280526475, True
1.2529697444369026, -5.556262586289515, -2.5362257329079165, -0.07998221529615046, -0.20147461440900816, 0.2909185280526475, True
-4.915233947500505, -5.694386896085461, -2.0925468292521425, -0.07998221529615046, -0.20147461440900816, 0.2909185280526475, True
-5.065664162867523, 1.9935133903102198, -0.7680414335494832, -0.07998221529615046, -0.20147461440900816, 0.2909185280526475, True
-1.597268195729142, 6.190922588035919, 1.2423495268525988, -0.07998221529615046, -0.20147461440900816, 0.2909185280526475, True
0.7867977416525065, -2.9594693172543285, 2.2105966498368437, -0.07998221529615046, -0.20147461440900816, 0.2909185280526475, True
-3.686875827366534, -1.6303307439864563, -2.811365735849367, -0.07998221529615046, -0.20147461440900816, 0.2909185280526475, True
-2.869182059644229, 1.2112625183418526, 1.6710763696955668, -0.07998221529615046, -0.20147461440900816, 0.2909185280526475, True
1.5161633099111214, 1.660504002867623, -1.842315398670327, -0.07998221529615046, -0.20147461440900816, 0.2909185280526475, True
-4.872955442310225, 0.5373722135781547, 0.1872540861111811, -0.07998221529615046, -0.20147461440900816, 0.2909185280526475, True
1.1572966417253054, 3.0874354072487993, 0.2682452506092039, -0.07998221529615046, -0.20147461440900816, 0.2909185280526475, False
-0.029309524472491688, -4.194539691339818, 2.4185814296634396, -0.07998221529615046, -0.20147461440900816, 0.2909185280526475, True
-5.755568369952503, 1.761849559968491, 0.9220554241387919, -0.07998221529615046, -0.20147461440900816, 0.2909185280526475, True
1.5060250956471455, 4.195769945770589, -2.6876204438124636, -0.07998221529615046, -0.20147461440900816, 0.2909185280526475, True
-0.05469039346462168, -2.88746007655174, 1.3437492332368075, -0.07998221529615046, -0.20147461440900816, 0.2909185280526475, False
-2.1991182404746823, 5.05326861762598, 0.06955595719721197, -0.07998221529615046, -0.20147461440900816, 0.2909185280526475, True
-1.774169973224784, 2.342122682620488, -2.5972713040073074, -0.07998221529615046, -0.20147461440900816, 0.2909185280526475, True
-4.862367514726796, -0.8681213444685847, -0.360060049130992, -0.07998221529615046, -0.20147461440900816, 0.2909185280526475, False
2.0188508054470553, 5.128160159736696, -2.547081973205115, -0.07998221529615046, -0.20147461440900816, 0.2909185280526475, True
-2.4044369634647142, 5.813209052807288, 1.8477230786257026, -0.07998221529615046, -0.20147461440900816, 0.2909185280526475, True
-2.806275257718289, -1.9887919071823719, -0.8974099321611932, -0.07998221529615046, -0.20147461440900816, 0.2909185280526475, True
1.305896291268236, 0.9961096199099062, -2.5449169200005692, -0.07998221529615046, -0.20147461440900816, 0.2909185280526475, True
-3.7779766343447476, 4.127826062938913, 2.285346948119411, -0.07998221529615046, -0.20147461440900816, 0.2909185280526475, True
-1.7058706356036986, -1.7172532434635226, 2.1349750768324984, -0.07998221529615046, -0.20147461440900816, 0.2909185280526475, True
6.256176443159788, -5.86947236727064, -0.10180171483449163, -0.07998221529615046, -0.20147461440900816, 0.2909185280526475, True
-1.9037894243078135, -4.531168285785283, -0.8980363109655882, -0.07998221529615046, -0.20147461440900816, 0.2909185280526475, True
4.994957050643453, 0.7782040534173831, -1.0362891045784308, -0.07998221529615046, -0.20147461440900816, 0.2909185280526475, True
6.210041305787872, -0.6258215582211273, 2.713166121296955, -0.07998221529615046, -0.20147461440900816, 0.2909185280526475, True
-2.1488709297048816, 3.433526078981636, 2.546900087941844, -0.07998221529615046, -0.20147461440900816, 0.2909185280526475, False
3.0845350760618437, -0.9913684371373925, 1.3066620379112726, -0.07998221529615046, -0.20147461440900816, 0.2909185280526475, True
-2.7150711263331844, -0.4072001865248369, 1.9368057848612272, -0.07998221529615046, -0.20147461440900816, 0.2909185280526475, True
-0.48781273809083014, 2.6364238597006793, -2.109781359157064, -0.07998221529615046, -0.20147461440900816, 0.2909185280526475, True
6.1286626196831815, 3.449575913441011, 2.8094432034974206, -0.07998221529615046, -0.20147461440900816, 0.2909185280526475, False
-0.35142019094802013, -1.7760257936826171, -0.30673851419807496, -0.07998221529615046, -0.20147461440900816, 0.2909185280526475, False
0.9721285539028317, -0.22609076494800373, -0.42727454447205115, -0.07998221529615046, -0.20147461440900816, 0.2909185280526475, False
-2.675835435988942, 3.364699125958012, 3.134075167214431, -0.07998221529615046, -0.20147461440900816, 0.2909185280526475, True
0.19443409268036937, 3.0531127563351674, -0.23591934985335516, -0.07998221529615046, -0.20147461440900816, 0.2909185280526475, True
-1.9721073844911938, 1.731169399365049, -1.026410222438904, -0.07998221529615046, -0.20147461440900816, 0.2909185280526475, True
3.629303106336801, -3.0294572116146066, -0.3735600573057156, -0.07998221529615046, -0.20147461440900816, 0.2909185280526475, False
-2.2398333187699198, 2.9468712759526063, -2.51144473264623, -0.07998221529615046, -0.20147461440900816, 0.2909185280526475, True
1.6693223478818648, 0.6056645496340094, 1.4406552089306706, -0.07998221529615046, -0.20147461440900816, 0.2909185280526475, True
-1.965583788628079, 3.2793749198764015, -0.3892516098408829, -0.07998221529615046, -0.20147461440900816, 0.2909185280526475, False
-5.196259729315446, -0.17502491208574167, 1.2724291229612623, -0.07998221529615046, -0.20147461440900816, 0.2909185280526475, True
5.794175129243255, 5.2510410289181255, -2.6733617054087695, -0.07998221529615046, -0.20147461440900816, 0.2909185280526475, False
0.9871966731902386, 3.044927287245933, 2.0381596633412293, -0.07998221529615046, -0.20147461440900816, 0.2909185280526475, True
-2.304439981023116, 1.1361282808251687, -0.16446623657680215, -0.07998221529615046, -0.20147461440900816, 0.2909185280526475, True
0.7234181298701712, 2.113741939005658, 1.6729805643876254, -0.07998221529615046, -0.20147461440900816, 0.2909185280526475, True
-1.6293355193417058, 0.7608614903732951, -2.6818355917013657, -0.07998221529615046, -0.20147461440900816, 0.2909185280526475, True
5.7639649205007295, -1.1680162745681466, -0.6099023247692767, -0.07998221529615046, -0.20147461440900816, 0.2909185280526475, False
-4.570007365940426, -0.8396224165600499, 1.9101083027129624, -0.07998221529615046, -0.20147461440900816, 0.2909185280526475, False
-2.832967337721869, -5.464596353309067, -2.476435688437608, -0.07998221529615046, -0.20147461440900816, 0.2909185280526475, True
0.24242920600268647, 3.4041820890924015, -0.6474333532987782, -0.07998221529615046, -0.20147461440900816, 0.2909185280526475, False
-2.9801193693324444, -3.3293186505256447, -2.604170455519683, -0.07998221529615046, -0.20147461440900816, 0.2909185280526475, True
-4.107325936875915, 1.7078151182329098, 2.6953880702890975, -0.07998221529615046, -0.20147461440900816, 0.2909185280526475, True
0.1602646355830739, 1.6857004699779132, 2.1343058164098103, -0.07998221529615046, -0.20147461440900816, 0.2909185280526475, True
-6.204196704459846, -0.10362163028665439, -0.8967743784354973, -0.07998221529615046, -0.20147461440900816, 0.2909185280526475, False
4.824348471272906, -4.844126715994177, 2.1938359581624516, -0.07998221529615046, -0.20147461440900816, 0.2909185280526475, True
-3.1304012198946674, 2.2907406657610583, 2.2631837036029223, -0.07998221529615046, -0.20147461440900816, 0.2909185280526475, True
4.49946661681056, -3.613664185122837, -2.2909696138185502, -0.07998221529615046, -0.20147461440900816, 0.2909185280526475, True
-5.550923458393577, 5.9170206853130995, -2.905543505494283, -0.07998221529615046, -0.20147461440900816, 0.2909185280526475, True
-4.773303939679098, 2.638849236167127, 1.3404823859662205, -0.07998221529615046, -0.20147461440900816, 0.2909185280526475, True
1.8905079419750574, 2.7074754828201684, -1.6483211131055435, -0.07998221529615046, -0.20147461440900816, 0.2909185280526475, True
-5.598698221800282, 4.273266353674595, 0.9046912143646519, -0.07998221529615046, -0.20147461440900816, 0.2909185280526475, False
-0.05817308520396658, 3.4934918335076137, -2.419271470282803, -0.07998221529615046, -0.20147461440900816, 0.2909185280526475, True
1.4617385924397635, 1.0178764059223155, 1.1358005856945077, -0.07998221529615046, -0.20147461440900816, 0.2909185280526475, True
-4.993631122980927, 5.424748005613077, 0.2925370672653127, -0.07998221529615046, -0.20147461440900816, 0.2909185280526475, False
-1.9619268724197854, 3.714908898690428, 0.5446528493467437, -0.07998221529615046, -0.20147461440900816, 0.2909185280526475, False
0.4436759048836709, 5.436988848078318, 3.110605523430219, -0.07998221529615046, -0.20147461440900816, 0.2909185280526475, True
-1.1206992387894834, 3.196839962001608, -0.13909972378082625, -0.07998221529615046, -0.20147461440900816, 0.2909185280526475, False
5.457644943725015, -0.9363741608081844, 0.07527996487278754, -0.07998221529615046, -0.20147461440900816, 0.2909185280526475, False
0.041563925671466606, 0.21992844688213786, -2.850763995164045, -0.07998221529615046, -0.20147461440900816, 0.2909185280526475, True
1.939137296652575, 5.860480884773928, -2.0141122450415265, -0.07998221529615046, -0.20147461440900816, 0.2909185280526475, False
-1.1473131349235288, -1.151610679245092, 3.0965231060405793, -0.07998221529615046, -0.20147461440900816, 0.2909185280526475, True
-3.3109457460894136, -5.686358894038988, -0.9809828785844728, -0.07998221529615046, -0.20147461440900816, 0.2909185280526475, True
-0.46519794882707366, -5.864481901236903, 0.8958307481664347, -0.07998221529615046, -0.20147461440900816, 0.2909185280526475, True
5.360515565317623, -5.118522058039798, 3.130509601584423, -0.07998221529615046, -0.20147461440900816, 0.2909185280526475, True
3.2270776886809127, -5.837374262305973, -0.4175261405226598, -0.07998221529615046, -0.20147461440900816, 0.2909185280526475, True
-1.7281450612048754, 1.154395792820611, 0.6742898066834453, -0.07998221529615046, -0.20147461440900816, 0.2909185280526475, True
-5.990476098753365, -4.636956490746638, -0.596810301644521, -0.07998221529615046, -0.20147461440900816, 0.2909185280526475, True
-3.7668008219523696, 5.541288770522053, -0.02308432801605642, -0.07998221529615046, -0.20147461440900816, 0.2909185280526475, True
0.7150037961219171, 0.5405665194975047, 0.6359386611670437, -0.07998221529615046, -0.20147461440900816, 0.2909185280526475, True
-2.634644598232737, -5.993625341551497, -0.4019810760551841, -0.07998221529615046, -0.20147461440900816, 0.2909185280526475, True
1.4155840626428784, 3.041787996283553, 1.624775293720779, -0.07998221529615046, -0.20147461440900816, 0.2909185280526475, False
2.700639787842011, 4.340147140011766, -0.21525440390438533, -0.07998221529615046, -0.20147461440900816, 0.2909185280526475, True
-6.198366642838703, 5.478586057795873, -0.20418315935046083, -0.07998221529615046, -0.20147461440900816, 0.2909185280526475, False
-5.040439184860105, 5.024032906567244, 2.82649896381081, -0.07998221529615046, -0.20147461440900816, 0.2909185280526475, False
-0.027125634057093784, 3.9971649363486605, -2.354124764675507, -0.07998221529615046, -0.20147461440900816, 0.2909185280526475, True
3.1617931937731356, 5.47029674776836, -0.5064212779219202, -0.07998221529615046, -0.20147461440900816, 0.2909185280526475, True
3.000789810068248, 2.617208436591362, 0.5432111880472998, -0.07998221529615046, -0.20147461440900816, 0.2909185280526475, True
-1.5256443928253853, -0.32288211949065193, 0.13850567282002935, -0.07998221529615046, -0.20147461440900816, 0.2909185280526475, False
5.646515037297034, -2.2401440301233384, -0.07614445341648723, -0.07998221529615046, -0.20147461440900816, 0.2909185280526475, False
5.513055738694579, 0.5309671108199234, 2.650065612975097, -0.07998221529615046, -0.20147461440900816, 0.2909185280526475, True
3.8637339644729263, -5.981151707449256, 3.1131666139928447, -0.07998221529615046, -0.20147461440900816, 0.2909185280526475, True
3.677838306485416, 3.4509375915996277, 0.3107714255766312, -0.07998221529615046, -0.20147461440900816, 0.2909185280526475, False
1.2661405040816947, -4.256048537438072, 1.444638874365027, -0.07998221529615046, -0.20147461440900816, 0.2909185280526475, True
