-3.0997009625063945, -6.244615068767173, -2.22132573925992, 0.08382894687635023, -0.16891336529346523, -0.6694954637084511, False
2.1219648328027585, -2.0458069037537667, -1.361664507889048, 0.08382894687635023, -0.16891336529346523, -0.6694954637084511, False
-2.9074092270472693, 5.946652481907803, 2.826793345309616, 0.08382894687635023, -0.16891336529346523, -0.6694954637084511, False
-1.7155267270502712, 3.07717578088722, 0.8383891918401818, 0.08382894687635023, -0.16891336529346523, -0.6694954637084511, False
-1.0517523930718014, -2.7428855430034083, -0.8596634422188831, 0.08382894687635023, -0.16891336529346523, -0.6694954637084511, False
5.671026734740272, 1.2349201095550564, -2.8626180552145626, 0.08382894687635023, -0.16891336529346523, -0.6694954637084511, False
-5.332484874897473, -0.5005213766032721, 0.2990841690144799, 0.08382894687635023, -0.16891336529346523, -0.6694954637084511, False
4.366716369663852, 3.815416587741158, 1.0689782470722529, 0.08382894687635023, -0.16891336529346523, -0.6694954637084511, False
1.9691585824609419, -2.059196870942091, 0.25774656405526697, 0.08382894687635023, -0.16891336529346523, -0.6694954637084511, False
-5.781954947386224, 3.3862590865990363, -0.9901039251241412, 0.08382894687635023, -0.16891336529346523, -0.6694954637084511, False
-5.922839308782824, -6.0546499823446025, -2.7725966187585662, 0.08382894687635023, -0.16891336529346523, -0.6694954637084511, False
-4.28933533323011, 2.0593352828038736, -1.6032700232914243, 0.08382894687635023, -0.16891336529346523, -0.6694954637084511, False
6.250613505682077, 3.100261039239447, 0.8250464025977391, 0.08382894687635023, -0.16891336529346523, -0.6694954637084511, False
-4.501214911933545, -2.207981841081291, 0.9844034780554329, 0.08382894687635023, -0.16891336529346523, -0.6694954637084511, False
-4.669047605180272, 5.516530239326496, 1.0179577258146137, 0.08382894687635023, -0.16891336529346523, -0.6694954637084511, False
5.179821120843275, 5.635028077843421, 0.05823363058942199, 0.08382894687635023, -0.16891336529346523, -0.6694954637084511, False
0.32058557590960657, 5.945362983724138, 0.7784404587986402, 0.08382894687635023, -0.16891336529346523, -0.6694954637084511, False
-3.4679378678820267, -4.930293027886153, -0.20818810468643933, 0.08382894687635023, -0.16891336529346523, -0.6694954637084511, False
-4.383500194432079, -5.618606608403071, -0.7157106165414051, 0.08382894687635023, -0.16891336529346523, -0.6694954637084511, False
-2.987706218025325, 0.5670890544542928, 1.1950086726124862, 0.08382894687635023, -0.16891336529346523, -0.6694954637084511, False
-0.5888067434687043, -5.196790576169643, 2.1857547605153007, 0.08382894687635023, -0.16891336529346523, -0.6694954637084511, False
5.286004256434765, 1.4990163793140505, -2.1726616763219346, 0.08382894687635023, -0.16891336529346523, -0.6694954637084511, False
-3.5377751455872106, -1.8359535469312709, 2.996000140174073, 0.08382894687635023, -0.16891336529346523, -0.6694954637084511, True
4.987778006733468, 0.5807187934477769, 2.1813363095067304, 0.08382894687635023, -0.16891336529346523, -0.6694954637084511, False
-0.8815157585529025, -3.464743051406421, 2.6092035113122156, 0.08382894687635023, -0.16891336529346523, -0.6694954637084511, False
0.24356581174389103, -1.2802957851454604, 2.8037643850648397, 0.08382894687635023, -0.16891336529346523, -0.6694954637084511, False
-5.931192616129209, 4.01528511491078, -1.3069912013960239, 0.08382894687635023, -0.16891336529346523, -0.6694954637084511, False
2.541086193099085, 1.2658074828000156, -2.4497822910814264, 0.08382894687635023, -0.16891336529346523, -0.6694954637084511, False
-4.329211611871176, -4.672983492021873, 0.8263098185631939, 0.08382894687635023, -0.16891336529346523, -0.6694954637084511, True
-0.35562176950611324, 2.1564477506426325, 0.6629700224961828, 0.08382894687635023, -0.16891336529346523, -0.6694954637084511, False
5.4859374390494064, 2.9374180200198428, -1.8847940104882697, 0.08382894687635023, -0.16891336529346523, -0.6694954637084511, False
4.172946644453262, 3.193759139165776, 1.4817053388136516, 0.08382894687635023, -0.16891336529346523, -0.6694954637084511, False
-5.358171192365741, 0.5058228416536599, -2.468844906322804, 0.08382894687635023, -0.16891336529346523, -0.6694954637084511, False
-2.444616910641748, -2.3452999982358405, -1.7005503910805024, 0.08382894687635023, -0.16891336529346523, -0.6694954637084511, False
-1.80223209761375, -2.2971477719062, 0.3358668153782012, 0.08382894687635023, -0.16891336529346523, -0.6694954637084511, False
0.6429754680713735, 2.496332467171463, -3.032826428520992, 0.08382894687635023, -0.16891336529346523, -0.6694954637084511, True
-3.470636783348907, 2.6274480218831044, -2.231791609175752, 0.08382894687635023, -0.16891336529346523, -0.6694954637084511, False
-4.524754868816963, -5.422800471834449, 1.460961311889652, 0.08382894687635023, -0.16891336529346523, -0.6694954637084511, False
-2.795937820706573, -3.3511767630361695, -1.113761407020819, 0.08382894687635023, -0.16891336529346523, -0.6694954637084511, False
0.16110291812070443, -3.7352791085697605, 0.3089019017313017, 0.08382894687635023, -0.16891336529346523, -0.6694954637084511, False
-1.7404563222240537, 3.863171256914139, -0.26740751063103385, 0.08382894687635023, -0.16891336529346523, -0.6694954637084511, False
4.5617157697324, 2.262869619275694, -0.7413244089735103, 0.08382894687635023, -0.16891336529346523, -0.6694954637084511, False
5.265682031915938, -5.860553304859362, -0.48219908812919554, 0.08382894687635023, -0.16891336529346523, -0.6694954637084511, False
0.23356196255676398, -5.754789980881018, -0.5231623631392499, 0.08382894687635023, -0.16891336529346523, -0.6694954637084511, False
2.557010047774808, 0.9613052334732259, 0.7802719796246937, 0.08382894687635023, -0.16891336529346523, -0.6694954637084511, False
-5.533268853152213, -6.045508824456198, 2.5650467904618193, 0.08382894687635023, -0.16891336529346523, -0.6694954637084511, False
4.0911440170594116, 2.7310976751397913, -3.0210020679338254, 0.08382894687635023, -0.16891336529346523, -0.6694954637084511, True
-0.20992737924177263, 0.999943652584836, 2.1173316510421465, 0.08382894687635023, -0.16891336529346523, -0.6694954637084511, False
5.86483134951302, 6.177926162415634, 1.0542544975929689, 0.08382894687635023, -0.16891336529346523, -0.6694954637084511, False
3.2857926681466143, 0.7674972543382541, 0.6474498497636607, 0.08382894687635023, -0.16891336529346523, -0.6694954637084511, False
3.4351199160155907, -0.8981842449468918, -2.7984237855767358, 0.08382894687635023, -0.16891336529346523, -0.6694954637084511, False
-4.482214930108566, 4.117132905851578, 3.1092331764563577, 0.08382894687635023, -0.16891336529346523, -0.6694954637084511, True
0.39096237580114046, 0.777855632111323, 0.16606401564810236, 0.08382894687635023, -0.16891336529346523, -0.6694954637084511, False
-0.28233338875541314, -5.6372030107708495, 0.8641430922856168, 0.08382894687635023, -0.16891336529346523, -0.6694954637084511, False
4.129080598360288, -0.9653083581970057, -2.194564753043389, 0.08382894687635023, -0.16891336529346523, -0.6694954637084511, False
-0.8463441245743297, -3.0814849538290283, 0.3913679260381189, 0.08382894687635023, -0.16891336529346523, -0.6694954637084511, False
2.7831219666439075, -4.5462725109905655, -2.52998942057524, 0.08382894687635023, -0.16891336529346523, -0.6694954637084511, False
0.5538894520304902, 5.498632576621899, -2.9371520949085506, 0.08382894687635023, -0.16891336529346523, -0.6694954637084511, True
-0.04953943040974362, 2.63648045525426, 0.725884787911089, 0.08382894687635023, -0.16891336529346523, -0.6694954637084511, False
-1.2524706105939236, 0.2953867276221285, -1.612818026819559, 0.08382894687635023, -0.16891336529346523, -0.6694954637084511, False
-3.75436006939376, 3.4523196420701616, -1.278111896253861, 0.08382894687635023, -0.16891336529346523, -0.6694954637084511, False
-0.5479944946261419, 3.2568159707163034, 1.9024926938948026, 0.08382894687635023, -0.16891336529346523, -0.6694954637084511, False
-6.115909802041235, -5.06032779524193, -0.7972860496552503, 0.08382894687635023, -0.16891336529346523, -0.6694954637084511, False
0.9003622990957423, -4.448824081302722, 2.0403415443741464, 0.08382894687635023, -0.16891336529346523, -0.6694954637084511, False
-3.391767551623136, -6.230623658570605, -2.9170977011047667, 0.08382894687635023, -0.16891336529346523, -0.6694954637084511, True
0.07287304976995568, 1.901193254604621, -2.3686359546557423, 0.08382894687635023, -0.16891336529346523, -0.6694954637084511, False
0.4024910209578145, 5.987876034807117, -1.833838050525822, 0.08382894687635023, -0.16891336529346523, -0.6694954637084511, False
2.6933633141910356, 1.5282884572916666, 0.8847740522241496, 0.08382894687635023, -0.16891336529346523, -0.6694954637084511, True
-5.343083173077265, -4.121303068285151, -0.010253093206520791, 0.08382894687635023, -0.16891336529346523, -0.6694954637084511, False
4.486200742636234, 3.6435980865108792, 3.060816072823725, 0.08382894687635023, -0.16891336529346523, -0.6694954637084511, True
-1.4273101801710144, 4.964887689411558, 0.5870554343110599, 0.08382894687635023, -0.16891336529346523, -0.6694954637084511, False
-5.339481404980372, 3.0129419955141508, 0.12564249110021208, 0.08382894687635023, -0.16891336529346523, -0.6694954637084511, False
0.526036929003932, 3.0336310396350132, 2.6097086850893687, 0.08382894687635023, -0.16891336529346523, -0.6694954637084511, False
6.157224545713683, 1.7091280764815142, 0.006378593444329894, 0.08382894687635023, -0.16891336529346523, -0.6694954637084511, False
-0.08065472067021684, 3.064430403444156, -1.1881147094447635, 0.08382894687635023, -0.16891336529346523, -0.6694954637084511, False
6.109556484160738, -2.1072590964184466, 3.0775980043720867, 0.08382894687635023, -0.16891336529346523, -0.6694954637084511, True
-1.687472561126219, -3.3780239296386325, 1.9816929603502107, 0.08382894687635023, -0.16891336529346523, -0.6694954637084511, False
6.2069377061815505, 4.91235011223214, -1.960457252319987, 0.08382894687635023, -0.16891336529346523, -0.6694954637084511, False
-4.3485982508705865, 0.69035568665723, 0.6971854941070177, 0.08382894687635023, -0.16891336529346523, -0.6694954637084511, False
-1.4893552310815723, -1.2336756468282726, -0.6086387076021831, 0.08382894687635023, -0.16891336529346523, -0.6694954637084511, False
2.641632452698005, -2.3145192152374263, -1.5905960687325338, 0.08382894687635023, -0.16891336529346523, -0.6694954637084511, False
4.143918412491159, 0.7719539071321524, -2.560518167952347, 0.08382894687635023, -0.16891336529346523, -0.6694954637084511, False
-3.6216658533040413, 3.9149410141107683, -1.7624431022826887, 0.08382894687635023, -0.16891336529346523, -0.6694954637084511, False
-2.53076349176045, -5.711670554885951, 0.3544232401494578, 0.08382894687635023, -0.16891336529346523, -0.6694954637084511, False
-0.7073539091124665, -1.8011470116061696, -1.4422836082182557, 0.08382894687635023, -0.16891336529346523, -0.6694954637084511, False
-6.217747290695706, 0.4778601206324655, -1.118659043428114, 0.08382894687635023, -0.16891336529346523, -0.6694954637084511, False
4.875226681424708, -2.421120150115461, -1.694432944213667, 0.08382894687635023, -0.16891336529346523, -0.6694954637084511, False
1.1294485049867768, 2.6249786890941067, 0.9193863721227116, 0.08382894687635023, -0.16891336529346523, -0.6694954637084511, False
-4.876468060178333, -0.7590621422805155, -0.15988519896123554, 0.08382894687635023, -0.16891336529346523, -0.6694954637084511, False
-4.150699812687222, -2.467860361754268, -0.6584846490065597, 0.08382894687635023, -0.16891336529346523, -0.6694954637084511, False
-3.962815372747993, -3.689551165954415, 1.2947004341697728, 0.08382894687635023, -0.16891336529346523, -0.6694954637084511, False
-2.072242215792177, -5.440460881605531, -2.983019127686636, 0.08382894687635023, -0.16891336529346523, -0.6694954637084511, True
2.1901908528084544, -0.5281538254024785, 2.672805204710733, 0.08382894687635023, -0.16891336529346523, -0.6694954637084511, False
-4.605841243328781, 4.596980836177082, -1.4311274539479109, 0.08382894687635023, -0.16891336529346523, -0.6694954637084511, False
-3.3824687760313266, 5.392620355134698, 0.2980413313018557, 0.08382894687635023, -0.16891336529346523, -0.6694954637084511, False
0.6055494435929969, 6.107926462806347, 1.9671520085176866, 0.08382894687635023, -0.16891336529346523, -0.6694954637084511, False
3.5406645721345473, 2.400024367275625, 0.6719267859072451, 0.08382894687635023, -0.16891336529346523, -0.6694954637084511, False
-3.7097395987572064, 3.997418502825397, 2.388676228461093, 0.08382894687635023, -0.16891336529346523, -0.6694954637084511, False
-1.9000821416026383, -0.6471703288010717, 0.5883332337632248, 0.08382894687635023, -0.16891336529346523, -0.6694954637084511, False
2.179281729713418, -3.1225908570048255, -0.0146427081859124, 0.08382894687635023, -0.16891336529346523, -0.6694954637084511, False
0.42605880568399535, -3.0657919695778815, 3.10384073089822, 0.08382894687635023, -0.16891336529346523, -0.6694954637084511, True
3.32130844284889, 5.137752363857864, -0.9590867327066728, 0.08382894687635023, -0.16891336529346523, -0.6694954637084511, False
2.7510127075026425, -0.2671044878921016, 0.8722929879718642, 0.08382894687635023, -0.16891336529346523, -0.6694954637084511, False
4.021425806636326, -4.779670914092057, -0.1201885739648918, 0.08382894687635023, -0.16891336529346523, -0.6694954637084511, True
-3.8071625940673095, -3.457045164863196, 0.6336758385766577, 0.08382894687635023, -0.16891336529346523, -0.6694954637084511, False
4.746012621100615, 5.4453318444698535, -0.7149042423638714, 0.08382894687635023, -0.16891336529346523, -0.6694954637084511, False
-1.931810279565334, 6.1774721486474515, 1.2738510764443935, 0.08382894687635023, -0.16891336529346523, -0.6694954637084511, False
2.4298051269964134, 5.086184688069627, 0.09994547802365261, 0.08382894687635023, -0.16891336529346523, -0.6694954637084511, False
-5.222865955077168, -3.6796468545224212, -1.2777444320030091, 0.08382894687635023, -0.16891336529346523, -0.6694954637084511, False
-2.643213453846198, 1.3557707839709607, 2.1823321971422303, 0.08382894687635023, -0.16891336529346523, -0.6694954637084511, False
-3.7642431690555993, 3.8025467243599227, 3.10385265914305, 0.08382894687635023, -0.16891336529346523, -0.6694954637084511, True
4.419597321102664, 3.0978514304285802, -0.9728734568204978, 0.08382894687635023, -0.16891336529346523, -0.6694954637084511, False
3.862717660477358, -2.1584070380075984, 2.041597961871788, 0.08382894687635023, -0.16891336529346523, -0.6694954637084511, False
0.6221776757775377, -2.0899553774405764, -1.5856701825592767, 0.08382894687635023, -0.16891336529346523, -0.6694954637084511, False
-5.375477368418119, -4.912623384297074, -1.4309564801172332, 0.08382894687635023, -0.16891336529346523, -0.6694954637084511, False
1.4234520005064208, 2.5820718879170013, 2.2821022669518314, 0.08382894687635023, -0.16891336529346523, -0.6694954637084511, False
1.7018676154885073, -3.3831473892576804, -0.5819053543791703, 0.08382894687635023, -0.16891336529346523, -0.6694954637084511, False
1.5546060060181057, -5.795672622077874, 1.3049426889191702, 0.08382894687635023, -0.16891336529346523, -0.6694954637084511, False
2.667599896297304, 0.9861549901694158, -2.385223124850157, 0.08382894687635023, -0.16891336529346523, -0.6694954637084511, False
4.400123972977978, -4.928681023094148, -2.8050402352043284, 0.08382894687635023, -0.16891336529346523, -0.6694954637084511, False
1.3757318679834274, 3.11594534313819, 2.949644938842268, 0.08382894687635023, -0.16891336529346523, -0.6694954637084511, True
-3.6374637171046587, 5.795198920722438, 1.2017527444230804, 0.08382894687635023, -0.16891336529346523, -0.6694954637084511, False
-1.0522394786428126, -0.9649316709197793, -2.201373541398925, 0.08382894687635023, -0.16891336529346523, -0.6694954637084511, False
5.263089439295653, -5.69583228300163, -0.05403904418023231, 0.08382894687635023, -0.16891336529346523, -0.6694954637084511, False
-1.7624689794624135, -1.6685480781790556, 2.5527342133692237, 0.08382894687635023, -0.16891336529346523, -0.6694954637084511, False
-4.141110960920499, 2.7128993572411044, -2.984767066772278, 0.08382894687635023, -0.16891336529346523, -0.6694954637084511, True
-0.5882752142306549, -2.823601824816917, 0.3686711148553168, 0.08382894687635023, -0.16891336529346523, -0.6694954637084511, False
5.794570347309207, 4.05339009215829, -0.045271531564738066, 0.08382894687635023, -0.16891336529346523, -0.6694954637084511, False
-3.2559072771333453, 1.434660779371911, 2.6203884647788467, 0.08382894687635023, -0.16891336529346523, -0.6694954637084511, False
-2.155733506595534, -3.1866034527584812, -0.07525042526248438, 0.08382894687635023, -0.16891336529346523, -0.6694954637084511, False
4.406734392617889, -2.5963219995902653, 0.9941353514089375, 0.08382894687635023, -0.16891336529346523, -0.6694954637084511, False
2.7112622384383194, -5.670088134652139, -1.4266994415347183, 0.08382894687635023, -0.16891336529346523, -0.6694954637084511, False
0.02698042943487522, 1.5410281454282329, -0.9779443806603085, 0.08382894687635023, -0.16891336529346523, -0.6694954637084511, False
2.5904542039751632, -2.5010165614627646, -2.402113107339963, 0.08382894687635023, -0.16891336529346523, -0.6694954637084511, False
-2.725196287091183, 2.204049997380512, 2.5623516297711513, 0.08382894687635023, -0.16891336529346523, -0.6694954637084511, False
3.9505756932795855, 1.3725544139114012, 0.0991471484617441, 0.08382894687635023, -0.16891336529346523, -0.6694954637084511, True
5.148376992187032, -1.2336592503719261, -0.3580522629792613, 0.08382894687635023, -0.16891336529346523, -0.6694954637084511, False
-2.114315582029062, 4.64973044423008, -0.8267957591144071, 0.08382894687635023, -0.16891336529346523, -0.6694954637084511, False
-1.9666329656318258, 0.17712645479818967, -1.8808349879389392, 0.08382894687635023, -0.16891336529346523, -0.6694954637084511, False
0.5333559388987066, 5.053747635108177, -1.1113843522448406, 0.08382894687635023, -0.16891336529346523, -0.6694954637084511, False
-2.2671960873905963, -6.026128988650153, 0.5076864806797987, 0.08382894687635023, -0.16891336529346523, -0.6694954637084511, False
-0.647508645464062, 3.8343997172062885, 2.2497276590968633, 0.08382894687635023, -0.16891336529346523, -0.6694954637084511, False
-4.991815364413161, -0.7971040714666691, -1.3684368137205962, 0.08382894687635023, -0.16891336529346523, -0.6694954637084511, False
-2.5210260184663498, -3.355834386476244, -2.0960546866389373, 0.08382894687635023, -0.16891336529346523, -0.6694954637084511, False
0.8840402532109755, 1.4292127387208478, 1.3504065399048804, 0.08382894687635023, -0.16891336529346523, -0.6694954637084511, False
3.8622905381081107, -3.4403691932082334, 1.0551901348872228, 0.08382894687635023, -0.16891336529346523, -0.6694954637084511, False
3.9233231125291415, 2.0907610465702042, 0.6874285385650021, 0.08382894687635023, -0.16891336529346523, -0.6694954637084511, False
-1.471133605034738, -4.4563164793576115, -1.2628675298230505, 0.08382894687635023, -0.16891336529346523, -0.6694954637084511, False
-1.2677905435104533, -3.2128851620999703, 2.120361490260014, 0.08382894687635023, -0.16891336529346523, -0.6694954637084511, False
1.7192932008344073, 6.037697909583418, 0.9433932923533579, 0.08382894687635023, -0.16891336529346523, -0.6694954637084511, False
3.3289812563490724, 0.4383708638561119, 1.8398007188870764, 0.08382894687635023, -0.16891336529346523, -0.6694954637084511, False
-1.100537673162779, 3.284202005755379, 1.3170205594239146, 0.08382894687635023, -0.16891336529346523, -0.6694954637084511, False
-5.492150168970704, -2.455054368804236, -1.7141406489582531, 0.08382894687635023, -0.16891336529346523, -0.6694954637084511, False
-2.93259110663906, 3.208624276662979, -1.474269995446194, 0.08382894687635023, -0.16891336529346523, -0.6694954637084511, False
5.923950898272528, -1.9465403070483713, -1.5470197709958144, 0.08382894687635023, -0.16891336529346523, -0.6694954637084511, False
1.4436525027249605, -2.0816079589836036, 1.2317723823022666, 0.08382894687635023, -0.16891336529346523, -0.6694954637084511, False
6.169358644913544, -2.995339816579609, -1.7366770893258836, 0.08382894687635023, -0.16891336529346523, -0.6694954637084511, False
-1.4486105792061323, -4.051957398021324, -2.8830376683699153, 0.08382894687635023, -0.16891336529346523, -0.6694954637084511, True
-2.2562330596535327, 4.4045379480894145, -2.281885335854839, 0.08382894687635023, -0.16891336529346523, -0.6694954637084511, False
-0.018355375364857096, 4.601448118343042, 0.44570141235162897, 0.08382894687635023, -0.16891336529346523, -0.6694954637084511, False
-1.8699263383629203, 1.3985435003425373, 1.051660194493932, 0.08382894687635023, -0.16891336529346523, -0.6694954637084511, False
-1.7809316628134013, -5.67976153402512, 2.7802078243540524, 0.08382894687635023, -0.16891336529346523, -0.6694954637084511, False
-0.6767530405499231, -1.3653012956089032, -2.6529246627499248, 0.08382894687635023, -0.16891336529346523, -0.6694954637084511, False
3.2225230350883773, 1.2482337401931582, 1.6665563720390697, 0.08382894687635023, -0.16891336529346523, -0.6694954637084511, False
-2.666883958172101, 2.3824426889700714, -1.4494572369943024, 0.08382894687635023, -0.16891336529346523, -0.6694954637084511, False
-2.6002594140832995, -2.2421884133142074, 2.7295192543896682, 0.08382894687635023, -0.16891336529346523, -0.6694954637084511, False
0.5010104939446887, -5.298799702448855, -0.12236698773757748, 0.08382894687635023, -0.16891336529346523, -0.6694954637084511, False
0.22424241598631323, -2.918941915785602, -1.2644149420894366, 0.08382894687635023, -0.16891336529346523, -0.6694954637084511, False
-6.1183231755436465, 2.085267165009892, 1.0895199961189883, 0.08382894687635023, -0.16891336529346523, -0.6694954637084511, False
0.5083533584967341, -3.56266892397552, -1.2088364467292634, 0.08382894687635023, -0.16891336529346523, -0.6694954637084511, False
-2.9188420683624723, 3.9743769444471386, 1.4554390054644797, 0.08382894687635023, -0.16891336529346523, -0.6694954637084511, False
1.7172261054273843, 2.7688759318703777, 2.9198811513310527, 0.08382894687635023, -0.16891336529346523, -0.6694954637084511, True
1.3557789811334766, 6.183647856827255, -2.241771687762713, 0.08382894687635023, -0.16891336529346523, -0.6694954637084511, False
-1.1185333467116978, 1.1895257056872728, 1.6801583301348337, 0.08382894687635023, -0.16891336529346523, -0.6694954637084511, False
4.700130276814447, -1.8798443882611808, -1.818890180454348, 0.08382894687635023, -0.16891336529346523, -0.6694954637084511, False
-0.8436035586939452, -2.2257583895080177, 1.8463612161768168, 0.08382894687635023, -0.16891336529346523, -0.6694954637084511, False
0.7457636137810413, 2.266836405332782, 1.6722199279806649, 0.08382894687635023, -0.16891336529346523, -0.6694954637084511, False
0.7971601884102775, -6.181771641602251, 0.15041524710382514, 0.08382894687635023, -0.16891336529346523, -0.6694954637084511, False
0.9551922320882928, -1.5610980950637927, -0.39342945645228466, 0.08382894687635023, -0.16891336529346523, -0.6694954637084511, False
-2.421577622837144, 2.6136251408340954, 1.1548622790102359, 0.08382894687635023, -0.16891336529346523, -0.6694954637084511, False
-0.5729357497590799, 1.9938283182087346, -2.7687715320251742, 0.08382894687635023, -0.16891336529346523, -0.6694954637084511, False
-5.222372292935139, -3.309450467427995, -1.0245433607892953, 0.08382894687635023, -0.16891336529346523, -0.6694954637084511, False
0.20614688354478705, 1.1452064657477834, -2.773237472296086, 0.08382894687635023, -0.16891336529346523, -0.6694954637084511, False
-2.007373597781867, -4.592415789322868, -2.675851384049478, 0.08382894687635023, -0.16891336529346523, -0.6694954637084511, False
1.8734705433166976, -3.3260155251487684, -1.3889540137138718, 0.08382894687635023, -0.16891336529346523, -0.6694954637084511, False
-1.6383353553463147, -5.341787725684107, -0.263877727982162, 0.08382894687635023, -0.16891336529346523, -0.6694954637084511, False
-0.643817794681186, 1.2557136690792152, 2.814604942254224, 0.08382894687635023, -0.16891336529346523, -0.6694954637084511, False
-4.422939314931456, 5.971967067237516, -1.3292995515758232, 0.08382894687635023, -0.16891336529346523, -0.6694954637084511, False
-1.830751669712475, -4.59697421677795, 2.8007527346531456, 0.08382894687635023, -0.16891336529346523, -0.6694954637084511, False
4.006829933259555, -3.0779983699837663, 1.217667810656371, 0.08382894687635023, -0.16891336529346523, -0.6694954637084511, False
-1.289626918874112, 3.306875294961001, -0.338327689227099, 0.08382894687635023, -0.16891336529346523, -0.6694954637084511, False
0.721024518494163, -5.458276312396927, 3.012386769083732, 0.08382894687635023, -0.16891336529346523, -0.6694954637084511, True
-6.196685284578126, 0.6967175155709624, -0.7738627866271961, 0.08382894687635023, -0.16891336529346523, -0.6694954637084511, False
1.880792536542307, 4.413006824786359, -0.3640403324747452, 0.08382894687635023, -0.16891336529346523, -0.6694954637084511, False
5.92868113144938, 3.0875701519355285, -3.102660433207014, 0.08382894687635023, -0.16891336529346523, -0.6694954637084511, True
1.612507540515045, 4.800062466451642, -2.5546272278864763, 0.08382894687635023, -0.16891336529346523, -0.6694954637084511, False
3.9343785123221107, 1.9701332346334848, -1.179686985128989, 0.08382894687635023, -0.16891336529346523, -0.6694954637084511, True
0.935568232388917, 3.743699484517773, 1.042666324212136, 0.08382894687635023, -0.16891336529346523, -0.6694954637084511, False
2.5311887263880966, 6.096529678678767, -0.4731708524426508, 0.08382894687635023, -0.16891336529346523, -0.6694954637084511, False
0.9526918883136846, -2.3263047442475457, -2.2008830601228957, 0.08382894687635023, -0.16891336529346523, -0.6694954637084511, False
