3.061097551288878, 0.5236792510461985, 0.5811985084199587, -0.48614361951002283, -0.13332944706645666, -0.43081217278271333, False
-3.6260470630235946, 5.411111732278826, -0.4367232118836246, -0.48614361951002283, -0.13332944706645666, -0.43081217278271333, False
1.0541571148112343, 5.052222787402549, 1.306909037796392, -0.48614361951002283, -0.13332944706645666, -0.43081217278271333, False
2.605665835476156, 2.8009716963686824, 1.425066556938801, -0.48614361951002283, -0.13332944706645666, -0.43081217278271333, False
-5.1796236959203235, 1.1462270305252265, -1.4706402723217131, -0.48614361951002283, -0.13332944706645666, -0.43081217278271333, False
-3.6939356615680947, -4.7766659365438615, 1.9186074282061458, -0.48614361951002283, -0.13332944706645666, -0.43081217278271333, False
-0.13209861538390388, 5.411233828651417, -0.07325755988483618, -0.48614361951002283, -0.13332944706645666, -0.43081217278271333, False
0.3853173824706939, -5.271584915895549, 2.0818913451843413, -0.48614361951002283, -0.13332944706645666, -0.43081217278271333, False
3.0666445191363696, -2.652056330353833, 1.9268570033253285, -0.48614361951002283, -0.13332944706645666, -0.43081217278271333, False
4.165182926056147, -5.7239332808587715, -1.3754822263129987, -0.48614361951002283, -0.13332944706645666, -0.43081217278271333, False
4.919447301807386, -5.746178007599672, -0.861894838870179, -0.48614361951002283, -0.13332944706645666, -0.43081217278271333, False
-4.644107073138622, 2.6548922436029674, 0.4630161064362217, -0.48614361951002283, -0.13332944706645666, -0.43081217278271333, False
2.1422153216168915, -1.5642278475072935, 1.779514275338789, -0.48614361951002283, -0.13332944706645666, -0.43081217278271333, False
1.8191504151816922, 2.473457814370576, 2.9463730495140927, -0.48614361951002283, -0.13332944706645666, -0.43081217278271333, True
-2.6776573339901804, -4.022238781786453, 1.8063027190457648, -0.48614361951002283, -0.13332944706645666, -0.43081217278271333, False
2.0711380247941253, -0.30221629983943377, 2.716774870622661, -0.48614361951002283, -0.13332944706645666, -0.43081217278271333, False
-6.072345905011842, -4.059573835715591, 2.382147642646709, -0.48614361951002283, -0.13332944706645666, -0.43081217278271333, False
4.109317265010503, -2.2599525858604315, 1.2660916771797925, -0.48614361951002283, -0.13332944706645666, -0.43081217278271333, False
-3.4109846651384066, -4.246973029413187, -0.8446492462342801, -0.48614361951002283, -0.13332944706645666, -0.43081217278271333, False
4.117072716151526, 1.8050286911400928, 0.483021539606439, -0.48614361951002283, -0.13332944706645666, -0.43081217278271333, False
-3.176114073505169, 1.8321084863349473, 1.139844720426809, -0.48614361951002283, -0.13332944706645666, -0.43081217278271333, False
-4.401429975365678, -5.982371342134509, 0.6812303288039878, -0.48614361951002283, -0.13332944706645666, -0.43081217278271333, False
-3.989828312102586, -0.6039969084930625, 2.098291347958839, -0.48614361951002283, -0.13332944706645666, -0.43081217278271333, False
-0.6931281338464323, 2.778550697077348, -0.02634295691553623, -0.48614361951002283, -0.13332944706645666, -0.43081217278271333, False
1.8270611714800715, -5.26868380460213, -2.127065204299697, -0.48614361951002283, -0.13332944706645666, -0.43081217278271333, False
-3.8363103201543867, 5.794883996565199, 1.5318738890337338, -0.48614361951002283, -0.13332944706645666, -0.43081217278271333, False
-0.262341798146962, 5.955067700895761, -2.2825985832801794, -0.48614361951002283, -0.13332944706645666, -0.43081217278271333, False
0.8339113732167958, -5.786626700704649, 2.623186851083193, -0.48614361951002283, -0.13332944706645666, -0.43081217278271333, False
5.256128158203616, -3.9452832494281234, -2.3052261048499427, -0.48614361951002283, -0.13332944706645666, -0.43081217278271333, False
4.421136483022387, 0.9391232970040564, -0.7962016866063029, -0.48614361951002283, -0.13332944706645666, -0.43081217278271333, False
5.332118993512912, 3.250906905602296, 1.973352318857935, -0.48614361951002283, -0.13332944706645666, -0.43081217278271333, False
0.6169547330841167, 1.7216737273918863, 1.879597411189497, -0.48614361951002283, -0.13332944706645666, -0.43081217278271333, False
5.472832143593671, 2.235746034043336, -1.7128889432909016, -0.48614361951002283, -0.13332944706645666, -0.43081217278271333, False
-3.922621085253415, 3.620397596796174, -0.3579895154953703, -0.48614361951002283, -0.13332944706645666, -0.43081217278271333, False
2.8834583579967017, -5.746295213023938, -2.819124375325493, -0.48614361951002283, -0.13332944706645666, -0.43081217278271333, False
-4.860313154158854, -3.2290515478125896, 2.4957952541679207, -0.48614361951002283, -0.13332944706645666, -0.43081217278271333, False
0.564316876548709, -1.6426106459384933, 1.1047705449317213, -0.48614361951002283, -0.13332944706645666, -0.43081217278271333, False
-3.9623152115805924, -2.411822852577928, -2.053309282727066, -0.48614361951002283, -0.13332944706645666, -0.43081217278271333, False
-2.2810340221344667, -3.491833913728102, 1.1515313792774542, -0.48614361951002283, -0.13332944706645666, -0.43081217278271333, False
-2.3439265053957223, -1.3150057461769453, -2.8637334935120924, -0.48614361951002283, -0.13332944706645666, -0.43081217278271333, True
4.055222315422215, -2.6762949906984628, -0.766465846277467, -0.48614361951002283, -0.13332944706645666, -0.43081217278271333, False
0.5461535818022458, -4.018731482302587, 1.7362496083364771, -0.48614361951002283, -0.13332944706645666, -0.43081217278271333, False
3.7550579267810082, 0.9884682523116535, -0.8099823462114775, -0.48614361951002283, -0.13332944706645666, -0.43081217278271333, False
0.5190852976561651, 5.031718250784479, 0.8871714253457776, -0.48614361951002283, -0.13332944706645666, -0.43081217278271333, False
3.220480360999245, 4.549014420656734, 1.8388065097024189, -0.48614361951002283, -0.13332944706645666, -0.43081217278271333, False
-6.014481038535526, -5.388526608903715, 2.7067807127102546, -0.48614361951002283, -0.13332944706645666, -0.43081217278271333, False
-0.3767356614986195, -0.9223323883958345, -1.4055393216654137, -0.48614361951002283, -0.13332944706645666, -0.43081217278271333, False
-0.84233204964851, -4.276538043554317, -0.7310942225627572, -0.48614361951002283, -0.13332944706645666, -0.43081217278271333, False
-5.79075170874612, -0.8306022805452509, 0.6973593737885047, -0.48614361951002283, -0.13332944706645666, -0.43081217278271333, False
-0.28798376244644697, -3.9755682807931745, 2.042795812627885, -0.48614361951002283, -0.13332944706645666, -0.43081217278271333, False
0.7761104868577906, -1.8763908694863964, 2.704513974040287, -0.48614361951002283, -0.13332944706645666, -0.43081217278271333, False
1.7147723881973977, 5.093943334067111, -0.8298023373649523, -0.48614361951002283, -0.13332944706645666, -0.43081217278271333, False
-2.0675007054405157, 5.595477582769767, -1.6288866082147264, -0.48614361951002283, -0.13332944706645666, -0.43081217278271333, False
-5.233367849950255, -5.868538245120358, 0.761661779160149, -0.48614361951002283, -0.13332944706645666, -0.43081217278271333, False
5.994185094103186, 1.5493149116373415, 0.41585558345138285, -0.48614361951002283, -0.13332944706645666, -0.43081217278271333, False
-5.494954979619486, -0.01170063367604346, -0.5964991045654138, -0.48614361951002283, -0.13332944706645666, -0.43081217278271333, False
-5.6893681872990705, -1.8002875442951876, -0.8996423837961123, -0.48614361951002283, -0.13332944706645666, -0.43081217278271333, False
3.3057514008724436, -1.270412640335583, -2.559089945640208, -0.48614361951002283, -0.13332944706645666, -0.43081217278271333, False
-6.186398348055596, 3.9816332464051136, 2.9369011405884153, -0.48614361951002283, -0.13332944706645666, -0.43081217278271333, True
4.562492040216933, -2.544422813181543, -2.2174153036976465, -0.48614361951002283, -0.13332944706645666, -0.43081217278271333, False
3.701520859729845, 3.548892907833176, 1.0023710248741065, -0.48614361951002283, -0.13332944706645666, -0.43081217278271333, False
-3.291707916134268, 3.667103976963169, -2.0479657966506815, -0.48614361951002283, -0.13332944706645666, -0.43081217278271333, False
4.650959084220039, 5.547707968227238, 1.2756756278048123, -0.48614361951002283, -0.13332944706645666, -0.43081217278271333, False
3.9362732312499187, -3.2832178926494398, 2.583289675372032, -0.48614361951002283, -0.13332944706645666, -0.43081217278271333, False
0.9381055284611151, -0.25123121533151416, 1.6560822201741479, -0.48614361951002283, -0.13332944706645666, -0.43081217278271333, False
4.562574665653674, -5.689730962990791, 1.4828085743799369, -0.48614361951002283, -0.13332944706645666, -0.43081217278271333, False
-1.828499919703459, 1.3096100418156897, 1.4709399660432672, -0.48614361951002283, -0.13332944706645666, -0.43081217278271333, False
3.5017464227171846, -0.9489141846798601, 2.3884446241600443, -0.48614361951002283, -0.13332944706645666, -0.43081217278271333, False
5.189971056581118, -6.150715382103606, 2.9937176444113316, -0.48614361951002283, -0.13332944706645666, -0.43081217278271333, True
3.2335651185240746, 5.803456911857756, 1.4047912089633776, -0.48614361951002283, -0.13332944706645666, -0.43081217278271333, False
-4.563107864124912, -0.6990964129882347, -2.4885422994259785, -0.48614361951002283, -0.13332944706645666, -0.43081217278271333, False
-5.942531525459921, -5.886954945015747, 0.9922860171563022, -0.48614361951002283, -0.13332944706645666, -0.43081217278271333, False
-3.5527618039407067, -5.912738564875239, 1.615290067322669, -0.48614361951002283, -0.13332944706645666, -0.43081217278271333, False
-0.3714051004033756, 3.2729304954538456, -2.649702166596577, -0.48614361951002283, -0.13332944706645666, -0.43081217278271333, False
-3.1018665814678545, 3.3697869656779176, -2.782158012138224, -0.48614361951002283, -0.13332944706645666, -0.43081217278271333, False
-2.2235597283957196, -0.7068813204780318, 0.12589274933977634, -0.48614361951002283, -0.13332944706645666, -0.43081217278271333, False
-2.062077437337356, 2.445328684870473, 0.3213210933002766, -0.48614361951002283, -0.13332944706645666, -0.43081217278271333, False
5.312219002655896, 3.8191859104836716, 1.537249412306683, -0.48614361951002283, -0.13332944706645666, -0.43081217278271333, False
-3.5432911206222797, 2.2431273616930554, -2.24565091468292, -0.48614361951002283, -0.13332944706645666, -0.43081217278271333, False
1.9879020644802115, -2.778918292866871, -2.204207327619561, -0.48614361951002283, -0.13332944706645666, -0.43081217278271333, False
2.881252255966599, -5.147211843300292, 0.4858193700156006, -0.48614361951002283, -0.13332944706645666, -0.43081217278271333, False
5.569054903229446, 3.895968230462623, 0.24113077987864928, -0.48614361951002283, -0.13332944706645666, -0.43081217278271333, False
1.0207045153515075, -0.739160519501195, -0.23937678256407802, -0.48614361951002283, -0.13332944706645666, -0.43081217278271333, False
-0.3692730904777113, 1.2872979389554509, -0.32710280141138304, -0.48614361951002283, -0.13332944706645666, -0.43081217278271333, False
-4.6288728405247035, 5.767541282321851, 0.08435861146187884, -0.48614361951002283, -0.13332944706645666, -0.43081217278271333, False
2.3914486314146792, 3.4810890771583605, 2.3848788916632273, -0.48614361951002283, -0.13332944706645666, -0.43081217278271333, False
1.1376472616949336, -5.829709436288709, 2.2685533374065665, -0.48614361951002283, -0.13332944706645666, -0.43081217278271333, False
3.3407122847840878, -1.94537326230627, 2.097317895088837, -0.48614361951002283, -0.13332944706645666, -0.43081217278271333, False
5.7306396249866385, 4.164108244034129, 2.8252175382307447, -0.48614361951002283, -0.13332944706645666, -0.43081217278271333, False
-4.879667669809073, -4.538834836698618, -2.109359565634547, -0.48614361951002283, -0.13332944706645666, -0.43081217278271333, False
5.820223480744911, -2.435503566071702, 2.3858392748936295, -0.48614361951002283, -0.13332944706645666, -0.43081217278271333, False
2.647225460262261, 4.4031134640880225, 1.950241776928193, -0.48614361951002283, -0.13332944706645666, -0.43081217278271333, False
-0.267495163040552, 3.281772880944766, 3.1339319459034165, -0.48614361951002283, -0.13332944706645666, -0.43081217278271333, True
-4.022528602481231, 0.41666789271023497, 3.1217715499554606, -0.48614361951002283, -0.13332944706645666, -0.43081217278271333, True
4.5515314201746175, 1.935150781938976, 0.9556837426085201, -0.48614361951002283, -0.13332944706645666, -0.43081217278271333, False
2.0064217524408967, -4.368677872301371, -1.3995662128581934, -0.48614361951002283, -0.13332944706645666, -0.43081217278271333, False
0.2052323326704233, -0.5430134584820978, 0.9431863014431574, -0.48614361951002283, -0.13332944706645666, -0.43081217278271333, False
4.034797737111525, 0.6175488452458282, -2.5900044081734217, -0.48614361951002283, -0.13332944706645666, -0.43081217278271333, False
-0.9234742751542511, 5.942858911461176, 0.22602944449675189, -0.48614361951002283, -0.13332944706645666, -0.43081217278271333, False
0.9430504474689902, 5.179037394778263, -0.26713840372014896, -0.48614361951002283, -0.13332944706645666, -0.43081217278271333, False
