-0.7484785257910112, 5.575049616198903, -2.591599682043156, -0.14799928113411753, 0.29781044119103384, 0.05935786947379751, False
-0.5398781768244785, 3.149155089967202, -0.1490526329716988, -0.14799928113411753, 0.29781044119103384, 0.05935786947379751, True
-5.2260834127514135, 6.2113510184557175, 1.232096681041135, -0.14799928113411753, 0.29781044119103384, 0.05935786947379751, True
-1.3444946326196137, 6.192610162134548, -0.572695335743644, -0.14799928113411753, 0.29781044119103384, 0.05935786947379751, False
-2.6473067428346786, -2.6141771860467156, 2.2832280662235114, -0.14799928113411753, 0.29781044119103384, 0.05935786947379751, False
0.4739184495779689, -3.965972433458887, -0.4277525875502213, -0.14799928113411753, 0.29781044119103384, 0.05935786947379751, False
1.2219177848941047, 1.8968063781668931, -2.3704052930215918, -0.14799928113411753, 0.29781044119103384, 0.05935786947379751, False
5.5718198291326555, -0.7757264585883874, 1.0236252203260587, -0.14799928113411753, 0.29781044119103384, 0.05935786947379751, False
-5.700036486100485, -4.429321365616071, -0.5855054746234485, -0.14799928113411753, 0.29781044119103384, 0.05935786947379751, False
-5.502140801265998, 3.160335169683867, -2.024881527880484, -0.14799928113411753, 0.29781044119103384, 0.05935786947379751, False
-3.639066508401921, 4.35204318797614, 0.19304073722204018, -0.14799928113411753, 0.29781044119103384, 0.05935786947379751, False
-1.976528546274464, -0.28505005322656807, 2.68821402165105, -0.14799928113411753, 0.29781044119103384, 0.05935786947379751, False
4.359986002003954, -2.09579197708391, 2.630383954742409, -0.14799928113411753, 0.29781044119103384, 0.05935786947379751, False
-1.8210399547681018, 2.5689567409981677, -2.2351673964231997, -0.14799928113411753, 0.29781044119103384, 0.05935786947379751, False
1.2921151613552952, -3.0885288923222345, -0.7540441225152188, -0.14799928113411753, 0.29781044119103384, 0.05935786947379751, False
-5.710048998634272, 4.508444841857521, 2.495979139437761, -0.14799928113411753, 0.29781044119103384, 0.05935786947379751, False
-1.916751155551994, -5.42666738845308, 1.0894651850906643, -0.14799928113411753, 0.29781044119103384, 0.05935786947379751, False
4.325731234518152, 0.32734228768450535, 1.620865715321214, -0.14799928113411753, 0.29781044119103384, 0.05935786947379751, False
-3.8524274394321907, -4.991914475495438, -0.6741594607432764, -0.14799928113411753, 0.29781044119103384, 0.05935786947379751, False
-1.798842857724277, 4.635175629718098, 2.33268173309955, -0.14799928113411753, 0.29781044119103384, 0.05935786947379751, False
3.2077995663580356, 0.6750919849706074, 0.4016867089572935, -0.14799928113411753, 0.29781044119103384, 0.05935786947379751, False
5.764445122505105, 2.0024009142574, 1.1116235203262974, -0.14799928113411753, 0.29781044119103384, 0.05935786947379751, False
0.8984785917352616, 1.8339056626261296, -1.1989788608523115, -0.14799928113411753, 0.29781044119103384, 0.05935786947379751, False
2.2828060833024253, -4.663862533201017, 1.7376567661539708, -0.14799928113411753, 0.29781044119103384, 0.05935786947379751, False
0.4326483641950185, -2.6051533621054026, 0.5552231512759289, -0.14799928113411753, 0.29781044119103384, 0.05935786947379751, False
-2.8360627101287905, -0.18299674003328015, -0.44159729159296424, -0.14799928113411753, 0.29781044119103384, 0.05935786947379751, False
6.0731286859957105, -2.22793944738668, 0.6028265248277145, -0.14799928113411753, 0.29781044119103384, 0.05935786947379751, True
-3.0549072889303965, -1.2999187945809547, -1.4795044469262006, -0.14799928113411753, 0.29781044119103384, 0.05935786947379751, False
-3.524087199019968, 0.2893445540455337, 0.6721128508184275, -0.14799928113411753, 0.29781044119103384, 0.05935786947379751, False
5.52027943317548, 3.6468533042101114, -1.2681874524005787, -0.14799928113411753, 0.29781044119103384, 0.05935786947379751, True
-2.9998685038342137, 5.027473620277963, 0.5392491282946899, -0.14799928113411753, 0.29781044119103384, 0.05935786947379751, False
1.2128754479057378, 4.188938263793069, -1.5902235180090434, -0.14799928113411753, 0.29781044119103384, 0.05935786947379751, False
-1.5358819734527795, 1.7318891589299845, 2.913994512077422, -0.14799928113411753, 0.29781044119103384, 0.05935786947379751, True
-2.0109280350250778, 4.451224283709966, -0.9868208980904742, -0.14799928113411753, 0.29781044119103384, 0.05935786947379751, False
-1.1219413325979488, 0.0855758613277775, 0.3178812774872166, -0.14799928113411753, 0.29781044119103384, 0.05935786947379751, False
4.095926671341742, -4.841312619662776, 0.5168044494969379, -0.14799928113411753, 0.29781044119103384, 0.05935786947379751, False
-4.097324628689206, 5.435279807965209, -2.405080145814859, -0.14799928113411753, 0.29781044119103384, 0.05935786947379751, False
3.7722795798372104, 5.00060509136067, 2.0592427135368734, -0.14799928113411753, 0.29781044119103384, 0.05935786947379751, False
-1.6718705293818346, 2.6249064392012276, -2.256448283069597, -0.14799928113411753, 0.29781044119103384, 0.05935786947379751, False
5.125599175903451, 1.3048054646625422, -0.28233898431833415, -0.14799928113411753, 0.29781044119103384, 0.05935786947379751, False
3.8662783571001, -0.7735911053677968, -1.6648036344800656, -0.14799928113411753, 0.29781044119103384, 0.05935786947379751, False
1.4288396843006517, 6.0055227445911825, -2.0383369781453053, -0.14799928113411753, 0.29781044119103384, 0.05935786947379751, True
-2.899889455144247, -4.5413506168107585, -0.6149349065448626, -0.14799928113411753, 0.29781044119103384, 0.05935786947379751, False
-1.733005307123456, 2.5079784104009253, 0.19182875368880614, -0.14799928113411753, 0.29781044119103384, 0.05935786947379751, False
-4.366928102283291, 1.8959976731948878, 0.5205765930679385, -0.14799928113411753, 0.29781044119103384, 0.05935786947379751, False
-1.4858452010813803, 2.415194694572982, -3.002618749547655, -0.14799928113411753, 0.29781044119103384, 0.05935786947379751, True
6.025753048785724, 1.408966698474707, 1.4457772816313739, -0.14799928113411753, 0.29781044119103384, 0.05935786947379751, False
4.196915753164477, 3.007348809330038, 0.6591073688984914, -0.14799928113411753, 0.29781044119103384, 0.05935786947379751, False
3.541425204712626, 3.857870000229765, 1.1739965328679087, -0.14799928113411753, 0.29781044119103384, 0.05935786947379751, False
-2.3575386803845717, 5.7379612146590535, 0.8474336258984039, -0.14799928113411753, 0.29781044119103384, 0.05935786947379751, False
3.054865231526989, -1.604964750632659, -2.9753963852073353, -0.14799928113411753, 0.29781044119103384, 0.05935786947379751, True
-1.6627657366565032, 1.1707487987850982, 1.9356592221179856, -0.14799928113411753, 0.29781044119103384, 0.05935786947379751, False
-2.9657356539588458, -1.864463736831424, 0.5241553006484341, -0.14799928113411753, 0.29781044119103384, 0.05935786947379751, False
-1.7390328482832356, 0.08268785812972634, 0.30210959651118197, -0.14799928113411753, 0.29781044119103384, 0.05935786947379751, False
-1.5113150159520075, 5.529508547230682, 2.8482075741812656, -0.14799928113411753, 0.29781044119103384, 0.05935786947379751, False
2.4959594624156782, 3.2217878824176154, 1.7814023881165646, -0.14799928113411753, 0.29781044119103384, 0.05935786947379751, False
-4.53056110317308, 2.91375477728392, -2.4633964316391093, -0.14799928113411753, 0.29781044119103384, 0.05935786947379751, False
1.4042149877229928, -1.570988881285536, 1.1275997634642412, -0.14799928113411753, 0.29781044119103384, 0.05935786947379751, False
1.9300685353143887, 0.6241316154757568, 2.905721497383178, -0.14799928113411753, 0.29781044119103384, 0.05935786947379751, True
1.672384319259252, 3.0065626350407957, -1.184313285878441, -0.14799928113411753, 0.29781044119103384, 0.05935786947379751, False
-6.016129431226374, 5.849029593266145, -1.3988399583519244, -0.14799928113411753, 0.29781044119103384, 0.05935786947379751, False
4.338698383083436, 5.86294285682478, -0.053928996294045906, -0.14799928113411753, 0.29781044119103384, 0.05935786947379751, False
1.3793796207642561, 4.6352628262573425, 0.5752316672884827, -0.14799928113411753, 0.29781044119103384, 0.05935786947379751, False
-5.208966815344045, 2.0515694728198888, 0.5511305608467558, -0.14799928113411753, 0.29781044119103384, 0.05935786947379751, False
-1.3402597238189733, -4.747844335351597, 0.08888904634644224, -0.14799928113411753, 0.29781044119103384, 0.05935786947379751, False
-3.6762585109268184, 3.1330676597212843, 0.9531750361392524, -0.14799928113411753, 0.29781044119103384, 0.05935786947379751, False
3.912956120178773, 2.179052790046981, 0.8318247529475729, -0.14799928113411753, 0.29781044119103384, 0.05935786947379751, False
4.96069837739987, -2.659992507669276, -2.337266257378163, -0.14799928113411753, 0.29781044119103384, 0.05935786947379751, True
-2.564533144432689, -0.3674492261459905, -1.5152264154522925, -0.14799928113411753, 0.29781044119103384, 0.05935786947379751, False
6.06147079003547, -0.7213066104555308, 2.625777992828354, -0.14799928113411753, 0.29781044119103384, 0.05935786947379751, False
-4.340799866070453, 0.6720029417273334, 2.965435414965592, -0.14799928113411753, 0.29781044119103384, 0.05935786947379751, True
2.1503359400923046, -5.421100326369304, -2.7797056807906393, -0.14799928113411753, 0.29781044119103384, 0.05935786947379751, True
-2.7404449514774014, -3.1560045028176957, -2.0898706550165933, -0.14799928113411753, 0.29781044119103384, 0.05935786947379751, False
-2.4003039146140703, 3.3553925942875136, 0.7174449187379217, -0.14799928113411753, 0.29781044119103384, 0.05935786947379751, False
5.201029868566653, 0.3738663508535742, 0.008408866134131276, -0.14799928113411753, 0.29781044119103384, 0.05935786947379751, False
-0.6776928029267886, 4.163781304957489, 2.4526635104434416, -0.14799928113411753, 0.29781044119103384, 0.05935786947379751, False
0.5381224764338466, 6.199717250813441, -2.962183200007138, -0.14799928113411753, 0.29781044119103384, 0.05935786947379751, True
-3.5192953681712105, 1.2036039994015937, 1.250996696332253, -0.14799928113411753, 0.29781044119103384, 0.05935786947379751, False
5.076548144314431, -2.6279991121634585, -1.6363810959436633, -0.14799928113411753, 0.29781044119103384, 0.05935786947379751, True
3.1293398601546887, -2.7361050014438706, -2.7794203498468937, -0.14799928113411753, 0.29781044119103384, 0.05935786947379751, False
-3.6939737723351174, -0.21923865278108856, -1.390918223253194, -0.14799928113411753, 0.29781044119103384, 0.05935786947379751, False
5.449630750227458, 4.039559347113942, 0.7696860879703413, -0.14799928113411753, 0.29781044119103384, 0.05935786947379751, False
-0.0923067224335874, -5.0248082596555435, -2.366156476992499, -0.14799928113411753, 0.29781044119103384, 0.05935786947379751, False
1.477272066475816, -0.07600676719964117, 1.5384806293456723, -0.14799928113411753, 0.29781044119103384, 0.05935786947379751, True
-0.22858067917525382, -5.103102849902049, -2.6918008860500477, -0.14799928113411753, 0.29781044119103384, 0.05935786947379751, False
-2.953196038889092, 2.6992168721215233, -0.8185215150654441, -0.14799928113411753, 0.29781044119103384, 0.05935786947379751, False
-3.699820909637086, -5.862243159480099, 0.41932198306053614, -0.14799928113411753, 0.29781044119103384, 0.05935786947379751, False
6.1032093504401335, 3.274275673532978, 1.8909134578009095, -0.14799928113411753, 0.29781044119103384, 0.05935786947379751, True
4.593607254897993, -0.08215394660631237, 2.747781780222513, -0.14799928113411753, 0.29781044119103384, 0.05935786947379751, False
4.453844676131888, -1.170741484348242, -1.054714535367649, -0.14799928113411753, 0.29781044119103384, 0.05935786947379751, False
2.2491853332644283, -2.7034829173048487, -0.47499192014163016, -0.14799928113411753, 0.29781044119103384, 0.05935786947379751, False
3.5664308928935853, -5.4476657232415295, -1.0042057745988364, -0.14799928113411753, 0.29781044119103384, 0.05935786947379751, False
-3.1591022565308062, 4.264841516170808, 1.588762819084148, -0.14799928113411753, 0.29781044119103384, 0.05935786947379751, False
-5.465005376020472, 5.737444828045202, -2.9038047045915807, -0.14799928113411753, 0.29781044119103384, 0.05935786947379751, True
-5.976522713967204, 4.247747734157668, -1.150561521186677, -0.14799928113411753, 0.29781044119103384, 0.05935786947379751, True
-4.68436392780603, 1.4492168919299493, 0.8501196832534017, -0.14799928113411753, 0.29781044119103384, 0.05935786947379751, False
4.317988070233151, -5.91068705137708, -0.12288840947055579, -0.14799928113411753, 0.29781044119103384, 0.05935786947379751, False
-5.394684714104684, -0.47940709857708086, 2.2938289207300793, -0.14799928113411753, 0.29781044119103384, 0.05935786947379751, True
2.6697149964990015, -5.296413074934926, -1.5536653769704059, -0.14799928113411753, 0.29781044119103384, 0.05935786947379751, False
3.590838043048345, 0.27568388733307714, 1.5958379832997354, -0.14799928113411753, 0.29781044119103384, 0.05935786947379751, False
