3.624111809401917, 1.5054885329538914, -2.2458887879934126, -0.48517775214160697, 0.445416814564192, -0.21608509570647383, False
3.651823576039817, 3.339581152113711, 3.0552692858784143, -0.48517775214160697, 0.445416814564192, -0.21608509570647383, True
-1.3629785996358024, -0.6970955669206953, -2.7721634105256783, -0.48517775214160697, 0.445416814564192, -0.21608509570647383, False
-4.828657387428338, -1.2547617401231106, -1.5975178683209388, -0.48517775214160697, 0.445416814564192, -0.21608509570647383, False
-2.084381607484908, 2.7294563764358646, -3.072816991506071, -0.48517775214160697, 0.445416814564192, -0.21608509570647383, True
1.9085823827977837, 1.263370027501999, -0.3966382136575102, -0.48517775214160697, 0.445416814564192, -0.21608509570647383, False
-4.213244964154674, 5.635804365440741, 1.3914533954294983, -0.48517775214160697, 0.445416814564192, -0.21608509570647383, False
5.655459369125426, -3.015588805348361, 2.9671970616934358, -0.48517775214160697, 0.445416814564192, -0.21608509570647383, True
4.562174786963713, -1.1466866311544264, 0.3787299755013809, -0.48517775214160697, 0.445416814564192, -0.21608509570647383, False
2.48353870029786, 0.30910118584478674, -1.9329084876416915, -0.48517775214160697, 0.445416814564192, -0.21608509570647383, False
0.0699639961668117, -3.5560720222390376, 2.2891870632175353, -0.48517775214160697, 0.445416814564192, -0.21608509570647383, False
5.297813132488162, 5.359555820129078, -1.8061881363409917, -0.48517775214160697, 0.445416814564192, -0.21608509570647383, False
4.116528775831286, 4.94274480260907, 2.989346611034965, -0.48517775214160697, 0.445416814564192, -0.21608509570647383, True
-5.6040121654800465, 0.03748166093110772, -1.6461769503051107, -0.48517775214160697, 0.445416814564192, -0.21608509570647383, False
-2.427270769496948, -4.545781413605395, -1.227924870478237, -0.48517775214160697, 0.445416814564192, -0.21608509570647383, False
-3.384825301201264, -0.7583620151940851, 2.39909627716383, -0.48517775214160697, 0.445416814564192, -0.21608509570647383, False
-2.831754059310979, -4.979284657807501, 2.7743381099640763, -0.48517775214160697, 0.445416814564192, -0.21608509570647383, False
2.112923891779051, -0.9878245572599829, -1.0156399026071155, -0.48517775214160697, 0.445416814564192, -0.21608509570647383, False
-6.142386875469683, -2.5263762018895743, -1.5663624155161704, -0.48517775214160697, 0.445416814564192, -0.21608509570647383, False
4.229126465968239, 5.176941541822973, -0.44979130007657675, -0.48517775214160697, 0.445416814564192, -0.21608509570647383, False
-2.08506634070722, 0.07787246564686345, -2.973476062575378, -0.48517775214160697, 0.445416814564192, -0.21608509570647383, True
3.1600928284005896, -1.0522109979451901, 1.7235187468974917, -0.48517775214160697, 0.445416814564192, -0.21608509570647383, False
6.124678096906447, 5.7725521179534915, 0.8191945008116472, -0.48517775214160697, 0.445416814564192, -0.21608509570647383, False
-5.654872806890091, -1.301981454241555, -0.6377890321926438, -0.48517775214160697, 0.445416814564192, -0.21608509570647383, False
4.394174552049547, -2.212940506339222, 2.6001243286584286, -0.48517775214160697, 0.445416814564192, -0.21608509570647383, False
-3.168315545154177, -1.4484019826571064, 1.361571082694672, -0.48517775214160697, 0.445416814564192, -0.21608509570647383, False
3.601523717857715, 4.230645940877892, 0.5114874644641461, -0.48517775214160697, 0.445416814564192, -0.21608509570647383, False
3.286359447334174, -3.7200102760529448, -0.15224004845960915, -0.48517775214160697, 0.445416814564192, -0.21608509570647383, False
1.5163134099164735, -1.686592020124495, 0.6549571840957449, -0.48517775214160697, 0.445416814564192, -0.21608509570647383, False
-6.1210432781542785, -4.716927000713984, 1.8520347593234936, -0.48517775214160697, 0.445416814564192, -0.21608509570647383, False
-6.263452694316513, -1.7663384772445037, 0.7104676025262151, -0.48517775214160697, 0.445416814564192, -0.21608509570647383, False
3.0278343447748437, 3.5280087322858567, -0.4516018180345043, -0.48517775214160697, 0.445416814564192, -0.21608509570647383, False
-2.377626614112097, -0.4803333874239364, 2.14144299236499, -0.48517775214160697, 0.445416814564192, -0.21608509570647383, False
0.9196084891301748, -4.032878638523483, -2.183501455768258, -0.48517775214160697, 0.445416814564192, -0.21608509570647383, False
-3.41728157484418, -2.3281247249496086, 0.7786844272129665, -0.48517775214160697, 0.445416814564192, -0.21608509570647383, False
2.489382724304013, 2.4326500497695243, 1.3881809507725462, -0.48517775214160697, 0.445416814564192, -0.21608509570647383, False
-1.5209987129825357, -6.084500168382503, -0.8461667364586529, -0.48517775214160697, 0.445416814564192, -0.21608509570647383, False
-4.871044566734733, 4.610738082730268, 1.3406371154135837, -0.48517775214160697, 0.445416814564192, -0.21608509570647383, False
-5.526815900070889, -3.66855738726192, 0.46644628112532605, -0.48517775214160697, 0.445416814564192, -0.21608509570647383, False
5.395202298567465, -0.17441867235919606, -2.8868411565310876, -0.48517775214160697, 0.445416814564192, -0.21608509570647383, True
4.570453403832678, -2.6956793740628444, 2.127139763020831, -0.48517775214160697, 0.445416814564192, -0.21608509570647383, False
-4.0173405129330035, 0.9623963957578585, -3.0263542368619976, -0.48517775214160697, 0.445416814564192, -0.21608509570647383, True
-2.3429716137593344, 1.747632225156698, -0.04423715180546539, -0.48517775214160697, 0.445416814564192, -0.21608509570647383, False
5.613706207715252, -4.545113572157127, -2.1398777750678253, -0.48517775214160697, 0.445416814564192, -0.21608509570647383, False
3.6524156027838544, -0.3989569298062774, -0.46658380778859154, -0.48517775214160697, 0.445416814564192, -0.21608509570647383, False
4.11829125933858, 5.322215851999751, 0.44348837375405026, -0.48517775214160697, 0.445416814564192, -0.21608509570647383, False
-0.9176646340365266, 2.1441848450002876, -2.5521961997962177, -0.48517775214160697, 0.445416814564192, -0.21608509570647383, False
-3.592427813794272, 5.568270094398734, 2.1511914075430187, -0.48517775214160697, 0.445416814564192, -0.21608509570647383, False
3.484512129877084, -0.31688922672385544, -1.734196685423267, -0.48517775214160697, 0.445416814564192, -0.21608509570647383, False
5.576607664531652, -3.6189902229759143, 2.921510023621029, -0.48517775214160697, 0.445416814564192, -0.21608509570647383, True
5.142898620552195, -4.770770651745774, 2.0915327835598507, -0.48517775214160697, 0.445416814564192, -0.21608509570647383, False
3.0573734285146212, 0.3514307233346816, -2.313244243203683, -0.48517775214160697, 0.445416814564192, -0.21608509570647383, False
4.557709290211909, 5.102100593351203, -0.5023156725558828, -0.48517775214160697, 0.445416814564192, -0.21608509570647383, False
2.4397952368985703, -1.04366654184612, 2.29853956549075, -0.48517775214160697, 0.445416814564192, -0.21608509570647383, False
5.066177155034309, -6.018612789798064, 2.7725728354882193, -0.48517775214160697, 0.445416814564192, -0.21608509570647383, False
4.103190904320604, 3.479296587982475, -0.7480817694960695, -0.48517775214160697, 0.445416814564192, -0.21608509570647383, False
-4.586882868914576, -1.8267263002892156, 2.1188993642167624, -0.48517775214160697, 0.445416814564192, -0.21608509570647383, False
-5.599307140535783, -0.6846679474298014, -0.6868097272668177, -0.48517775214160697, 0.445416814564192, -0.21608509570647383, False
-3.4430499992375787, -6.076560635287754, -2.7905587128159435, -0.48517775214160697, 0.445416814564192, -0.21608509570647383, False
-1.2136345101471546, 0.4213704992396856, -0.8318553215380424, -0.48517775214160697, 0.445416814564192, -0.21608509570647383, False
5.862239078689353, -1.267458175965678, -0.3120127715441754, -0.48517775214160697, 0.445416814564192, -0.21608509570647383, False
5.663838350152698, -3.480718822626081, 1.8843736469287649, -0.48517775214160697, 0.445416814564192, -0.21608509570647383, False
1.248325070221484, 4.585431086119357, 1.3646951713027127, -0.48517775214160697, 0.445416814564192, -0.21608509570647383, False
4.865554208616793, -6.127240928983907, -1.879081918163319, -0.48517775214160697, 0.445416814564192, -0.21608509570647383, False
0.8835433078792132, 5.994154845112369, 2.2396276450635746, -0.48517775214160697, 0.445416814564192, -0.21608509570647383, False
-2.3368666256188018, -1.9921047569180175, -1.0051827751330702, -0.48517775214160697, 0.445416814564192, -0.21608509570647383, False
1.9505521395173417, -5.818553446672906, -1.4455854401785515, -0.48517775214160697, 0.445416814564192, -0.21608509570647383, False
-5.946286478219301, 0.3999215669829441, -0.9052055049744601, -0.48517775214160697, 0.445416814564192, -0.21608509570647383, False
3.7096376071015076, -5.535894970925016, 1.4515060367499126, -0.48517775214160697, 0.445416814564192, -0.21608509570647383, False
-0.2937322177459549, 2.2307132198196093, 1.76136080691247, -0.48517775214160697, 0.445416814564192, -0.21608509570647383, False
-2.853627884426729, -2.9440099795940977, -2.6187932129544462, -0.48517775214160697, 0.445416814564192, -0.21608509570647383, False
-2.052242850793778, 3.6197313834477693, -0.9371573689120587, -0.48517775214160697, 0.445416814564192, -0.21608509570647383, False
0.42633226754152354, 2.7735818250811164, -1.089592818328713, -0.48517775214160697, 0.445416814564192, -0.21608509570647383, False
0.9973001409809932, 3.4448758675030717, -2.647858205692262, -0.48517775214160697, 0.445416814564192, -0.21608509570647383, False
-5.385571816134767, 6.026960732904399, 2.1136357567554844, -0.48517775214160697, 0.445416814564192, -0.21608509570647383, False
-2.3504228365578497, 0.5587227615700483, -1.1826699829913851, -0.48517775214160697, 0.445416814564192, -0.21608509570647383, False
-5.8588822248055346, -5.869551409699376, -2.402549974751127, -0.48517775214160697, 0.445416814564192, -0.21608509570647383, False
-2.8257165518414173, -3.9457250771434786, -0.47192052771593085, -0.48517775214160697, 0.445416814564192, -0.21608509570647383, False
3.3079939179778073, 4.437106942105872, -2.0452830645480145, -0.48517775214160697, 0.445416814564192, -0.21608509570647383, False
-3.2217297488523955, -6.063306301425608, 0.7633976095474924, -0.48517775214160697, 0.445416814564192, -0.21608509570647383, False
3.6869024488610087, -3.637482800145219, 1.1216417633894746, -0.48517775214160697, 0.445416814564192, -0.21608509570647383, False
-1.8628864345394236, 1.1981926306206425, -2.022786873347994, -0.48517775214160697, 0.445416814564192, -0.21608509570647383, False
-4.624241906179437, 5.075202959429353, -1.4523280601194528, -0.48517775214160697, 0.445416814564192, -0.21608509570647383, False
3.137196908338348, 5.0627441118882, 1.1933771567632023, -0.48517775214160697, 0.445416814564192, -0.21608509570647383, False
3.394963881862525, 5.8550347465465755, -2.4560571749218836, -0.48517775214160697, 0.445416814564192, -0.21608509570647383, False
-3.5111915471068706, 0.8894121785778184, 1.8429918992532874, -0.48517775214160697, 0.445416814564192, -0.21608509570647383, False
5.582167504033109, 0.3275602604693546, 0.28678510318990735, -0.48517775214160697, 0.445416814564192, -0.21608509570647383, False
2.3313247398871297, -2.4130532774066404, 0.7470026586366125, -0.48517775214160697, 0.445416814564192, -0.21608509570647383, False
-6.158398262797697, 4.9326183255963, -2.0207083111877777, -0.48517775214160697, 0.445416814564192, -0.21608509570647383, False
-6.034581707387838, 2.466210170917435, -3.0691586319467814, -0.48517775214160697, 0.445416814564192, -0.21608509570647383, True
-3.983453151069499, -2.904256671322914, 1.9990556557316124, -0.48517775214160697, 0.445416814564192, -0.21608509570647383, False
-0.3729915652474496, 2.354827407167292, 0.47735951985851166, -0.48517775214160697, 0.445416814564192, -0.21608509570647383, False
-3.2644030983075503, -5.499947124243298, -2.2610959992095863, -0.48517775214160697, 0.445416814564192, -0.21608509570647383, False
2.452595000874453, 2.78690963652582, -0.2986469116526247, -0.48517775214160697, 0.445416814564192, -0.21608509570647383, False
-4.598381531748199, 1.2311858311898618, 1.0853954190237545, -0.48517775214160697, 0.445416814564192, -0.21608509570647383, False
-5.113817964780528, -2.119373408143044, -2.2433486921629395, -0.48517775214160697, 0.445416814564192, -0.21608509570647383, False
-1.9242328151326245, -0.14054495347682483, -2.9668589975454505, -0.48517775214160697, 0.445416814564192, -0.21608509570647383, True
2.3893833050115827, 2.6297313229508372, 2.042169532504884, -0.48517775214160697, 0.445416814564192, -0.21608509570647383, False
4.166289674935159, -2.862545691436017, -1.3394854675043124, -0.48517775214160697, 0.445416814564192, -0.21608509570647383, False
3.55594589204331, -1.784853072290466, 1.8738190624918376, -0.48517775214160697, 0.445416814564192, -0.21608509570647383, False
