4.350979736533196, -3.5090334551504405, -2.259146558787376, 0.053400790439273815, 0.3499572494288554, 0.22644821416511507, False
0.7149158634858663, 2.635902890085287, -1.3317708825334393, 0.053400790439273815, 0.3499572494288554, 0.22644821416511507, False
5.964571332526996, -5.080986879953629, -0.3016400773934742, 0.053400790439273815, 0.3499572494288554, 0.22644821416511507, False
-0.6190370963920238, 2.433091292165569, -2.562891964832529, 0.053400790439273815, 0.3499572494288554, 0.22644821416511507, False
-3.176540672241542, -1.0831177919686565, 3.0489891924564088, 0.053400790439273815, 0.3499572494288554, 0.22644821416511507, True
3.735245034709626, 2.348694428418737, 2.470414950839265, 0.053400790439273815, 0.3499572494288554, 0.22644821416511507, False
5.348953711170699, 3.3838476326257236, 2.5011978840434406, 0.053400790439273815, 0.3499572494288554, 0.22644821416511507, True
4.379647641800888, 3.510196266162053, -2.313158525093813, 0.053400790439273815, 0.3499572494288554, 0.22644821416511507, True
0.36828075922432557, 6.252727906481487, 2.423888031759364, 0.053400790439273815, 0.3499572494288554, 0.22644821416511507, True
1.3892222132675265, 5.684955924530788, -0.9971622829570674, 0.053400790439273815, 0.3499572494288554, 0.22644821416511507, True
0.5564117305397804, 0.971453690417734, 2.838460895246426, 0.053400790439273815, 0.3499572494288554, 0.22644821416511507, False
4.061730845238893, -2.9694611693239894, 0.6191565819240665, 0.053400790439273815, 0.3499572494288554, 0.22644821416511507, False
-0.944116445192904, -0.4353107129810363, -2.4953158952982637, 0.053400790439273815, 0.3499572494288554, 0.22644821416511507, False
-3.0608619444052465, 2.1971193512416924, 1.5814007143230526, 0.053400790439273815, 0.3499572494288554, 0.22644821416511507, False
-4.51935932146119, -1.3964715694547944, 2.347778090029715, 0.053400790439273815, 0.3499572494288554, 0.22644821416511507, True
-1.2798416453897943, -0.7780321378623976, -0.8764009953251857, 0.053400790439273815, 0.3499572494288554, 0.22644821416511507, False
4.427505828276415, -5.846317076102206, -2.6488551565081773, 0.053400790439273815, 0.3499572494288554, 0.22644821416511507, False
-0.45584101193847637, -3.495318695003566, -0.3612700223314298, 0.053400790439273815, 0.3499572494288554, 0.22644821416511507, False
-4.401299679167353, -5.687381155710254, -0.1502685312438845, 0.053400790439273815, 0.3499572494288554, 0.22644821416511507, False
0.18806828813555132, 5.952309640577676, -2.8106121053632203, 0.053400790439273815, 0.3499572494288554, 0.22644821416511507, False
-6.224255724370169, -3.9918647246392465, 1.6143798008286714, 0.053400790439273815, 0.3499572494288554, 0.22644821416511507, False
0.9143289914435595, 4.64429812960508, 0.10713751466164867, 0.053400790439273815, 0.3499572494288554, 0.22644821416511507, False
-5.555128054842077, 2.2801779040848587, -1.5699285337709574, 0.053400790439273815, 0.3499572494288554, 0.22644821416511507, False
-0.8145761861402718, 4.357821322991791, 2.8772114896698415, 0.053400790439273815, 0.3499572494288554, 0.22644821416511507, True
-3.0203192995898016, -0.9306407587242855, -2.956155196535192, 0.053400790439273815, 0.3499572494288554, 0.22644821416511507, True
3.845736617302215, 0.9251213496489497, -0.9300809894770161, 0.053400790439273815, 0.3499572494288554, 0.22644821416511507, False
-3.019761919188033, -4.147217883060703, 3.044356783049584, 0.053400790439273815, 0.3499572494288554, 0.22644821416511507, True
1.8636048781865906, 1.3200140726716034, -2.3463493917246163, 0.053400790439273815, 0.3499572494288554, 0.22644821416511507, False
0.2856478569090166, 2.448194709764678, -1.6223950116301815, 0.053400790439273815, 0.3499572494288554, 0.22644821416511507, False
-1.7851784915078257, -1.9907013804246914, 2.33243032478193, 0.053400790439273815, 0.3499572494288554, 0.22644821416511507, False
1.615291715004715, -1.72311144862093, -0.8831459988143706, 0.053400790439273815, 0.3499572494288554, 0.22644821416511507, False
4.280108285174643, -3.1125093237072274, 1.079979943949203, 0.053400790439273815, 0.3499572494288554, 0.22644821416511507, False
3.765591326788112, 1.6812491392404434, 0.6523307061418513, 0.053400790439273815, 0.3499572494288554, 0.22644821416511507, False
3.225970126773138, -0.8759544479515782, 1.7812616758594153, 0.053400790439273815, 0.3499572494288554, 0.22644821416511507, False
-1.2442705001064436, -5.920690042073187, -2.9807484847732826, 0.053400790439273815, 0.3499572494288554, 0.22644821416511507, True
3.364066868005768, 0.30593719296026745, -0.9395338954370245, 0.053400790439273815, 0.3499572494288554, 0.22644821416511507, False
0.141584796800597, 1.3227457706493757, 2.9564722084704504, 0.053400790439273815, 0.3499572494288554, 0.22644821416511507, True
-3.2009811329498503, 1.5173839477390603, 1.6383052787926564, 0.053400790439273815, 0.3499572494288554, 0.22644821416511507, False
5.5095319741776905, -3.0974735406001406, 1.17086119743648, 0.053400790439273815, 0.3499572494288554, 0.22644821416511507, True
4.107946819283134, -1.1929297840246358, -0.878877181402967, 0.053400790439273815, 0.3499572494288554, 0.22644821416511507, False
0.21562746400788857, 3.7022040438587442, -0.5247791959653663, 0.053400790439273815, 0.3499572494288554, 0.22644821416511507, False
-4.774646233522386, 3.284366464405201, -1.031553501637164, 0.053400790439273815, 0.3499572494288554, 0.22644821416511507, False
3.628762932191048, 3.835700968965874, 1.4711857487617985, 0.053400790439273815, 0.3499572494288554, 0.22644821416511507, False
4.33248532982042, -0.7481019828832034, 1.966309255070004, 0.053400790439273815, 0.3499572494288554, 0.22644821416511507, False
-2.156931988883266, -0.613488103813344, -1.7559886821810051, 0.053400790439273815, 0.3499572494288554, 0.22644821416511507, False
-3.480496916204763, -2.4594354626578108, -2.661714278991444, 0.053400790439273815, 0.3499572494288554, 0.22644821416511507, False
-2.9024609099767686, 4.291481345969197, -2.8894020546804757, 0.053400790439273815, 0.3499572494288554, 0.22644821416511507, False
6.273530771943786, -5.319159655941672, -2.9863395566333812, 0.053400790439273815, 0.3499572494288554, 0.22644821416511507, True
3.8584969738051313, 3.813010508675955, -1.4278365785496387, 0.053400790439273815, 0.3499572494288554, 0.22644821416511507, False
-2.9739631345621222, 0.571799589226516, -2.993594352249412, 0.053400790439273815, 0.3499572494288554, 0.22644821416511507, True
-3.0236227222083603, -1.3624725620150802, -2.2474447897728522, 0.053400790439273815, 0.3499572494288554, 0.22644821416511507, False
6.122657521581637, -3.8348191691722193, -0.874258010064024, 0.053400790439273815, 0.3499572494288554, 0.22644821416511507, False
0.3761209010784876, 0.6356142338590702, -0.09295567747072786, 0.053400790439273815, 0.3499572494288554, 0.22644821416511507, False
-4.040380251806106, 1.5519485777857192, -0.5960560642046775, 0.053400790439273815, 0.3499572494288554, 0.22644821416511507, False
-1.3807690974184812, 1.5057333838438414, 2.974893833198516, 0.053400790439273815, 0.3499572494288554, 0.22644821416511507, True
3.612073215646994, 3.9214435403454466, 2.6522204172109154, 0.053400790439273815, 0.3499572494288554, 0.22644821416511507, False
-5.415665092014689, 4.845483463031172, 1.5547673032913503, 0.053400790439273815, 0.3499572494288554, 0.22644821416511507, False
-5.333407226496587, -4.381141554481038, -2.2739039699162014, 0.053400790439273815, 0.3499572494288554, 0.22644821416511507, False
1.4538950389066434, 6.06569977146315, 2.5390274473985537, 0.053400790439273815, 0.3499572494288554, 0.22644821416511507, True
6.0925581246203375, 3.616205159988777, -0.36916763312253087, 0.053400790439273815, 0.3499572494288554, 0.22644821416511507, False
1.8140960364502625, 0.0826656965913255, 0.04780772932512578, 0.053400790439273815, 0.3499572494288554, 0.22644821416511507, False
-3.5892048890253596, 5.881464376015712, 0.03406757820872697, 0.053400790439273815, 0.3499572494288554, 0.22644821416511507, False
4.430415539726026, 4.806109145996061, 1.3243188072416663, 0.053400790439273815, 0.3499572494288554, 0.22644821416511507, False
2.6596014096247007, 5.349245611406044, -1.2692189350404421, 0.053400790439273815, 0.3499572494288554, 0.22644821416511507, False
-2.9080083663258773, 6.24338056717813, -1.6276499027051925, 0.053400790439273815, 0.3499572494288554, 0.22644821416511507, False
-0.9685157272140659, -4.332002035753055, 2.86439997193461, 0.053400790439273815, 0.3499572494288554, 0.22644821416511507, False
-4.040549835220503, -0.22480629858790735, 0.7330280624227439, 0.053400790439273815, 0.3499572494288554, 0.22644821416511507, False
-5.824112684938375, -5.208742144587827, -2.9043641458198, 0.053400790439273815, 0.3499572494288554, 0.22644821416511507, False
-5.664243679099965, -0.3339569917675913, 0.13824466189988938, 0.053400790439273815, 0.3499572494288554, 0.22644821416511507, True
-2.1230150866468556, 1.0356664153949353, 2.061763809419695, 0.053400790439273815, 0.3499572494288554, 0.22644821416511507, False
-4.44356285280881, 2.2301372950886122, -0.4025055358668195, 0.053400790439273815, 0.3499572494288554, 0.22644821416511507, False
-5.550230712879437, 1.290052306546066, 0.5672160227581466, 0.053400790439273815, 0.3499572494288554, 0.22644821416511507, False
2.829204980263434, -2.005054381166671, 2.8988201787169148, 0.053400790439273815, 0.3499572494288554, 0.22644821416511507, True
-4.644025151121549, 0.28138263986043555, 2.1953969898509405, 0.053400790439273815, 0.3499572494288554, 0.22644821416511507, False
1.5212863793542253, -1.4456300887328233, -1.694187100523298, 0.053400790439273815, 0.3499572494288554, 0.22644821416511507, False
5.021043297952648, -4.241309577290284, -1.4773120874209238, 0.053400790439273815, 0.3499572494288554, 0.22644821416511507, False
2.3352285066817586, 4.195717305954776, 1.8258907235969648, 0.053400790439273815, 0.3499572494288554, 0.22644821416511507, False
0.0427928340061392, -5.021021671009689, 1.1394563525886872, 0.053400790439273815, 0.3499572494288554, 0.22644821416511507, False
-5.3450517601167995, 3.4075443993212886, 0.03424284929903054, 0.053400790439273815, 0.3499572494288554, 0.22644821416511507, False
4.186940187924167, 2.677582069594431, 2.699251279722378, 0.053400790439273815, 0.3499572494288554, 0.22644821416511507, False
3.1923114466039912, 3.5819257258466823, 1.8342245451191195, 0.053400790439273815, 0.3499572494288554, 0.22644821416511507, False
2.517005892163935, -2.7748489639702667, -2.0771923498505673, 0.053400790439273815, 0.3499572494288554, 0.22644821416511507, False
2.031776133491096, -3.8871921248406176, -0.5231823381284402, 0.053400790439273815, 0.3499572494288554, 0.22644821416511507, False
-0.3040983197829634, -1.0932193478356664, 0.4748353960622307, 0.053400790439273815, 0.3499572494288554, 0.22644821416511507, False
0.14573557128301573, 5.549827381332376, -0.656036410733595, 0.053400790439273815, 0.3499572494288554, 0.22644821416511507, False
6.153819621827701, 3.699294858933076, -2.6153968304078234, 0.053400790439273815, 0.3499572494288554, 0.22644821416511507, False
-1.4385586803243378, -2.2701307067513934, -0.6488352576638645, 0.053400790439273815, 0.3499572494288554, 0.22644821416511507, True
-1.7142719019559465, 2.579139350207729, -0.6306902900659526, 0.053400790439273815, 0.3499572494288554, 0.22644821416511507, False
-5.399500537981563, 4.903827596009473, 2.3393266106077437, 0.053400790439273815, 0.3499572494288554, 0.22644821416511507, True
3.759718146387721, 2.1618128424910203, -1.1968055490793665, 0.053400790439273815, 0.3499572494288554, 0.22644821416511507, False
-4.284155905188124, -0.447228841536802, 2.5769426577192034, 0.053400790439273815, 0.3499572494288554, 0.22644821416511507, False
4.6387518318509535, 1.1120495951627358, -0.07210660198059227, 0.053400790439273815, 0.3499572494288554, 0.22644821416511507, False
-4.494362192087597, -0.20325467991486068, 2.5989640135194634, 0.053400790439273815, 0.3499572494288554, 0.22644821416511507, True
-5.443064661104379, 4.29124025714585, 0.5137917083303143, 0.053400790439273815, 0.3499572494288554, 0.22644821416511507, False
4.952611754337436, -5.348883730458043, -0.004896815369655805, 0.053400790439273815, 0.3499572494288554, 0.22644821416511507, False
-3.588606024264156, -2.9632976988310498, -0.6818107047178703, 0.053400790439273815, 0.3499572494288554, 0.22644821416511507, False
-2.225372172342853, 1.9021145266721131, 2.3167289257851778, 0.053400790439273815, 0.3499572494288554, 0.22644821416511507, False
-4.613233598810754, -4.883352906128734, -2.773020038527193, 0.053400790439273815, 0.3499572494288554, 0.22644821416511507, False
2.6001824182742492, -2.1257264480560316, 3.0100710064544822, 0.053400790439273815, 0.3499572494288554, 0.22644821416511507, True
3.197690190037589, -4.478037619866029, -0.7347207712273041, 0.053400790439273815, 0.3499572494288554, 0.22644821416511507, False
