-4.269434877513173, 4.641380398536535, 2.467402955379937, 0.14548488477759647, 0.17203618779781682, 0.5494910393724317, False
-2.333798471522595, 4.517517394515092, -1.0845408451490943, 0.14548488477759647, 0.17203618779781682, 0.5494910393724317, True
-3.2612487048021994, 0.2863535830698156, 1.1359439076921323, 0.14548488477759647, 0.17203618779781682, 0.5494910393724317, False
-3.2967771526991556, -0.9624157851413413, -1.3966441760229766, 0.14548488477759647, 0.17203618779781682, 0.5494910393724317, False
-0.5235705900354644, 5.042577319848464, -2.495479931817079, 0.14548488477759647, 0.17203618779781682, 0.5494910393724317, True
-2.502704140884819, 5.7374537752240435, 0.907102692615295, 0.14548488477759647, 0.17203618779781682, 0.5494910393724317, False
-5.303540958875381, -0.15913703247183175, -2.607204335510487, 0.14548488477759647, 0.17203618779781682, 0.5494910393724317, False
-5.062329435231532, 0.9206355264184714, 0.7407494044920138, 0.14548488477759647, 0.17203618779781682, 0.5494910393724317, False
3.9625220390708815, 0.39366449341925325, 2.181522480735338, 0.14548488477759647, 0.17203618779781682, 0.5494910393724317, False
-2.0803544736624886, -4.027047094074735, -1.5038077699102428, 0.14548488477759647, 0.17203618779781682, 0.5494910393724317, False
5.413030648665387, -2.4795194523003, 1.9132950348032631, 0.14548488477759647, 0.17203618779781682, 0.5494910393724317, False
3.738668557345459, -0.5307598154958706, -0.3184241932164831, 0.14548488477759647, 0.17203618779781682, 0.5494910393724317, False
3.7224728672992686, -0.9468133025844763, 1.5511940762822212, 0.14548488477759647, 0.17203618779781682, 0.5494910393724317, False
-4.918871797548152, -5.105510058458824, -0.7233783790876673, 0.14548488477759647, 0.17203618779781682, 0.5494910393724317, False
-4.50015694959525, 2.7654964959314103, -0.17325067909903202, 0.14548488477759647, 0.17203618779781682, 0.5494910393724317, False
-4.776205443094358, -5.2787473066840525, -1.0728088005890126, 0.14548488477759647, 0.17203618779781682, 0.5494910393724317, False
1.5359812422926042, 6.0508337788344075, 0.8113434947037192, 0.14548488477759647, 0.17203618779781682, 0.5494910393724317, False
2.1284015449515383, -2.745198879598813, -1.4458971608843765, 0.14548488477759647, 0.17203618779781682, 0.5494910393724317, False
4.5485337233436205, -2.27489720252808, 2.0128787639157952, 0.14548488477759647, 0.17203618779781682, 0.5494910393724317, True
-4.208860018323099, -1.6589314961789299, -1.594112390088783, 0.14548488477759647, 0.17203618779781682, 0.5494910393724317, False
4.759858854337931, -0.3805053241501115, -2.2232067099946464, 0.14548488477759647, 0.17203618779781682, 0.5494910393724317, False
-3.7998134092434257, 0.26758075109268287, 1.222438925864548, 0.14548488477759647, 0.17203618779781682, 0.5494910393724317, False
2.6443024409443687, 1.3896081917277696, -0.38864896610246324, 0.14548488477759647, 0.17203618779781682, 0.5494910393724317, False
-3.6367214700874535, -5.495482060589753, 2.8633942053780386, 0.14548488477759647, 0.17203618779781682, 0.5494910393724317, False
4.866265657633264, 2.0437850127667296, -2.1220192602574492, 0.14548488477759647, 0.17203618779781682, 0.5494910393724317, False
5.447389794009652, -1.9312984900259007, 2.747968129875124, 0.14548488477759647, 0.17203618779781682, 0.5494910393724317, True
4.524666722397338, -0.9567899583171453, -1.9112132002453173, 0.14548488477759647, 0.17203618779781682, 0.5494910393724317, True
2.1729175339216305, -2.500584170170358, -0.040775705721266764, 0.14548488477759647, 0.17203618779781682, 0.5494910393724317, False
0.1735461047074347, -5.619209160534482, -1.1925618755975378, 0.14548488477759647, 0.17203618779781682, 0.5494910393724317, False
-0.6957006162998249, -0.5807403649238019, 1.4593046496395399, 0.14548488477759647, 0.17203618779781682, 0.5494910393724317, False
-4.670261646235049, -5.690919832461485, -2.9167828656895733, 0.14548488477759647, 0.17203618779781682, 0.5494910393724317, True
-3.2676555803487273, -1.7100721446046894, -0.2690929761140044, 0.14548488477759647, 0.17203618779781682, 0.5494910393724317, False
-1.2854721136882485, 4.601250276367784, -2.600144341208829, 0.14548488477759647, 0.17203618779781682, 0.5494910393724317, True
-0.16012296859883346, -0.07469933568830989, 0.23835270487429172, 0.14548488477759647, 0.17203618779781682, 0.5494910393724317, False
-4.5574315286846145, -3.610280252416585, -1.7684966503181836, 0.14548488477759647, 0.17203618779781682, 0.5494910393724317, False
-5.6395689253986285, -1.2169486353166166, -2.5775537418261405, 0.14548488477759647, 0.17203618779781682, 0.5494910393724317, True
5.513818556710374, -4.924911909750262, -1.6253342889263345, 0.14548488477759647, 0.17203618779781682, 0.5494910393724317, False
-3.3579234865251864, 3.8190592318429033, 1.2928796250503742, 0.14548488477759647, 0.17203618779781682, 0.5494910393724317, False
6.268897006972352, 3.3019769515300883, -0.759106194640212, 0.14548488477759647, 0.17203618779781682, 0.5494910393724317, False
-1.1376389585212987, 4.045646009236798, 2.8178869420020343, 0.14548488477759647, 0.17203618779781682, 0.5494910393724317, True
0.1690984181115498, -2.880456235117496, 0.19851149693684667, 0.14548488477759647, 0.17203618779781682, 0.5494910393724317, False
-3.595419677612293, 0.3810685580890505, -3.071354330238934, 0.14548488477759647, 0.17203618779781682, 0.5494910393724317, True
-0.4274204146956473, -1.5612211862433334, 2.4633717679676446, 0.14548488477759647, 0.17203618779781682, 0.5494910393724317, True
2.155203659019069, -0.1170505984974497, 2.1271554938153088, 0.14548488477759647, 0.17203618779781682, 0.5494910393724317, False
4.196862360394199, -3.9069008180411076, 1.0565175043388688, 0.14548488477759647, 0.17203618779781682, 0.5494910393724317, False
-4.7066665777368755, -4.401166612611988, -0.11876395739199763, 0.14548488477759647, 0.17203618779781682, 0.5494910393724317, False
4.432835722462666, 4.0488772930644075, -2.287809902278355, 0.14548488477759647, 0.17203618779781682, 0.5494910393724317, True
-0.22154298074472845, 0.6651107845270161, -0.034508639235787175, 0.14548488477759647, 0.17203618779781682, 0.5494910393724317, False
2.285737636228129, -0.4434286995114878, -0.5771047029359897, 0.14548488477759647, 0.17203618779781682, 0.5494910393724317, False
-4.424623501376802, -6.149489937158531, 0.5299052740568784, 0.14548488477759647, 0.17203618779781682, 0.5494910393724317, False
3.999586664794986, -4.523567059111862, 0.8724952760293361, 0.14548488477759647, 0.17203618779781682, 0.5494910393724317, False
-0.03407137868903476, -4.77963832140316, 0.6563926627811378, 0.14548488477759647, 0.17203618779781682, 0.5494910393724317, False
-5.092404183988442, -5.242309104948941, -1.4034660768292955, 0.14548488477759647, 0.17203618779781682, 0.5494910393724317, False
1.4641560254658144, -4.645559325758988, 1.9920136946022886, 0.14548488477759647, 0.17203618779781682, 0.5494910393724317, False
0.14082161794607195, 3.032022899264682, 1.8577088687793761, 0.14548488477759647, 0.17203618779781682, 0.5494910393724317, False
-1.5157129482419505, 2.602930908500362, -0.11312491281514836, 0.14548488477759647, 0.17203618779781682, 0.5494910393724317, False
-0.863842653652906, 2.4216124979490914, -0.5456889995608067, 0.14548488477759647, 0.17203618779781682, 0.5494910393724317, False
4.003308482802314, 1.1595286390127537, -2.187211692783473, 0.14548488477759647, 0.17203618779781682, 0.5494910393724317, False
5.661407580042255, 4.7411739699323014, -0.16282576997106135, 0.14548488477759647, 0.17203618779781682, 0.5494910393724317, True
5.239862486161698, -4.935653608193043, -2.698060402665552, 0.14548488477759647, 0.17203618779781682, 0.5494910393724317, False
5.907000189869695, 3.1089542852413814, -0.5102022678910809, 0.14548488477759647, 0.17203618779781682, 0.5494910393724317, False
1.537317216016632, 4.07659150630899, -1.294752842705573, 0.14548488477759647, 0.17203618779781682, 0.5494910393724317, False
4.8275470543392895, 4.856478771279258, -0.8955906625961925, 0.14548488477759647, 0.17203618779781682, 0.5494910393724317, True
-5.422298056759206, -1.1869972109053757, 2.381288000256453, 0.14548488477759647, 0.17203618779781682, 0.5494910393724317, True
5.805156982950322, 4.598616712109919, 2.1514995972978372, 0.14548488477759647, 0.17203618779781682, 0.5494910393724317, True
2.070097771564324, 4.125714489128077, -2.6443325284407964, 0.14548488477759647, 0.17203618779781682, 0.5494910393724317, False
1.7585959341737034, 3.9260021503987925, -2.021602124895905, 0.14548488477759647, 0.17203618779781682, 0.5494910393724317, False
5.94172800207801, 2.836391606072789, 0.10445688426831046, 0.14548488477759647, 0.17203618779781682, 0.5494910393724317, False
-2.7257937164375874, -4.6130244162237295, 2.1441533091651053, 0.14548488477759647, 0.17203618779781682, 0.5494910393724317, False
3.3692427524598827, -2.786763686881909, -1.6215348944135395, 0.14548488477759647, 0.17203618779781682, 0.5494910393724317, False
4.097066006666166, -4.502685559741086, 0.7515735942010373, 0.14548488477759647, 0.17203618779781682, 0.5494910393724317, False
-5.079729084455419, 4.8946563872820885, -1.9933491069521614, 0.14548488477759647, 0.17203618779781682, 0.5494910393724317, False
-4.74898960694024, -4.156358351234228, -0.3515138862339957, 0.14548488477759647, 0.17203618779781682, 0.5494910393724317, False
-5.591110306067008, 4.433108559863399, -1.5445157590410177, 0.14548488477759647, 0.17203618779781682, 0.5494910393724317, False
0.7894554377304273, -1.1061065138865542, 0.6514848900522239, 0.14548488477759647, 0.17203618779781682, 0.5494910393724317, True
3.3662141715361322, -1.8159086644532962, 2.6273768243403657, 0.14548488477759647, 0.17203618779781682, 0.5494910393724317, False
-4.748150864849528, -1.0905610034361963, -1.3942190876583234, 0.14548488477759647, 0.17203618779781682, 0.5494910393724317, False
-3.254675578490481, -4.750457799159578, 0.13061774593022024, 0.14548488477759647, 0.17203618779781682, 0.5494910393724317, False
-5.416051823154946, 0.5892629038077981, -2.3302280248481595, 0.14548488477759647, 0.17203618779781682, 0.5494910393724317, False
3.7965586293696543, 4.81167804281062, -1.9293248664901377, 0.14548488477759647, 0.17203618779781682, 0.5494910393724317, True
1.705642604316358, 4.122998254601487, 0.3133000220858113, 0.14548488477759647, 0.17203618779781682, 0.5494910393724317, False
2.020827967475718, 2.24914944395082, 1.520405397132361, 0.14548488477759647, 0.17203618779781682, 0.5494910393724317, False
-3.7578293463551273, -5.5963649614499245, 2.9815930896946794, 0.14548488477759647, 0.17203618779781682, 0.5494910393724317, True
1.0478302696592756, 2.0142926864095827, 2.2879009647051447, 0.14548488477759647, 0.17203618779781682, 0.5494910393724317, False
1.6219270395160308, -0.7789282401480646, 2.6702033312371505, 0.14548488477759647, 0.17203618779781682, 0.5494910393724317, False
-1.576895532170039, -1.7265417808467616, -0.5133660585517399, 0.14548488477759647, 0.17203618779781682, 0.5494910393724317, True
-2.4134589901707995, -4.438107542260646, 2.6568851404514646, 0.14548488477759647, 0.17203618779781682, 0.5494910393724317, False
2.4136952869828203, 1.4185765422821772, -0.34886526436486287, 0.14548488477759647, 0.17203618779781682, 0.5494910393724317, False
4.201708116290938, 0.10558656984624104, 0.43030416371247027, 0.14548488477759647, 0.17203618779781682, 0.5494910393724317, False
1.6631813193333267, 0.38192007685848495, -2.4718348082574124, 0.14548488477759647, 0.17203618779781682, 0.5494910393724317, False
-2.0553108382253615, -2.9188299791639225, -1.7075537412728907, 0.14548488477759647, 0.17203618779781682, 0.5494910393724317, False
-0.9719982120622914, 1.1171463684753027, 0.6833498254834911, 0.14548488477759647, 0.17203618779781682, 0.5494910393724317, False
-4.87037912334093, -3.9636347558821274, 3.080891518785873, 0.14548488477759647, 0.17203618779781682, 0.5494910393724317, True
3.8345496379154476, 4.874954482658728, 0.6792867694256106, 0.14548488477759647, 0.17203618779781682, 0.5494910393724317, False
5.315155313733374, 6.243128561749424, 0.17513177959608228, 0.14548488477759647, 0.17203618779781682, 0.5494910393724317, False
3.7313866257276036, -3.2971043307889416, -2.6840234136289642, 0.14548488477759647, 0.17203618779781682, 0.5494910393724317, False
6.068030881144431, 4.588912666345193, 3.079791844136137, 0.14548488477759647, 0.17203618779781682, 0.5494910393724317, True
-5.12827357015823, 0.99923645238938, 0.3522517711209998, 0.14548488477759647, 0.17203618779781682, 0.5494910393724317, False
-4.024908401703101, -0.9732706170661558, -1.168578275038228, 0.14548488477759647, 0.17203618779781682, 0.5494910393724317, False
0.155822535196263, 2.4384309334327607, 1.0155530471313519, 0.14548488477759647, 0.17203618779781682, 0.5494910393724317, False
0.009558484697739011, 4.728515816018788, -1.800697699970507, 0.14548488477759647, 0.17203618779781682, 0.5494910393724317, True
2.1556885559232466, 3.2475690560720007, 3.036816267376442, 0.14548488477759647, 0.17203618779781682, 0.5494910393724317, True
4.230917485986042, -1.3653962866144083, -3.0589545380669882, 0.14548488477759647, 0.17203618779781682, 0.5494910393724317, True
-0.2989504792768587, -1.9954516373036384, -0.9531047217756958, 0.14548488477759647, 0.17203618779781682, 0.5494910393724317, False
-5.432249889952362, 1.2190158459067924, 2.1622669679767377, 0.14548488477759647, 0.17203618779781682, 0.5494910393724317, False
1.3386425959122663, 0.38956485894228354, 1.6536484140540786, 0.14548488477759647, 0.17203618779781682, 0.5494910393724317, False
0.3144200101879644, 0.36472498591018887, -3.1181949295662306, 0.14548488477759647, 0.17203618779781682, 0.5494910393724317, True
3.889758515055, -4.329149889525512, -1.0835241937040263, 0.14548488477759647, 0.17203618779781682, 0.5494910393724317, False
1.2907972807392918, -3.473895807888699, -0.77766286747493, 0.14548488477759647, 0.17203618779781682, 0.5494910393724317, False
3.1906727143855793, -4.342099536843592, -0.9408145609276639, 0.14548488477759647, 0.17203618779781682, 0.5494910393724317, False
0.5746484648982477, -1.691688998859581, 1.9242678512962277, 0.14548488477759647, 0.17203618779781682, 0.5494910393724317, True
-0.7483462115401913, -5.313236156638465, 0.046509300370563, 0.14548488477759647, 0.17203618779781682, 0.5494910393724317, False
4.579360271406646, 4.7075030641697815, -1.1606711005227301, 0.14548488477759647, 0.17203618779781682, 0.5494910393724317, True
1.3955701065867334, 0.039776554899727756, 0.24315451355868767, 0.14548488477759647, 0.17203618779781682, 0.5494910393724317, False
0.7617124506157928, -4.9547390607734965, 1.8254088961406074, 0.14548488477759647, 0.17203618779781682, 0.5494910393724317, False
-0.5246721513071089, -3.360593077677539, 1.0395481779956617, 0.14548488477759647, 0.17203618779781682, 0.5494910393724317, False
-5.217931782947723, 1.0631359833334528, -0.8367393375190262, 0.14548488477759647, 0.17203618779781682, 0.5494910393724317, False
1.6123730646365075, -2.400501969035771, -2.4007181329815213, 0.14548488477759647, 0.17203618779781682, 0.5494910393724317, False
-2.616575334005867, -3.3676964943561503, 0.21039279109042397, 0.14548488477759647, 0.17203618779781682, 0.5494910393724317, False
-5.688117789159755, -0.6027531181827666, 2.7438721883385933, 0.14548488477759647, 0.17203618779781682, 0.5494910393724317, False
-0.34582564217074907, 3.244325712709035, 2.9171141562924046, 0.14548488477759647, 0.17203618779781682, 0.5494910393724317, True
1.469842625337125, -3.2849583440495955, 0.45550495946668734, 0.14548488477759647, 0.17203618779781682, 0.5494910393724317, False
-1.6224831966276039, -2.0819348415663868, -2.57082792692059, 0.14548488477759647, 0.17203618779781682, 0.5494910393724317, True
0.6133195495223394, 1.1530615995321156, -2.4204348235126933, 0.14548488477759647, 0.17203618779781682, 0.5494910393724317, False
-3.3844766520600635, 2.239247425251513, -0.4943804568777077, 0.14548488477759647, 0.17203618779781682, 0.5494910393724317, False
-4.646201038228876, -2.5123411719722077, -0.4975405480800936, 0.14548488477759647, 0.17203618779781682, 0.5494910393724317, False
5.648192986653671, -2.139247301161025, 0.45371007808892516, 0.14548488477759647, 0.17203618779781682, 0.5494910393724317, False
-6.258545611482105, -3.677775628246271, 3.098712884098873, 0.14548488477759647, 0.17203618779781682, 0.5494910393724317, True
-6.2333676251770775, 2.217850092184827, 0.029571092051435155, 0.14548488477759647, 0.17203618779781682, 0.5494910393724317, False
-2.0779866475936695, 5.5568860824372965, -2.747210231558081, 0.14548488477759647, 0.17203618779781682, 0.5494910393724317, False
-3.5854039087908243, -3.3151458380316545, 1.914924154162983, 0.14548488477759647, 0.17203618779781682, 0.5494910393724317, False
-2.56167683626499, 5.6915899903509, 1.6195079609739222, 0.14548488477759647, 0.17203618779781682, 0.5494910393724317, False
4.456390360260091, -6.057173978281012, 2.186409960615915, 0.14548488477759647, 0.17203618779781682, 0.5494910393724317, False
-4.807425310312306, -2.308463593112668, -1.2522456216340523, 0.14548488477759647, 0.17203618779781682, 0.5494910393724317, False
3.216174491719558, 5.240248292340343, -0.1904483087307125, 0.14548488477759647, 0.17203618779781682, 0.5494910393724317, False
-3.3964842602275085, -0.9274247626810661, 1.109568778892128, 0.14548488477759647, 0.17203618779781682, 0.5494910393724317, False
4.156028316697789, 0.06867492714928236, 2.282363030244386, 0.14548488477759647, 0.17203618779781682, 0.5494910393724317, False
-1.0759801840676095, -4.405712142422096, -1.0973960596619237, 0.14548488477759647, 0.17203618779781682, 0.5494910393724317, False
-5.874633602537953, 4.550804104850032, -0.9603529419043655, 0.14548488477759647, 0.17203618779781682, 0.5494910393724317, False
2.1153390650330355, -1.4834779707071517, -2.8564035209409466, 0.14548488477759647, 0.17203618779781682, 0.5494910393724317, False
-3.8115710643033784, -3.8174388113026687, 0.2673813778700551, 0.14548488477759647, 0.17203618779781682, 0.5494910393724317, False
-1.1965421870736312, -3.6966306491382026, 1.5436120678532852, 0.14548488477759647, 0.17203618779781682, 0.5494910393724317, False
-0.7839976736002923, 0.46984080490033886, -1.7141773510675469, 0.14548488477759647, 0.17203618779781682, 0.5494910393724317, False
0.006930190769746325, -3.842388525277591, -1.009721948831603, 0.14548488477759647, 0.17203618779781682, 0.5494910393724317, False
3.531745507035515, -6.024803952046614, -1.020673210660513, 0.14548488477759647, 0.17203618779781682, 0.5494910393724317, False
1.5914338567274902, -0.07927368447573269, 1.9874742113832475, 0.14548488477759647, 0.17203618779781682, 0.5494910393724317, False
2.25421881400241, -4.648565725400156, 0.44036825136556823, 0.14548488477759647, 0.17203618779781682, 0.5494910393724317, False
3.4548904958008393, 2.2985211424137937, -2.416130032533132, 0.14548488477759647, 0.17203618779781682, 0.5494910393724317, False
-6.2400684557615325, -3.7315124481397888, -1.7660866422592756, 0.14548488477759647, 0.17203618779781682, 0.5494910393724317, False
0.07467196945016497, 3.433370779823882, -2.617797184993649, 0.14548488477759647, 0.17203618779781682, 0.5494910393724317, False
-3.0003992368257064, 5.063722608138679, -0.5538795338141052, 0.14548488477759647, 0.17203618779781682, 0.5494910393724317, False
4.733620710052781, -4.203455206739953, 0.7452371134198783, 0.14548488477759647, 0.17203618779781682, 0.5494910393724317, False
-6.019758706130628, 5.296738723249803, 0.5621558685028902, 0.14548488477759647, 0.17203618779781682, 0.5494910393724317, True
5.232855907974015, 3.2362535542845894, -0.7209613417425191, 0.14548488477759647, 0.17203618779781682, 0.5494910393724317, False
1.7791073416128071, 4.350238172524989, -2.6313329640819223, 0.14548488477759647, 0.17203618779781682, 0.5494910393724317, False
2.6725260319837627, 3.6426431849219707, 2.9495485681107025, 0.14548488477759647, 0.17203618779781682, 0.5494910393724317, True
0.5778589425933056, -3.760354550439581, 1.018873903306618, 0.14548488477759647, 0.17203618779781682, 0.5494910393724317, False
-1.3578308746285481, 0.16547330622448175, -2.108502026258446, 0.14548488477759647, 0.17203618779781682, 0.5494910393724317, False
1.9851319919171058, -0.4144733745360778, 1.309201860770684, 0.14548488477759647, 0.17203618779781682, 0.5494910393724317, False
1.8845790726709204, 2.3420146313625914, -1.9214483293890756, 0.14548488477759647, 0.17203618779781682, 0.5494910393724317, False
3.919880305049084, -1.326188738293884, -2.94021790619222, 0.14548488477759647, 0.17203618779781682, 0.5494910393724317, True
-0.6527701005723063, -0.9873593813134169, 0.07758058979335791, 0.14548488477759647, 0.17203618779781682, 0.5494910393724317, False
-1.8815247828648394, -3.6021776932407508, -2.127447662090067, 0.14548488477759647, 0.17203618779781682, 0.5494910393724317, False
5.9217517821080605, 4.078510864524201, -0.8952717563900632, 0.14548488477759647, 0.17203618779781682, 0.5494910393724317, False
-3.137094133901212, 0.6614320146126929, -0.8140121276258596, 0.14548488477759647, 0.17203618779781682, 0.5494910393724317, False
-5.516902429611431, -0.05922146777175552, -2.071134063748235, 0.14548488477759647, 0.17203618779781682, 0.5494910393724317, True
-2.756963533987371, -2.836338521451527, -2.6850439760470435, 0.14548488477759647, 0.17203618779781682, 0.5494910393724317, False
-0.5345993201050039, -2.2609429652019113, 1.486783994929767, 0.14548488477759647, 0.17203618779781682, 0.5494910393724317, False
0.4313591612168155, 5.095431327881041, 1.7620667490014492, 0.14548488477759647, 0.17203618779781682, 0.5494910393724317, True
3.89289570994106, 1.8041521980335542, -2.387768805471285, 0.14548488477759647, 0.17203618779781682, 0.5494910393724317, False
0.25537939193207926, 0.1391204300304798, -1.918179070258963, 0.14548488477759647, 0.17203618779781682, 0.5494910393724317, False
-5.312827811094533, 4.979026798841492, -2.9938540032018435, 0.14548488477759647, 0.17203618779781682, 0.5494910393724317, True
1.541668965223292, 2.467137004354811, 0.7692677183426317, 0.14548488477759647, 0.17203618779781682, 0.5494910393724317, False
-1.2711583140354437, -3.9953647754489636, -0.8502269780618557, 0.14548488477759647, 0.17203618779781682, 0.5494910393724317, False
-4.971455761405607, -0.6163361023724256, -2.413087923294778, 0.14548488477759647, 0.17203618779781682, 0.5494910393724317, False
5.152144879936781, 2.1856639287129447, -2.5063398724977555, 0.14548488477759647, 0.17203618779781682, 0.5494910393724317, False
5.732518474883479, 1.925171924753272, 2.1329853943699764, 0.14548488477759647, 0.17203618779781682, 0.5494910393724317, False
4.413968638287695, -3.739927192303615, 0.09841249463852497, 0.14548488477759647, 0.17203618779781682, 0.5494910393724317, False
-1.8737632410782226, 2.970388092917199, -0.022602856764932344, 0.14548488477759647, 0.17203618779781682, 0.5494910393724317, False
2.603977853086949, 2.882154735483642, 3.0282361584321054, 0.14548488477759647, 0.17203618779781682, 0.5494910393724317, True
-5.03640875870917, 5.491448029142699, -2.6746449863440676, 0.14548488477759647, 0.17203618779781682, 0.5494910393724317, True
-1.6234242313367764, 5.312103488383135, 1.8348926013134426, 0.14548488477759647, 0.17203618779781682, 0.5494910393724317, False
4.870727890103929, -4.624682685873952, -1.4854660614270874, 0.14548488477759647, 0.17203618779781682, 0.5494910393724317, False
5.483998735592159, -2.9376396488562544, 1.7742519560983734, 0.14548488477759647, 0.17203618779781682, 0.5494910393724317, False
4.757181105185653, -0.8538443740176973, -0.8614523445890296, 0.14548488477759647, 0.17203618779781682, 0.5494910393724317, False
0.05893782461817043, -3.4882786086297264, -1.6101626997564351, 0.14548488477759647, 0.17203618779781682, 0.5494910393724317, False
-1.0657623103302392, -2.89262752284089, 1.6002318039359453, 0.14548488477759647, 0.17203618779781682, 0.5494910393724317, False
1.3972664972254423, -5.69686357062851, -0.5654471370456906, 0.14548488477759647, 0.17203618779781682, 0.5494910393724317, False
-4.533236536128843, -1.180384822585216, 2.2730075987356493, 0.14548488477759647, 0.17203618779781682, 0.5494910393724317, False
-2.562234154413444, -0.5299273661021262, 2.8450401319133904, 0.14548488477759647, 0.17203618779781682, 0.5494910393724317, False
-3.150867480564159, -4.861824734731571, 1.2737656148974956, 0.14548488477759647, 0.17203618779781682, 0.5494910393724317, False
-1.0226181801457113, -4.153622484665343, 1.4033324262633613, 0.14548488477759647, 0.17203618779781682, 0.5494910393724317, False
2.2498844069314377, -0.7149696747109715, 1.1315582462867555, 0.14548488477759647, 0.17203618779781682, 0.5494910393724317, False
-5.016654420888734, -5.8268120321040655, -1.1756117083955333, 0.14548488477759647, 0.17203618779781682, 0.5494910393724317, False
-5.294996128968083, -1.5169041083582595, 2.6700175196209885, 0.14548488477759647, 0.17203618779781682, 0.5494910393724317, True
-1.232803167777453, 0.5012609195226636, -1.2837606785678841, 0.14548488477759647, 0.17203618779781682, 0.5494910393724317, False
1.0868582796311923, -5.753108491388444, 2.359265671028096, 0.14548488477759647, 0.17203618779781682, 0.5494910393724317, False
0.37337698738075886, 5.457423723662755, -0.42383105741137594, 0.14548488477759647, 0.17203618779781682, 0.5494910393724317, True
4.395077811148628, -2.2906370179612914, -1.974174792021887, 0.14548488477759647, 0.17203618779781682, 0.5494910393724317, True
4.151383126628506, -1.2437579715251559, 0.7668054491083001, 0.14548488477759647, 0.17203618779781682, 0.5494910393724317, False
