4.505174194630625, -2.8939481457189604, 0.23673505163669262, -0.17244074864451708, -0.20227312978788348, 0.6710516468043641, False
-4.83537974449176, 2.373443240029051, 1.5520474011801841, -0.17244074864451708, -0.20227312978788348, 0.6710516468043641, False
0.34309003492108214, 3.004598339057196, 1.3972487248600682, -0.17244074864451708, -0.20227312978788348, 0.6710516468043641, False
4.7502762765239925, 0.897268304060943, -0.8461959061726261, -0.17244074864451708, -0.20227312978788348, 0.6710516468043641, False
2.7863562678862657, 0.8644621944117219, -0.9249708453022598, -0.17244074864451708, -0.20227312978788348, 0.6710516468043641, False
-1.9789615515193058, -1.4160587006055136, -1.5222481164683896, -0.17244074864451708, -0.20227312978788348, 0.6710516468043641, False
-3.9527919388736668, -3.097073768069995, -2.384332855109018, -0.17244074864451708, -0.20227312978788348, 0.6710516468043641, False
3.4095922112088655, 2.640846185802543, -0.33030052031081647, -0.17244074864451708, -0.20227312978788348, 0.6710516468043641, False
-0.888959610635788, 1.7333416258954024, 1.2929131275391086, -0.17244074864451708, -0.20227312978788348, 0.6710516468043641, False
0.846726350186275, 2.0943914516902833, 2.850477381974895, -0.17244074864451708, -0.20227312978788348, 0.6710516468043641, False
4.016235707065016, 0.0009698296946583085, -0.05496741158060603, -0.17244074864451708, -0.20227312978788348, 0.6710516468043641, False
5.743724290408279, -2.071576586225313, -0.7914549786589462, -0.17244074864451708, -0.20227312978788348, 0.6710516468043641, False
4.958227160828452, 4.203489721180475, 2.768550622660058, -0.17244074864451708, -0.20227312978788348, 0.6710516468043641, False
-5.03323585854355, 3.079157269976262, -0.440550665275663, -0.17244074864451708, -0.20227312978788348, 0.6710516468043641, False
-5.456727875196977, -4.188987852001336, 2.6183748008027488, -0.17244074864451708, -0.20227312978788348, 0.6710516468043641, False
6.037411437034379, -2.144732063518304, 2.4857564455617425, -0.17244074864451708, -0.20227312978788348, 0.6710516468043641, False
3.1331299959533645, -1.4294350636616286, 1.9754000699467307, -0.17244074864451708, -0.20227312978788348, 0.6710516468043641, True
-1.5733208012632485, 2.8446861221761033, -0.23550153145091723, -0.17244074864451708, -0.20227312978788348, 0.6710516468043641, False
1.669883018975895, 5.531416417982175, -2.84935544035686, -0.17244074864451708, -0.20227312978788348, 0.6710516468043641, False
-5.499506928473602, 0.06892304320956821, 1.3083131709549543, -0.17244074864451708, -0.20227312978788348, 0.6710516468043641, False
-4.234629244092286, 2.8047394093023286, -1.568721555924509, -0.17244074864451708, -0.20227312978788348, 0.6710516468043641, False
-3.6277756028680748, -2.016150184457203, -0.8245285781412806, -0.17244074864451708, -0.20227312978788348, 0.6710516468043641, False
-5.220607136556642, 3.731145452261856, -1.9212111016054056, -0.17244074864451708, -0.20227312978788348, 0.6710516468043641, False
-2.289823470619156, 1.1098828045564488, -1.4678286091465005, -0.17244074864451708, -0.20227312978788348, 0.6710516468043641, False
3.103190943193365, 0.918688623030091, -3.0980157405419093, -0.17244074864451708, -0.20227312978788348, 0.6710516468043641, True
-0.0889604233970811, -0.39422482988837615, -2.6101155965438574, -0.17244074864451708, -0.20227312978788348, 0.6710516468043641, False
-3.309926301450592, -1.3797659355841922, -2.824519750358352, -0.17244074864451708, -0.20227312978788348, 0.6710516468043641, True
6.171668817162946, -4.266994424297294, -0.1637020480160376, -0.17244074864451708, -0.20227312978788348, 0.6710516468043641, False
3.268890068522394, -3.4024863741958846, 0.6282849401321533, -0.17244074864451708, -0.20227312978788348, 0.6710516468043641, False
-5.817511376720793, -4.445396559095159, -0.8068284893492876, -0.17244074864451708, -0.20227312978788348, 0.6710516468043641, False
5.77200317816453, -2.9329254659295025, 2.4152178838010485, -0.17244074864451708, -0.20227312978788348, 0.6710516468043641, False
-2.6656527680934103, -4.012166116369071, -0.33957959570151, -0.17244074864451708, -0.20227312978788348, 0.6710516468043641, False
2.6442080122768683, -1.1816338589393078, 0.9483377550735224, -0.17244074864451708, -0.20227312978788348, 0.6710516468043641, False
-4.184012675567766, 6.230995522918333, -0.16066223030755022, -0.17244074864451708, -0.20227312978788348, 0.6710516468043641, False
-0.8190067042848801, 3.6191179226720607, -0.2270837907912373, -0.17244074864451708, -0.20227312978788348, 0.6710516468043641, False
0.6187309751243673, -4.957006304531328, 0.7384749067325136, -0.17244074864451708, -0.20227312978788348, 0.6710516468043641, False
1.154812689480238, 5.369056616406217, -3.103382632519732, -0.17244074864451708, -0.20227312978788348, 0.6710516468043641, True
2.9338637716172613, 2.755629684558688, 0.03554369444219452, -0.17244074864451708, -0.20227312978788348, 0.6710516468043641, False
4.260040908772011, 4.03913722833299, 2.3926468808174457, -0.17244074864451708, -0.20227312978788348, 0.6710516468043641, False
-2.8622600076444886, -2.269964968050311, -1.7936612991894265, -0.17244074864451708, -0.20227312978788348, 0.6710516468043641, False
6.091149227176816, -5.728335697848664, -3.0175852264554495, -0.17244074864451708, -0.20227312978788348, 0.6710516468043641, True
6.185602101712286, 4.32205735207903, -1.0218654866174255, -0.17244074864451708, -0.20227312978788348, 0.6710516468043641, False
3.9695103075073828, -2.020458032067306, 1.3092709114528072, -0.17244074864451708, -0.20227312978788348, 0.6710516468043641, True
2.5739867158814462, 0.8473665905459011, 1.2558371539654543, -0.17244074864451708, -0.20227312978788348, 0.6710516468043641, False
5.922676584562222, 1.6559869984260471, -1.575657764435471, -0.17244074864451708, -0.20227312978788348, 0.6710516468043641, False
-5.490479101427822, -4.396827672335191, -2.7520127985023715, -0.17244074864451708, -0.20227312978788348, 0.6710516468043641, False
0.23499455483826548, 2.5810623125019827, -2.6838579327905467, -0.17244074864451708, -0.20227312978788348, 0.6710516468043641, False
3.116707878651182, -4.169978778813624, 0.9521580247077042, -0.17244074864451708, -0.20227312978788348, 0.6710516468043641, False
3.7516355080710646, -3.5389440958516474, -2.55096316090221, -0.17244074864451708, -0.20227312978788348, 0.6710516468043641, False
-2.0599353792273263, 0.7275038215471827, -0.9029652512636708, -0.17244074864451708, -0.20227312978788348, 0.6710516468043641, False
0.8160482007606387, -4.153575339047153, -1.2130362986720278, -0.17244074864451708, -0.20227312978788348, 0.6710516468043641, False
2.560574583965849, -3.2338140579909327, -1.0480028364692302, -0.17244074864451708, -0.20227312978788348, 0.6710516468043641, False
2.760436487464883, 5.239889019612285, -1.0081786355149056, -0.17244074864451708, -0.20227312978788348, 0.6710516468043641, False
0.9589116709757635, 3.1218097555810136, -2.350858821945873, -0.17244074864451708, -0.20227312978788348, 0.6710516468043641, False
-4.2427954235109695, -1.7406817044293836, -2.1191432329324553, -0.17244074864451708, -0.20227312978788348, 0.6710516468043641, True
-0.2828586883049953, 4.0250528278387385, -1.4565427958020172, -0.17244074864451708, -0.20227312978788348, 0.6710516468043641, False
1.1585341426640898, -0.3223312371922118, -2.9066013119171346, -0.17244074864451708, -0.20227312978788348, 0.6710516468043641, True
3.009496339589516, -4.0315649680373475, -0.05812675970506831, -0.17244074864451708, -0.20227312978788348, 0.6710516468043641, False
2.259617000681258, -2.245633170374342, 0.604829762491851, -0.17244074864451708, -0.20227312978788348, 0.6710516468043641, False
3.439454182714634, -3.871904352692492, 1.4928041999282842, -0.17244074864451708, -0.20227312978788348, 0.6710516468043641, False
2.6472312314244952, -1.2553016261233045, 2.6059434347484878, -0.17244074864451708, -0.20227312978788348, 0.6710516468043641, False
0.19568109242308118, -1.764934426853329, -0.47410870518057546, -0.17244074864451708, -0.20227312978788348, 0.6710516468043641, False
5.110986523349986, 5.364842476013198, 1.140366136337331, -0.17244074864451708, -0.20227312978788348, 0.6710516468043641, False
4.2387019442111935, 3.9966333909689737, -1.3160974576568494, -0.17244074864451708, -0.20227312978788348, 0.6710516468043641, False
-2.123777264056246, -1.906953123217276, 2.4612724163879065, -0.17244074864451708, -0.20227312978788348, 0.6710516468043641, False
2.2725657367977803, 2.841282974625477, 1.0891027076119055, -0.17244074864451708, -0.20227312978788348, 0.6710516468043641, False
6.036988576103328, -2.2517456319691957, -0.4606184329190066, -0.17244074864451708, -0.20227312978788348, 0.6710516468043641, False
3.5504819607653886, -0.8947131530526216, -1.0574594693347739, -0.17244074864451708, -0.20227312978788348, 0.6710516468043641, True
-4.392523978749386, -0.8761927107412371, 2.352219276785643, -0.17244074864451708, -0.20227312978788348, 0.6710516468043641, False
0.43294154379150473, 0.16931928127374185, 1.7907964452116802, -0.17244074864451708, -0.20227312978788348, 0.6710516468043641, False
-3.93530074032398, 4.966412678711919, 1.734316282603526, -0.17244074864451708, -0.20227312978788348, 0.6710516468043641, False
3.436133784188062, 3.7406728828610074, -2.428950447454536, -0.17244074864451708, -0.20227312978788348, 0.6710516468043641, False
4.922329931515154, 3.128953296099594, -0.5081788984471971, -0.17244074864451708, -0.20227312978788348, 0.6710516468043641, False
5.075118204906591, 2.0827507648667307, -1.4622239005030093, -0.17244074864451708, -0.20227312978788348, 0.6710516468043641, False
5.745877008192988, -0.7526707671535053, 1.3194908925830333, -0.17244074864451708, -0.20227312978788348, 0.6710516468043641, False
-1.6387829248005046, -4.246305912465677, -1.6988199772643848, -0.17244074864451708, -0.20227312978788348, 0.6710516468043641, False
-6.162106567735217, 2.5625751087334123, -1.6339679014900705, -0.17244074864451708, -0.20227312978788348, 0.6710516468043641, False
4.457322349343128, 2.645448528101447, -2.1336350965954614, -0.17244074864451708, -0.20227312978788348, 0.6710516468043641, False
0.1621049132195731, -4.842420025271029, 1.069292099717094, -0.17244074864451708, -0.20227312978788348, 0.6710516468043641, False
1.6961905759623193, -3.082501335906927, -0.8574066838275685, -0.17244074864451708, -0.20227312978788348, 0.6710516468043641, False
-0.3730236347429301, -2.3436444245078434, 0.4678129879907229, -0.17244074864451708, -0.20227312978788348, 0.6710516468043641, False
5.499823010731852, 3.117881827668384, 1.517879169341783, -0.17244074864451708, -0.20227312978788348, 0.6710516468043641, False
-3.540163807515663, -0.10351912963073229, -1.700895457334815, -0.17244074864451708, -0.20227312978788348, 0.6710516468043641, False
0.5760284798535942, 4.1198786369795535, -1.5182025545529692, -0.17244074864451708, -0.20227312978788348, 0.6710516468043641, False
3.7797976361489525, -6.2198141594400465, -1.5198298610941927, -0.17244074864451708, -0.20227312978788348, 0.6710516468043641, False
-0.6710308670434939, 1.1531518175830584, -2.293129236019989, -0.17244074864451708, -0.20227312978788348, 0.6710516468043641, False
-1.734451782090554, 5.68894008791324, 1.0601096239872616, -0.17244074864451708, -0.20227312978788348, 0.6710516468043641, False
0.8909079212103288, 1.3214220406865573, 2.419881738656925, -0.17244074864451708, -0.20227312978788348, 0.6710516468043641, False
1.8327804554167137, 4.957240933362142, -0.41069072991466227, -0.17244074864451708, -0.20227312978788348, 0.6710516468043641, False
5.753779487345067, 0.9713212416024986, 1.2825580985982628, -0.17244074864451708, -0.20227312978788348, 0.6710516468043641, False
-0.2422272548992268, 2.3141741753289438, 1.1707184531759216, -0.17244074864451708, -0.20227312978788348, 0.6710516468043641, False
1.4799538326804242, -5.625592261354979, 0.16743409221424743, -0.17244074864451708, -0.20227312978788348, 0.6710516468043641, False
-3.3100008924982207, 1.3764765590630796, 0.6898248679086354, -0.17244074864451708, -0.20227312978788348, 0.6710516468043641, False
-3.100149654223756, 1.6809002473487542, -2.3204520988768707, -0.17244074864451708, -0.20227312978788348, 0.6710516468043641, False
2.706243982354213, -5.39224765766361, -0.06551781251166888, -0.17244074864451708, -0.20227312978788348, 0.6710516468043641, False
-4.415556457605734, 6.229543459928843, 1.1000757825574423, -0.17244074864451708, -0.20227312978788348, 0.6710516468043641, False
-3.747541850545426, 3.445362099912664, -1.4543085557342321, -0.17244074864451708, -0.20227312978788348, 0.6710516468043641, False
2.887682365104263, -1.9577825873015406, 2.6771171304528663, -0.17244074864451708, -0.20227312978788348, 0.6710516468043641, False
4.633700726955036, -3.9275242944192423, -0.679583775077198, -0.17244074864451708, -0.20227312978788348, 0.6710516468043641, False
-4.809305949188035, 4.586953655742871, -0.11085450548905351, -0.17244074864451708, -0.20227312978788348, 0.6710516468043641, True
1.3600363888442972, -2.767550995498579, 1.2158788724362912, -0.17244074864451708, -0.20227312978788348, 0.6710516468043641, False
0.27488390792755446, -4.943295280128822, -2.331287824918645, -0.17244074864451708, -0.20227312978788348, 0.6710516468043641, False
0.4760010039961369, 0.4820689108180387, 0.7106577794364322, -0.17244074864451708, -0.20227312978788348, 0.6710516468043641, False
0.3711126304610479, 0.23457140417351408, 0.44336012320103535, -0.17244074864451708, -0.20227312978788348, 0.6710516468043641, False
-3.1244073270084103, -5.891532723655943, 2.3928562381218237, -0.17244074864451708, -0.20227312978788348, 0.6710516468043641, False
5.193907656630165, -1.5239583927750466, 1.5724649162973812, -0.17244074864451708, -0.20227312978788348, 0.6710516468043641, False
-0.486955422902442, 4.126799476318142, 0.37315578379257897, -0.17244074864451708, -0.20227312978788348, 0.6710516468043641, False
-4.123044735732197, -1.241553010527075, -2.237983896277431, -0.17244074864451708, -0.20227312978788348, 0.6710516468043641, False
4.902573277447951, -6.010783421767265, -2.9857725879868413, -0.17244074864451708, -0.20227312978788348, 0.6710516468043641, True
1.3843341875026436, -0.08678811318344781, -3.0679681352150334, -0.17244074864451708, -0.20227312978788348, 0.6710516468043641, True
2.600594608322341, 0.5992695082105524, 0.44449455694357143, -0.17244074864451708, -0.20227312978788348, 0.6710516468043641, False
-0.870366751315224, 5.469542139855131, -2.933006707395558, -0.17244074864451708, -0.20227312978788348, 0.6710516468043641, True
-0.743198770593902, -1.0549403808945783, 0.491979470487355, -0.17244074864451708, -0.20227312978788348, 0.6710516468043641, False
-4.58209444365753, 4.137568839178888, -0.40342641942798974, -0.17244074864451708, -0.20227312978788348, 0.6710516468043641, False
1.7110792982876841, 4.176212406832059, 0.7271834437133329, -0.17244074864451708, -0.20227312978788348, 0.6710516468043641, False
5.394626378346489, 3.3285733054257225, 3.1193453628233225, -0.17244074864451708, -0.20227312978788348, 0.6710516468043641, True
0.02049274476418006, 5.621685205779137, -2.4984688979855285, -0.17244074864451708, -0.20227312978788348, 0.6710516468043641, False
-5.398941924289081, 2.997183565272282, 2.1380037891410915, -0.17244074864451708, -0.20227312978788348, 0.6710516468043641, False
0.07782094557722452, -1.8878489718794054, 3.052409950846954, -0.17244074864451708, -0.20227312978788348, 0.6710516468043641, True
6.063600515794837, 0.872829305574605, 2.572709939500097, -0.17244074864451708, -0.20227312978788348, 0.6710516468043641, False
0.7375799808766548, 3.4232906638779106, 2.6725432996417835, -0.17244074864451708, -0.20227312978788348, 0.6710516468043641, False
-1.4058113690896121, -4.500343686104865, 0.43250043691243745, -0.17244074864451708, -0.20227312978788348, 0.6710516468043641, False
4.218461813009709, -5.390248071855276, 0.77808953548102, -0.17244074864451708, -0.20227312978788348, 0.6710516468043641, False
-4.358385679844023, -5.014190636773504, -0.17571456344759673, -0.17244074864451708, -0.20227312978788348, 0.6710516468043641, False
3.014271123649518, -3.6273095440873573, 2.171082980177898, -0.17244074864451708, -0.20227312978788348, 0.6710516468043641, False
-3.2181155401011163, -1.3331864899660308, 1.5822653944885632, -0.17244074864451708, -0.20227312978788348, 0.6710516468043641, True
5.00221327255754, -5.159961176221447, 2.36283224463045, -0.17244074864451708, -0.20227312978788348, 0.6710516468043641, False
-4.011575908165124, 0.8776560331734542, -0.2903194485767071, -0.17244074864451708, -0.20227312978788348, 0.6710516468043641, False
5.1695164383015175, 2.8019430352407273, -0.4623277879588681, -0.17244074864451708, -0.20227312978788348, 0.6710516468043641, False
-5.073867678828954, -4.2283360561184615, -2.4523318469832045, -0.17244074864451708, -0.20227312978788348, 0.6710516468043641, False
2.46833945095052, 4.791179223173369, -1.8999924429823203, -0.17244074864451708, -0.20227312978788348, 0.6710516468043641, True
-5.968974093911312, -6.194235189309598, 2.350361706109952, -0.17244074864451708, -0.20227312978788348, 0.6710516468043641, False
4.012574262463465, -3.431472232640077, 1.5399474932244361, -0.17244074864451708, -0.20227312978788348, 0.6710516468043641, False
-4.987349674987996, -3.1089770920821675, -2.3325850393230083, -0.17244074864451708, -0.20227312978788348, 0.6710516468043641, False
0.647884212891177, -0.2804939037999379, 0.928024444418484, -0.17244074864451708, -0.20227312978788348, 0.6710516468043641, False
2.612739395551717, 4.962484121741843, 1.7292757979498496, -0.17244074864451708, -0.20227312978788348, 0.6710516468043641, True
1.7854541089740597, 2.875787555104253, -1.8193189018576816, -0.17244074864451708, -0.20227312978788348, 0.6710516468043641, False
6.138130836140801, 5.412436947916833, 2.0031961482928393, -0.17244074864451708, -0.20227312978788348, 0.6710516468043641, False
-3.8505405239163446, -1.2563358719487105, -3.1411337111226345, -0.17244074864451708, -0.20227312978788348, 0.6710516468043641, True
4.540522007118263, 2.7138772098778805, -1.4426915195020646, -0.17244074864451708, -0.20227312978788348, 0.6710516468043641, False
1.0449489888174268, -5.861703921520116, 3.0574073545759104, -0.17244074864451708, -0.20227312978788348, 0.6710516468043641, True
-2.942649796013204, -4.069544909761241, 2.0221675959962866, -0.17244074864451708, -0.20227312978788348, 0.6710516468043641, False
1.9840666253321917, 1.413904329683044, 0.1869756860289482, -0.17244074864451708, -0.20227312978788348, 0.6710516468043641, False
-2.737134883179175, 4.9237861918827655, 1.9768481223890166, -0.17244074864451708, -0.20227312978788348, 0.6710516468043641, True
1.4703980359766842, -5.804735889012759, -0.840239385155948, -0.17244074864451708, -0.20227312978788348, 0.6710516468043641, False
-1.403771158743707, 3.06133606559594, -0.140753583665572, -0.17244074864451708, -0.20227312978788348, 0.6710516468043641, False
-4.309238382243972, 5.63690575997099, -1.612227087007178, -0.17244074864451708, -0.20227312978788348, 0.6710516468043641, False
-0.8353029110812935, 1.1624381499464, 1.1216478477967469, -0.17244074864451708, -0.20227312978788348, 0.6710516468043641, False
0.5750643975144456, 3.1514983090135544, 1.5298129686370503, -0.17244074864451708, -0.20227312978788348, 0.6710516468043641, False
1.3038235524083737, -5.932679789562273, 0.8502937780091644, -0.17244074864451708, -0.20227312978788348, 0.6710516468043641, False
4.8157157164073645, 0.669732139709903, -0.44517024432885544, -0.17244074864451708, -0.20227312978788348, 0.6710516468043641, False
4.661212640917659, 5.907006242380387, 2.576918739916917, -0.17244074864451708, -0.20227312978788348, 0.6710516468043641, False
2.835173954322375, 5.287784520466559, 3.0197750891272737, -0.17244074864451708, -0.20227312978788348, 0.6710516468043641, True
-1.8438074633974955, 2.712597346160825, 2.687731109976334, -0.17244074864451708, -0.20227312978788348, 0.6710516468043641, False
-3.105169672954208, -5.330258226568001, -2.1332549077328524, -0.17244074864451708, -0.20227312978788348, 0.6710516468043641, False
3.115592398620276, -3.0007868564649627, -2.412549264933613, -0.17244074864451708, -0.20227312978788348, 0.6710516468043641, False
-4.285824476111303, 6.186983926992719, 1.45698623807656, -0.17244074864451708, -0.20227312978788348, 0.6710516468043641, False
-4.226305651534243, -2.9241927577014577, 0.6289020548033499, -0.17244074864451708, -0.20227312978788348, 0.6710516468043641, False
5.177765415922497, -2.1580385219267226, -0.7676047706874871, -0.17244074864451708, -0.20227312978788348, 0.6710516468043641, False
5.058100473774392, 4.4595452652222285, 0.8225150048407635, -0.17244074864451708, -0.20227312978788348, 0.6710516468043641, False
-4.614864730256726, 2.6508593699292327, 0.2526496727577352, -0.17244074864451708, -0.20227312978788348, 0.6710516468043641, False
-1.0602332172804578, 0.9375521016568529, -2.5389081162779856, -0.17244074864451708, -0.20227312978788348, 0.6710516468043641, False
-5.399976134985081, 2.875578610420529, -1.4925065373855397, -0.17244074864451708, -0.20227312978788348, 0.6710516468043641, False
3.7692076998857296, -5.0463983413608045, -2.6146895218961923, -0.17244074864451708, -0.20227312978788348, 0.6710516468043641, False
6.142022373442051, 3.191690030911161, 1.0450365192758095, -0.17244074864451708, -0.20227312978788348, 0.6710516468043641, False
-1.179816262139548, -1.9669649402085652, 0.025973226455065834, -0.17244074864451708, -0.20227312978788348, 0.6710516468043641, False
-6.159594586092927, -3.2024428271317227, -2.5590070350283156, -0.17244074864451708, -0.20227312978788348, 0.6710516468043641, False
-0.6648486595152665, -0.6275754581900852, 0.6562749840545465, -0.17244074864451708, -0.20227312978788348, 0.6710516468043641, False
4.556886124949836, 4.220788405537425, 2.737345441220734, -0.17244074864451708, -0.20227312978788348, 0.6710516468043641, False
-4.775513956124546, 1.5726869348095835, -1.2156850140511297, -0.17244074864451708, -0.20227312978788348, 0.6710516468043641, False
5.002426837849491, 5.783108641320796, -0.8599498177348428, -0.17244074864451708, -0.20227312978788348, 0.6710516468043641, False
-0.11647212647489447, 3.298775039802573, 0.23443806953476498, -0.17244074864451708, -0.20227312978788348, 0.6710516468043641, False
4.884514817237825, 1.9271332100351017, -1.4845729021121397, -0.17244074864451708, -0.20227312978788348, 0.6710516468043641, False
-5.918253595398653, -1.9169970907849683, -1.4733606751080923, -0.17244074864451708, -0.20227312978788348, 0.6710516468043641, False
3.707608768297291, 0.19548025820153114, -1.9426035418512333, -0.17244074864451708, -0.20227312978788348, 0.6710516468043641, False
1.2553860935738097, 0.4692943434977108, 1.4468814733983022, -0.17244074864451708, -0.20227312978788348, 0.6710516468043641, False
1.9828278033483002, -6.0352601525217535, 2.0415344713270835, -0.17244074864451708, -0.20227312978788348, 0.6710516468043641, False
1.014582634152542, 2.057369175767322, -1.6493222400426057, -0.17244074864451708, -0.20227312978788348, 0.6710516468043641, False
-4.36765006656092, -1.9643667434096743, -1.8210743771565814, -0.17244074864451708, -0.20227312978788348, 0.6710516468043641, False
-5.7664539841841025, 1.049247916631236, 1.5805032406339308, -0.17244074864451708, -0.20227312978788348, 0.6710516468043641, False
5.469366909665876, 6.041868678941643, -2.713349644518161, -0.17244074864451708, -0.20227312978788348, 0.6710516468043641, False
-0.9510479591145922, -3.799419121423844, 0.2896442487335129, -0.17244074864451708, -0.20227312978788348, 0.6710516468043641, False
0.07485236339738588, 1.7109938284452904, 2.6983730310992424, -0.17244074864451708, -0.20227312978788348, 0.6710516468043641, False
3.4797659088123325, -1.2932320530627601, -1.256168503255933, -0.17244074864451708, -0.20227312978788348, 0.6710516468043641, True
-4.950330594102978, 2.258493884785482, -0.5365081123219668, -0.17244074864451708, -0.20227312978788348, 0.6710516468043641, False
-1.0183649108111732, -1.4892647682395692, -1.7750392554110885, -0.17244074864451708, -0.20227312978788348, 0.6710516468043641, False
-1.8658672153029228, 0.38888467997650267, -2.908411899530774, -0.17244074864451708, -0.20227312978788348, 0.6710516468043641, True
-4.062363636118656, -2.927629392507872, 1.6688150697506403, -0.17244074864451708, -0.20227312978788348, 0.6710516468043641, False
-3.1407798531693265, -0.5115380318149123, 1.2832380820390137, -0.17244074864451708, -0.20227312978788348, 0.6710516468043641, False
-0.21765276722445748, 5.132765107023925, -2.098006306776513, -0.17244074864451708, -0.20227312978788348, 0.6710516468043641, False
-6.118007970249477, 0.7051011119612571, -1.4399491644002846, -0.17244074864451708, -0.20227312978788348, 0.6710516468043641, False
-6.121921970543732, 2.282899024426545, 0.14348188425352326, -0.17244074864451708, -0.20227312978788348, 0.6710516468043641, False
-0.5869914190833523, 3.803842726559914, -1.672395726288118, -0.17244074864451708, -0.20227312978788348, 0.6710516468043641, False
-4.397809002047371, 5.914286483714836, 3.0277233636841965, -0.17244074864451708, -0.20227312978788348, 0.6710516468043641, True
1.7716348660594168, -5.27760060082784, 1.3589240334954802, -0.17244074864451708, -0.20227312978788348, 0.6710516468043641, False
0.19633025297752305, -1.9447604120654916, 2.330607766589221, -0.17244074864451708, -0.20227312978788348, 0.6710516468043641, False
3.985969045575427, 2.565949718857656, -1.8234182113018333, -0.17244074864451708, -0.20227312978788348, 0.6710516468043641, False
-4.502606894118221, -2.0469610250611208, 2.472477595649967, -0.17244074864451708, -0.20227312978788348, 0.6710516468043641, False
-2.929202354663221, 1.6255409012343511, -0.6975876749871706, -0.17244074864451708, -0.20227312978788348, 0.6710516468043641, False
5.371986641915896, -1.2802011685134946, 0.10452905562099257, -0.17244074864451708, -0.20227312978788348, 0.6710516468043641, False
