-3.9582929433217386, -2.126278601453243, -0.3384357277672456, 0.21827748294181015, -0.45520261303932885, 0.6696435182420214, True
-0.07819907613935051, -1.3669266187595532, 1.9975884122582146, 0.21827748294181015, -0.45520261303932885, 0.6696435182420214, False
0.5215892284736547, -1.4490500021661177, 2.1307001432127235, 0.21827748294181015, -0.45520261303932885, 0.6696435182420214, False
0.24071506677192378, -5.117605987116205, -2.572261373903805, 0.21827748294181015, -0.45520261303932885, 0.6696435182420214, True
-4.045099097932027, -4.657776427637723, 0.40022747681399773, 0.21827748294181015, -0.45520261303932885, 0.6696435182420214, True
2.534821455909631, 1.6821075929816338, -0.35225145671496616, 0.21827748294181015, -0.45520261303932885, 0.6696435182420214, True
3.3707202117421, -2.599585755123647, 1.3638479247617763, 0.21827748294181015, -0.45520261303932885, 0.6696435182420214, False
3.0904214769568075, 3.3944762462295177, 0.9581337365165554, 0.21827748294181015, -0.45520261303932885, 0.6696435182420214, False
-1.0196993614707486, -5.475757466857681, 0.28822050734800353, 0.21827748294181015, -0.45520261303932885, 0.6696435182420214, True
-6.02610093719411, -6.091085216475981, -2.5743361880685747, 0.21827748294181015, -0.45520261303932885, 0.6696435182420214, True
-5.700901946034863, 4.018131491735518, -2.1503299853570645, 0.21827748294181015, -0.45520261303932885, 0.6696435182420214, False
-2.1049647265948543, 1.9661629210153695, -0.8428215848873344, 0.21827748294181015, -0.45520261303932885, 0.6696435182420214, True
-1.013610798772107, 0.06237852213375916, 2.768102214238197, 0.21827748294181015, -0.45520261303932885, 0.6696435182420214, True
6.154051718421872, -5.7409151593245396, -0.44405321308019685, 0.21827748294181015, -0.45520261303932885, 0.6696435182420214, True
-0.11957419447415774, 4.392344756456026, 2.923184342420601, 0.21827748294181015, -0.45520261303932885, 0.6696435182420214, True
-0.4427262113062227, -1.2539531656078573, 2.296949903008298, 0.21827748294181015, -0.45520261303932885, 0.6696435182420214, False
-0.5395251348517718, 3.024645406138694, -2.3402012148895635, 0.21827748294181015, -0.45520261303932885, 0.6696435182420214, True
-3.270193094538333, 0.017424167409089364, -2.960099717374373, 0.21827748294181015, -0.45520261303932885, 0.6696435182420214, True
-4.504515963387228, -4.525062605545744, -2.8429453838604686, 0.21827748294181015, -0.45520261303932885, 0.6696435182420214, True
-2.922973916434779, 4.05612346626936, 2.6288276552738985, 0.21827748294181015, -0.45520261303932885, 0.6696435182420214, False
-0.1916732417702196, -2.976543865897302, 1.8943513347400636, 0.21827748294181015, -0.45520261303932885, 0.6696435182420214, False
-4.895727470411698, 5.4698148378703575, 1.2348033244332948, 0.21827748294181015, -0.45520261303932885, 0.6696435182420214, False
-3.7936112072381074, 0.042717314021727404, 1.9982140820077996, 0.21827748294181015, -0.45520261303932885, 0.6696435182420214, True
-3.57605941506598, 6.218622924420835, 0.6097416636068957, 0.21827748294181015, -0.45520261303932885, 0.6696435182420214, True
4.404194617063421, 4.475060544339144, -0.8508792449468086, 0.21827748294181015, -0.45520261303932885, 0.6696435182420214, False
-2.304197959098195, -2.134413358535867, -1.5088697503821036, 0.21827748294181015, -0.45520261303932885, 0.6696435182420214, False
2.3846310050393758, 2.7913932183424546, 1.047682893160987, 0.21827748294181015, -0.45520261303932885, 0.6696435182420214, True
3.9073046437403836, -6.109686341513955, -2.678883116845415, 0.21827748294181015, -0.45520261303932885, 0.6696435182420214, True
3.957983909263742, 2.493230296680016, 3.070977192599182, 0.21827748294181015, -0.45520261303932885, 0.6696435182420214, True
-1.939762967951939, -5.190059097134624, 0.9750180733329525, 0.21827748294181015, -0.45520261303932885, 0.6696435182420214, True
-3.677561180549837, 2.354730847189046, -0.45995687436590016, 0.21827748294181015, -0.45520261303932885, 0.6696435182420214, True
-3.788398509859703, 5.817485184176952, -2.3345312302686323, 0.21827748294181015, -0.45520261303932885, 0.6696435182420214, False
0.5940721387649637, -4.103867211652853, 0.6668548626896791, 0.21827748294181015, -0.45520261303932885, 0.6696435182420214, True
1.2115455259074874, -4.544663635782649, 0.35779693129456724, 0.21827748294181015, -0.45520261303932885, 0.6696435182420214, True
6.064416324309729, -4.6464257880262165, -2.459688020620043, 0.21827748294181015, -0.45520261303932885, 0.6696435182420214, True
2.5318290313801324, -5.641319613113987, -3.010788353368467, 0.21827748294181015, -0.45520261303932885, 0.6696435182420214, True
-4.004574268560457, 5.589873939216087, 0.6795128501845307, 0.21827748294181015, -0.45520261303932885, 0.6696435182420214, False
2.8481751825681165, 5.957909576043193, -1.1697104932497624, 0.21827748294181015, -0.45520261303932885, 0.6696435182420214, False
-5.522039435503984, 2.7491563223579227, -0.8878590173454395, 0.21827748294181015, -0.45520261303932885, 0.6696435182420214, True
1.9343720471583072, -1.6387924372247253, 2.7641809718011023, 0.21827748294181015, -0.45520261303932885, 0.6696435182420214, False
1.0496319482409486, 6.11398537340702, 2.7975717048846827, 0.21827748294181015, -0.45520261303932885, 0.6696435182420214, True
1.6597447252452042, -2.459494402039706, 1.6666100662718613, 0.21827748294181015, -0.45520261303932885, 0.6696435182420214, False
-4.503188903594323, 3.153693700802034, -2.988673421294059, 0.21827748294181015, -0.45520261303932885, 0.6696435182420214, True
-1.9910993848771046, 5.93917607968975, 2.1373829689456425, 0.21827748294181015, -0.45520261303932885, 0.6696435182420214, True
-1.8733362650768655, -1.0426788866419523, 1.4774294757756934, 0.21827748294181015, -0.45520261303932885, 0.6696435182420214, False
0.19959637489638915, 3.2685641465084228, -1.5929883572544945, 0.21827748294181015, -0.45520261303932885, 0.6696435182420214, True
-2.3917242734678394, 2.227200498046667, -1.0483517574614938, 0.21827748294181015, -0.45520261303932885, 0.6696435182420214, True
5.894064920014827, -3.892480350440818, -2.5932087062538356, 0.21827748294181015, -0.45520261303932885, 0.6696435182420214, True
6.069769318840748, 1.076325433496777, 2.2746233541648246, 0.21827748294181015, -0.45520261303932885, 0.6696435182420214, True
-1.792680292639277, 5.230572143401018, -3.0351294954245946, 0.21827748294181015, -0.45520261303932885, 0.6696435182420214, True
-5.58074042827677, -3.268114937227044, -1.0006630510865566, 0.21827748294181015, -0.45520261303932885, 0.6696435182420214, True
-5.14504848300501, -2.290991965060887, -1.957300357384896, 0.21827748294181015, -0.45520261303932885, 0.6696435182420214, False
5.228895234528119, 2.442889564219554, -0.7960234117931302, 0.21827748294181015, -0.45520261303932885, 0.6696435182420214, True
-1.575585588157388, 1.7797670150524851, -1.5968355612833318, 0.21827748294181015, -0.45520261303932885, 0.6696435182420214, True
0.4830958483808514, 1.5530014068455964, -3.0218632087435413, 0.21827748294181015, -0.45520261303932885, 0.6696435182420214, True
-4.880511338982132, -5.663650592281834, 1.673465273166081, 0.21827748294181015, -0.45520261303932885, 0.6696435182420214, True
-5.732883014564076, 4.463043240674782, 2.789538878101908, 0.21827748294181015, -0.45520261303932885, 0.6696435182420214, False
6.145205792353101, -1.4743280671706396, 1.7935291596044003, 0.21827748294181015, -0.45520261303932885, 0.6696435182420214, False
3.539840253504586, 0.17252614443561587, 0.972676750799411, 0.21827748294181015, -0.45520261303932885, 0.6696435182420214, True
-2.2602476053799174, -4.018254750378166, -2.8399097531115176, 0.21827748294181015, -0.45520261303932885, 0.6696435182420214, True
5.110420097366781, -3.493408692820346, -2.702560796172089, 0.21827748294181015, -0.45520261303932885, 0.6696435182420214, True
5.401024292585872, -5.605024693885574, -0.5015602802418706, 0.21827748294181015, -0.45520261303932885, 0.6696435182420214, True
3.400852608080511, -3.654102446788226, 3.1225161014316676, 0.21827748294181015, -0.45520261303932885, 0.6696435182420214, True
3.9347592185015294, 1.2317868308385584, -0.1945701261477386, 0.21827748294181015, -0.45520261303932885, 0.6696435182420214, True
5.148018092807106, -0.019833490341542692, -1.8819894233948689, 0.21827748294181015, -0.45520261303932885, 0.6696435182420214, False
-4.6711684891206104, -0.9642831221890429, 2.211254522797348, 0.21827748294181015, -0.45520261303932885, 0.6696435182420214, False
0.160333905386012, 3.3980703092578235, 2.761412247913383, 0.21827748294181015, -0.45520261303932885, 0.6696435182420214, False
-2.7273273546556873, 1.527354679505308, 2.0318929744954763, 0.21827748294181015, -0.45520261303932885, 0.6696435182420214, True
-4.7293107864024835, -3.2193086544024867, 1.9455075102353687, 0.21827748294181015, -0.45520261303932885, 0.6696435182420214, False
-4.994714114302179, 3.425170895779127, -0.5514501815968291, 0.21827748294181015, -0.45520261303932885, 0.6696435182420214, False
-4.9906612447725704, 0.05900000968336361, 2.9562350902775343, 0.21827748294181015, -0.45520261303932885, 0.6696435182420214, True
5.227400773240598, -3.7525529675454203, -0.8114503888310507, 0.21827748294181015, -0.45520261303932885, 0.6696435182420214, True
1.538414928208665, -5.58405100771653, -0.07289723765464418, 0.21827748294181015, -0.45520261303932885, 0.6696435182420214, True
4.1231313462484795, -3.1133160381793323, 1.1419338877546492, 0.21827748294181015, -0.45520261303932885, 0.6696435182420214, False
5.8322496506420585, -0.5932552608704471, -2.2465675981235855, 0.21827748294181015, -0.45520261303932885, 0.6696435182420214, False
-3.4986282962246302, -3.6588615530818474, -2.826128769283132, 0.21827748294181015, -0.45520261303932885, 0.6696435182420214, True
-2.347425308377441, 2.2711174972830452, 2.0555585879138185, 0.21827748294181015, -0.45520261303932885, 0.6696435182420214, True
2.2403684115551794, 5.1355520719559795, -0.7687919651248696, 0.21827748294181015, -0.45520261303932885, 0.6696435182420214, False
-2.2595535997206158, 4.241451253824147, -0.4553585088152343, 0.21827748294181015, -0.45520261303932885, 0.6696435182420214, False
5.247450206156735, 5.399500862796607, -2.157989522911091, 0.21827748294181015, -0.45520261303932885, 0.6696435182420214, False
2.388245948701714, 4.643930203067301, -1.6050796793287923, 0.21827748294181015, -0.45520261303932885, 0.6696435182420214, False
-5.612512499541582, 5.669577874354058, 0.5911113633713256, 0.21827748294181015, -0.45520261303932885, 0.6696435182420214, False
1.861569585817211, 0.6819496966424525, 1.1484780762853326, 0.21827748294181015, -0.45520261303932885, 0.6696435182420214, True
-6.123133277187798, 2.963152043490746, 1.5296370427592443, 0.21827748294181015, -0.45520261303932885, 0.6696435182420214, True
1.225959655997813, 4.718409741663001, 0.19353976517326865, 0.21827748294181015, -0.45520261303932885, 0.6696435182420214, False
-0.1534064534490973, 4.226471211824482, -1.9650092996841793, 0.21827748294181015, -0.45520261303932885, 0.6696435182420214, False
-0.5008341489421833, -1.821407731646298, -2.7803689009024173, 0.21827748294181015, -0.45520261303932885, 0.6696435182420214, False
5.033288543740534, 0.6057189477387421, -2.449964717990455, 0.21827748294181015, -0.45520261303932885, 0.6696435182420214, True
-0.7053880642062538, 4.994556127122509, 0.6717140611809262, 0.21827748294181015, -0.45520261303932885, 0.6696435182420214, False
5.0597677350356545, 0.07966452353773779, 1.7658669560834763, 0.21827748294181015, -0.45520261303932885, 0.6696435182420214, True
-6.095477969247519, -6.217997650668721, 0.3624972785434606, 0.21827748294181015, -0.45520261303932885, 0.6696435182420214, True
-3.4099562892858617, -2.5940473175713334, -0.965733991901145, 0.21827748294181015, -0.45520261303932885, 0.6696435182420214, False
-1.0125339914772669, 1.4665406757016335, -0.9681044912131243, 0.21827748294181015, -0.45520261303932885, 0.6696435182420214, True
1.0632450121588146, 5.723310926084471, -2.4582012340081674, 0.21827748294181015, -0.45520261303932885, 0.6696435182420214, False
4.256334574961624, -0.05285673370277699, 2.7659934962763693, 0.21827748294181015, -0.45520261303932885, 0.6696435182420214, True
1.6452287490137625, -1.0227875424607253, 0.06907753728042731, 0.21827748294181015, -0.45520261303932885, 0.6696435182420214, False
0.9845608680261533, 2.8203321223711733, -0.8769222110996062, 0.21827748294181015, -0.45520261303932885, 0.6696435182420214, True
4.503319192557443, 1.5484660004497517, -3.0498705131069066, 0.21827748294181015, -0.45520261303932885, 0.6696435182420214, True
0.8977088473142913, 2.8002235973810503, 0.6672237789782645, 0.21827748294181015, -0.45520261303932885, 0.6696435182420214, True
-3.73327219466061, 1.2535524113553915, -0.8461405955598136, 0.21827748294181015, -0.45520261303932885, 0.6696435182420214, True
4.618983650542944, 0.027382887208411866, -1.5294536306222923, 0.21827748294181015, -0.45520261303932885, 0.6696435182420214, False
-2.5540872526096545, -5.071834019003163, -2.4736949723252537, 0.21827748294181015, -0.45520261303932885, 0.6696435182420214, True
-4.427662583704802, -6.138532456988385, 1.210381252321823, 0.21827748294181015, -0.45520261303932885, 0.6696435182420214, True
2.0126775332497484, 4.761234801962358, 2.1860039002455594, 0.21827748294181015, -0.45520261303932885, 0.6696435182420214, False
-4.449355110526128, -0.053763260300810245, 2.4253737349388302, 0.21827748294181015, -0.45520261303932885, 0.6696435182420214, True
1.9122129441653186, 4.732688137368099, 0.817352413766578, 0.21827748294181015, -0.45520261303932885, 0.6696435182420214, False
-3.4710024890928617, 5.604462586956572, -1.341904749023377, 0.21827748294181015, -0.45520261303932885, 0.6696435182420214, False
-4.560582011944118, -3.7326067893633272, 0.1581625680073402, 0.21827748294181015, -0.45520261303932885, 0.6696435182420214, True
2.228636893913702, -1.7243061197937468, -1.7467915275400239, 0.21827748294181015, -0.45520261303932885, 0.6696435182420214, False
-5.228726651708551, -3.651545555324481, 0.9270340186398354, 0.21827748294181015, -0.45520261303932885, 0.6696435182420214, True
-3.132599627052775, 5.006386938369969, 0.18038925314543341, 0.21827748294181015, -0.45520261303932885, 0.6696435182420214, False
3.5918378127191204, 0.5865597109942193, -1.5181040083011321, 0.21827748294181015, -0.45520261303932885, 0.6696435182420214, True
-0.6984000851453995, -3.797786295373379, -1.9781271248276415, 0.21827748294181015, -0.45520261303932885, 0.6696435182420214, True
-5.154471822730516, -2.7138390181184904, 1.0401448391158148, 0.21827748294181015, -0.45520261303932885, 0.6696435182420214, False
-2.7478928746622566, -1.7467231612265026, -0.1441822145858005, 0.21827748294181015, -0.45520261303932885, 0.6696435182420214, False
-1.163286710951338, 5.874992351363641, 1.0880134532249297, 0.21827748294181015, -0.45520261303932885, 0.6696435182420214, True
3.07609359373609, 4.955807696527598, 1.1066957598893197, 0.21827748294181015, -0.45520261303932885, 0.6696435182420214, False
4.21925513200663, -1.519240275850808, 2.3644835830414417, 0.21827748294181015, -0.45520261303932885, 0.6696435182420214, False
4.379213803187849, -4.983364246654364, -0.3631388308935968, 0.21827748294181015, -0.45520261303932885, 0.6696435182420214, True
4.956923301380378, 3.2206861174045027, -1.430878949069485, 0.21827748294181015, -0.45520261303932885, 0.6696435182420214, True
-2.446222296568544, 2.9059175048872277, -2.4128521921265516, 0.21827748294181015, -0.45520261303932885, 0.6696435182420214, True
-2.9839452367733883, 0.9809054310906822, -3.0933439908051743, 0.21827748294181015, -0.45520261303932885, 0.6696435182420214, True
-2.4313138078758714, 0.4675763059510789, -0.6696759972338513, 0.21827748294181015, -0.45520261303932885, 0.6696435182420214, True
-2.0521807749820447, 4.557164557307113, 2.676614247937061, 0.21827748294181015, -0.45520261303932885, 0.6696435182420214, False
-4.1514135177142375, 4.289072966872386, 2.7627370176448203, 0.21827748294181015, -0.45520261303932885, 0.6696435182420214, False
4.371268278396137, -5.084199653269923, 0.8674265293396388, 0.21827748294181015, -0.45520261303932885, 0.6696435182420214, True
4.689089422423589, -5.981414171031607, -0.16603415792684917, 0.21827748294181015, -0.45520261303932885, 0.6696435182420214, True
-0.6005091112275087, 1.1942929666508055, -2.6149332755784256, 0.21827748294181015, -0.45520261303932885, 0.6696435182420214, True
3.4108183734406, 4.07526878694512, -1.8052935600148727, 0.21827748294181015, -0.45520261303932885, 0.6696435182420214, False
3.2286455825666884, -2.4566145064964764, -2.127832218432824, 0.21827748294181015, -0.45520261303932885, 0.6696435182420214, True
-3.799971699288733, -3.5786208396698433, 2.0178404422133234, 0.21827748294181015, -0.45520261303932885, 0.6696435182420214, True
0.22288502249060738, -3.59759864478695, -1.5147429670906263, 0.21827748294181015, -0.45520261303932885, 0.6696435182420214, True
-3.3870425721181276, 5.577818387338047, 2.8918627262068144, 0.21827748294181015, -0.45520261303932885, 0.6696435182420214, True
1.9692628463774504, 6.069887512019074, -1.475755729931652, 0.21827748294181015, -0.45520261303932885, 0.6696435182420214, False
1.1791894356120949, -3.3612584208745573, 1.9579961021574332, 0.21827748294181015, -0.45520261303932885, 0.6696435182420214, True
2.640792499157337, 1.7292388222815234, -0.5819309376086377, 0.21827748294181015, -0.45520261303932885, 0.6696435182420214, True
4.63735596522878, 3.2406188471547193, 0.984605408094958, 0.21827748294181015, -0.45520261303932885, 0.6696435182420214, False
5.697410082757726, 2.5595079538938172, -2.2701525911965947, 0.21827748294181015, -0.45520261303932885, 0.6696435182420214, True
5.526061853717646, 1.3282535226406003, 2.5229671237736566, 0.21827748294181015, -0.45520261303932885, 0.6696435182420214, True
-2.066131822507674, 2.6009690203672307, 3.1413529730787344, 0.21827748294181015, -0.45520261303932885, 0.6696435182420214, True
4.1335378118467965, 2.597605348675364, -2.7552575597808477, 0.21827748294181015, -0.45520261303932885, 0.6696435182420214, True
1.8668379973597933, -3.118776514292367, 0.011137499642162041, 0.21827748294181015, -0.45520261303932885, 0.6696435182420214, False
6.164641744213068, 6.125290030435281, -2.0301698382153397, 0.21827748294181015, -0.45520261303932885, 0.6696435182420214, False
0.15800729983471928, -4.3374095626639395, -0.5392919612469713, 0.21827748294181015, -0.45520261303932885, 0.6696435182420214, True
2.623993043793588, 1.0558570547399722, 1.869844600431474, 0.21827748294181015, -0.45520261303932885, 0.6696435182420214, True
-6.2152631038489545, 1.2080563119265015, 2.637114721508304, 0.21827748294181015, -0.45520261303932885, 0.6696435182420214, True
-2.0586819924821134, -4.786147423084241, 1.9093140885223345, 0.21827748294181015, -0.45520261303932885, 0.6696435182420214, True
-4.769334305877799, 3.7765024826753475, -2.4211585016513077, 0.21827748294181015, -0.45520261303932885, 0.6696435182420214, True
-0.022286440759805792, -1.443574041969474, 2.1744132898648836, 0.21827748294181015, -0.45520261303932885, 0.6696435182420214, False
-2.1036302009888894, -3.895372761151044, -0.6003906921840869, 0.21827748294181015, -0.45520261303932885, 0.6696435182420214, True
-0.9130521809686023, -2.77019267629265, 0.4522244779137674, 0.21827748294181015, -0.45520261303932885, 0.6696435182420214, False
-4.879980509826033, 5.602316377333469, 2.9929676362759885, 0.21827748294181015, -0.45520261303932885, 0.6696435182420214, True
4.993435943251473, -1.3776261295121852, -2.882626775287243, 0.21827748294181015, -0.45520261303932885, 0.6696435182420214, True
-5.6880554832777355, 3.1315339167924687, -2.2568305064974945, 0.21827748294181015, -0.45520261303932885, 0.6696435182420214, True
-5.731499989358132, 4.704080014902237, -1.939357363872279, 0.21827748294181015, -0.45520261303932885, 0.6696435182420214, False
-3.5327128425773893, 3.366686023931564, 1.8254704705965628, 0.21827748294181015, -0.45520261303932885, 0.6696435182420214, False
-1.7226784420141223, 2.934533286581358, -2.5790047596378276, 0.21827748294181015, -0.45520261303932885, 0.6696435182420214, True
-0.6265980135468476, 2.7712720093625656, -0.6781016282458139, 0.21827748294181015, -0.45520261303932885, 0.6696435182420214, True
-3.840179319228627, 3.7897133843742328, -1.75183680896604, 0.21827748294181015, -0.45520261303932885, 0.6696435182420214, True
5.889634164927767, 3.369928575988361, 2.979766272715601, 0.21827748294181015, -0.45520261303932885, 0.6696435182420214, True
-3.4162133686360248, -5.817268202669374, 0.5151936857525761, 0.21827748294181015, -0.45520261303932885, 0.6696435182420214, True
-6.054840342231605, -3.913349984465487, -2.30388922947229, 0.21827748294181015, -0.45520261303932885, 0.6696435182420214, True
0.36047369991478906, 2.9164006351773875, 0.7065189657317816, 0.21827748294181015, -0.45520261303932885, 0.6696435182420214, True
-6.2779218514559565, -4.062285479854885, 1.2444505453177133, 0.21827748294181015, -0.45520261303932885, 0.6696435182420214, True
2.958460780202552, -4.04497458325964, -2.0066294445669666, 0.21827748294181015, -0.45520261303932885, 0.6696435182420214, True
2.5054012387828983, -6.129768111270814, -2.467606107777232, 0.21827748294181015, -0.45520261303932885, 0.6696435182420214, True
1.7976992207878588, 2.239467062017731, 1.9756982838995354, 0.21827748294181015, -0.45520261303932885, 0.6696435182420214, True
2.627324895342614, -6.249022869815818, -1.545617454947948, 0.21827748294181015, -0.45520261303932885, 0.6696435182420214, False
3.7858340529040984, -3.651349395947989, -0.35482203689655867, 0.21827748294181015, -0.45520261303932885, 0.6696435182420214, True
3.182202855503645, -5.161250148981749, 1.0600491053926433, 0.21827748294181015, -0.45520261303932885, 0.6696435182420214, True
-4.756088096053829, -2.3345469892942874, -2.43551626793975, 0.21827748294181015, -0.45520261303932885, 0.6696435182420214, True
-1.272170406611056, 2.442691893898278, 2.80078695597411, 0.21827748294181015, -0.45520261303932885, 0.6696435182420214, True
-5.592151703485191, 0.02955058971860325, 0.1574433375133979, 0.21827748294181015, -0.45520261303932885, 0.6696435182420214, True
4.015674355278879, -1.019327019687302, -1.8451776828787005, 0.21827748294181015, -0.45520261303932885, 0.6696435182420214, False
-5.539343102796992, 2.6387759891813456, -0.3492604976409406, 0.21827748294181015, -0.45520261303932885, 0.6696435182420214, True
-0.4191015227178472, 1.2654314620248668, 1.5443993905916775, 0.21827748294181015, -0.45520261303932885, 0.6696435182420214, True
-2.876935715456372, 0.20502372468484698, 2.5071130156695576, 0.21827748294181015, -0.45520261303932885, 0.6696435182420214, True
-1.4654390766119034, -5.369939611830461, -1.7191179303670836, 0.21827748294181015, -0.45520261303932885, 0.6696435182420214, True
2.8516968528382733, -5.198482771868294, -2.0891347046350948, 0.21827748294181015, -0.45520261303932885, 0.6696435182420214, True
0.6857446256569357, -3.6918919833476664, 2.172261784332079, 0.21827748294181015, -0.45520261303932885, 0.6696435182420214, True
0.7510520309087889, 3.838539720042963, 1.248721531364196, 0.21827748294181015, -0.45520261303932885, 0.6696435182420214, False
-3.1031405681557693, -5.393241799861716, 1.125657145438825, 0.21827748294181015, -0.45520261303932885, 0.6696435182420214, True
-4.582953408426372, -0.8628957581843713, 1.4324110483284702, 0.21827748294181015, -0.45520261303932885, 0.6696435182420214, False
-2.375180743943789, 2.3272820220198778, 0.5848409313270442, 0.21827748294181015, -0.45520261303932885, 0.6696435182420214, True
0.9564887013654255, -2.259635046502238, 2.427397758006964, 0.21827748294181015, -0.45520261303932885, 0.6696435182420214, False
3.45166115308934, 5.884099369034338, -1.5615941728541873, 0.21827748294181015, -0.45520261303932885, 0.6696435182420214, False
5.536543221843681, -1.018867466962992, -0.04216508430493526, 0.21827748294181015, -0.45520261303932885, 0.6696435182420214, False
0.6587979388871386, -6.281777892058034, -0.7970750384800409, 0.21827748294181015, -0.45520261303932885, 0.6696435182420214, False
-2.279996855700257, -4.798047240305878, -2.3088091489665334, 0.21827748294181015, -0.45520261303932885, 0.6696435182420214, True
0.7574919763735695, -0.21889847066439128, -2.3427188189773447, 0.21827748294181015, -0.45520261303932885, 0.6696435182420214, False
6.18942431495997, 3.2407706716040696, 1.6393964366672744, 0.21827748294181015, -0.45520261303932885, 0.6696435182420214, False
5.803802518487096, -0.4102251415410816, -2.1178625253589844, 0.21827748294181015, -0.45520261303932885, 0.6696435182420214, False
3.1614529067450903, 4.9533075611481845, -0.7153197346608806, 0.21827748294181015, -0.45520261303932885, 0.6696435182420214, False
-0.5218656874151906, 4.185293801757545, 1.1986755779657132, 0.21827748294181015, -0.45520261303932885, 0.6696435182420214, False
2.9702448594499646, 6.282863149302614, 3.1364079075536013, 0.21827748294181015, -0.45520261303932885, 0.6696435182420214, True
0.4106938017022763, 1.1455792330487107, 0.17553053627319448, 0.21827748294181015, -0.45520261303932885, 0.6696435182420214, True
1.9433180191228434, -5.954005237952649, -0.15560836725703187, 0.21827748294181015, -0.45520261303932885, 0.6696435182420214, True
4.336675257243353, -2.980147164913898, 0.42304269223116187, 0.21827748294181015, -0.45520261303932885, 0.6696435182420214, False
-5.170086688122987, 4.158910399693207, -3.0631260414959303, 0.21827748294181015, -0.45520261303932885, 0.6696435182420214, True
3.2204315077518064, 5.771529901456384, -0.7348254217199646, 0.21827748294181015, -0.45520261303932885, 0.6696435182420214, False
