0.6672332928297937, 3.841562086355708, 0.8415473735246377, 0.20550793253046484, -0.4793680035923241, -0.7238420371558771, False
4.300667493941846, -2.2384629623207806, 0.5681223426716113, 0.20550793253046484, -0.4793680035923241, -0.7238420371558771, False
0.6948471138223038, 3.7254174582242108, -1.080127913088416, 0.20550793253046484, -0.4793680035923241, -0.7238420371558771, False
0.16957041212892587, 5.401573230390298, 2.5273513489015693, 0.20550793253046484, -0.4793680035923241, -0.7238420371558771, False
-2.759404389493022, -0.2187250524647224, 1.2809846466748915, 0.20550793253046484, -0.4793680035923241, -0.7238420371558771, False
-0.00991012059041374, -1.497506753345327, -1.3993324055695866, 0.20550793253046484, -0.4793680035923241, -0.7238420371558771, False
1.60122320465224, -2.936346188253918, -0.3842515216345914, 0.20550793253046484, -0.4793680035923241, -0.7238420371558771, False
-5.086788260383535, -3.066657605857053, 2.914616528338887, 0.20550793253046484, -0.4793680035923241, -0.7238420371558771, True
-0.3122963957478726, -2.0028830890257474, -3.1327922567578295, 0.20550793253046484, -0.4793680035923241, -0.7238420371558771, True
4.021107141957614, -0.3311150578501705, 1.5607445006686245, 0.20550793253046484, -0.4793680035923241, -0.7238420371558771, False
-3.77790396399798, 4.081262097058836, -2.7326451957964184, 0.20550793253046484, -0.4793680035923241, -0.7238420371558771, False
-2.0896052376838785, 0.5053101215426379, 0.20826831326898265, 0.20550793253046484, -0.4793680035923241, -0.7238420371558771, False
-0.9991192132093607, 2.7596630380046765, 2.444683047807062, 0.20550793253046484, -0.4793680035923241, -0.7238420371558771, False
3.9950624264321544, 1.477892008566359, -0.8340059843562031, 0.20550793253046484, -0.4793680035923241, -0.7238420371558771, False
-2.3671608357406733, 0.9296230978227786, 1.124207591703243, 0.20550793253046484, -0.4793680035923241, -0.7238420371558771, False
3.083570349135412, 0.20236944080464525, 1.166922379391301, 0.20550793253046484, -0.4793680035923241, -0.7238420371558771, False
-5.507408004466372, -1.2067073339715986, -2.238871482712232, 0.20550793253046484, -0.4793680035923241, -0.7238420371558771, False
-3.8867573926262646, 6.243717923565841, -2.5207922541033745, 0.20550793253046484, -0.4793680035923241, -0.7238420371558771, False
-0.9725157735382961, 4.065990720982375, -2.5372657050658374, 0.20550793253046484, -0.4793680035923241, -0.7238420371558771, False
-3.342762599210627, -3.320041801905957, 0.7558474226360956, 0.20550793253046484, -0.4793680035923241, -0.7238420371558771, False
4.335861809238905, -0.057551469006626554, 0.22343481520778896, 0.20550793253046484, -0.4793680035923241, -0.7238420371558771, False
3.813254613803993, 0.7129040329624043, -0.4803471089931137, 0.20550793253046484, -0.4793680035923241, -0.7238420371558771, False
-4.936402125390041, 1.145213397775036, 1.9594250466200922, 0.20550793253046484, -0.4793680035923241, -0.7238420371558771, False
-2.89377112470022, 4.682027453365231, 0.8454332883757938, 0.20550793253046484, -0.4793680035923241, -0.7238420371558771, False
3.456823482162573, -0.23383061315425469, 1.5117446379940596, 0.20550793253046484, -0.4793680035923241, -0.7238420371558771, False
2.049028930845669, -5.247410271600749, 3.0788334745556973, 0.20550793253046484, -0.4793680035923241, -0.7238420371558771, True
2.277096146258124, -3.0589648575304507, -0.9689567329494815, 0.20550793253046484, -0.4793680035923241, -0.7238420371558771, False
-3.562293215254064, 0.812020058877807, 0.9269319439388424, 0.20550793253046484, -0.4793680035923241, -0.7238420371558771, False
-0.08341488822477316, -1.419637246397647, -2.5266469461920846, 0.20550793253046484, -0.4793680035923241, -0.7238420371558771, False
2.6233609026491074, 4.821538871458712, 0.1779004091711469, 0.20550793253046484, -0.4793680035923241, -0.7238420371558771, False
5.10473461352559, -5.326109689843588, -0.7757219713436116, 0.20550793253046484, -0.4793680035923241, -0.7238420371558771, False
-5.654421695538447, -4.753693643226923, -2.4741340660441695, 0.20550793253046484, -0.4793680035923241, -0.7238420371558771, False
-5.8304537085529455, 3.1716606096566373, 1.067883986454988, 0.20550793253046484, -0.4793680035923241, -0.7238420371558771, False
3.2896062753131723, -2.395205691999688, -2.7426970326335405, 0.20550793253046484, -0.4793680035923241, -0.7238420371558771, False
5.124950750376421, 1.363638321878149, -0.8630615031655058, 0.20550793253046484, -0.4793680035923241, -0.7238420371558771, False
-1.4230257452037103, 0.9012500594779009, 2.835423232813733, 0.20550793253046484, -0.4793680035923241, -0.7238420371558771, False
1.0112056140369514, -4.867114114486696, -1.5473086902049877, 0.20550793253046484, -0.4793680035923241, -0.7238420371558771, False
4.451215093647383, -0.8146554463156379, 0.2852777050436548, 0.20550793253046484, -0.4793680035923241, -0.7238420371558771, False
-5.076729373137751, -3.601341070654947, 0.18011517528230714, 0.20550793253046484, -0.4793680035923241, -0.7238420371558771, False
-5.286601365489502, 3.370853469407386, 1.6465781361081255, 0.20550793253046484, -0.4793680035923241, -0.7238420371558771, False
-0.025327280649755757, -1.4088169580378338, -1.9486357701437869, 0.20550793253046484, -0.4793680035923241, -0.7238420371558771, False
-2.755704929180782, -4.697676216119659, 1.6690396353118802, 0.20550793253046484, -0.4793680035923241, -0.7238420371558771, False
-4.46033494700597, 0.4910113128167328, 2.3157032456441744, 0.20550793253046484, -0.4793680035923241, -0.7238420371558771, False
-0.15919781673294775, 1.4697807867430308, -2.8843148754282266, 0.20550793253046484, -0.4793680035923241, -0.7238420371558771, True
4.901091736242412, -4.920355442370728, 2.274100315287428, 0.20550793253046484, -0.4793680035923241, -0.7238420371558771, False
1.1345482723700648, 2.6279766824616395, 2.833425515694551, 0.20550793253046484, -0.4793680035923241, -0.7238420371558771, False
3.7209424808776816, 4.914094634908453, 1.330220970670581, 0.20550793253046484, -0.4793680035923241, -0.7238420371558771, False
-2.7502267121389643, 5.535284565245487, -0.6440295162114222, 0.20550793253046484, -0.4793680035923241, -0.7238420371558771, False
-0.1099579202529819, -6.225882080043297, -1.4359953100343794, 0.20550793253046484, -0.4793680035923241, -0.7238420371558771, False
4.8683776070516345, 4.533600679121175, 1.425576826958027, 0.20550793253046484, -0.4793680035923241, -0.7238420371558771, False
5.15043650158486, -1.3924979434163927, 1.593880609353839, 0.20550793253046484, -0.4793680035923241, -0.7238420371558771, False
-1.5734662293102968, -3.292473075411642, 1.828003977975901, 0.20550793253046484, -0.4793680035923241, -0.7238420371558771, False
-5.189777655678842, -5.751316162516424, -0.5587869009991713, 0.20550793253046484, -0.4793680035923241, -0.7238420371558771, False
4.1662401275862955, -5.217096326965206, -2.3065177070919374, 0.20550793253046484, -0.4793680035923241, -0.7238420371558771, False
1.3301942900291372, 4.360289531783634, 1.1556712816665495, 0.20550793253046484, -0.4793680035923241, -0.7238420371558771, False
1.9386950974081003, -2.6761725979991184, 2.6295302853753073, 0.20550793253046484, -0.4793680035923241, -0.7238420371558771, False
3.960348011363754, -0.13498984804884984, -1.9573417188235576, 0.20550793253046484, -0.4793680035923241, -0.7238420371558771, False
2.6317198805096176, -2.7344651130883504, -1.5077703931326394, 0.20550793253046484, -0.4793680035923241, -0.7238420371558771, False
-1.4014961704166602, 0.4846724932110513, 1.8985223693073205, 0.20550793253046484, -0.4793680035923241, -0.7238420371558771, False
-0.10469050528466006, 5.235720615321014, 0.19061639889946358, 0.20550793253046484, -0.4793680035923241, -0.7238420371558771, False
-4.674654842009155, 5.899010142323672, 0.6935328213716296, 0.20550793253046484, -0.4793680035923241, -0.7238420371558771, False
3.778154555667385, -3.3922667943757125, 0.374730681819722, 0.20550793253046484, -0.4793680035923241, -0.7238420371558771, False
-2.5117745851350053, -2.7836366250077993, 2.3594500127350626, 0.20550793253046484, -0.4793680035923241, -0.7238420371558771, False
3.2985103911587217, -0.7031724249032507, -0.46668603296885625, 0.20550793253046484, -0.4793680035923241, -0.7238420371558771, False
1.8611143769368486, 1.6959892231699767, 2.364279820681916, 0.20550793253046484, -0.4793680035923241, -0.7238420371558771, False
-1.004591623651871, 1.815751091495219, 1.6954906172899733, 0.20550793253046484, -0.4793680035923241, -0.7238420371558771, False
-4.872375519652323, -6.032078596611219, -1.5145087569704918, 0.20550793253046484, -0.4793680035923241, -0.7238420371558771, False
-2.88911908218017, -2.418471874099279, -2.2264476405573266, 0.20550793253046484, -0.4793680035923241, -0.7238420371558771, False
-0.769019055567858, 5.376373286240716, -1.04782010388575, 0.20550793253046484, -0.4793680035923241, -0.7238420371558771, False
6.039584290896393, 2.9786137235125008, -2.7578737605648644, 0.20550793253046484, -0.4793680035923241, -0.7238420371558771, False
5.363097557476586, -1.2474361707460382, 0.786056551733548, 0.20550793253046484, -0.4793680035923241, -0.7238420371558771, False
-5.818192006134979, -0.1473940585016651, -1.639984337321443, 0.20550793253046484, -0.4793680035923241, -0.7238420371558771, False
-0.44914468164861976, 2.500289631636436, -0.5891044759498496, 0.20550793253046484, -0.4793680035923241, -0.7238420371558771, False
-1.0444899880220149, -5.999507935158171, 0.5648651886522038, 0.20550793253046484, -0.4793680035923241, -0.7238420371558771, False
-1.7161546106619703, -4.3534491777818936, -2.081460013914327, 0.20550793253046484, -0.4793680035923241, -0.7238420371558771, False
-1.1360064051278016, 5.110121638522989, -2.99687176326198, 0.20550793253046484, -0.4793680035923241, -0.7238420371558771, True
-1.1462203389681935, 4.78696397442911, 0.34437519981087394, 0.20550793253046484, -0.4793680035923241, -0.7238420371558771, False
4.162656708950333, -3.2849735842188434, 0.3733393306758912, 0.20550793253046484, -0.4793680035923241, -0.7238420371558771, False
4.407392711022942, -5.476783066568627, -0.3806014575234111, 0.20550793253046484, -0.4793680035923241, -0.7238420371558771, False
4.129495407805242, -1.4804878149623155, -0.5822132637680975, 0.20550793253046484, -0.4793680035923241, -0.7238420371558771, False
-1.2226120311203328, -2.50570876284215, 0.7859888782630704, 0.20550793253046484, -0.4793680035923241, -0.7238420371558771, False
6.232935724641681, 2.9077904131395833, -0.5336359735678884, 0.20550793253046484, -0.4793680035923241, -0.7238420371558771, False
-5.407578683874621, 0.7734010577505712, -2.6417336579713613, 0.20550793253046484, -0.4793680035923241, -0.7238420371558771, False
5.724237161126876, 0.563068615945368, -1.938662502793646, 0.20550793253046484, -0.4793680035923241, -0.7238420371558771, False
4.681222754082615, -4.664866245509998, 2.842974055162836, 0.20550793253046484, -0.4793680035923241, -0.7238420371558771, False
-4.488969486365108, 3.4776732879533814, 1.3029884965940006, 0.20550793253046484, -0.4793680035923241, -0.7238420371558771, False
-5.119821149529902, 1.8095576629350187, -1.7448868992134763, 0.20550793253046484, -0.4793680035923241, -0.7238420371558771, False
4.813490826776322, 1.3025562886664206, -2.179156604051302, 0.20550793253046484, -0.4793680035923241, -0.7238420371558771, False
4.6403185863206, 5.9540439594057695, -1.432424470726631, 0.20550793253046484, -0.4793680035923241, -0.7238420371558771, False
-3.75929473793315, 3.3046632669167515, -2.200421569234629, 0.20550793253046484, -0.4793680035923241, -0.7238420371558771, False
1.2880918332947706, 1.9494971037088984, -0.5361372367699033, 0.20550793253046484, -0.4793680035923241, -0.7238420371558771, False
-4.11296934641275, 3.407875772212135, -1.2202679838429737, 0.20550793253046484, -0.4793680035923241, -0.7238420371558771, False
-2.2940864615980905, 0.554809844292393, 2.677059046087911, 0.20550793253046484, -0.4793680035923241, -0.7238420371558771, False
-3.8534331732369655, -3.3877421508320444, -1.3614907520768227, 0.20550793253046484, -0.4793680035923241, -0.7238420371558771, False
-3.7501866624405116, 0.6285243971625087, 2.7939958622686465, 0.20550793253046484, -0.4793680035923241, -0.7238420371558771, False
0.2673254809128025, -6.1292377184293185, 0.12046820071177766, 0.20550793253046484, -0.4793680035923241, -0.7238420371558771, False
-5.619424384706917, -4.127365510535919, -1.334464766877091, 0.20550793253046484, -0.4793680035923241, -0.7238420371558771, False
-0.4855885826030235, 4.756083032734651, -2.9229443687755228, 0.20550793253046484, -0.4793680035923241, -0.7238420371558771, True
-4.649648686981904, 1.0197431682100193, 1.888923270528636, 0.20550793253046484, -0.4793680035923241, -0.7238420371558771, False
-6.162713733381018, -5.383056459185765, 0.21390328173386397, 0.20550793253046484, -0.4793680035923241, -0.7238420371558771, False
