-4.291930228572294, 4.684414506642721, 0.8558479485907822, True
-1.9736305873297733, -4.666318435620207, -3.0437685261265592, True
2.7410859166351464, 4.255171988301445, -1.2988528271313575, False
-5.274559479189582, 5.313952171752296, 0.2194514965240617, True
-3.3632530910719365, 2.7330519005469256, 2.7162366257542914, False
-4.686563491710336, -2.626210591134497, -0.9831668851536839, True
4.041941589149269, 0.05781216515077592, 2.375191170406821, False
2.2973363998773504, -1.1523399532506984, -2.3520242889148135, True
0.855938771234591, -5.26240205904552, -1.9888537506292197, True
1.921009265440615, 4.330696913114968, 0.9866421064132487, True
-0.06014886796025731, 0.935262506219467, 2.1424939714862026, False
-1.1515663401973946, -0.7894352644777705, 1.8741610493806675, False
-2.0090579081126236, 1.6829379668234044, 2.4231415729031225, False
1.0938029273220389, -5.20498423648672, -2.563949093545811, True
-2.6485124063131558, -5.844154952470174, 0.5870851745624561, False
-2.6277710945340016, -6.246627872633349, 2.921022520607579, True
-4.665127586208892, -1.1482823128662867, -0.511595767173044, True
-6.025868790113166, -6.007296903347219, -2.708949585988272, False
3.6541842625115653, 0.4842718641356525, 1.450634472338228, False
1.3839884659997974, -5.854179987931554, 2.8988045004892644, True
4.644858570697419, -0.16570136403803382, -0.21561991897874044, False
5.688812269221147, -3.2022781770707054, 1.6870046950400717, False
1.199322003872422, 5.332561649015398, -1.9181388115359208, True
-4.654148388643663, -5.871606195181957, -2.2152587094039786, True
-2.0522963323843078, -5.147194763577242, -3.0747499706774746, True
-0.14962542862593864, -2.0914010809469694, 1.0890304806156346, True
-0.28096153439843885, -5.874722991323912, -1.7511008355404185, False
-5.910235975750499, -5.03221469883736, -1.6361298293347284, False
4.278762413430952, 2.283505461610515, 2.015779747430811, False
1.7581518111775658, -1.4827927438126896, -2.184361700396403, True
-4.916630586974691, -5.332371173601409, 0.9275096490342225, True
-4.73119037555396, -1.614580852352372, 2.8942486279053075, True
-5.036274193748697, 2.47833925352926, -0.7539746008913681, True
-5.328105525523583, 2.4805332440316405, 2.1296534822082425, True
-6.0400439669939825, 5.946381207921304, 0.0510913024888775, False
-0.49327592295117917, -6.164066512729695, 2.527619314180199, False
0.7738561948877587, -5.487979055560302, -1.1021603233877837, True
-2.3539273590538454, -5.810917477098264, 0.3800012605028602, False
-0.2689200326071779, -0.4444396142566891, 2.6180723169705464, False
-1.8254617575019916, 1.6381754031631806, 0.3476227037654964, False
-4.258470817197419, 4.105630617721387, 2.7928865161086245, True
5.919284488423159, 2.459565014288847, 0.8556660973910812, False
-1.9849023383670161, 3.7042071222684037, 2.145754645466031, False
5.938438795942956, 0.19797845168380324, -0.33972382612392327, False
2.4046180646378144, 1.2891742336949426, -0.16994496992075536, False
-2.0464771692628423, 4.159842290846925, 0.03260473436292255, False
1.4523467844886255, 4.797315466220944, -2.6299924653777578, True
0.4983084411114813, 3.764962370082797, 2.3006156333848606, True
0.14719288627532823, -5.32529236696139, -0.36402716154810566, False
1.9652972507122168, 3.824082408420743, -0.05369624177572252, True
3.7605274567945095, 5.24317999954536, 2.0825844856987166, False
5.901509416336554, -2.556858831459611, 1.2211200140725573, True
-0.6471644925668629, 6.0090847050178, 1.1696166581301881, False
-2.6025246988298987, -5.802356578863923, -2.928466799183819, True
-0.1509287094986762, 1.1412379745304255, -0.29995122122595896, False
-3.8514536910141506, -2.193867973621175, -2.9805227527470555, True
1.6074306882026743, 0.6587722419897091, 0.9736764051911022, True
3.437902431661163, 3.294404780615798, -1.9310349980061594, False
-4.121528338290092, 1.0638869607970642, -0.1410054605166322, True
-6.095443543499566, -3.1399146787116528, -2.726430857450239, True
3.2769580796134754, -5.934427684762361, -2.6785405291499944, True
-3.6718538410873793, 0.38094547782810384, 0.24174901796186665, False
-5.30814732154623, -0.18106741345800437, 0.6579031114813505, True
-5.74881934077717, -2.2473323109434586, 0.25890707046953443, True
5.54950027203089, 5.654512127549875, -0.5857422445367897, False
-1.6703978221551798, -2.8539248919465647, 0.17873050006402202, False
-0.16739625877176856, 0.536432750002195, -0.2944370907921079, False
5.3048293925459795, 3.8711312045127606, 0.47680306364734326, False
-4.256820099052115, -1.3588572290660785, 1.6409240799210751, True
0.14911252612653847, -0.9256778221451025, -1.4575701959222795, False
0.6424095805886392, 0.443199818711709, 1.6252356361844775, True
0.957170876335546, -3.5420799413414246, 2.762168493636043, True
2.8250368866238507, 0.15304612458771327, 0.727429217997472, False
1.4106740212373365, 4.1646203087611475, 2.961874225982549, True
1.363876295177496, 0.16274676818720302, -0.5399048221547034, True
-0.12326200065053339, -1.8915388447490464, 0.01593630317714112, True
-0.17752023727181676, -3.096311057895193, -2.915876250704358, True
-5.287009493298848, -1.6941892066139594, 2.1497298674432184, True
-1.9484391612800565, -4.931578376489709, 2.1591110307732624, False
-1.852251376871811, -1.5480631477843687, 0.2738213062303654, False
-2.1891631993060168, -2.707437217453202, 0.5517946688069051, False
-4.347917280568136, 5.580212808231284, 1.780417366865974, True
2.467837718192426, 4.460520173491192, -1.9633634824894697, False
-6.107089123250205, 1.8164725211810921, 2.381093401246721, False
1.2941588273268447, 5.814429651596697, 2.254933998560463, True
0.3713625129502036, -5.29611415086756, 0.07381892902799914, False
5.45940506961656, -5.378774362598398, -2.3972294646232877, False
-5.808580328809358, -5.282259902892125, -1.7396368503095487, True
-0.8922177402392899, -2.018763109375679, 2.3753749026338236, False
2.084269543449908, 5.713851543266276, 2.8824482370317135, True
4.916971899559513, -5.7733840639845875, -1.574374785211145, False
-4.558310482560186, -5.12502073945285, -0.9999900091798373, True
3.7031106385302035, -4.327356474451458, -2.666471925298694, False
5.917883894232949, -0.5189279578328989, 0.8529523435094828, False
4.8895557020753575, -5.240236929845093, 2.8386191660758113, False
3.392643212455063, 4.647018630609448, -1.0850883218287235, False
-4.13095052172277, -3.188673317451255, 1.1297426321740067, True
0.2908465246799059, -4.519727662430839, 1.9534983477449224, False
-4.601049196588831, 2.7760623805869216, 0.15033561400090178, True
-2.350676233653076, -4.76967301507459, -1.251345106619629, False
2.2858990717904604, -3.1021386174202403, 1.4450181031101748, True
-2.7549797129064117, 6.269227624946435, -1.5496644001292132, False
2.8441257317420785, -2.9201434332881835, 1.5356395792588335, False
2.4150674460113173, 4.5678080082448265, 2.131989024887579, True
3.291712761176985, 2.238032124120908, 0.05680397162872275, False
-2.6325410645497733, -5.150305126593484, 2.3525831649568065, False
1.9919317825213643, -2.0481661832998768, 2.5587089221650174, True
-5.753095133502594, 4.169804130059861, 1.078900844645954, True
-2.8923832037244463, -0.3590960954295488, 2.7475914855783516, False
-5.618877290024898, 1.4332101608184606, -1.8892923569317064, True
2.239097640588442, 2.5994915337489495, -2.7554375082162643, True
0.2865361931531778, -0.9107655923064959, -1.2707601196459049, True
1.9837254331208172, -1.3138040507934612, -1.2396791280182184, True
-3.0531248519100904, 1.9438331824368582, 0.12370646149152442, False
-5.53477662881118, -3.870232312146539, 0.5506402657691911, True
-1.4223057290103096, -2.522661101035292, -1.1785574523835725, False
4.878913057152165, 1.4014669981564056, 2.5198660955489522, False
-3.8377998468009316, 3.2682051987678147, -2.108811676209984, False
4.023336973038232, -2.4239527475437495, 1.4313864674834962, False
-0.24319628925193104, 4.460796048911488, 1.8173419298861635, True
6.046612355423154, -4.158608205516337, -1.9374158614764616, False
-1.7943796856041958, -0.11558467838479203, 0.25580151345241564, False
-2.254086120295951, 5.37210572486884, 0.2594333847019814, True
-1.554931598578996, 5.739600725217622, 0.6747579291438401, False
2.5830508457389847, 2.0105110256985874, 2.577822532981628, False
-3.8735973248957385, -1.9632295856002457, 2.7015714169521283, True
-1.8712361911712438, -5.978355840829755, 3.120596562518979, True
4.581352122579087, 4.812956462583797, 2.186010596415704, False
2.325773223541006, 1.482572407168238, -2.9532075547891354, True
1.6975861690749845, -1.955656448853551, -0.7565457583921269, True
4.951278930245326, 4.198968891503405, -1.7506222405988134, False
2.1553583703584884, 5.232527443846774, 2.9047910167002895, True
-5.64461787508359, -1.3452409625695143, -0.2924247122207495, True
0.09961287478530867, 2.065973513940696, 2.26501807047177, False
-5.443876186569857, -2.6135247053974267, 1.8400431153455576, True
1.7441683156169656, -0.34625394036275114, 2.2056821297234404, True
-3.9757070028845853, -5.585423102661643, -2.971173579431847, True
-6.208292973736154, -4.871076560576034, -0.6334998218250689, False
2.5268408471408392, 3.3373781524279558, -0.7994227498428468, False
2.585070850290803, 0.6063506078548793, -0.07063648382303844, False
-2.7950130275868093, -3.4267738164856003, -1.851635831256879, False
-3.8549759102659413, -3.4451908342956252, 1.5328390404856291, False
-3.1250735700005947, 0.441484243943723, 1.0831777513207106, False
-1.3597838599618424, -0.9490282010627835, -3.0916656598894585, True
2.8519668573925934, -1.5871498831750284, -1.03558718791618, False
-4.578388066156196, 5.372404104003113, -1.5673423081607176, True
-1.7594206385619833, 0.47346668048118623, 2.378272824625312, False
5.494965160298191, 1.5453531198163493, 2.670943452902643, False
6.059520096424521, 6.198277915827694, -0.500180502754481, False
6.248982697369245, -1.0384273217639732, -0.665050902956446, False
2.4942846905123677, 2.8149876162189713, 0.13892051755186863, False
4.741497958853255, 2.997052607765543, -1.3845614122957899, False
2.8670045826708144, 1.294664779357947, -1.3268746955518076, False
4.87536854459063, 4.454090535310328, 1.8792200720083407, False
0.9889617116032481, 1.9335079152577936, 3.1210989982444346, True
4.15186935621859, -4.62113873710272, 0.7759428648284539, False
-1.4090727854666856, -4.616765159991739, 1.6253115774784597, False
-3.9629317282035985, -4.005017380540686, -0.4007183326139794, False
-6.172689532511279, 5.259239227884201, -2.1332363081513743, False
-1.9755114035500663, -1.2000741701990378, -2.781418760843775, False
0.08444618828916095, 3.418885380366749, -2.9062522644094195, True
5.054535456185924, 3.356889184881867, 1.368335101540345, False
-2.771683327794524, -1.4518934313147032, 1.7474567348711885, False
0.49932373028936006, 1.235309191243572, 2.472669029893611, True
0.7466993079752484, -4.047820405423579, -2.7250420801947333, True
3.8502020888725657, 1.589477219851764, 1.997369081059258, False
5.698664664639018, 5.30694002468274, 1.9287163897156079, False
5.624851971366541, 3.110779754254974, -2.853724450329614, False
0.74896128547757, -3.5472428194711045, 2.991504004943647, True
0.9763423755741112, 1.1712113828101511, 1.8377147737491617, True
-1.666399129173608, 1.193064926481294, -0.24260398506462666, False
-3.9268138526363776, 0.1041425925762125, 0.6742680327408603, False
-2.321957826269661, 4.884361293936719, 2.6057829881364167, False
-2.6907538102571804, -5.598869046109632, -0.9163932976490274, False
-5.079817593653322, 0.1366437549826669, -3.0284964170424917, True
0.7518470417419625, 6.25757700674917, 2.8801080863240394, True
4.361105823249888, -5.791025238425426, 1.3587978749888086, False
-5.988959241037471, 4.276011128012328, 1.0559012285047178, True
2.406961425262663, 4.309724170560646, 0.7576154793455081, False
0.5925537894008857, 4.171226986958196, 0.38113716568240585, True
-5.648268555441857, 1.4966784716030475, -1.9868562424464502, True
-3.3287640968734884, 6.191401209086747, -3.04648865723827, True
-1.301979282600068, 1.5111829066239952, -0.3374487928118386, False
-5.537415470731462, -6.199532797797692, -0.36052211816019675, True
-3.70803109768796, 0.5457044852707771, 0.4132320037043935, False
4.226652008458503, 2.9231587645690933, -0.8091653076335801, False
-4.942162257189483, -1.72620729917897, 2.9790798322114407, True
6.126863337025281, -5.64513413171923, -2.2690855982533105, False
-2.8423447522319876, -3.9798932670222626, -0.6221108333350598, False
2.5596953902120134, 4.4227841962356536, -2.9410393652807483, True
6.039007819927495, 2.7972274325260855, 0.23096208022929288, False
-4.005457425420892, 3.6652612436385468, 2.7963346970625818, True
-3.7783289799579833, -1.130864109434242, 2.3158957612812623, True
-0.7959811870519236, -3.060964003639237, 1.6725729335987403, True
-0.8720933007240887, -2.1289012234216775, 1.238723866678539, False
0.884834215743207, 1.5214731334180325, -2.8032100713174604, True
5.4544319260886045, -0.6599874950135449, -1.3963410727112593, False
-4.516138379756118, -0.3244812128671164, 0.5746697588286809, True
0.31085472256551494, 1.259326595931629, 2.5433275719867714, False
2.5325458206502276, 2.343978337459582, 2.634193161953082, False
5.299075796415561, -2.731896810034656, -3.0004443529239797, True
2.544501578531854, 0.8866368487516603, 2.9899260077061687, True
3.973141778475922, -4.520779293306003, -1.2770957389118658, False
0.6062548745451295, 0.74367452986532, -0.042512485241196885, True
-1.146891059036519, -1.6495425739641352, -1.8997400160893474, False
-1.1532145358599841, 3.422149243463304, -2.654836103922131, False
-5.811189076115635, 3.739244554031645, -2.6713456721652227, True
-0.7284770458456569, 3.912492603581887, -0.053251435969950744, True
-3.3480946911089347, -4.155879887912293, 2.3186507508689704, False
-4.554851581870947, -0.9481839517201758, 1.6078295130207687, True
1.0736299667546758, 6.0969042920762035, -1.9477205112915943, True
-4.486606900073154, -3.9596617478766745, 2.717971378545159, True
-2.698277924720484, -5.466483863448163, 3.0775601219564876, True
-1.0341289462569314, 5.890814361783178, -2.6140196445266497, False
-2.5503251833150014, -1.8056092070490921, 1.195281243084641, False
4.340189919749985, 0.2571380955123219, 0.8345515859133701, False
-0.008180749962582112, -6.2601627100687685, -1.846399086439634, False
0.15639113405255145, 4.789733951976062, -0.7318310161809505, True
-4.138506908262956, 0.7018260352252099, 0.7525913448983466, True
-4.379406200492697, -1.7922529719406013, 0.26914633321884285, True
-0.4776423468711206, 4.918716283114014, -1.9715948844360007, False
-1.3538963492455727, -5.355967263616063, 0.28227765013732453, False
6.046346100058944, 0.014359208923685252, 1.592749627683208, False
-3.5520571171587147, -4.7224541217385765, 1.2605793649021297, False
-2.0800139122008128, 3.1573018618974924, 2.268402612644752, False
0.43430177378009205, -1.4034998699160406, 2.5840589475961133, True
-2.1828219232031536, -1.699140286078265, 2.0265251518982375, False
4.238419162432711, 5.092930158272708, 0.12768075691600744, False
4.096456649320123, 4.547443065530649, 1.6029754811562853, False
2.0946544752012883, 5.157470894760083, 3.070855471153778, True
-5.123928868930326, -1.9856674411299489, 1.009203584909267, True
0.12872613977091518, -5.9976497186118145, 2.7171719872069318, False
0.24352137715946398, 4.736022842292579, 2.439683441266954, True
0.09645895631570678, 3.7585490687333802, -1.837828880744579, True
5.876056797250552, 4.534584667819747, -3.0521575214238634, True
2.348730068383931, 5.622322765754825, 0.14931010743798412, True
3.8355346705330984, -5.465011778115719, 1.5111013595958331, False
-5.01913680939051, 1.6420015325626496, -1.7822863503579371, True
-3.4614948814175643, 5.298502527763546, -1.1233769886172538, True
-3.305965496218191, -5.126612683307931, -0.07059254250875524, False
5.974125693741335, -5.7878272288595385, 0.7592883306412364, False
-3.124458506246664, -2.1518452002949155, 2.728458311114565, True
2.0757799549810496, 2.827763674927331, 1.9833148386513573, True
1.5912294982782225, -0.365548240012596, 0.8405363657651286, True
-6.120363294133404, -1.9836946552203196, 0.7854600625700305, True
-0.14486201351083583, 6.142440782034816, 0.4002389874861625, False
3.1931912968941116, 3.9477809432426128, 2.906048156882637, True
0.6931881774892439, -3.8939553401032247, 1.1501217844354663, True
4.355668385228082, -2.5404030636579202, -0.12596105875917996, False
5.928297719244423, 5.59643867702826, 0.042152634633436215, False
-2.651696583144402, -3.3550684852043124, -0.7004330575039059, False
3.4509137488119475, -4.501497220929697, -2.946324458376452, True
2.320685969198136, -0.3807158836550366, -2.462286607906817, True
0.9972611084775469, 0.23766424138448894, 1.54911361213333, True
5.853227042207431, -1.4587034025010333, -0.4945304199197147, False
0.9060197262928256, 1.146361475503145, 2.679301585913384, True
-3.9533289057566185, 1.76204757973621, -2.8757005032570495, True
-5.996867933496501, 3.034676388705476, 0.459225047181409, False
3.1861962233564363, -4.775023186567702, 0.755354944920235, False
-4.054384217885359, 4.134810594657454, 2.099609614501542, True
-5.203553991391131, -2.7378237599703796, -1.473174280516342, True
3.2989981592680184, -1.2766663515112624, -1.917785255968813, False
0.7535842892167723, 3.0783985038144372, -2.9578208996090236, True
4.112140170034198, 1.7439890751038867, 2.164982311774504, False
0.49980375130548627, -5.606346255890905, -2.9965469659326316, True
5.6157651042131125, 3.9968398887890455, -2.0719803588791827, True
-2.7259006109283357, -2.0586694372574508, -2.48489622383092, False
0.5612217122421077, 1.2024241701207714, 0.38903888934954844, True
1.7370014719313804, 4.278761180965409, 1.5836053105604666, True
5.152479888769552, 4.642965293601414, 0.9146056981542907, False
2.069813065041588, -1.4553871136874479, -1.3622673049403502, True
-6.158958833698804, 3.6522225053265167, -0.7617971413469617, True
1.1789913558871001, 5.440747317364973, 0.6575698258960614, True
2.8992217252266475, 5.945433848305401, 0.7888785650875363, True
5.789406089149747, -4.026741603926383, -1.209261862959045, False
-0.504472174567268, 4.344038891481331, -2.8926673086721815, True
4.72855910296089, 3.1334177957111624, 1.311575649323781, False
-0.14721059682718707, 0.319584890302238, 1.6403041486280925, False
-2.4806659190418054, -5.359764038351396, -2.5319344021404575, False
4.733385061373038, -1.1359010117240702, -0.4736257914144373, False
-4.141056555589488, 0.3049945842481083, 2.633726399077222, True
1.5353089359299315, 5.979484906568668, 2.3690055803474346, True
2.2950262108778574, 1.4122701325315816, 0.3622249516158278, False
0.4522202540492737, -1.5454290740044305, 0.5319734833831911, True
-2.560548331540729, 2.688821378129852, -1.7672302529062196, False
-5.083984066462608, -2.455140469012564, 2.7214822018110754, True
4.661176038786305, 1.3862751526018595, 1.6101879584796253, False
1.5648704528153052, 5.427492466855973, -2.345386366385852, True
3.074084624369398, -0.04891039938620967, 1.5367182936464312, False
-5.967540633990313, -6.156965985935892, -2.440505084316203, False
-5.627126590795269, 2.78383713028205, -0.6540872008308165, True
-1.1555900881010341, -2.439040154530132, -3.02728413922831, True
-0.613049302571512, 4.235715464579599, -3.1217837948115954, True
5.19125645692818, -3.2709579684074246, -2.027510893064268, False
5.876015592635069, 0.6896616383021934, -2.5551797358137267, False
1.6395668176984408, -5.550939902371305, 1.0928282436921437, True
-2.1382974432146566, -4.953106441134128, 2.5451132355582855, False
-4.227411732945665, 3.1230580737609053, 1.4777240292906884, True
5.482464465056198, 0.5608298221709385, -2.435899631014381, False
-5.20535399150538, -0.023139878445319617, -1.5673667345782765, True
1.055414232819932, 0.7264760041766216, 1.265542170492317, True
1.1988807747361063, -3.511289798299339, -2.0978835093370836, True
-0.7424669484175155, 0.6798508613124739, -1.6688702800655926, False
1.0088476652288465, 6.015272796176886, 1.8890775073135986, True
6.000611568799247, 0.8377008278759828, -2.094122336425983, False
1.2539344477471674, 2.6038407244225112, -2.789897008790084, True
-1.0061696024131601, -1.9085977705082922, 2.859338943601858, True
2.5451960061857957, 4.09565157958132, 1.9569845073595138, False
-5.491878770707581, -6.046186268074686, 1.1839776357380627, True
-5.832313790259022, -1.380686668640939, 0.9639937539502066, True
1.911582480732779, -4.318101681224812, -0.20879210621120325, True
2.9499411850330812, -2.0520893507980444, -1.604294560256457, False
-6.2795276113789615, 1.9857427033830035, 1.854327672639812, False
3.7012634557838116, -5.3295051822088455, -2.8949345756618285, False
-4.947842097310211, -0.988359924210549, 0.518392490061649, True
0.13605640529920837, -1.6674953151632312, 2.406098029962287, True
5.870834261169724, 4.283866342791347, -0.7611318607627804, True
-6.233479790095351, 2.626702338670791, 0.5561513920926928, False
-4.78932397546896, 1.8356562386782098, -0.14498769842116177, True
-2.743121048726589, -1.60627544511276, -1.4747509410787805, False
-0.9081803550044238, 4.29626949804331, -2.107353288783941, True
-5.460566899711342, -6.084964824464747, 0.7839466423731394, True
-1.7972483595862103, -5.731047238788719, -2.468633448466007, False
5.429113407013832, -0.7395183152611136, 3.038644844292696, True
4.655029682860329, 2.2726457688964725, -0.44271790019910773, False
2.0967369897824195, 6.172736817193927, -1.2890777886250795, True
-1.655355134159615, 0.6904621757805227, -1.8442299245986093, False
-4.985155100615306, -2.7241575155475886, -2.161571311243402, True
3.5969650664034365, 4.6738630784819755, -2.7012206179871026, False
0.2711205614543415, -4.235706921908093, -0.9172790816659084, False
0.8948426552108701, -0.9762545778631537, 2.1931312476781155, True
0.7588292133793386, 2.0201615171817355, -2.733913877807333, True
-4.226912847029348, 3.398019097884381, 0.9120055452405325, True
-4.562913323160474, 2.985262593857744, 2.73329038815758, True
2.2808948816872174, 5.757501994219153, -2.759974789822372, True
1.7884989626948844, 0.3881144845914184, 2.4147352999852325, True
5.719428327388165, 0.34201671233716713, -0.5843917964777607, False
4.796351102916427, -5.313570621537789, -1.389998822757211, False
-3.2784431996285095, -4.0621127130792045, 0.06734907811463176, False
2.9114096584675284, -2.3269627154308434, -0.9006966035555282, False
2.2557922099026744, -3.4347204343762656, -3.0764056442958414, True
6.032922643542166, 0.3525727380687371, -2.841973487503698, False
-0.7580165238494834, 0.4681811739552142, -0.20547892234684628, False
4.400869222436556, -0.47083791156411525, -2.2592794848316826, False
-4.691583916174846, -1.4401128109638162, 1.0521496009288125, True
2.28155138962299, -4.104488646254053, 2.6523284310892006, True
-0.4858417037718086, -2.776892900736141, -0.0019047533577243314, True
3.694610350691333, -1.1251325473418952, 0.2829130545031604, True
-4.883119928315015, 3.933992478067095, -0.23231154808228505, True
6.21222800928736, 1.9714067507267092, 1.2082798073607988, False
-5.046364206088937, 4.689654042307168, 2.0041937064759106, True
0.1899303787013995, -2.3726665796911575, -0.577804786735924, True
-1.21393763193608, 0.3742909679744546, -2.7894793134161375, False
2.606564449923848, 1.5658042452313152, 2.8083008032641743, False
-4.539031500809218, 1.9947734556819423, 0.84902447979943, True
5.132783217657401, -1.2215738455725997, -0.5624274997827583, False
1.4654069521409374, 2.9915778140146774, 0.129914784266155, True
-5.613483187670856, -2.270359779782231, -0.6985595149945141, True
-3.457529206891142, -3.129909177282625, 0.8556609892837899, False
-4.729871535350192, 1.8047851458044306, -2.9528941444201435, True
1.6657220693227348, -6.15643952761618, -1.030314862637101, True
2.759087927788947, 5.315761447217172, -1.140040183360266, True
-5.432022912009083, 4.324068042026106, 2.8488559194230545, True
-1.3816010468437794, -4.645197138366773, 2.6735525713602692, False
4.544119204636411, -3.1746144290707754, -2.6234574174644276, False
-1.7994822952162064, -1.4802734424711028, 0.36391577578349166, False
-0.7506093522471007, 3.3469155183678883, -1.5236281946800991, True
3.8218189064622248, 0.38921232260572136, 2.8873583673337926, False
3.309484902999161, 6.04235165260083, -1.0487056724737656, False
-4.574383967655772, 5.183940448433956, -2.8133037103708016, True
3.9823037832097583, -1.810406237766955, -0.649850918572112, False
0.30530750730304757, 1.5196803968715074, 2.728151829038394, False
0.32397725025635005, 2.1305142786337736, 1.54437917270742, False
-2.0210870606459483, -2.5410837946470224, -2.475408505766557, False
5.374374377878137, 6.136377737618922, -0.42077800531384657, False
5.9488047429380835, -1.7083950122712421, -1.8178726456827676, True
4.531790440937179, 3.7711958436261295, -1.784005588276331, False
-5.829246477589159, 6.157382004165973, -0.8577118224260443, True
4.229582503705954, 4.155335844554408, -0.45570896685152773, False
2.2475336478279697, -2.2883034875541037, -2.3965482251980097, True
2.8809368958070785, 1.981789113834708, 0.5755858333353587, False
4.726510678608285, -5.879941262804524, 1.2656734261685187, False
4.228909149460483, -2.129804197002831, 1.7669912045021725, False
2.180860107210007, 1.3456823257685704, -1.3091203819519597, True
-5.568487172507896, 0.6191934471495433, 2.4816034658357227, True
6.210679795322152, -2.4402437950467473, -1.6692717258237082, True
-5.778724810435198, 0.3407547669514335, -0.3730294386328801, True
-2.1444395799246356, 5.3267772165532215, -1.9992266289822203, False
5.937899041068288, 6.1636957535147285, 0.9362946595956085, False
3.866829494068911, 0.9140015287612124, 2.3673227688490224, False
4.64444632981027, -3.8039029103177846, 0.21323179945000392, False
4.870870081327393, -5.93434741529218, -2.279399296721137, False
-5.134244981193138, 4.034882331983294, 2.4547240966978343, True
-5.9175301833091725, -3.108531381676529, 2.1062327679080814, True
-0.21527380804876195, -0.3673309729106622, -2.651845537770591, False
0.5535196091800927, -3.26236379046787, -0.4485419805819295, True
-5.494157287673677, 6.202696249663289, -2.736810878316665, True
-2.2145113031804797, 0.2597559366899489, -2.655398976168751, False
2.8005575552527375, 5.815534630278165, -0.8087631366797536, True
-5.938501685125379, -1.069296729283832, -1.776668521973967, True
-4.009024866290975, -5.3232195503298865, 1.7829709353893488, True
0.31335655622756065, -4.592877961548011, 0.4000660102417415, False
-2.208770690451864, 1.9095211527650697, -3.0431040312515694, True
0.6446622089126279, 4.575264195808934, 2.6316801995925907, True
-1.5597346935569147, -2.6478210428682574, -3.083412541464452, True
-5.945994195845457, -2.032572865111132, 0.9952246055134095, True
1.0247882458851807, 4.616719375439914, 2.2158404541688483, True
3.460873380211847, 1.640052451500135, 0.8473629596705101, False
-3.627180636793886, -4.910627367995945, 1.2143038661770449, False
3.7731185572303847, -6.222261400492127, -2.923828844812235, True
3.8318164543964848, -3.256744790528537, -1.0543458654388904, False
2.1631204104100377, 6.106709973919195, -2.484142473676003, True
5.599543228804469, 2.0803223236034434, 2.69853594190426, True
3.3081302553900684, 2.3094354312607077, -0.2908093661414646, False
-5.002425992785704, -0.4070921036935289, -0.8902255967540951, True
-5.493966475873326, 5.484395890568678, -2.733759379131018, True
0.27731024735327736, -4.731054872693419, 0.22953851112963486, False
5.734093890163102, -5.963308843228574, 0.48787439133226096, False
0.8414941031135639, 4.536528043580853, -0.9495166098515435, True
-0.5047118721060437, 2.010355699540698, 0.1732267032360153, False
-3.1927322529726636, 0.8201617505353118, -1.0782726321078404, False
-2.832657249819763, -1.9870166045381819, 2.2313172555625105, False
2.8579502607965868, -0.014152092173418396, -1.8230526623996113, True
-4.484509897088111, -0.2290949836884364, 2.303724881476561, True
-5.7194153969957995, 2.1002172218259147, -1.6004519231299037, True
-3.000442092384967, -5.817611377951451, -0.3069200274017696, False
-0.7633727720725405, -5.842903977088183, -0.40635102812661605, False
3.0075484552787533, 5.900260535231061, 3.1211445691839144, True
-3.3143050441515416, 2.6059884350092, 1.7429368491233443, False
-4.96704613738353, -1.2260219150338, 0.2959400673604087, True
1.7227819324518219, 0.7493729833249265, 1.2135907252743872, True
-0.856503282362314, -1.320952364908809, 0.053460648388572896, False
6.165940986989824, -2.632841535936218, -0.3650945219240138, True
5.262248594748872, -1.5219527340824657, 2.590982773035539, False
-0.5118701293774084, -4.68469829872048, -0.18953741842640914, False
-0.406915427217422, 6.199961056678326, -0.8969416601569447, False
4.257923075244728, 1.6331100908368894, 2.17613912607309, False
2.4559429423840164, -1.128151382917273, 1.0224186320540323, True
2.869516124337398, 4.817274593183059, 2.7663498930011645, True
-1.6431911703812219, 1.347773800688251, -0.10801914180631389, False
-1.6983878343193144, -1.9102493910672926, 1.8524162736191103, False
-2.3522191922355606, -2.78076200048993, 0.6103220945372811, False
-6.1726860570883115, 2.610586368474472, -0.8145781616471854, False
-1.4369122200457305, 0.9883976201554727, 2.6067720946618858, False
-6.0559975425678445, -4.658345786924706, -1.2192514601924476, False
-6.260449370147492, 2.3886219248043226, 0.03047004310753243, False
-5.161641454250032, 5.9250156097360325, -0.0072874143833749905, True
-4.13006870611556, -3.0099579296397625, -1.0490379979927749, True
5.562564256443633, 4.061024885059254, 2.0062606581550595, True
3.2776871134831396, -0.9761556187639568, 2.8652240566541254, True
-5.330589397230812, 1.9332319674425449, -2.8002136313860286, True
0.852361935075753, 1.7717190674414223, -2.515817488267154, True
3.278656250632947, 1.8063916610149438, 1.3339076634469826, False
2.8942988105662213, 0.45562269903617647, 2.7552711640851326, False
2.893618841921535, 0.4267267164800872, 2.144295110688038, False
-0.10846712887514176, -1.803134497115538, 2.7487331990888766, True
-0.17218924751152898, 4.830794143685054, -2.4971524978195396, True
2.074285379975553, 3.249788976671624, 2.297318686360266, True
-6.0053909424007355, 2.8891335711207837, -1.4215499174281205, False
2.610607149235756, 0.8334270947452893, -2.126178356113408, False
4.328345477807584, 2.1247551689437216, 2.929013910223259, True
5.137126370051542, -2.630747998772667, -3.1104913981754447, True
0.8860655244123885, 3.7684086276454476, 0.2433260408201705, True
4.881734064175843, 2.0965978242581276, 2.7005478746006277, False
-5.222793843452433, 1.8723964747028408, -0.38807070548292755, True
-3.3154376408218345, 3.7072385337721023, -2.3091258535448933, False
-3.3282659013191047, -0.8679364902289164, -1.785446649899133, False
4.1020112846674355, 2.4621888695098075, 2.5824129146828723, False
-1.6861905611220322, 0.3140600893397645, 0.20616486230724318, False
0.06589926746032848, 4.105459105675489, -1.907570385578965, True
6.171280647878826, -2.8675825953657887, 0.21294262341152015, True
3.729595532531201, 0.7056006225594205, 2.710174599383083, False
-3.482041212693398, -5.473503323739958, 0.7830526463874028, False
2.1337129816191442, -1.8585665352381326, -1.8103140251622973, True
-5.241733950562153, 1.6378183095112444, 1.481589680695933, True
0.018643344590405064, 5.20565826083701, -1.701540805352694, False
0.166664211269544, 1.4668588837172942, 2.295042904254024, False
1.6285616037454789, -5.022291789564416, -2.2564109496692044, True
-0.8398345432996193, -0.6541334838276871, 2.072570947557135, False
5.495873968480435, 1.7833897079536243, 2.6233385215098686, False
-5.2091756157760605, -6.105503880285453, 0.7820209184891382, True
-3.253405712806342, -5.270440492292557, -1.3867291651726799, False
-3.6005379243566034, -4.45596971487828, 1.0894253185062714, False
-4.240180952167543, 3.147927520505114, 0.5501176894150341, True
-5.437208046839744, 1.0638907943990246, -1.1731955341834557, True
-2.793378204076041, -1.4966883830242743, 2.7215235374146687, True
3.8121609903201925, -2.212967211136977, 1.5725340016052867, False
-2.9316594504919022, -2.974192647985419, -2.501731084529516, False
-2.6874733406549134, 5.345144549258059, -1.9501862557798841, False
6.000918491005548, 4.146954963155759, 1.2546691626687316, True
1.5120484865198014, 5.707594944123107, 1.1303060512365324, True
6.0079764096535975, -5.206000393415303, -2.4431485970089524, False
0.12802139897408793, -3.9760573547677778, -1.6221112181844701, False
-5.2937445361072495, 6.2417564938813275, -2.8749851583657886, True
2.9040027651526668, 4.600960687184465, 0.24365552445365823, False
5.891615691416497, -0.6701939733754045, 0.6362039547494516, False
-6.147410679379656, 4.879477044603865, -1.9760415236841464, True
4.021471459055242, -2.013706092279109, 2.1842993051297475, False
-2.117437488105061, 0.6842264551668329, -0.6453856411301571, False
-3.656475984399745, -4.99055165621172, 1.3309369576141492, False
2.94721096776815, 2.83147036173977, -2.3774101907565526, False
1.7965212430973914, -3.728354488931971, 0.5773103274101374, True
4.101227667359856, 3.3586064030668066, 2.2145270771704935, False
-5.27392259637906, 2.547293637452995, -1.9943845225437744, True
-3.3975441672265965, 5.550831506484254, -1.9944154291035459, True
-3.8869947501490048, -5.094398691764421, -3.141536910950134, True
5.87091708063639, 4.491786948811269, 1.4243073648884508, True
-1.0802596943472462, 1.3592368357380904, -1.8896051810272474, False
1.5799339874273608, 5.82420849890045, -2.9479298419484254, True
-5.116528435932017, 4.635151655887228, -1.0788314874216618, True
3.573307930700153, 0.6685257314061026, -1.68950668489521, False
-0.3575149859967901, -6.166477335250411, 1.0111887728129751, False
-4.743417700470578, -3.681269992005043, 1.5276814165676686, True
-1.2258213497302703, 0.08444922845736702, -2.400717949610332, False
1.429071585941248, -0.5816023651369848, 2.0441008949498523, True
5.720665280624168, 2.6036428445257016, 2.794746975294217, True
1.0204208504728278, -3.243214553120765, 1.3940099086384858, True
5.945446500643776, -0.4748269560600926, -2.7635791061650257, False
-6.051727921662506, -4.217200847026628, -1.827012545473881, False
-3.1540760525381653, 6.009550694838374, -0.5870350112120901, False
4.922376668644647, -4.117397396957275, 1.5003367275777686, False
-5.489766999323729, -5.826669287332595, -1.9776272333781724, True
0.059232203275103146, 4.137072897105165, -0.8967200314995085, True
5.919658067095851, -4.724311134930331, 0.007638463452489752, False
0.9493518203287872, 0.303009976402584, -0.9908846431390623, True
-2.2412317042400467, -0.06522581287421314, 2.415393537522368, False
0.17760111837059522, -3.022881280887323, 0.4501927113003896, True
-2.02732577096185, 0.891974837881464, -1.5225174228944593, False
5.464532100028773, -4.7867959352051495, -1.423255191595636, False
-0.8440864557695047, -1.562643076620863, -1.61504937744035, False
-4.7507096525090065, 3.7189042261963117, 0.9556494677830774, True
2.9985831781036136, 0.8522401035464071, 2.959696109722527, True
0.41197252839592036, 1.3926403422775264, 0.6596074981486209, False
6.232611193491325, -0.4157986824885258, -0.34641031558131763, False
4.30863034302917, -0.5937358738332961, 0.0345253075588241, False
-1.307756274567324, -5.729924404640471, -2.652213811086829, False
-2.4525591892180447, 1.9053817173565388, -0.8222122492056467, False
5.433781959111833, -5.956501314010666, 0.4461291726384351, False
0.4276119362110036, 3.8477790463451687, 2.800798317060467, True
-0.695617962555259, -4.56065814398278, 2.066221020999362, False
1.8737028004001743, -1.1829137642155025, -1.5040716510414343, True
-2.8223454165701702, -4.912964002263469, -0.12548358484218047, False
-4.022705009318137, -2.1878327684980787, -0.16328384651901695, True
-0.1601165390989303, 0.2944229660747393, -2.208495231168958, False
-1.1961276461851975, 5.862786992271207, -2.6706941815834155, False
2.9673630794928645, 3.6497891164222462, 2.367139869157991, False
-6.145977327355148, 5.595252646293506, -0.7671061461978552, False
5.962158581719635, -2.2664893909683252, -0.6976329224243893, True
-0.9046668741800517, 4.682022516372285, 0.7377303757790239, False
5.705284404109831, 2.9580615015132565, 0.6680994708131966, False
-5.32049443780101, -5.734525188922854, -3.1041451823181787, True
-0.08101322799485988, -2.27532775989478, -2.240167766835284, True
-4.266885795414514, -2.9667619931314597, 2.484491233432003, True
-3.3222618255813554, -4.638425861967481, 1.1186448367097857, False
3.4805104479633986, -2.682393506342427, -2.375585925516452, False
-3.95430049486532, -1.6977404079317315, -1.2312265548583916, True
-5.990221604579052, -2.314004132067547, 1.4830569069966302, True
1.6053808151035112, -2.4493710082185807, -0.2753171902794982, True
2.7040183135676887, -5.580974376062865, -1.8986539806926168, False
-4.921587411652607, -0.9060488401606275, -0.7842056833226261, True
4.303151996815984, -4.89539128894326, -1.7723291745777594, False
-3.4862452193817255, 2.907125479078511, -0.141284921436867, False
-3.4170924593694942, 0.2275999039130081, 1.5004638089990543, False
2.0512576364538635, 5.9831285086918236, 0.8803593899781239, True
5.459747733154348, 0.17371959210254584, -2.8782538203111336, True
-0.7631144222813857, 5.714849522883053, -1.9766152373232386, False
-2.515882109478414, -0.019891377426087153, 2.7565931905136623, False
2.542212455290123, 2.506182266829809, -1.7945078908592103, False
1.3813840475048327, -1.4745690983133448, -2.9498164739318904, True
5.701147463078735, 2.382141938621807, -2.7245524536065977, False
5.866523319720491, -2.770629057951693, 1.624032669018594, True
-1.6648831985889645, 0.5799901992647971, 0.040115592733318994, False
-1.6368756553574126, -2.554387020000934, 0.14509426740962006, False
3.6997851131989083, 3.480405059332883, -2.312956103390254, False
0.29629050057098016, -4.078985627042133, 1.7395394073080483, False
4.83516566922181, 6.202121817279366, 0.5300605309247102, False
-2.61647167667587, -0.3590285367273731, -0.9000425654879254, True
5.400343269896137, 2.077585991395054, -0.10449369355190674, False
0.25949035632326556, 5.910369289182071, -2.193452414350423, False
0.7042139426418403, -4.450469812203801, -1.4451526498715723, True
-5.683636745837829, 4.387865655059093, -1.0063033212352686, True
5.825320843120686, -2.2621991912291692, 2.9628755518917718, True
-5.052076650650203, -4.552303087748661, 2.7577888088843183, True
4.844011375792322, 0.8758002962883058, 1.5391738206742573, False
-3.746847654245399, -1.5738742936800216, -1.0306178211258343, False
0.3692158799093903, 3.128302496092065, -1.8047665465884155, True
1.347852057224407, 2.475141948478514, 2.4753245929214858, True
-0.050003862374302877, 4.348852535037366, 2.2765865490832073, True
-3.7393682997916664, -1.7701038332828043, -3.0225694758749624, True
-3.998188901086816, 2.451107786252974, -0.7360093752657253, True
-4.538726928834702, 2.0848006722798527, -1.3899054804018602, True
-2.5736500955086847, -2.386784352910719, -0.26676010284918794, False
-1.7152573992678857, -5.634312457128924, 0.5815469280956864, False
2.508821314868383, -2.5169978029705566, -2.182145839531505, False
-5.404664622640737, 0.0962940855383767, 0.33939416793552013, True
5.615162661619129, 1.4993090127770277, 2.247128313173067, False
3.781883072377198, 3.5282372889487874, -1.8888481676852527, False
-5.211460804344254, 1.2182954796543735, -1.5786402226435432, True
1.5485020042028834, 1.4035844553018073, 2.237658319212267, True
-5.520742652485167, 5.303293651990641, -2.3710039897191013, True
-4.706241260568953, -4.474267721402644, -1.7835416519730956, True
-5.085044544884355, -5.220294824167012, -1.7645252223932224, True
1.37022108371732, 0.7263306139680044, 1.4062772133965966, True
-3.1882558858327363, -2.363485589491495, 0.0926520196934204, False
-2.6237813095908575, -3.210595459247078, 2.4229626723557995, False
-1.2496839547113234, -2.893243691439774, -2.651617367286564, False
2.535636465882831, 3.517815812066395, -0.7948420781399212, False
4.698879845292433, -3.5069084795349967, 0.7987588938429764, False
3.9519015196621723, -6.280880121132991, 0.09601664507151275, False
-5.921686720008993, 1.7444380926569245, -1.6300866689944442, False
1.1403277816003419, -4.150818960444306, 0.6876237675217518, True
-3.221039803549738, 2.88294088724013, -3.002667300654582, True
5.704582497773931, -3.5260108739171794, 2.3786808667109485, True
6.13365751305586, 6.015256649567279, -2.031236524856521, False
-3.5466065211571483, 6.148522318036658, 1.247204151544035, True
2.2210378242961184, 5.181622946566561, 0.502093915349501, True
-0.40823852104604974, 4.001043554113272, -2.5282385256851123, True
1.801597646395905, -2.8919085417598778, -2.8062528979824086, True
-0.2608663796957904, -0.642018764063331, -2.611612908462959, True
-3.8878929023322666, -5.48333483009782, 2.7540639173602255, False
2.829878771568156, 5.329033941476409, 2.5043838179340057, True
5.509886246888412, -1.349764165478713, -1.641667759625712, False
-2.0412254632803073, 1.925450147122035, -1.6332767299122706, False
0.805939770658564, 0.46851242898578604, 0.3575908455585246, True
4.097517217404141, 4.096020483248013, -1.7224645489419432, False
-6.260804650828073, -3.5947323649691136, 0.4893964490764744, False
5.539175735713036, 0.508979707143494, -1.5565355773555116, False
-5.383378608362681, -5.563686857262717, 1.5616408353383564, True
-5.543739003244998, -0.4371362610054108, 0.7267356076332114, True
-2.170750166079876, -5.837932060516986, 0.24020125370839684, False
1.5284485786219282, -2.4653888579605003, -1.9278201595370859, True
-1.682201878207719, 0.6501909897516187, -2.0432358564698276, False
0.41679851929198275, -2.9505044338067146, 2.373365531318031, True
6.178474405167165, -0.6953817250140855, -1.110512203238089, False
3.2204712487573293, -0.34353000486274166, -1.0045117311871588, False
-3.4874707509912666, -5.247345246990934, -0.7901488307430271, False
2.7538804789942937, 1.70641061956061, 1.6112072637888035, False
-0.08584922104414172, 3.011504154271128, -0.20530738181542807, False
3.239860729288184, -0.3894341494494622, -0.03402823309065228, False
-1.7982693949265842, 3.949334879726294, 1.7269392955012828, False
0.5319918182479375, -2.595014473639082, -3.141270855380173, True
-3.6590100482721146, -5.661044589020406, 0.1923462495681818, False
-1.461917441327544, 1.2937339234921605, 0.5428324942734157, False
-3.5493127075046202, -0.34555026286234014, 2.6415188631465787, True
-2.3884287835036515, -2.576611667452107, -0.8033580228149932, False
5.473746737555722, 1.2629050412396445, 1.7450007514365282, False
-0.09192459036479494, 1.2154429994501799, 0.6680206056519724, False
0.5559086492317826, 1.6726914273978108, -0.7965112253395761, True
-4.174769613556274, -3.210509130056458, -0.9728311697628507, True
3.5120513416320467, 5.560850929966078, -2.9657491947580152, True
0.17253729414443608, -6.195687020009134, -2.7788619358859803, False
1.3350955871348589, -3.0223362237239693, 0.16303588868647623, True
-0.3769335551940385, 3.248727996192608, -1.853214987314198, True
3.2458662775215377, -5.1761498122146214, -1.6266699460031375, False
4.086764143301554, 5.686157508054871, 0.2240017819742146, False
3.639102708240811, -6.167697164881193, -1.4334430757128989, False
1.3890251904901803, 4.383744401830718, 0.8664671093870737, True
1.5533986573465883, 2.124782563955602, 0.25339204832899, True
-3.4544458388309423, 5.519770117718828, -0.12962005839428814, True
4.89877784122463, 1.1360564301033618, -0.9513002450101338, False
-0.15031868354762867, 5.023289364198364, -2.127631947853944, False
4.385018576783839, 4.528026230096753, -0.05094698041243362, False
-1.562316251098114, -4.393633815719513, 3.0316044113854685, True
-0.42066343635238646, -6.148090371050797, 1.3727541920347734, False
5.923612893465908, -3.2623246965675756, -1.0638306644495694, False
-0.6228787063119912, -5.850101476407887, 0.5535225713265128, False
-1.3221839306722662, -3.300373611266706, 1.8698957605825441, False
-0.35349962761124765, -5.180382995887106, 2.054445769638683, False
1.901804421454706, -4.411614776595889, -0.8226343843499757, True
-0.4766882149106575, 2.47047857839188, -2.7325670492091305, False
-0.35987843302737144, 0.24562462343328217, 3.0099495749344696, True
0.2789726669146564, -0.9591784613174497, -0.2867053140875502, True
-4.1782785718406235, -4.7844712035398125, 1.73728831503524, True
-5.3674048315218235, -5.931785317236832, 1.9914072488755883, True
-0.05279751623583717, -6.055843660744976, -0.3073087746584289, False
-4.637080383457836, -1.378765237067694, 1.3656870991297518, True
-2.767687376146324, 0.7739109554543031, 2.925935517375212, True
-3.2278228662349058, 0.6165523316977577, 2.5818045800458194, False
6.253973681165018, 3.908734133500891, -2.8467980523555556, True
0.05037618649582054, 0.19436934010388462, -1.8063127111022514, False
-2.622750732574772, -1.3627719831156195, -0.06669275835725674, False
-0.8558797766408981, -4.617549602187545, 1.64225414088531, False
4.157834015613366, -1.778107395323901, -0.76364276919647, False
2.146542481145241, -4.85755136139449, 3.0980345357232553, True
-4.476545843852879, 5.48904954764922, 2.148546772434792, True
4.4827074337796, -0.49111774908886296, -1.580705914919028, False
6.142384230830761, -5.469414076976001, 2.3458030098992424, False
4.157317593299693, -2.038701395022657, 0.6606656002706544, False
-2.52679011472939, -5.775863201472163, 1.3820960995642686, False
5.859681881922082, -6.1652121532125035, -2.6716462930709945, False
-0.14336678308191875, -3.1228698266306885, -1.9960456103560626, True
-4.772165442743541, -2.697550666125278, -1.5775253652749424, True
4.211761252391645, -0.5455035909203518, 0.7994825149955367, False
4.691121088936763, -5.392174784095986, -0.20674191667416597, False
0.684599469991567, -0.09517236238463411, -1.5181119159978755, True
6.098048272048894, 5.462477587134538, -1.0099153933405223, False
-1.4272785923140043, 2.5512642880336838, 2.1964677355047817, False
-5.68317059140388, -0.15657492893360292, -1.5337694944949771, True
2.8586853727690684, -0.8683408748893156, 1.5074733581006976, True
-1.730150855188664, -5.022015766188151, -0.6454679598029402, False
1.405087255331285, 2.5630587923293806, 0.6013309163035547, True
-0.6655745343214985, 3.533710458807038, -3.0552499797779076, True
6.018022004135494, 2.385074527051092, -0.12702619136935622, False
-2.9812648241801916, -4.467428455341412, -1.1624189888067067, False
-2.8515099423171377, -0.3183419351270169, -2.720440255061731, True
-1.5327657361874731, -2.4414103656908392, 2.2645271758826873, False
4.318912056782352, -5.696143686174475, -0.3835413157253593, False
-5.163383491630712, -4.154398142059086, 2.4080099909919594, True
-6.1793635570495375, 5.273285761644207, 1.704368828346703, False
-5.813440984774782, 4.587689358562329, -2.3360367400358806, True
-5.655490501156018, 0.10219951111538439, -2.7058962003639886, True
3.517674314190142, 4.582943778495034, 2.429325120683812, True
3.0946074669536436, 3.2369450244693443, -0.729055958241501, False
4.386351517638882, 5.293776097461672, -2.715315870502011, False
-5.421634658956642, -0.7691725544574961, 1.4799593458795934, True
5.801558391243152, -3.9250256455774726, -1.9524033276909487, False
2.400614238818573, 1.0994435171576145, 2.7601312910317457, False
4.73691002528555, -1.1581935362411713, 2.1590760319999136, False
0.6126911086850342, -3.0615461095377396, -0.08689274299853489, True
-0.35778680996244816, -0.5020499830500951, 0.8633012850685331, False
-2.7713288970238024, 5.14067112204545, -2.702281041395529, True
-1.5713396595917182, -2.464769072053836, -2.5680804209883155, False
-0.9821308230370427, -4.260261286425978, -1.9060562743419602, False
-2.601953455538801, 2.39419060292429, 1.113128013044978, False
4.682375813434501, 2.7798409208362695, -1.4060255018486378, False
-3.981130407866558, 5.769264604036616, 2.254142591295354, True
-1.3808518079909318, -6.103884402700771, -1.0193693676392934, False
-4.183683662376771, 5.607039797088056, -0.6329145840260013, True
-5.532070088370341, 4.137767393458793, -2.6265097551517322, True
-0.13502973409474528, -0.7139554784227364, -2.455860159379296, True
1.0526215924199782, 1.3515026002560404, -2.071194738476538, True
6.132233666395731, 4.883759325170571, 0.3350666688394073, False
0.6899250061714772, 3.518520007802815, -2.669549893366154, True
5.274168006901766, 5.230720481949547, 0.2315199843219129, False
2.927550479453952, -1.1073437837858178, 2.603285278953135, True
-1.6452993749434395, 0.884007847505667, -0.6147232895212835, False
-4.591887042746322, 3.288170707526394, -0.2580758957869267, True
6.2431844314294835, -0.0074141070162454525, 1.9732053138338452, False
-2.427154440730162, 4.278978860372433, -1.3615356694343477, False
0.26614993599804304, -1.036962541794729, 0.7455543996322569, True
0.7810057231712051, -4.519171941882338, 2.4999317284315667, True
2.074856901437091, 1.0857759776656328, 1.5130067416895052, True
4.910032760646521, 1.1211821911841486, 0.2971998778413676, False
4.170879069091416, -4.795346988246694, 0.9158602969553726, False
3.5917756571844635, 1.4451908869574082, -1.786569134517208, False
0.5715781442651595, -3.424121000423817, 1.915920684857917, True
5.095133320006932, 4.6443442780763515, -2.871223054710793, True
-0.8276362656928535, -2.520890899615339, 0.7051643586417122, True
0.77188636413746, 4.205879164880532, -2.6126221331178723, True
2.4855949105142283, -0.8867672805512568, 2.915089872046334, True
-5.848897687443438, 1.9402312723018458, 2.9227514006683935, True
3.0531668988503124, -2.7816071562626594, -0.04311303962781077, False
-0.3143153306488147, -0.5478202992031429, -0.40758210893589064, False
-3.750852785098699, 6.2227198770339776, -1.2322528511871866, True
6.128543008660554, 6.048074974712467, -2.6643846564060505, False
5.105005031688195, -1.709911176101187, -1.5440512987811434, False
5.667989579931978, -1.654502416423794, -2.8770393320172296, True
-1.60725068677728, -5.961758385637784, -1.0534921875173957, False
4.238957940274499, -2.590496057073024, -1.3333738461826754, False
3.5544191447346734, 4.031013863452536, 2.0577030393701685, False
2.693783773292303, -1.0792978277739964, -0.19729275079747044, True
4.291684730650697, -1.7791221626942892, 2.824736558882244, False
-4.065190109643144, -1.3920169609439483, -0.4821999960367269, True
5.124523991278593, -5.941220086817732, 0.24033324841897707, False
4.599866124243725, -0.28488419041534474, 2.2076946902185393, False
-2.9012311058298565, 5.047420351139857, -1.5133495454299335, False
4.187390024284431, -3.14850919619521, 1.1450489083094322, False
0.4960565397727841, 4.3637723263045665, -2.5253922406703344, True
-1.428686522338185, 4.712782373538978, 0.9136509176477414, False
-5.508222773457215, 4.4039001226661, 2.898634841683476, True
-0.9793828227894021, -3.233080334455922, -0.651372691014831, False
-5.72655937084945, 4.366593880538257, 1.785885303040737, True
5.4312807314360185, 5.998593066484904, 0.23022189784590275, False
-0.9172441498477895, 4.426695200511711, 2.9592745633396484, True
4.193781027549363, 6.029846608263078, -3.0372411916390387, True
5.778266228326853, 5.5548355742925235, 1.2647202908168138, False
4.625795963847425, 0.20694361028885844, -2.0839031524062395, False
-4.799564308068285, -4.83809645904228, 0.8953448395235775, True
-1.9825703926227645, -6.097950759268635, 0.5560467452232243, False
-4.651052616464699, -3.5047457182293957, 0.6870938345497701, True
-5.8769594998843315, -1.968659728017541, -1.1967199206332824, True
-5.090486907365164, -0.33364765439934185, -0.431446251838945, True
3.4777982098186797, -4.406448927254815, -2.7822119949445367, False
-0.9072825732056824, -0.00520032277811211, 0.20094202785649173, False
1.4784249359370243, 3.3717661062898614, 1.4887325522113857, True
-1.8444031901196016, -4.1798898664932675, 0.8637456694178294, False
-2.961517452241426, 3.9487220512262997, 1.5481931894224195, False
-2.599921864138356, 6.174108400479801, 0.00822289320137859, False
-0.38626828219613785, -3.3995720870691963, -2.058384863815854, False
2.9790869626473935, -2.153016220463292, 0.6103423464525601, False
-4.929225371819382, -3.3221511440603226, 0.39211813190386424, True
-1.434560683151454, 0.8111428460126611, -2.7464136955696654, False
-3.307862124225501, 2.770017371997728, -0.913422126329229, False
1.4653939127130071, -4.322862427843845, 0.2660595835837398, True
1.455367824893992, 3.1323767072452764, 3.034594229554454, True
0.18504763793580814, 6.049098418796975, -2.09108275720645, False
-4.1990697251676465, -3.826566639252006, 2.678490288962239, True
-3.8592673673169693, -5.243546327348776, 1.1608886091467632, False
-3.2245009128832693, 2.1739542052240868, 2.7145969242888155, False
2.10877813411666, -4.998953131501844, 0.25589763755332395, True
-0.534411301152522, 2.5264776058744793, -2.5477955947469657, False
-5.300494172839967, -3.0749718624593863, 1.4092288270449274, True
4.105018464101438, -4.463873112749333, 0.7726939459549813, False
5.952807419438505, -3.5849642760055307, -2.938846876482056, True
3.552302540700941, 3.673840458437322, 1.4591692026076748, False
1.2171825768252207, -3.5848196363362868, -2.350321538743762, True
0.23079942425921907, -5.2437008069897555, -2.6948531876386355, False
3.1107919091506595, -5.402095501777667, 2.393562176546819, False
3.009303706274734, -0.3878199923005621, 2.939129145864327, True
1.67332206950256, -4.532770635091023, -2.172956607094623, True
-1.6899609526353698, 3.056800330795312, -3.0771803041003873, True
-0.5379818408208497, -5.917763059837104, -2.070634789797764, False
1.1487907260741839, -1.6465013207866503, 1.0429641817616568, True
3.2908560588883216, 4.686256676731174, -1.413583363443769, False
-1.5009967212204813, 1.8149997020584792, 2.052820363538891, False
5.447847613881729, 0.038712158050819845, -2.509154761307675, False
-1.3599831703235647, 3.112529702097378, 2.6123489618645426, True
-1.885678528968854, -2.874972420539338, 3.021098010558445, True
4.277566829109102, -2.13255989284305, -0.5101252089482684, False
-1.3228149881521007, -2.440580840204982, 1.508913254007724, False
3.880291770842881, -0.6925729404228642, 1.8214762869541854, False
-0.5408724423906044, 5.962636923704906, 1.6350208104790447, False
3.3056411420842267, -1.7314385093252858, 2.8689577971459164, True
-5.453763583323721, 2.8886555703309007, 0.6761217705020228, True
-4.837576261062459, -1.8173416941799996, -2.580656357738711, True
-0.7321800504967744, 1.5270340696252802, 1.4402363110894676, False
4.432681833640208, -5.91019595935739, -2.1037317792002996, False
4.51015320453517, 3.5843998874379785, 2.9767109038090753, True
0.1863866338835951, 0.3499932734639044, 0.18206404118366626, False
0.09952055529640091, 0.6422059797007051, -0.2531926783732241, False
4.394164690542203, 3.3140355522991563, 2.169822335839724, False
-5.1924016899638605, -2.557605548873495, -1.3748767838807034, True
0.0355623715158897, -5.53642508604885, -2.3578900666676215, False
1.5594562219505521, 1.9256051678523889, 2.8943121129160225, True
2.9756735485472703, -0.6224516201961174, 1.4802033753377826, False
-4.906560950616447, 5.780884431866374, 2.0035783854575113, True
0.4650713333354828, -1.4910512540013183, -0.12709903129877853, True
4.418377365525155, 2.3197331067408875, 1.8054194825453598, False
-2.312201571198527, -6.059095315344533, 0.4289996966653762, False
0.18358494307026696, -3.307659473678701, -2.8229198968391067, False
2.4631557333802387, -4.016590744039004, 0.9377767285387604, False
-1.9152313090318147, 0.6335219820529687, 1.8340749088705275, False
4.004806845750091, 2.3316982378896913, -0.9231705390590781, False
2.6261196176343216, 2.8441523032238205, -2.6607898529502862, False
4.0904235764958585, -0.7818545669610781, -2.2609917786262104, False
2.9657808454191663, -1.3497996255357716, -2.949337647948775, True
2.0959720730397624, -0.11060147697223588, -2.354722286407891, True
-0.37658224987069033, 5.408195937944743, -0.7771487597756579, False
3.6787618396090167, 3.5323482127599917, -1.8227666724206937, False
3.218332489945734, -4.283036757583542, 2.47869044754868, False
-3.8762472174800915, -3.018195059321449, 1.4438483351920741, False
1.4071833962825337, 1.8882089763537202, -0.4943792388221895, True
4.239412200190232, -4.434992020045702, -0.016972195513421884, False
5.547461946702235, -1.8766407590975485, 1.8741754067328662, False
0.8534787557995491, -2.875781526899876, -1.2167165192715759, True
2.229154226267907, 4.7934471831205645, 1.9680062481964722, True
0.3609354365754269, 1.6144570273478012, -2.7729698724209713, False
-1.326919898748062, -1.2412561752014284, -0.07876934114767264, False
-3.3246948428866774, 6.162198511180144, 3.0538075278696333, True
1.234031059736477, 3.2747223849434626, 0.4259044359765376, True
-5.965991181193588, 0.7840173168227391, 2.2777010566542915, False
-1.7493855940530167, -0.8844152381415196, -1.861662017743649, False
0.835417387524771, -1.923164830185712, -2.9825844324739164, True
-5.797387051589836, -5.144626740423547, -0.31706865858940514, True
4.687310871499202, 5.257154239923576, 1.5672106278932985, False
4.261542345743489, 3.660549118928671, -2.7939325315604586, False
2.1004520866522185, 5.890468767254575, -2.8124430290720652, True
-4.7448284082535, -5.486619976040867, 2.5424177301137902, True
0.853608927188807, -5.597253560052199, -1.0824838105076036, True
-5.969282449255064, 2.940733012624756, 2.978495163174393, True
6.010951008899269, 5.745779145601455, -2.361979936910796, False
3.3222890380193117, 4.855003176156423, 1.5595169528791075, False
-1.2226434115305036, -0.795042111676425, -2.310601091598893, False
4.034017209707249, 2.4960886851969466, -0.16970469521419806, False
2.58940513059348, 3.325712353603331, 3.1020120442300296, True
3.2265133374763852, -2.019050519747272, 2.430193267875331, True
5.117252866059831, -2.9300170094096516, 1.4762629618784135, False
3.2285673228762324, -6.271791222998857, -2.9671240521150377, True
5.827660377000775, 4.146800547719071, 1.3940042627188927, True
4.996787474361904, -4.745257042301563, 0.7365171929256555, False
-0.30752933306954233, -5.762558314165847, -2.9236177541717385, True
2.911106257053108, 2.717434087951977, 2.2694794892037846, False
-0.7415510381692476, 0.9277063498989788, 1.917615345331546, False
-6.146590429992454, 1.0121381517435966, 0.9077809942430068, False
-6.147000871771762, 5.699759056428496, 0.8655609170430987, False
-4.564524720689156, 5.390666397039801, 1.6837133498204304, True
2.4885730327410887, 1.697171931830555, 1.7938810225351043, False
-1.8386161106471732, 5.696342148289837, 1.3592071742401037, False
5.35817448744649, 6.039727759663821, -1.576087672772966, False
0.4749667240441706, 0.45155232982499705, -1.405009512693779, True
-4.838827202169036, 2.6418025685881936, -2.707177332520322, True
2.738027549001533, -1.1378957026585041, -1.5848137558939484, True
-2.406666438030196, 0.5222356459514099, -1.450588971074874, False
-4.863040163624051, 3.7624739987740927, 2.935315768281024, True
-0.06835926754632826, 3.72837209895283, -3.134204351125239, True
5.332732520721477, -2.986995349343177, -2.2371665302183796, False
1.6707117158917306, -5.351491725458284, 2.7683619908044683, True
-5.549578640277918, 5.037022449304439, -0.06777041687377228, True
-1.3962005339692345, -5.892708364372981, -0.7044948958572994, False
-1.1548040204519125, 1.0515128434548666, 0.7357093113761959, False
0.8753036316927059, -4.921064180188728, 2.2062432292617373, True
-4.718705361559893, 5.559966264290129, -3.0066860302465277, True
0.6911888240006459, -3.6713451232600165, -2.729345986731576, True
1.5011435091082053, -2.914884239457266, 2.99153566122674, True
-3.5603749062549284, -1.583455540878374, 2.485722211637153, True
4.316993509244252, -2.2673473572124756, -1.1939760925393972, False
-5.607280393499459, 6.275691074344591, -0.6659134820106569, True
0.9079980031290962, 4.045021763819683, -0.5445698208145391, True
6.022014587387712, 1.0794411673272561, -1.4593875212992082, False
4.875915869322496, -6.157726789642326, 3.020254421917187, True
2.4873248953401017, 3.746954670656299, 2.605394097765406, True
6.038040402891816, -0.3523180791779099, -1.468673512143731, False
-2.322532730738499, 0.0025990576978012214, 1.7126860322732167, False
3.7368496548929038, 3.628834665247643, -0.3483950419402868, False
4.432133807125913, 1.6045004338436133, -1.352353979998016, False
1.352738909108922, -0.9253757155955817, 2.0290738737100904, True
-4.837663739833018, 0.894939314052718, -2.2635239807677205, True
-0.3293885738625475, 5.558018638233477, -0.5272551146346731, False
0.04827318416729032, -3.7212074605698144, 0.44717092144066894, False
-3.8820982350355497, 5.732523287998273, -2.971799250579083, True
-0.1336643885246902, 3.5533708712111576, -1.5848862768096095, True
-3.4786767720857203, 0.9541696873679433, -2.245219629693274, False
-5.876870282141105, 5.87579326801905, -1.159853582311274, True
1.6527342815641548, -3.902035633375801, 1.2266670538514832, True
0.34963681029266436, -3.844284261351577, -1.4283078338313804, False
1.6069681574368246, -5.473305831259944, 2.4760686738356394, True
-2.719438597114266, 2.9164447877951822, 2.285047914107963, False
-2.358718978103909, -1.0586831730392978, -0.4686262704286279, False
3.9439371733492106, 1.7845614933216485, -2.9053614917304413, True
-3.4958354376118033, -1.8007291087577126, 1.321309539328288, False
-0.33643424462786786, 0.4280794884367083, -0.9884270278364875, False
4.176064052166371, 3.7519825847468073, 0.1800771018850318, False
0.7747875296768552, -0.7576864322230676, 1.2529994639388446, True
2.4001735699449007, 3.0341924334472576, 1.0639869248276366, False
-1.1752891814695312, 2.483502310972069, 0.19446899281071417, False
-4.849104668961678, -0.9769180336419341, -2.499550494981027, True
0.6680191617883038, 4.340331907390652, 1.2914958743250216, True
2.284399241025074, -5.2139228612924144, 2.8114194758471704, True
-1.1239146186842417, -3.1936751241466967, -1.2824639742261152, False
3.9898573791537046, 0.5792852951875682, 2.585664429649058, False
-0.6247051081083352, -3.028733519364836, -2.8971489392213288, True
-3.6033952597280186, 3.1940765829907054, -3.1185986639680827, True
-1.147901603631154, -6.171218534863946, -0.14764388883234458, False
-5.526652838061613, 1.4031044096045555, 1.2534739838778304, True
-2.815888345566345, -0.6281935417436229, 2.090855945262831, False
-4.805751596989926, -5.44190773699491, 0.3585961630434409, True
-1.402101023908915, 1.2901543008936383, -0.06491043486030224, False
6.136182874434038, -5.679566568984534, 2.2709676416695244, False
1.346907955277544, -5.4915926139541815, -1.3973005356510395, True
-3.835380562931826, -5.772961107509675, -1.9453125068392492, False
1.0557477398855069, -3.422274447014441, 1.9749636111868156, True
-2.9468714147619863, 1.984393089735267, 1.1555297841309953, False
-5.749724403684201, -0.8536505708509727, -2.2168827101948443, True
-5.15113230334252, -3.8011115457989937, -0.5689502416882393, True
5.846385584856023, -2.860047994026942, -1.776883652482101, True
-5.496811964678491, 4.597719988239046, -2.921057721824848, True
0.4451052606215926, 3.2266704457837783, -2.8607835979179965, True
1.0372935062747421, 6.137702218187911, 1.6322434305535447, True
3.515122108770198, -4.556290352872226, 2.354115086421265, False
-2.464193695759872, -0.9145653866809385, -0.2707357967822741, True
2.7317066333780478, -4.7412535668838025, -3.087302656729244, True
0.44416782482604855, -4.029163790013746, 0.016639097013537718, True
-5.744517938554708, 5.170925421155635, -1.4535987042580407, True
0.16737077011596657, -3.58815170574343, 2.6936311088098286, True
2.316228483156145, 5.865014672797139, 0.6573272410864295, True
2.304177729612281, 1.9691454115960294, -1.1262166087335919, False
4.469840197798641, -3.5843251097224873, -0.10164006372386902, False
4.193378605773226, 3.5068324509397506, -0.35409060991137853, False
-1.526475862071491, -2.3777660617774545, -3.022038594489522, True
-4.030813592461639, -4.489660967530062, -1.4801508523776061, True
0.5552379979395923, 2.7220380194279805, -0.21401085013335752, True
-3.271239228922132, 5.51442248085019, 0.5711447557867566, False
3.2855160703083364, -2.0173482625126056, 2.4947257514452605, True
-5.584274108905982, -4.514180576334857, -0.5781137229753672, True
-4.519134649185778, 0.7633347936292552, 0.4148751047740684, True
5.109866272550374, -5.9329828072460495, -2.145545893762129, False
5.314260617010255, -3.9906603301755417, 0.5043234828091161, False
-0.8803239898501252, -1.0641962734057406, -2.076952583019918, False
5.451796071881331, -4.436968316379279, -0.6280804076280035, False
4.1513868622579775, -0.7431202806473687, 0.7440778626815043, False
-4.70830243521814, 2.944776716576259, 0.27795105875134274, True
2.6717030130590906, -3.4643154818847037, 1.272710949137787, False
1.193246673784695, 4.018870073381141, 0.7325260004627006, True
2.502188639685528, 1.84091475818561, 0.01449360814315348, False
3.0188987081423377, 4.65141245743386, -2.103980896087611, False
-5.458332473042841, 5.3609296102107145, 0.1982872514746603, True
-1.0143038932778392, -0.18193513792687188, 0.2692306032497296, False
-2.2482870814754827, 4.941141009901207, -1.4625882828969536, False
4.457757293469854, 3.4613013102820815, 0.8921199682670542, False
2.2211000244839685, -3.9367224298908225, 2.809475195184808, True
4.28165330723105, 4.683301174429673, 0.8439057857702594, False
5.3233319082541595, 0.4828023261362704, -1.472583889977405, False
1.8877675517693238, 2.8194042755266775, 1.7628418340386593, True
1.4517230853488359, -5.496037963925399, -0.20882240290759713, True
1.7960534249272317, 1.5978677777523789, -0.7889811828929076, True
5.551088951108573, -3.723750953258983, -1.9358293090441026, False
1.5904779230267634, 4.6200076439841435, 1.2397259318069613, True
-5.261431353562919, -3.4922365960567676, 2.7404326073588967, True
-1.1816047155544842, -4.1029718250040315, 0.6823637993818767, False
-0.5376251653412174, -0.016660982617295872, -0.946037043923988, False
