-4.817104645963847, 4.381948738798101, -2.343591407661732, False
-0.3121730799098641, 3.3477744150098214, 0.027431993740192784, False
6.026459742284965, 0.9570036974145664, -2.0979883631687413, False
2.8124464198637575, 6.194919726458167, 2.7832198907450545, False
3.5585611692810932, 2.439615193557474, 0.8722228973757131, False
3.7605110140311684, -0.9861954381223619, -2.6345955143937774, False
-0.31143163903752313, -4.3364344887999255, -0.7301234901108571, False
1.3997939469908607, -5.3535846128362765, 0.7866794401105999, False
-6.087889391880473, -1.626776772442902, 1.4664403741338852, False
-0.9123146737209114, -3.877267050683518, 1.2856689335267868, False
6.230327677001592, -0.6396203249617063, 0.04500212671856252, False
-2.7752910973674347, -3.346235605092613, -1.0201526968900207, False
4.289615807076299, -1.070924276324388, -0.6182144476149358, False
5.62867471805037, -4.462385018098203, 2.937649072279304, True
-4.933707553289063, 1.73454751284714, 3.030498625001493, True
0.14092219310854226, -2.761960946486617, -1.1916100659460351, False
-6.029139556275702, -2.6538137880191317, 0.8305738572902697, True
-4.607281398394333, -1.0997691174665203, 1.3960518428398547, False
2.2986857257670863, -6.211088665047941, -2.5846565109574113, False
-6.168546533267516, -2.640736611653543, 0.40623884110627584, False
2.773836000789725, -5.067888874900255, -1.243435705630487, False
1.4574032072948944, -4.8013097517039025, 1.0960966896990367, False
3.775671919536265, -1.3486394544654727, -2.4087604143556387, False
2.131676367331737, -0.04100663710132668, -2.984006786791588, True
0.5266565571097441, 2.552897418438805, 2.1949221541274353, False
4.632671428014248, 5.652219705757359, 0.7902677572530905, False
5.85392424215088, 0.9827304228334546, 2.0431759642678475, False
-3.5445971229504347, -0.06589687429577484, 1.3528452106203028, False
0.20196289715187454, -5.719318968612924, 0.10261709215883874, False
-3.095610917225613, -4.173044717048935, -0.375750782611477, False
-1.0533676491263533, -3.813117654257741, 0.08356076935177903, False
1.868176460225424, 5.139771588632254, 2.9436892268036, True
-1.0436330784824053, -2.9448053740851026, -0.46321845674620343, False
4.588718277540345, -1.2487184582141282, -2.1546840370798286, False
2.147766824447711, -2.18624174995728, 2.5795801833336602, False
-6.214830681400013, 3.0705179989797795, -2.4862103760997663, False
-2.6236021963725187, 2.5058468127403355, 2.5713023687947487, False
-4.410571985877258, -3.130479216875289, -1.756366692797289, False
-4.00863450744093, 4.5791169795218565, -3.121340237881349, True
5.563366574560325, 6.265409140626483, -0.35442924924993635, False
-0.6836750886163898, -1.5378019726378636, -0.4034418166206595, False
-2.0924295445790735, -2.771270407294754, 0.7625540616122657, False
5.736155329237807, -4.8953940760023915, 0.6352522516686765, False
0.5398249012649678, -4.096964871561403, -3.0631348761031254, True
3.1112245374226557, -3.6388736197979505, 1.6053852824141952, False
1.2349336408794462, 6.105697181317163, 2.345170590029216, False
-1.5729441353730804, -1.299391798215031, -1.7314212891411755, False
-3.5785025903792005, -4.07788946663357, 0.09621855133941182, False
1.0793928944923348, -4.650103940237697, 0.5741331056763523, False
-5.28640378773933, -2.965141556219531, 0.8715569378779886, False
-5.5075883201928075, 5.30741778694931, -1.8113820104290397, False
-0.9856485459131061, -3.1541205717682477, 2.326942971183467, False
4.9751455256166555, -1.8045377453572096, -0.7927722697255528, False
-4.420990997316018, 5.986041951925696, -1.20832854482689, False
4.164827424490454, -5.909827040092655, -3.06796130201423, True
-4.4143745915793495, -0.15312332927872863, 0.3634342623070239, False
2.1655153517039984, 0.28481524184097395, 0.7303064676514368, False
2.3465969035362626, -2.3934865849930915, 2.116666265402917, False
5.092444712373435, -0.39918911652833877, 1.4258317006910977, False
6.145200670627716, -3.454865748367757, -0.5939073816366096, False
4.082885740049841, 3.4443242608170976, 0.051403455238939966, False
2.1163263728518658, 0.39697960729710324, -0.5979829506216889, False
-1.0826944643525644, -4.315057515330343, -3.0705054621617647, True
0.7799766458843287, -3.0893537968218285, -3.0670960968583305, True
-2.3042661168484386, -0.8016763009543357, 1.0137038989014249, True
5.744476809301478, 1.358637960776595, -2.9851815313384256, True
-6.214679794573583, -2.7674035382212394, 1.0543579063855617, True
4.690728987715556, 5.1691203261307255, 2.6415007670794317, False
-6.079066088021456, 5.706106857061048, -0.8496784511849831, False
-4.515897613178615, -0.11935967403027536, 2.0475058577937117, False
-5.294172784488213, -1.1458703518704203, 1.7392663781881126, False
1.6378983294393592, 4.860462878857666, -2.7725871695054365, False
2.0871289243760103, -0.9363114509868264, -0.5623000889145895, False
-2.0763889529599826, -0.32713564898034075, 1.8177417992547715, False
-6.127000338333394, -2.996683148049038, 2.3409807915607894, False
5.108002866348965, 0.9244329544100784, 2.6549772523595916, False
4.008708739341351, 2.7214572432218045, -0.7142240128357487, False
-6.222539893718805, -0.7976304123931639, -2.1939225372365243, False
-3.2838804581575465, -4.1052288643223855, 1.7972292613831717, False
-0.32287746755319535, -5.942868104930854, 2.278824123828649, False
0.19095680188452047, -5.332088339892079, 1.8275476757634035, False
4.575572281681726, 5.3470453272063505, -1.2491636118104832, False
2.276009353094894, -5.574365912555161, 0.5273468919732633, False
-4.667057744750817, 1.06398617347216, 1.661943698835361, False
-4.358747490253274, 5.40301506231614, 3.0215849783233466, True
0.37206071660947426, -1.3276753824282377, 0.7572214994886286, False
2.56253218558947, 5.948730432434457, 3.005061864509071, True
1.8600731469410015, 5.536442946909581, 0.7068882919625943, False
-1.5436415383506015, -1.1619981840154745, 2.0839142355690976, False
1.2290245831005944, -4.936534822318762, 2.5625189581961116, False
-5.49183207265981, 3.565158995916768, -1.4831185629590733, True
-2.221782358314715, 3.644263724583629, -0.5701136816481376, False
-0.6018695662819233, 3.3896087753971944, 2.2890219775489946, False
-5.353438478201577, 2.888060874136972, 2.400464038661199, False
-5.548816035973232, -1.3856335736935304, 2.6657318831298458, False
-3.1818305434424325, -0.004883821333377725, -2.665617315785082, False
1.1484017550758532, -5.546006758920755, -2.0185729497490152, False
3.2324617177133046, 5.029839638128168, 0.547338354494427, True
5.563350395325143, -3.026597321352211, -0.3879093835578966, False
3.2266054471732577, 1.2027549632477035, 1.0414857572410297, False
6.212818881688067, -2.209796429413168, 1.8616600788115703, False
-1.003644161852816, 3.124825082926291, 1.6089122771815738, False
4.566399383790257, -5.481054999196763, 0.8888733547685108, False
-1.5379477901768217, 3.536802391136259, -0.42301985052584756, False
-3.3228988616086044, -1.4955971585318268, -1.9845594810100031, False
1.277377905488481, -0.9112756470299281, -2.3301847163523974, False
-4.5475190300535635, 4.987761150113823, 0.42530961360251895, False
-2.1500626139604604, -0.26925321674444813, -1.144577078514373, False
3.038667241846479, 0.1984884060263834, 0.030323567840818466, False
1.040611224977269, -5.319793494477445, -2.4840525434945193, False
5.098348596710677, -0.8596694386144721, 1.0246346255353158, False
-0.09799246201753409, 3.9892662459749975, -2.0248365304058593, False
-4.522558311413361, -5.175873733452191, -0.6188437919777807, False
-0.9558050729252292, -1.4146609907234415, 1.044206785677125, False
-4.151790714565358, 0.41912714093991, 0.642119088878145, False
5.408288765071198, 3.7210272553650157, 1.5971278719821527, False
-1.4362731449166208, -1.648116960040027, -2.3572062634049873, False
-1.2869769967278089, 2.181839870905458, 0.29049497005231384, False
5.7383191364934625, 2.0458635552387197, 2.4685438729755598, False
1.2594450066212257, 3.234602383200931, -0.5267298772705584, False
4.26916858698462, -5.349879174877666, 1.9775120207588062, False
3.8641065057490067, 0.43398578935054566, -1.2811834201241734, False
-4.720090741349767, 0.14718926431340762, 1.4721398375166501, False
-4.072921360916855, 2.609115737476232, 1.1511879361253943, False
1.8713614708385027, 3.633246874948169, -1.536077840382492, False
-3.340245250897817, -3.3228571282640407, 0.8417417936180351, False
-1.0325674055865495, 5.938624085100509, -2.816470299231668, False
-6.119591765661467, 6.281650038425646, 2.255583462193319, False
4.4710494247809045, -0.41971303561600504, 0.04377330537630586, False
1.522165992407329, -5.717544516240421, -2.8766531847868433, True
-6.000021611194586, -2.2312063264443456, 0.9772021556187571, True
-4.130026020365468, 1.1984804205070683, 1.3913511073456633, False
-1.5936888688550663, 5.639080015324884, 2.845224442066102, False
3.046062139820572, -1.314947416043462, -1.429732615346118, False
-4.225387500210651, 5.450579954798425, 1.931059023823713, False
-5.058699309269226, -3.388615642299359, -2.1725838147258294, False
-0.5631248141847589, -3.569525480944619, -2.636185765447581, False
-4.651434205099204, 5.876872683323416, -1.93663556460092, False
1.2944925895280424, 4.6176691721240175, -1.043450370012962, False
0.8528157330481507, 5.353072440321718, -1.0093533633631355, False
-0.3421737394553972, -5.8590050700807765, -0.26868360983384987, False
2.712077387157132, 1.7573432918997263, 0.6307351781254908, False
0.7878147961038486, 1.806336176988534, -2.697976893999133, False
5.3625343685739075, 5.012536465041604, 0.5539193430017653, False
5.812105239764204, 2.6987600853034817, 1.572558380406404, False
4.245280378213915, 1.1695375220778592, -2.8708387656536902, False
-4.967742570387405, 4.521685153688841, -2.784494652649032, False
3.305523212940738, 3.634605356124352, 2.728274167563656, False
5.067490955387454, 1.9210247108828007, -0.44465582991178554, False
-2.140115469933604, 5.400205994388536, 1.7108778146860653, False
3.2751978442226655, 3.964727688324217, 0.5564108975834747, False
-3.5433987535787663, 0.6549733314943493, -3.081930185556562, True
5.192680510428506, -4.3649847483111355, -3.1093444686678744, True
-3.0372916757648056, -4.374318552845261, 0.7492258636619828, False
-4.14446753510687, 2.519440324383716, -1.0747904909043262, False
2.9203911981561106, 3.33312907728547, 1.7103545554749413, False
5.597174667565712, -0.21402423226210754, 1.3458239977034543, False
0.9512934542227143, 3.1971221476651888, -1.3089602851072206, False
-3.9684637165564807, 3.145419961484002, -0.149576682831428, False
-0.22051987443875998, 2.866460368561084, -2.2699047155523386, False
1.675150994472494, -0.8327412097815294, -1.220020343461995, False
5.268817931628053, -2.739005312986087, -1.2872791210117571, False
0.3045021111367303, -2.791643430388593, 1.358560211459059, True
-0.8604164195909672, -1.5545384015422128, -0.3187374025094538, False
-2.022320833281162, -2.37427315390973, -0.6219359972219176, False
-4.951608619982773, -3.401630810559814, 2.9303706930736118, True
2.6822320691692685, -3.239747970014565, -2.0860342855565053, False
1.9196573404568689, -3.6351237931656906, -0.6970956401111756, False
5.199016112787511, 0.4502070600570507, -0.44833527905764115, False
4.206052949770806, -2.865171362835071, -1.5978562985478764, False
-0.2655935249401482, 5.251589805412685, 1.125384286940962, False
2.869847119726508, -5.664210783218397, -1.5004550632534344, False
-0.916905747443157, 4.766605785918182, 2.5657633421493324, False
4.685172137732295, -2.2384829039505867, -2.1117277667562346, False
-3.81447348171517, -4.087374157557813, 1.4376044770844052, False
-5.661123992316966, 4.261430286931317, 0.37616469294990074, False
-3.2712133348881745, 5.278678843486745, 1.955530579375914, False
4.10124813817883, 0.2536393922486502, 2.727936640002879, False
4.074026138438057, 3.0315415873076876, -1.7198734152153075, False
6.0235035936439765, 4.285331779107185, -0.899865681483142, True
5.9041444952348865, -1.9244021188746512, 2.1523613821857195, False
3.964268234138789, -4.135701625379319, -1.1369221531556137, False
-3.809866856972811, -5.2501298083975385, 2.1020936129443664, False
-1.439488865346223, -1.0464428729893394, -0.3712711706720473, False
-4.492739226661739, -2.376781321688197, -0.4840410698763491, False
-0.7099212467299605, 0.6542683625103916, 0.4547462567348486, False
3.374545000252489, -2.0550438482205804, -2.1035973442582128, False
-2.97319967042419, 1.2450171856876322, 0.8287140870820986, False
-1.801743838383473, 2.5344955406514913, 0.5962408735154519, False
0.05561998824989445, 0.5253851605246371, -0.45471930778024294, False
-0.2427284047617011, 1.6227773881237502, 0.08403463396185451, False
-1.7754120921546113, 6.255765699950533, 1.4614535162644726, False
5.260494760547374, -5.820597507710098, 1.6080216945290342, False
1.5757099374334542, 3.189138877424222, -1.8109526840084038, False
-2.231011151837185, 5.423624858956213, 2.9882486235886665, True
-5.4538554606990655, -5.352585854088264, -2.155185550338113, False
3.4256299517669984, -3.857614374100582, 2.331877766109206, False
0.6051533913481064, 4.192661493089396, -0.45479253023787125, True
0.40884389677639543, -2.3944607873730455, -0.04622174486454478, True
-3.2859472148583837, -4.15445802969613, 2.6410410660700823, False
1.2513097261955872, 2.9167657374929643, 0.12082370451017788, False
5.220338378716649, 2.3535138655870256, 2.318519752960505, False
-4.031497706100869, 4.889481846408485, 2.9737729574626837, True
-6.198123995980876, -3.6815431526570497, 0.08580741911465672, False
-0.11495018295310278, 1.3766685318038325, -1.3525571737148436, False
4.069209125515622, 0.9140898686851999, -0.6624752808011367, False
-5.714431042597824, 2.556881210555625, -2.311735965987585, False
5.33765150307036, 2.654930216146214, 2.0172203046224197, False
1.101190136002625, 0.8514188176953494, 0.5370585402717132, False
-2.1113267258294197, 3.0010794314757074, -1.079769131276774, False
2.1130092928874653, -4.8984627739398725, -0.20965365275048953, False
-5.3225135767995315, -4.897056317044886, -0.9186041694412808, False
-5.795403222287548, -1.6533618335333076, 2.580892902915118, False
-3.9457702154626415, 2.4151277735563283, -2.7719393765541955, False
-2.3988452349353726, -0.6108453751961109, -2.500350211104988, False
2.290666243200949, 5.752897501161305, 2.6120223776944274, False
1.115540897378585, -1.485773898287424, -1.4688570960647094, False
5.8830341533152986, 2.9830814137126858, -1.9243324406089652, False
-2.3452436022848437, 3.848163973620853, -0.049340805903959506, False
-2.6706106103348968, -4.023298316259225, 2.038221818867185, False
-3.1169934443478104, -4.229622702102361, -2.531907623019735, False
1.155834854168189, 3.0714761319713713, 2.6058767503567557, False
4.894268949860612, 1.7312439664617312, 0.6977287004607082, False
-0.13928016903914564, -3.652107989197178, 2.4685203387921737, False
4.624354580343029, -0.879480709909525, -0.2275166407440783, False
5.293451756686286, -2.7964184280953015, 1.756390354425597, False
4.4395648396500516, 0.08126914183598366, 1.3368644043781828, False
0.07388485877058137, 3.8651775016350367, 2.1237323924692415, False
3.4641960135139858, 0.047917750037414386, -1.1113403394857744, True
2.0096389680503375, 4.786365844470769, 2.9474258734273864, True
-2.387044193208827, -1.055203315253129, -2.7693351777519273, False
1.109098730535801, -0.08193797332755803, 2.065406930434526, False
-3.705681461285297, -1.2608432719761389, 2.00431180316627, False
5.990302073721088, 3.3266963423006235, 0.4084787126339968, False
1.0535032595426088, 4.243225512911028, -0.9797448236821724, False
0.7593096270193778, -3.5323873555990324, -1.2153868310328757, False
-5.791028335536367, -2.7858054199140194, 0.39162598901973444, True
-3.1815822333907398, 5.083013994545221, 1.1495595294151775, True
-3.8855925225306507, -2.792560759607325, 0.06946420543536602, False
-4.767715749565295, 0.6279233936656015, -1.3238498415926272, False
1.0236951485884491, 1.8579531660676736, 1.4676666522475905, False
-6.056845063377316, -1.395308624773337, 2.3383166592368934, False
-0.4936830904995322, -5.793813261185393, -3.0141755202006992, True
-4.380013272914448, -1.3954916393986743, -2.140441314383099, False
-3.456189862208589, -1.8221572209473038, 0.6541961809031727, False
-3.601030860194428, -2.9200206725729743, -0.16214852417783376, False
-2.395768410589529, 4.001666592557443, 0.22152358734624666, False
-4.164257058283862, -4.692459476549339, -0.8300270189743264, False
5.1634756292869035, 3.022806715987171, 0.8538659198574723, False
1.70617777440724, 3.143298638101637, -2.0270070898529133, False
-0.19171204806206088, -1.0815465299478646, 2.2316578339878186, False
-0.7587689380868552, -1.598092672253716, 2.61505407607401, False
-0.08158791762445716, -2.0821910485648107, -1.775418633198487, False
-1.5417628496620068, 3.963221856723596, -0.4653693537211163, False
-5.737285886979246, 1.846927097716005, -3.099568853717289, True
3.2744258693187387, 4.068806755757656, -2.385639809125157, False
-4.045915793576922, 3.8545376326259415, 0.9545083334653715, False
-1.8985352542651848, 3.0827121080488826, 1.2339452871511778, False
-6.0935915285253, 5.486726409107009, 0.6874158139285984, False
6.028650601806319, -3.3130318806309242, 1.3317013237925748, False
2.3959704347254913, 0.4070787667408231, -2.320064423295168, False
-0.18225155480379396, 4.720320877620173, -2.813045655514045, False
6.1222064684705675, -5.493289477465429, 0.22725288255879672, False
2.836494382815639, 3.7055082817461145, -1.7780609076444551, False
0.149579832580244, 5.016523752669086, -0.770605166848485, False
-3.703095943387384, 4.823096864104636, -2.0228660945120716, False
5.581985099175471, -1.3699197918165877, 0.5486254846763341, False
3.9034064639627744, 2.7706128608859135, -2.734007459228976, False
-4.76495994407359, -0.8663773789751126, 1.2402838226696478, False
2.209923854279481, 2.596177572262338, 1.0226462053660326, False
-4.189203805193917, -3.4725697217247014, -2.463848733296221, False
3.8501755262432322, -5.360062855946477, -1.3318528995256753, False
4.041739493968571, -5.207586795988626, 0.879722790323159, False
4.825593381777555, 5.29461799336034, 2.6769048546522747, False
2.0238569882452424, 4.845222881102444, -1.5468321348634149, False
-6.204023606601425, -4.663772813770353, -0.4540765952491519, False
3.2304529081104008, 1.8601489912802336, -2.5592042739020275, False
0.3180503911895647, -4.582303726644855, 0.8474936199793057, False
0.5328398308292384, -3.0323648319451415, 1.6581388072835361, True
-2.7624548838903347, 5.727964145857003, -0.5950501065931135, False
5.435458747895808, 2.3000167297006104, -0.4983272176459508, False
1.8184092045200249, -0.5072547330744417, -2.3634963279422383, False
-3.536000488686851, -2.2867920973179534, 1.8622606990049713, False
-6.11296109491852, 3.69224492327586, -2.461959114791315, False
-4.489459569528073, -0.02341811369494451, 3.13300642818884, True
-2.6412231981307053, 2.3602383464452235, 0.23205024145246345, False
3.547618012600262, 5.467803344662121, 1.6086598271711265, True
-5.483147745303007, -3.29537991141742, 1.1242528178290323, True
-5.164531936435925, 4.4563867330436135, -1.116473143714447, False
-5.666168931479645, -4.493900097829583, -0.10856480950802228, False
-4.470551006542237, -5.735095210989594, -2.7204545629835852, False
0.3372441462386462, -1.1715051847179954, 2.93389310328637, True
0.18417296527138305, -2.439637673210389, -1.436781489177248, False
0.14371303705357885, 3.41470476430794, -1.6702619403520578, False
-3.8948442775474397, -4.740349632859425, 1.3750089281883318, False
-5.127168489543218, 5.447639419848359, -0.7093986116321642, False
-1.0662995616923716, 3.4561692745342185, 0.00031952086024356063, False
-2.041608359724637, -0.9899650546564578, 1.346718437875733, False
0.3760032065211165, -2.722612563509087, -1.4856552061377397, False
1.9371878199113084, 4.922074078797483, -2.7258005965962395, False
-3.236166051094417, 1.6171741772073105, 1.1071149827757951, False
4.414693010000063, 2.423186435071548, -1.2610076572568487, False
0.7973817541447072, 5.068319753296404, -2.471492550851634, False
-2.842475653848841, -4.8667777382203825, -0.5327460716698855, False
4.524547946747633, -3.952561364694366, -1.3625833688888778, False
-2.0563416856500334, 6.097324732746493, -0.11026333862125748, False
4.511433996476507, 5.574261667859938, 2.8406916306058188, False
0.16627748847353363, -0.7816927871865831, -0.9820921073383433, False
1.5923240539245844, 1.7633244073042356, -1.2498029168162001, False
3.824011770030973, 6.004462421656159, -2.6056183546882874, False
2.069383810550013, 4.258112433187257, 1.4271002758651061, False
2.5200001440593027, -1.667014642052493, -1.6201341913141676, False
-2.03047128355968, -4.072397090003793, -2.364745451744911, False
0.559774030797743, -3.999952256200013, -0.9898177211192678, False
1.9350645038453962, -3.672177192828528, -0.7231308272280836, False
3.9530352338579338, 0.8867670177113443, 2.435995522533477, False
-4.102834446012993, -5.693899348654088, 2.5119400412049053, False
-5.22355581413284, -3.739622686607515, -1.6977652502337885, False
2.9276964237979985, 6.047610018393973, -0.8988351659285834, False
3.081994503004834, 0.13532984131159242, -0.3902726322673984, False
2.558363942193825, 4.423137972565327, -2.079341396263859, False
-5.771024726358069, -1.939106568170577, -1.1443551807645926, True
0.8407741954507149, 4.1843908546036825, -2.080430329953531, False
5.597634043545735, 5.000353214147713, -2.2156413458463327, False
5.270609130424713, 3.331927045610618, 1.040952642868529, False
-1.0773826109851843, -0.21217177765492146, -3.0681345487427776, True
0.7501229614063529, -6.139463857741313, 1.7522646900389711, False
-0.9400075897647611, 5.670897809392532, -0.004014265106787818, False
0.13356334859823793, 1.2577896212082207, -3.1241917745212158, True
4.549779219805611, -1.2585460765461294, 1.9538542802238483, False
5.541025762269202, -0.7174272450336181, -2.783167650365379, False
3.891144673939273, 4.477831588472423, -1.4308026521850137, False
-4.072515689400776, -1.5271648531003184, -1.590789143533223, False
4.698548441493601, 4.498473908407915, -1.131775500953244, False
3.8532271360537305, 2.4765255184970734, 0.6553048872539349, False
3.9009503551155795, -2.4860239604475547, 2.8415511165274063, False
6.067801196354617, 5.675600789325895, -1.7209517660354252, False
2.5591399488334776, -1.0300468597581816, 0.5436323793097464, False
2.02656318958738, 4.9287622294060025, -0.12018221789984329, False
-4.008464858834638, -0.9419648555226692, 1.9076956827892735, False
6.220718748337154, -1.195088277031564, -2.8068624289157826, False
4.424924769112582, -4.143584388802605, -1.0939188674235285, False
-4.233840661087638, 2.1796285675362093, -2.121825705219269, False
5.790101456517958, -2.9979732919755233, -2.8668171071928756, True
-5.7422702793014775, 5.094257478837552, 2.013908922806972, False
2.0986814326916825, 3.9829004786186957, -0.3601458476900814, False
-1.6975515845413902, 1.2193281914361718, 0.4225187587074286, False
2.2178369359520946, -3.479832686724746, 1.8556039919671283, False
-5.031654923551696, 3.8503245330140583, -1.0410571221045757, False
4.146784954137747, 1.9861756053737718, 0.8379816256899248, False
-0.7828620951571246, -5.017230491311192, -1.6696959866010956, False
-3.821326561211244, -1.568311175881946, -2.910511203454766, True
-5.741732452687799, -3.554935701183835, -3.071587285725195, True
-3.344720685042792, -0.26522734085080657, -0.8441565297906863, False
4.913012809061433, -0.6932395090620718, 1.4891677318907437, False
-5.80965867909976, -4.869461983996563, -1.1922642950174407, False
-3.609299195487901, -2.7624857659795703, 2.8903716715734458, True
4.419908663290972, -5.200426234559045, -0.7581944900648807, False
0.40480415944813863, -5.420512143155828, 1.329890450707719, False
1.0805315958640778, -3.716335614827227, 1.8416742376452113, False
2.218588406699215, 5.420457007416008, -2.8541407017982525, False
-6.024135368651995, -1.012762718074507, -3.0578541105036976, True
1.4389648536188435, 0.35708332763745343, 1.6370403780721139, False
0.90254557209804, 3.528018086246261, 2.9387347474155847, True
6.060292606379615, 5.042853333835884, -0.7477104394797509, False
3.8106955119950214, 4.581244743015381, -2.2654901317976535, False
-0.7188956927555052, 4.944574132361133, -1.060146858062387, False
1.9597651807940135, -5.539130213622729, 1.0383326295594184, False
2.907926447388629, -4.2143942348360275, 0.4474727749443126, False
-0.1640868521275518, 0.014079305340503723, -2.390422541854616, False
0.32353757617543266, 1.9472467025935778, -0.23745885742596817, False
-3.975230989303454, 1.287407503844812, 1.2539984514969778, False
-3.4931866261850044, 2.68483734661803, 2.077762876831411, False
-0.8691772608139265, 5.250656872724539, 1.9360888102759937, False
3.0164249495417703, -2.7433084912378236, 1.8577533603654528, False
1.4428210300485622, 2.7537170554298207, -2.1526822981253453, False
-2.1907018648027288, 1.7175349843818992, -2.4934784304926136, False
5.952954104971914, 1.7406181996993428, -1.0798112099928399, False
1.2040100196410748, -2.0783761378437298, -0.5968620802650637, False
4.442114121064018, 4.716382987022552, -2.3967565488577054, False
2.902898714623909, -0.578160145243718, -0.051195334208129495, False
4.039122242561563, -3.7297673368912525, 2.0036293539190293, False
-2.482341915804129, 5.3190960659314594, 2.9244542713745867, True
3.3369130227187007, -4.041167611349572, -0.698739107575705, False
2.1562030624162247, -4.391649068135345, -1.6624334833796857, False
-0.514716927314935, -1.878219436574101, 2.128161841464417, False
0.6907795652970874, 3.8815937644478726, -0.6500131711037778, True
1.7156019632651764, 4.574573773142992, 2.552602011043306, False
-1.5989194507909055, 0.979694073929509, -0.2922063853376784, False
-2.9503491120334053, 4.503656403708247, -1.1119013099733355, False
0.7182815004847987, 0.2236152203748878, 2.855163092899958, False
6.269958726825738, -2.2772780314304493, 1.2682592882295287, False
1.138880974328547, -5.608705822968336, -1.7810715326331419, False
5.457733885280689, 5.458099886740252, -3.138869659094271, True
2.4136863915148705, -0.7767288781274884, 1.0895305453458688, False
0.5251599383649248, 3.4327314660736707, -2.3771120519366056, False
0.10822618945337403, 1.1397217519136218, 2.0431794536223986, False
5.866753411245565, -1.6033953584886556, -1.6535378949408943, False
1.9929598166031486, 3.9466537400008086, 2.2456360855710846, False
-5.628512324129432, -5.678039987736687, 3.008101264868098, True
3.649659629291847, -2.3840992446256886, -1.0337531601712198, False
-1.3568843642991393, -2.374713403452394, -1.5287690721816687, False
0.16388507988637446, 5.474870617282074, 2.288351065222023, False
-0.592317583381373, -0.8888301322906349, 2.898678069259348, False
0.7757129818365858, 2.3732356332542466, -2.502555970879553, False
-0.3495457708214147, -2.203653801853454, -2.8655409142583603, False
-1.1127166801978303, -0.3412287733261188, -2.8265574925603927, False
-5.14890709489376, -0.9209810364183095, -0.7734641158661435, False
4.176481740348482, 1.8519949615414149, -0.9822992191959372, False
4.355381726232997, -2.0290447069296045, -0.1458943571426885, False
5.603466597224903, -3.7628814846260386, 2.93726685150705, True
-2.069874867557762, -5.101806597072247, -1.5408411344798914, False
3.706409837835791, 6.131397269206914, 2.4033227905723242, False
-1.2646105360860957, -1.2275234889604443, 0.7646306185995093, False
-1.7472279018892252, 0.23089513946127127, 0.4160683477115259, False
5.956398218467006, -0.0386290462570269, -0.02476517335704642, False
5.944917909611753, -3.135516402136728, 1.6159833756014947, False
3.9735945288706684, 4.1054800305150145, 0.7737441730988635, False
-1.7475522727378063, -1.4943165752683933, 2.8149745494981264, False
-4.168855636911857, -1.100261935630658, -0.8980407809628721, False
-1.6459685851029686, 3.973148017484995, 0.4454568212828067, False
4.183474453148339, -1.9553559795897897, 0.985524173080842, False
4.0784367008819, -3.591877450397847, 0.2116623570796361, False
4.801869905652911, 2.025706558975381, 0.03465833508886673, False
-0.058417834356156106, 0.9622942037778017, 0.8787427843892006, False
3.125787308005572, 3.476317548561102, -0.6377376974618758, False
-3.3675971590267593, 6.040489497138392, -1.545191403486313, True
-0.5602779863902576, -4.547044353830999, 1.984579305960402, False
0.5133242649049592, -2.532267038745117, -0.8254436824821187, True
-3.2394259753421584, -4.231403425263869, -0.25662237351766404, False
-5.507770056092332, -4.36477464113063, -2.337385332892884, False
0.8603924783020904, -5.893969072427898, -2.7937190997553207, False
2.0248503151119106, -0.6534403909169137, -2.1112270482858038, False
0.229848583347958, 6.064005803754972, -0.9279116431477443, False
-4.63479681567771, -2.1811972676054285, 1.3045993317458988, False
-1.3184180264886933, -6.143076519386127, -0.31492164943918066, False
-3.237276722229699, 0.6676750078362739, -2.3044695439648852, False
4.1767655977869325, -3.7246849180880535, -0.2631003249979549, False
-2.3459277253753346, 2.7579276418187213, 2.7396551217392764, False
5.9264208808870595, 3.07029036860267, -2.7538171578099795, False
-6.061705294627823, 3.481870559827165, -0.6349259138282934, False
1.5015364771066269, 2.9591032461036573, 2.092006244919115, False
0.6148251182856157, -0.7604814961021349, -2.6555059639623226, False
4.329748686618007, -2.344638297955144, -2.8873873436804853, False
-0.6900579882153144, -2.454206037588476, 2.7235324967094012, False
2.3866919363678694, 4.598352774586447, -3.0946564973354196, True
-0.4835528819432078, 4.255545181208797, 2.8375778010821637, False
5.218841608157296, 4.005565313235955, 3.1379551884134553, True
-4.361502191376729, 4.237979131751516, 1.3587156487367897, False
2.303125536319186, -0.9810967883485002, -0.04879895300262138, False
3.2459245813137017, 2.81002321554222, 0.9699157525054698, False
5.698001855023371, 0.7052044133158146, -0.9484487325124094, False
-4.085472261796977, -3.7862685028829, 1.6510602484064743, False
0.30028316410098466, -4.669479248499296, 0.4169556772669636, False
1.6756546976885405, 3.1403159348486263, -1.7079438093602775, False
2.663311508001554, -3.889456140389305, 2.4002840546514994, False
4.24032791824416, 2.635129741830651, -1.8634312750265407, False
4.235475656941205, -3.22106624757551, 0.41124980760568697, False
-3.0987346822814117, -1.3663245972797622, -0.12617495893507558, False
0.796190259484197, -2.2175733369783277, 2.366522432437444, False
5.6896269359978096, -5.66397723530436, -1.7087157375840258, False
5.361301252609898, -2.8523091810783177, 0.2659233927269309, False
3.949804562331156, 4.769192123368377, 2.963948901070099, True
0.2105171436582136, 0.1587124267051525, 1.2830833231487722, False
-4.967819906926387, 4.037863307933355, -1.0972822562631506, False
2.576051842349928, 1.013191376138617, 0.328327047484438, False
-4.096671314051516, -1.8076361567081873, 1.7106471594981647, False
0.08734974025507114, -0.7793499406984958, -2.278800079094566, False
3.777206596778033, -3.489149172991727, 0.7013405112691293, False
3.8665528719074587, -4.592526383457336, -1.7596539734887513, False
4.661690561447033, 3.73196447248918, -0.8127898793794532, False
-3.6870117493002135, 3.809572163774572, -2.73477046369264, False
-1.8658023216020743, 3.144164545080409, 2.481934422186736, False
5.450246180625104, 1.200896536057643, 3.0226341112722057, True
-2.6792405244375583, -1.2004031570916158, -0.9088928143898838, False
2.9660698487117987, -4.791239330917325, 1.8766119040050775, False
5.2512279685229935, 4.919546180432212, 0.8500072963151575, False
-0.6142040343391368, -2.6219657440707977, -0.003534777841265324, False
-5.938386985162986, -3.235523644372864, -2.2779958627673382, False
5.910423589142704, 0.14694999546212273, 2.3514918876962154, False
0.424833457121796, 6.237630933652163, 1.6422197512747951, False
4.013737779652065, 2.025365873107047, 0.5275364156720941, False
-6.22724174394441, 1.3253436677153712, 1.1237502170776867, False
1.2525866476829268, 3.05414916722275, 0.6877878342785579, False
-4.020967387088528, -3.9759166636263443, -0.3760429304152577, False
1.1654526906324847, 1.4290606530131065, -1.7730003478794658, False
2.070586801334624, -6.102531407408099, 0.2737280891263869, False
2.1055793651024253, 5.422005793546557, 1.0520276424524697, False
-3.7977448662660374, -3.189501692465321, -1.2799364031508684, False
-2.3871536071056587, -3.999906680151154, 1.6079316435407378, False
-2.166182081603915, 1.3816122864870746, 0.4111890719986544, False
-6.177308946656744, 3.6911256556399987, 1.5598892505703326, True
2.313125516765135, -5.967626317607462, 1.1141691604757966, False
-5.516111927720121, -3.304518157052597, -1.4239486276517463, False
3.6039143305904915, 4.358583588978414, -1.0698653430390084, False
1.9246096586483112, 6.227619684125948, 0.13584834000611856, False
-1.9077101579403246, 2.914549418756314, -2.706915700273628, False
4.22176407585934, -4.154857219322578, -0.8785443064451268, False
5.48130632557832, 5.3504348734424525, -0.746315570548203, False
-4.636774024355149, -0.7193042826960294, -2.2099537737785346, False
1.4429273259249769, 3.7660589904083395, 2.553217590166998, False
5.971002245007137, -1.6374154387018152, -2.5647504667933534, False
-2.476091025780193, 2.1502267090176517, 0.7585086386502513, False
1.6162286555342575, -0.8974961286400314, 2.158580659725283, False
-3.4023957323812226, 2.2985616333212793, -2.772599051149848, False
-4.1234450560065845, 5.703820254597769, 0.5183379340426506, False
-5.7302106463698985, -4.215867564632488, -0.2524286993478895, False
3.745026164482594, -2.9396644736218196, -1.2689662594795945, False
1.6773986724158876, 5.357292116732022, -2.6563023247328585, False
-4.526388246624737, -0.19091970138647785, -1.8011928194435878, False
-2.3693346565130713, -4.008469972243251, -0.7357074216182546, False
-2.612599297947633, -2.1137039257196033, 1.4546761032488487, False
5.41949703171592, 4.707269259063715, -2.873982425568173, False
2.3238385541818474, -2.7364781972940024, 1.899650050764043, False
-3.138601506331593, -1.7099816052739936, -2.025423033415733, False
0.8178309305098175, -6.120452197374531, 2.9134282443348, True
3.403284035389186, -4.22963637302168, 2.680645905601521, False
6.252429837958719, 1.2893553831798759, 2.7622813338365226, False
0.947894823729194, 2.6173833221998315, -3.0539058007377333, True
-0.01178667666423383, 6.056452494952373, 1.905291910861937, False
3.327467608677713, 4.4703694206812905, -0.34460098418859175, False
-1.5206276273094028, 4.002264199124564, 2.341754066369293, False
2.4494346026744918, -3.3585718583194186, 1.4803748951699776, False
-2.283227450405885, -1.052800899101486, 0.26127421045380794, False
2.667231074096147, -1.9229226260426167, -0.836635636882749, False
-0.34046609662785343, -3.073250872980556, -1.8021187815333848, False
-4.311750399579921, -0.8413674464822867, -1.218218193885311, False
-1.786882748014297, 3.561608110435989, -2.8262730555783144, False
3.074944751529509, -3.961996425118447, 2.9736509393164816, True
-5.168219732303932, -3.957319193391889, 0.5045569261145131, False
4.515330634503947, 1.0686724437510247, -0.2369294831142983, False
0.688290366256493, 2.662134702647162, -2.2489910072896873, False
-3.9518418103538098, 4.2709654015279135, 1.2567652610099653, False
-3.338984814435617, -0.1866914356390863, -2.907148565090417, True
2.249691011107412, 3.0126788282839954, -2.9942500436629684, True
-5.955147150953495, 5.80930821916202, -2.0065036974192063, False
-5.366358221725372, -3.274774153056727, 2.145613425743254, False
5.199677515124348, -3.797977907263462, 0.8880244997802631, False
1.8644437222246069, -1.7766328250257564, -2.5232038270251795, False
-6.069360201840412, 0.0007237989243540355, -2.616742461951122, False
-3.3849219324197715, 0.32257383487274094, -0.9324365500581346, False
6.000197998757397, -4.201050584388248, -3.103242908967764, True
-0.4044176722215562, 1.3087061232763206, 2.519598777741373, False
2.7342848691281247, -0.5094589653136712, 0.4509557919940823, False
-0.4403968092490871, -0.2683135592415047, -1.3665431227972233, False
-5.5251541404322, 4.037259569462524, 0.1837605494510237, False
1.2372986790820928, 2.387017354469176, 1.4608901095435982, False
-5.091693287283386, -3.033543471810671, 0.2766556597599217, False
-4.620530301079691, -5.222888106620614, 1.6310489955863012, False
-2.7152273356970573, 6.06247362732428, -2.5014705677971176, False
6.167866397482539, 0.8264718289206705, -1.5480753494646253, False
2.4586238281698964, 5.591181168488069, 1.613898543195912, False
-5.603961376205605, 6.1706328457866935, -0.9550891266773331, False
1.0454818174329699, 2.37933960825654, -1.8302039702909167, False
-2.5662672526525117, -6.1391440625638145, -1.7589207375846514, True
-4.045369617501288, -3.6648950375958833, 1.2477198099149076, False
-5.069448016515634, -6.268985307148467, 1.802995122848822, False
-0.921327066824178, -1.7754212754711114, 0.6422077781507372, False
-3.528425841538264, 0.7414830915695019, 1.899060733672905, False
-2.4520800582020432, 5.38170831219964, 1.5302555359131063, True
0.4887550151567277, 0.7938387952245298, -2.3308727556892883, False
-5.8078891355801705, 3.933761111610293, -1.9069609911528016, False
-2.4296723376847322, -1.3433627431979804, 0.2734414435204813, False
2.184381726137776, -0.1011133173819152, -0.09091955425573905, False
-2.0747274216954974, -2.497286276447357, -2.915316926616048, True
4.08987300440732, 3.5067257500217632, 2.533755172643806, False
1.9205039023802275, 2.0272620269596526, 0.5189173797438347, False
-2.933120313575392, -2.756457780833596, 1.2240147763670643, False
-1.9758027774054305, 5.308036065824933, -1.0717182800801344, False
2.932480002471266, 2.2418324243623253, 0.02975677545060096, False
2.2717336092918927, -1.5635467399740106, -0.555094535202608, False
4.309609960906693, 4.184311197429709, 0.7350575946904203, False
-1.9375612666930655, -2.63948211952541, 1.3174615317726044, False
-0.9890052526977957, 3.478123756794771, 0.14184392996853212, False
4.974968026695157, -0.3052224649000772, -1.5880805206470114, False
-1.6431549414027966, -5.603103355114264, -2.7737144732154357, False
0.042879683119861234, 5.389314418145103, 2.346482851480477, False
5.042180437514164, -0.2884222818595701, 2.039694678425171, False
-1.26397124266484, -6.1357972689091484, 2.2921399351755998, False
-4.315587633560047, -5.063987225346969, 2.951302943624844, True
-1.0958445740850227, -2.6177699115370343, -2.0639738654040976, False
5.3316395249777795, -4.73078369102091, 0.8052338484965138, False
-4.228189533520444, -1.377027589360008, 1.5787047593760049, False
-3.8330688242324786, -4.606202783642036, -3.008558507512635, True
-3.4450927742765716, -3.619954513849129, -3.1358217999962608, True
0.6403122814708047, -4.574101965100669, -0.7855717805295668, False
-1.0762341128288897, -0.8086130878019251, 2.776120975599617, False
-1.3737084336016148, -4.615490249071329, -0.3032390012609114, False
0.842665590642258, -5.1530582148486985, 1.592530852739837, False
1.161797151674695, 2.07009353167331, -0.28219494543432555, False
-4.916927205501544, -2.234556832635038, 2.485606916549475, False
-4.922857141136688, -1.105042728301707, 0.08409307724305082, False
-2.9962244304355914, 5.6373191779122, -0.14940914566973085, True
4.883580705579618, -1.6514286519809138, 1.5051967726102378, False
-2.0948677360998023, 3.314011005527391, -2.3251710419947416, False
-2.667894730431911, -4.198654681618818, -0.4021027026644819, False
-0.6494088097653528, 4.014623872892903, -1.1309527070574323, False
-0.056156087156739254, -3.015176167885452, 0.7777994137007993, False
-2.89488117550139, -4.963458085519296, -1.0600408511321198, False
5.102784405542918, 5.379130482651519, -2.2497097038252027, False
5.416965553791897, 5.715482103425314, -2.0769883895832866, False
-1.530202370528757, 1.9615857958982357, 3.092046263915017, True
-4.276580094541141, -0.46766980305836636, -0.7757680683434942, False
-5.474535178408849, 3.2770404982088532, -1.266242464797463, False
-5.480367060420304, 4.3997069514391125, 1.8424243269248004, False
5.581262028904838, -6.218053795679627, 1.8630378830048029, False
1.8300743249181508, -0.6949330229380353, -0.5635778175067063, False
5.174062378775945, 2.1898033006822804, 1.8517434207985355, False
-2.9759130718083076, 3.2330825091137196, -0.604560731272461, False
-0.3759963534714226, -2.351522929556243, -1.2041690076170706, False
4.170071734870678, 1.929506021887315, 0.1704505619168426, False
-4.923471955886976, -1.411895350691963, -3.015255210708928, True
3.3941664118332255, 4.168171068151288, -2.454831780672987, False
-1.1107981371480085, -3.2216400266254452, 2.0464372661489634, False
5.25666040706221, -6.091930961920975, -2.9791437950768693, True
-0.5771081331085277, -1.253426555972455, 1.7353915479385629, False
0.4157342866550735, -1.408028185260461, -1.386037769621621, True
-5.778889910314387, -5.849641562222543, 0.32904727690004876, False
4.6485967981142515, 3.1449465094408, 1.8023905739734358, False
1.6614695351963782, 5.079718185152322, 3.033367848648319, True
4.179868265992324, -0.8577777758801224, 0.3174697717241539, False
-5.232466026122038, -0.858819888146698, 0.967084748620743, False
3.0424499850738957, 2.0682024651442674, -0.07505598686303827, False
-1.6020300563012322, 5.5238462057536015, -0.7270674329019946, False
1.0962605117809172, -1.2215144830458922, -2.259144112867775, False
-0.5103071741706549, 2.175728488349634, -3.087145348770337, True
-3.524998860934943, 1.617445911537878, 1.1259009741347796, False
0.31200196011433246, 2.2552628170829454, 3.073698882365763, True
-4.9834013304603815, -5.409482850445786, -0.8593684743512209, False
0.8773255742086823, -0.34829611067259947, -2.4461865961625393, False
-4.481368010855587, 1.7748223743706326, -1.2506193077675116, False
0.3449078728660018, 4.518898913734942, -2.0581138968062476, False
-2.2128325515738885, -2.21181543570525, -0.7883571824189652, False
5.312994947875035, 5.021427824261838, -0.41675442762363746, False
3.2317007543540335, 1.2814850086406686, -0.8010510203949401, False
1.318636136183259, -5.013935605543692, 1.40123573868817, False
3.754267738936443, 5.282777737024949, -2.5605086705392135, False
5.029158640710522, 6.1738426787626715, -0.9219714436066844, False
-4.804102102175487, 2.771000269219387, -0.19138283911908394, False
-1.1377602615389666, -4.999396228616035, 2.0409368524493505, False
4.483415704573192, 0.14065613403498745, -0.6903646159297576, False
-4.302880774856026, -5.352708120863992, 0.46090183436809573, False
1.5160388837116106, -4.614985763683073, -2.547400288963433, False
5.061535150475981, -2.3713274760239074, 0.012631748323163272, False
-3.2983784572802315, -5.585386204717277, 2.165454824060838, False
-0.6668224930559656, -4.308835335056031, 0.0848627026871065, False
1.6354136128807868, -5.694508386703684, 0.6270289246788918, False
-1.7254303347193192, 4.983194385648691, -2.035676545031377, False
4.434946608421507, 2.1982428579230593, -2.723769934430777, False
5.968309698520727, -5.5488329465517285, -0.6670084471562876, False
1.886160300030312, -1.801057243796441, 0.6610510049666449, False
-2.251050373489928, -3.0667905504894617, 0.02890513273016282, False
-0.493065913303095, -2.2092446632505025, -1.0395798063425472, False
2.3236810396729286, 4.882641587129212, -2.5301201746526814, False
-0.9146092799401719, 0.6810312976217299, 1.603284379199052, False
2.231055006684711, 2.3531029978949274, -1.6173129070393553, False
4.145446951431628, -5.535933161168367, 0.05501897653007726, False
-6.047809062752695, 2.8250058532514615, -2.6200193004273835, False
3.712156134106621, 1.9110084102372245, 3.0130160177548246, True
-1.9033906874373887, 3.462660634648751, -0.5176825141518355, False
-0.5606863336666361, -0.10422524403298006, -0.008515802729377242, False
3.166323417781374, -2.5672714366810676, 0.3511502586225972, False
-2.226927010284691, -4.336217729377872, -2.1137105503015787, False
3.089936758094094, 5.532940634517864, -2.302671814233499, False
4.7899561719644925, 3.304725881474912, -0.4326315294207874, False
-1.6963588680576036, 3.661886121426715, 0.360879656375221, False
-6.183714486703876, 1.0646642700358298, -0.9357477425972935, False
-5.447823043813225, 3.7494284406459393, 2.2566459543611126, False
-3.665379999007745, -1.5839629362847196, 0.035257942793147645, False
-1.9512670459779304, -6.159005365397625, 0.1346384114910717, False
-2.4534993817654978, 4.419250642402718, -1.1364872899395762, False
4.625087759090015, -4.009984829932491, 1.4541568810913335, False
0.9036776095113996, 3.8778452033080253, 1.274924295177481, False
0.9614365487611831, 2.9426175220171373, 1.882031498689873, False
-5.667516108867254, 0.9106663755494742, 2.0145575108644938, False
-2.094427583082914, -0.6352325971075592, -1.9500153401168763, False
-1.9657059324512742, 3.367142420139995, 3.0989975207941205, True
3.3027760971616633, -5.359467541170595, 0.0942554596788141, False
-5.308009425854205, 2.9738168637442666, 1.9857686332588695, False
0.014429923895624697, -2.4046972284386174, -2.7637976193164118, False
1.066698385223586, -1.1023673872116744, 0.7952272322437444, False
-2.4759709759154376, 0.001626776208794034, -2.844492339944235, False
4.038512118992333, -2.2222952599380204, -0.9938820771586698, False
-4.076479318974986, -3.6991612345102625, 0.4690775226971855, False
-0.21555535073026189, 4.787395790965126, -0.1858535244623698, False
4.183937750520613, 5.592985926817212, -1.9058912662885514, False
-2.1556990999757986, -4.309083710760119, 0.06111365211885955, False
-3.0753937714114743, 2.492505750708533, -1.4018701694001112, False
-1.4631345345646025, 4.769568976137736, -2.016211388409516, False
-1.8073175075630799, -5.580532947622387, 2.167760766900015, False
2.5967695657893657, 5.038997078999138, -2.374379248841592, False
-3.5452161321628313, -2.568442932444181, 2.3887299309533585, False
-0.3833596395458203, 0.47487311745566263, -1.4679486935181345, False
3.7366495629889567, 5.622978435802969, 1.804750277934967, False
0.7126138532765083, -3.5024351206031525, 2.538715872404313, False
5.5361877569408104, 1.302570111299259, 0.5674805862870986, False
-5.121219842807156, 5.8140644373243475, -2.1110206309877375, False
-3.947190974438236, -6.024102201503492, -0.8011771509313119, False
3.969902765500027, 5.116923119505607, -2.028917543695364, False
4.093060832739308, -3.0933388219266225, 2.9270892996089497, True
-0.6826431123170016, 3.4878812226131988, 2.5997214882160167, False
1.2158898080613705, 4.4059094754600245, -1.6242061000398105, False
-0.6288128350192226, 5.512097801015747, -0.2726867309221608, False
5.053719573484528, 1.3793327926762817, 2.96883743724099, True
-1.7221815217034413, 1.5513175368130572, 0.06047095175910844, False
-3.0778429239123724, -2.726256173082978, 2.4894802515596597, False
4.833597472013182, -1.4572951123277473, -0.4774624050698848, False
2.4197274624192016, -4.354922538826019, 1.9413589967536504, False
0.813909770480505, 0.44616774979867824, 2.1409575544534656, False
5.7457764319914, 3.1696377499543384, 1.5648533049549478, False
3.5130691330056774, 3.5452595766269894, 2.212099498460433, False
-5.748359387847002, -4.751768373199553, -2.1969029925313146, False
2.7041530006818455, -4.594797824250154, 0.8165583978955966, False
4.860265250264689, -5.759730602161977, 2.0325615208165893, False
-1.3148369847662806, 5.790035938254192, -2.8444530115600886, False
1.598623596171059, 1.2801381741730529, -2.159700725535183, False
4.763880592641698, -2.7350331341155227, 1.615504239760936, False
-2.4015897255028613, -5.30897635345144, -2.094051255485036, False
3.2961062885169348, -1.920115854498941, 0.9772143688441961, False
-1.6158664485528904, -0.07677656682921263, 2.402749097387602, False
-5.7876742647833055, -4.342323366264125, -1.0962244650515642, False
-0.24090213644386171, -5.221801132492402, 0.43774272805046754, False
5.9445919683479875, -3.6003728659426573, -1.524434829571271, False
-3.248470643803052, 2.0000639384660204, 0.37641620894177663, False
-4.323453127711555, -4.016908091170276, 1.08729321293528, False
-1.7187278449610863, 3.346828272977799, 2.0594786844493447, False
-3.7772943157422993, -6.015745293474421, -0.7459032658189422, False
-5.889250234989887, 4.605359378492292, 0.48729296570124303, False
-3.347146554176364, -4.338214570681126, 0.8034030433130321, False
-6.241215830499957, 1.3823748576931667, 3.1304508989768847, True
3.0929278322068274, 5.120562078547204, -2.801598112976337, False
5.49993199401516, 4.662847454043877, 2.461801325313016, False
3.6056772621785758, 3.164977141561028, 2.341211138805897, False
4.9866788125078525, 2.0192939684984026, -1.48588307867192, False
2.8543082731581872, 2.04532483809132, 1.0824670813527009, False
-4.331325098382058, 1.7100838160793632, 1.6578071090919035, False
5.101355914918493, -3.5177269161254303, 1.743543270776005, False
3.786036779324034, -1.78259683257322, 1.13726687756692, False
5.775229898315134, 2.219183187257034, 0.6370569933695576, False
-4.6001127550117396, 2.372287046967392, 2.9999720691003944, True
1.5350152656338931, -4.950996303949356, 2.109483704212902, False
-1.901304839253533, 5.801152401855754, -2.042357427707686, False
-2.9670175357440507, 5.932054453054622, -1.834239463750395, True
3.7656498047880618, -2.6434148722053967, 0.9681284365683016, False
2.9352209675166776, -3.0548536126957884, 1.854510846304791, False
-1.327709921961251, -3.2416478711270766, 2.9591893064498835, True
-5.644293296942488, -5.611529844542195, -2.7678509875327064, False
-1.8074986817962237, 3.877559122014002, -0.8466777362537798, False
-2.70679041409741, 5.704763469171249, -2.783197060356542, False
0.3842083706989552, -5.614331331448279, -1.806893707257551, False
3.563841616072189, 0.3576252233862638, -0.16324198475378937, False
-4.832279673346033, -6.006978801217065, 0.9793113845734815, False
0.7786771338634741, -5.915070141045888, 0.1355702997432493, False
-3.1879344801445604, -4.166172594532325, 2.0522706868678924, False
-4.42057525256643, 6.032758346726695, -2.764512139265843, False
1.3687302007782156, -4.418213386131219, -2.132669522301322, False
-5.180297897540027, 5.020434966991488, 2.067185437860351, False
1.1771978540362937, -3.091597657510468, -2.6674438393656557, False
-0.200700776131292, -4.940851405310655, 1.8193840732002018, False
4.777021115452316, -1.9484583213559583, 0.2383150334706423, False
4.158609185243542, 2.822536004130143, 2.2185052281799242, False
-2.1466179927298086, 0.04326718663179818, 0.953387410625103, False
-0.2161246914563204, 3.4179714012871507, -1.4346270453396577, False
-0.04803377890080096, -2.130612308992175, 2.7821046654808654, False
0.6171324926290538, 6.10364226356603, -0.1026636470397122, False
-1.7322730483659967, -3.629688005101933, -0.9534277761970196, False
-3.1566303837950915, -1.6976405718068754, -2.0557376049750706, False
-3.3505547128664466, 3.6852483845567647, 2.2567250991163608, False
-0.2489490482308403, -3.8635887754006717, -1.1407737314082915, False
0.5804666550166866, 1.8923143987219007, -2.060978136856433, False
-4.354742756430093, 2.9812494131783556, -0.16211892347523893, False
1.1306462942342232, -3.6004914100151115, -2.372092079677335, False
-0.9133212897442293, -0.934221822820879, 1.6580176036174725, False
-5.220714946698799, 1.7171113603620025, 0.8236978442106371, False
0.06711477682091971, -0.09870756766677413, 0.0436269539666827, False
-4.251649643072275, -5.660590710140351, 1.2790976905122902, False
-2.563505697926566, 4.773389219161018, 1.7693614211948585, True
-5.5715637025293985, 4.341521927439663, 1.2553034940637406, False
0.7956180714508223, 2.4719095055870834, 2.159542664990254, False
-1.7885007662647237, 6.171482596960148, 0.8244525533110632, False
2.5548071778212673, 0.5700251875627229, 0.7793830697118755, False
-2.690402461273921, -0.9276630200062304, 0.6708664681493586, True
-0.8201629708193812, -3.2851043348436977, 0.3369469123787354, False
-1.1820020378176066, -2.4674178696828393, -1.6093245549818362, False
2.6254771060473914, 4.638808946297054, -0.8343863504058051, False
0.9153433615772268, -2.013672244367485, -2.1712071324160718, False
5.233627905342557, 3.690269432931025, 2.7554877650733465, False
-3.587693659871178, -4.113856470761373, 0.13876455943380206, False
-6.268184927327125, 4.554094483114778, -0.36926537828453565, False
-0.5301506659507602, -2.919457770118471, -1.5643825949678196, False
3.722932237561638, 3.0549955222122005, 2.4028265557426884, False
-2.687491006288399, 0.6694080566088383, 0.07550458979017627, False
-6.164967112454169, -2.5393226403646088, 2.3659931563763443, False
6.1480234279818, -3.1062594405026878, -1.2507283609879485, False
-1.8480890384304134, 1.0205358683934191, -2.314293310491662, False
2.509815231456477, -1.3144854049324808, 1.0609058226443473, False
-5.844253130010227, -1.5297522225253664, 2.372386217703788, False
-3.1408471223721093, -3.1665082856563282, 2.1897282404559757, False
2.615233067989326, -3.9369618864742963, 2.491725804638456, False
-3.7506023048846906, -1.6583705896480003, 0.2717283473624801, False
0.9089914007525675, -0.5828392813774386, -1.0097289144688095, False
1.972715394413834, -0.7909752971789716, -0.9935553934738128, False
5.502771159405638, 5.585397866415793, -1.7508993988684807, False
-2.8362001089418967, 1.5335696538879064, 0.43893828678633007, False
-1.975776554250289, -1.9621046731626022, -1.9703080130204484, False
4.821117041106632, 2.847864981212471, -0.5481936178291531, False
-4.580772102580045, -4.749710006035288, 2.3114058715599937, False
-0.8752183895212191, -1.1159509713625608, -1.823542199741979, False
-3.217663747696926, 0.6177971856588949, -1.426293643215343, False
0.33939555395708343, 2.206218141165012, -2.9183502359841524, True
-4.093773684210474, -4.346009231332218, -0.15688862705134365, False
-0.7560565085937787, 3.928466214886253, 2.8168849941046537, False
-3.02884899595077, -3.7362656286028533, 2.5478391654612933, False
-3.106912095731125, -1.835611940057591, 2.7886040407262804, False
-2.6726815662982464, 2.396191290797532, -0.23103784384350456, False
-3.758566090378031, -5.282756380081328, 0.07276772938943754, False
3.2185653062953214, 2.7720375207352834, -1.0578665835098353, False
-5.617355700275966, 3.3971061324055647, 2.2416707688625914, False
-6.0332280301539685, 2.474735067241941, 0.3338370005753206, False
-0.050881554280257646, -0.4870554792616435, 3.037394305547096, True
4.80046238605504, 1.171460565841155, 1.4323301248032738, False
-2.741261317568713, 1.9535216268256246, -0.9360442017932886, False
-2.172536819142988, 1.0752970348880098, -2.0538687039689574, False
-2.4759385490657126, -4.114475294404032, 2.3456127399200657, False
-5.0339624163021135, 0.6113929203376083, 1.741260008313155, False
-2.928631307904933, -2.189527220600632, -0.9996558212721727, False
-3.820734968725842, 2.146486015451, -0.9925791799819246, False
3.604422779365125, -5.712358622381553, -0.07430307753427146, False
-5.115988798988125, -2.5785003826437314, 3.081600414567103, True
-1.591637890969805, 4.478933383864854, 0.9878662227348665, False
4.027257780751645, -2.5870019361015304, -1.6072895979440585, False
2.5171968435721332, -3.1878230432871417, 1.2606586412742393, False
5.58875018670248, -5.795100180919358, -1.9294080080832001, False
-2.7626910905036133, -3.842929295634185, -1.5866059579871126, False
-3.4585406061653483, 0.4088460681266568, -2.146474180440996, False
4.878902036621966, -5.644774205403285, 2.7995198620304933, False
-5.4123594447210035, -5.924102196780104, -2.257998215099207, False
5.221769594048867, -5.722313891820455, -0.3873377789362178, False
0.7630735166316178, 6.151943248645486, -0.01084663557643717, False
3.0741235324268565, 3.6007576364285647, -0.4337849161162475, False
1.2022715746475292, 1.3231165595598888, 0.34749275350093134, False
5.444423428536403, -3.03034919404113, 0.9053842594841646, False
3.7627827390216684, 1.42314785701707, 1.7532398060953387, False
-4.685891485827776, -6.179256014319031, -1.486334286208409, False
0.8651488213614495, -4.347734751513595, -3.0651555097801615, True
-2.994655521412472, -2.1375545962960594, 2.455009574293552, False
-1.1846180037146672, 0.6742813271376233, -1.6561822385040053, False
4.680122340267738, 5.867895810846816, -0.4507296456399619, False
-2.28612764539065, -4.282502215268735, -0.6209410336498542, False
1.0776507915648859, -1.5983597383579173, -1.5767993863136227, False
0.34825812146447443, 5.969657385083837, 1.17079190673857, False
5.407764800189279, 2.9280981391104905, 1.3983191717048724, False
1.6005605481682093, -0.1498308986729251, -1.4973414605584616, False
1.3878562997361508, -2.5982993198202347, -0.9276920105229283, False
0.2430360748468754, 0.06597049087404105, 1.1521286917501472, False
2.6240950556521803, -4.41481617951919, 2.2017919301711997, False
-0.26094376324265145, -2.025734730381563, -0.6718856802221236, True
1.1194404238501878, -2.488216885735428, -2.739487979001478, False
3.413282290662245, 3.9520518353424308, -1.7842128931482282, False
4.403115875888933, 1.2398548829904366, -0.9333274257625113, False
0.6146015521226698, -3.2199718717501518, -2.8224725847703005, False
5.982487737241792, 5.4424621589458475, 2.8272751467022523, False
-3.0199857767779226, -5.86165827152246, 0.651107289480465, False
4.7294330325856375, 0.4186631114942978, -1.9286075416824455, False
-1.271750374114653, 0.5770511532576004, -2.018539487636076, False
5.928964989437702, 5.350399193173784, -1.5275966751792753, False
-1.6925871218681987, 3.021569529180395, -0.44754742326550456, False
0.5340332075092817, -4.068950424892387, 1.0258322682026622, False
-4.660778965182977, 0.1955108578466902, 1.9531083449701647, False
-0.7893219194918997, 3.366267291774749, -0.37323089525111675, False
-3.2641044778980497, 1.3970522145444129, -0.056984330742789524, False
-4.789055962757674, -4.499453008621563, 0.9465623908955356, False
-1.0919574997341712, -1.405593958183081, 2.244216648890716, False
1.0196929364908867, -1.8982498428805705, -0.22898235326424787, False
-2.939881489073368, 2.9938747677980206, -1.5131175062080353, False
2.712902766241845, 0.12305724617448899, 0.6149679722486061, False
1.189178554143722, -3.5192798416415108, -0.2716495755084294, False
5.130730853722037, 5.122103557655802, 2.382299750015523, False
2.1335737260258494, 0.341141548571108, 1.1697520677327224, False
-0.3779015692269585, 5.255383459108616, -1.6106508186577564, False
4.535503806551343, 2.4452859509951423, 1.1387513868814176, False
-5.695609371451388, 3.596294595563249, -2.161543372270306, False
1.922491445157826, -1.4237691980582214, -3.0559489778967324, True
4.613634376496956, 3.0422895762751967, -1.590495370551459, False
-5.109632584751046, -4.221360627038086, -1.386717470060293, False
4.050291325905155, 2.2245024203446118, 1.1498369811097984, False
3.681521026791067, 5.002539153440766, 0.5482247889375675, False
-2.18945936646106, -0.8865090628991679, 1.1191897693108022, False
0.4134834247139434, 5.06736722864763, -2.0977854371463858, False
2.9819302002987165, -5.291371642102188, -0.7870944523624805, False
-5.236340340214732, 0.20229692550482525, -0.41680422845584486, False
-0.5290817939346599, -4.807989327046425, 1.7281076414927838, False
-3.2450732139110356, 6.123970630825244, -2.174402766334886, False
0.783785375463939, 2.555958205462286, 0.98139793620512, False
0.04174816779123702, -1.0248432948020954, -1.174559927091692, False
-1.187471573412588, -3.7568850504132834, -1.8658491405303816, False
-0.5433474894185215, -1.07287290982749, 0.17973004891152966, False
-3.2534704673300827, 4.4168849872319225, -0.3495639355388982, False
-2.722375415438866, 5.5371276899903314, 2.6009527352562953, False
-0.2733427979160501, 4.523782768336419, 0.08198958456825745, False
-1.1560933072751478, 1.8328037963779558, -1.475836760170378, False
-0.9114008745808864, -3.9769911001173863, 0.2875063295904918, False
-1.339130690140827, -4.004553483264126, 2.8969918649442477, False
-5.291707961764591, -2.871386141594815, 1.3760729407620271, False
4.717374513535816, 5.762269933393146, -2.490736843059644, False
2.3187871530646564, 2.94927620419425, -0.7328178348905592, False
-5.281559796477884, -2.3949478854839374, 0.07794092552788978, False
-5.527588944035852, 3.9601271174930606, -2.535535186440603, False
-2.7082755948145185, 2.4954294779955646, 2.1939648564091403, False
-3.2503980028605484, -2.366022145973905, -1.1681613727322382, False
-3.8721693869729648, -3.5993291322839793, 0.36839236659906405, False
-2.0271587075380157, 6.104682564390181, -0.7398739132810892, False
-2.445795838377575, -3.8162363883564243, -1.305589585509365, False
0.02334480540283046, 0.3647245330623905, 2.6311606100895686, False
4.152941501380473, 1.8924230976354117, -0.031462492536767694, False
-1.309567302794905, -4.7741065446299515, -3.0647185922880618, True
-3.212088007204982, 3.17564587713845, 3.0980602717178423, True
0.6482585801290108, -0.2182103768082344, 0.3879592237049838, False
1.1900787404174684, 5.574335145792334, -2.7424472779497773, False
1.5551852862822093, -2.9914704678179658, 2.994078503986346, True
4.406219586883079, 4.086808298819006, -1.1789793392216907, False
6.058155610614502, 0.6921565741419666, -0.8505847915875329, False
-1.93109090146839, 1.4490396341810188, -2.4316924589643567, False
1.3853049128902395, 1.1885361943576083, -2.2334990366349725, False
0.0414834427424271, 2.2045539574467217, 2.905023730604653, True
2.0241042670256277, -6.041105705495167, 0.033612717580427276, False
2.0771005168340313, -4.475094416746321, -0.8399397487237192, False
4.923978137250424, -5.041140791333115, -2.964724560140596, True
-3.761390670164217, 2.4768759278614727, -1.7341221111475176, False
-4.199487794856326, -1.4279049544560403, 0.768925198083378, False
5.089184107764581, 1.941063471331983, 2.337001289557902, False
-3.8869574235176874, -5.206577006937889, 1.9443925666418416, False
-4.6609198999507555, 0.8898882799925438, 2.343584150845542, False
3.7275350037763246, 1.058090287713064, 0.2925203569252197, False
4.485282591348245, 1.1286026139440084, 1.5542852318667117, False
3.9493720054249906, -6.201752093307654, 2.899475968935998, True
3.1791287760619547, -1.8741991474280608, 1.572039303560234, True
5.786217979158421, 2.2576156875916116, -1.2253745230943716, False
4.412402763080214, -4.178284914072282, 0.9091191334235535, False
-5.51506792221544, -0.5959353344148006, -2.512012372050031, False
-3.206184302123867, 0.3595865417608941, -1.3694583832742133, False
-1.4681753924735252, 5.1780707665107375, -2.0502856921020247, False
-3.724055523799409, 0.9412241717892256, -2.3596706590374845, False
3.454344149944996, 0.8076734794826823, 0.1927714710145132, False
-1.1680188926498971, 3.1861497653783672, -1.4464792660253012, False
1.9848577358897987, 5.736585328096657, 0.08032981268639272, False
-1.466657660820732, 3.4640637061279573, 1.9427525599898043, False
-2.901622709789084, 6.252307360929173, 1.1953363842441886, False
1.9567522639376307, 4.38502559136702, -2.814101184918637, False
-3.7518758838728345, 5.740926894609686, 2.5091890050267036, False
0.10289755775772491, -0.6849671991763335, 2.1617097540278136, False
4.093145497507921, -3.605714696522696, -2.605935675691281, False
-0.7675993516173838, -4.837263820799537, 2.151769217477246, False
-1.205609140367673, 3.086006219461691, -0.720659384817246, False
3.410210987523218, 3.5527843404466175, 2.2619178120066517, False
-6.210389900687, -0.558472534535122, 1.9817328448414555, False
5.082745831941512, -1.8591005851168845, 0.8471920485556623, False
4.968091911711486, 0.08311046923562326, 0.7599612868483652, False
-3.300446709899893, 1.922498553073444, 1.533510360102091, False
5.00779528428145, -2.278929262084719, 2.603847929384404, False
4.312085671154605, 2.2820202697827305, -0.07936319018300342, False
4.213705595557821, 2.0241473446774734, 2.1560024759355194, False
5.90483202784303, -4.615881763221925, 1.4964183111456357, False
-2.599154745152401, 2.1301254157348257, 1.8262307640664996, False
5.392563311550626, -5.50178556131873, 2.701580373822493, False
0.9253506126020747, -3.263462834867719, 2.0229857139752108, False
3.8736335479600985, 4.006685449452352, 0.7977226882163717, False
-4.8262498588568485, -5.141278840991472, 2.7311855799882396, False
3.6235929786445986, 5.7502515976119, -0.6010041717150449, True
-1.3020911906050792, 1.7202241733822756, 2.6444169318070223, False
-1.5695655768186496, -1.5336656099580974, 2.112937228418927, False
-3.1381895262505197, 2.336175786919336, 1.1337210310528185, False
-4.662059091456916, -2.460729323059617, -1.7408788871879113, False
-2.5644188608689635, 4.107334294911661, 1.329516063743208, False
-5.057530534695974, -3.998904440133879, -2.257551623042606, False
-4.4935380281197, 4.059718590304271, -1.6251153987616778, False
-4.643047514670148, 0.1567117999199361, 0.5925863966396094, False
3.6648518631321902, 0.46313779505157626, 0.305934014112919, False
-3.901094458765061, 1.67467261671682, 1.058730569424351, False
2.5201720713776776, 1.8429123764866695, 2.9544351398257316, True
3.169580682965421, -4.815094313588477, -2.2813682251327707, False
3.2377124033459435, 0.39563324282138446, 0.6433851133371773, False
-2.223611052504924, 1.7489644746611734, -1.578428777477575, False
-0.692292911497236, 2.1624874685947653, 0.5187123101751125, False
1.5639834240346406, 5.716356209637565, -0.3660190777358818, False
1.6661806180707464, -0.7244392778642705, -1.3641204009884855, False
1.8073113462187926, -4.948783778592799, 2.3288424021052148, False
0.7615327435083827, 2.90013374031569, -1.5605609489596206, False
4.453453985910482, 0.24889413135858707, -0.8551382063492592, False
-5.87664387996592, 2.0851308807889417, -1.0941887246567825, False
-1.5116687038361638, 4.5385020795131865, 2.381726447239833, False
-5.312922608318206, -2.403295256163413, -1.32791362783073, False
3.1016815980640704, 3.28951759750543, 1.4281799527443342, False
3.3353698087678048, 2.8323099173100523, 1.646981642455052, False
-4.186267999132203, 1.9825596690127263, -2.7179362763103168, False
-1.9497385967083494, -1.6394626709078661, -2.169299929112301, False
-4.5094136280061345, -5.85218220445699, -2.0557213631240554, False
3.4917135367405887, 2.4617072395995034, -1.9752121681609118, False
4.879023282741933, 0.08862132056816296, -0.9180773901688455, False
4.0447634523918055, -0.9740361366233232, 0.29883669998240947, False
