5.702556349155699, 3.796048880265266, -1.4876659016418432, False
2.6147290050485275, -1.3468863663559825, -1.7051370351396022, False
4.386098575851959, 2.047802631282069, -0.8369670579189905, False
-0.29291832329656486, -5.102700126831496, 1.3423374552009246, False
4.1699463354924475, -1.0978097945611376, 0.8433870909951806, True
0.390004435838768, -4.72866811372095, -3.0774364073023253, True
-4.1637698052493874, 5.870344525706114, -0.9184721636560522, False
6.199199229487705, 5.7968450018821915, 1.8555050471243852, False
4.424018960136369, -6.16146244503857, -0.7660097520429492, False
2.6427487919972528, -0.9484640660452524, 1.8695487479978947, False
-5.494255634568213, 4.723752885907185, -2.106555110879631, False
0.883631592058908, 2.1340963177422356, 2.202286925727279, False
2.0152191482927613, 4.579592732546388, 1.5658546276708218, False
3.0740906019542447, 5.31040072641456, -2.0375499018319587, False
-3.9485959381635958, -2.7759394251856206, 0.8405306270062902, False
2.1018405788925616, 3.299020866023854, 2.2755482256602555, False
-0.47115046828797613, -4.493671441701839, -2.0390723077776416, False
0.6765380060894621, -1.7767350958807135, 3.071415909780259, True
-0.7536146231672669, -3.6407496808833693, 1.7175938382193268, False
-2.790316090134189, 2.403761640997722, -2.458652327468113, False
-2.6373545465109767, -1.1830730487996668, 0.9947236594939861, False
-2.110526577015335, 4.232717833445447, 2.8704427113765503, True
-4.183435522405597, 5.145978353140356, -2.211729388203798, False
-6.038432979217109, 4.461597239965158, 1.9612947006632027, False
3.1287717475916974, -2.0029747812037018, -0.031562192221480156, False
-3.2260414245971116, -5.140285743908859, 1.7915225500559506, False
3.9787784610822765, -5.388929119199885, 0.25051455405330936, False
5.304853177661876, -4.844252926181779, 0.9879359135804613, False
-5.598237489181187, -2.690268742815929, -1.3912405765694706, False
-4.2331362991841806, -2.4233984817853975, 0.7998005089169626, True
-5.872387675766923, -6.000934010814094, -0.34860966169008245, False
6.03037584203145, 5.059523168150996, -2.4993631784993853, False
-1.344139253471174, -4.32830541704198, -1.704662633267024, False
0.8403346763212536, 4.88504908943937, -2.568031562556284, False
5.631148852504992, 1.9712374587586492, 2.0131574082070642, False
-2.7480493406162623, 4.295062599466613, 2.600543992167659, False
-0.9026758118553913, 4.076107137920193, 2.302884417088782, False
4.098533911424873, -4.729394377408694, 1.2883108263441594, False
1.5212533613917607, 5.779274950994516, 2.7508421072971085, False
-3.243214166340776, -4.545387421382038, -0.48808377726499597, False
-0.5901526275843931, -5.251291015948446, 1.9349545789587514, False
-2.2386851307226987, -1.0681995303281422, -0.7912937619841922, False
0.3747470255862213, 4.867151188914709, -1.1315588219187367, False
1.464266652748356, 2.173076947444118, -1.6682067567212444, False
-5.108600784028249, 1.5204578914391709, 2.061560095964224, False
-4.78543580019434, -1.9968300647860726, -2.303942149911783, False
-1.3577985818940874, 4.4888734613136005, 0.013792627614135355, False
3.308495711273981, -0.46309217212991616, 1.686084684496139, False
-0.329947470196851, 3.8152177932192917, -1.5362916338776273, False
6.274787368021, 0.41765480240057684, 1.8010738865303022, False
6.240983507293077, 2.54838133871157, 0.5890344811462165, False
-0.5830363959041769, 0.42382103415977834, 2.8470230789983084, False
0.8431798113278965, -1.4843164457017926, -0.7857661159156137, False
-0.54843851067261, -1.0152542072871835, 2.473906545182298, False
0.5503395553460075, 4.702972267462263, -1.8898219345062996, False
5.755951541863736, 0.9795706053838993, -1.9076323209506207, False
5.229576490719825, -0.45987468392894293, -1.9644025425984613, False
1.2064560157240516, 4.58590126412888, 1.1559326661851257, False
3.653725476690509, -1.5127166011557183, 1.9889889732161343, False
-6.279292266086627, 5.974019350957892, -2.356849546043975, False
-1.0681073707475175, -1.4116665669872743, -0.4382206518808105, False
3.3293807830160933, -1.7336172390255369, -1.2752845238074184, False
-1.422249808307118, -4.942526463609818, 1.2685657966209387, False
3.329121176011295, -0.2965861021339107, 1.8005459241579747, False
-4.215535788990477, 0.6442888072469746, -1.6409642153380561, False
-3.7117905335601544, -1.2109957281057042, 1.218966005744738, True
-5.484653095063913, 5.6223807855162935, 2.990122635204364, True
-5.551970830990289, 3.624023337567424, 1.0538339206658067, False
-5.585961924558365, 2.916950221881688, -1.5154057499545344, False
-1.2696265685615824, 1.7185806424194539, 2.5894867411638955, False
3.3622839247366567, -3.4691810212316607, 2.4669614163292435, False
5.204428175736778, 5.76401215265437, -2.882402518622306, False
5.260095069722613, 2.653153618700724, -0.17322667698929362, False
1.1084248557727499, -2.251328256716227, -1.703594685952221, True
-4.25088672333011, -3.198540690573901, 2.1953527455352955, False
-3.461410596553472, 4.54091386092766, -0.5688924880360546, False
-5.57311593802398, -0.11859511899262376, -0.4742880716181874, False
-0.3315707674454007, -4.273070341429634, -1.4569734254249391, False
-3.279511185726695, 3.61591485203315, -1.8401420512792828, False
2.946723168282043, -0.5964777409389344, 2.2957075785023457, False
-3.926918127159516, -3.368985498134891, -1.7513547376843177, False
-6.1895924483464295, -1.6968946156485085, 2.289697208195408, False
-1.5978831264698483, -1.0384588024344579, -2.317242693972226, False
3.1878925438282977, -3.079735210985513, 1.4421827129239144, False
-5.853846732041759, -4.510119478532172, 0.37406177456487066, False
-4.048023449380917, 5.301931989042879, 1.2193495488868855, False
2.1792612554534223, -2.093673579145518, -0.7722641122155185, False
-3.35893540528285, -4.720921787767892, -2.1791590502949134, False
-3.2287264107302582, 2.5285606213453207, -1.5682442165162356, False
-4.177283374255369, -3.6857637295984813, -1.2229656000023295, False
-1.4669073041782061, -4.271144703021595, -1.207581631617105, False
-5.479268277776924, 3.9577707054598843, 1.8148405925638942, False
-5.5914073791744165, 1.6957624891679277, 1.5227551544200386, False
4.372685914067114, -5.01045686524143, -0.8308637314205187, False
-3.8120782726092064, 3.372116344987237, 0.38998106305266766, False
-3.7293509510217864, 3.1845260555765567, 1.3431698928228464, False
-3.1566305968164143, -2.4520314421133675, 2.7248333435299275, False
-6.2570294985628925, 1.440564668567398, 0.2346715529921255, False
-4.414390750230647, -2.405187742999824, -2.9013314254947717, True
0.612428177022684, -4.712656641443378, 2.1502394390847837, False
2.245899310484477, -6.108565532322489, -0.928276223932258, False
5.260207560023213, 1.8963349500031068, -2.1881309565907925, False
0.3439035309450942, -5.1706121899795985, -0.2250097705637728, False
4.2990035690072474, -1.131523933266796, -1.0431000999562228, False
3.9684835724472087, -6.234708949943662, 2.049173079539532, False
2.3835085157296234, -5.746000395296457, 2.443071973739463, False
1.8044232513454102, 3.6747163595196106, 1.6015345452290646, True
4.715085295146306, -1.3984788057877573, -2.7709534068371138, False
-1.8884723504693435, -3.3565165977530516, -1.428967056024034, False
-2.4325639650778457, 5.638253727517947, -0.3842658407643462, True
3.5276095923604913, 3.5303720519707493, 2.525682618850542, False
-5.494373508345769, -2.8156902823279055, 2.1885444273328742, False
4.868712945383402, 5.783491534490702, -2.1725791182907246, True
0.1238581937107277, 3.4275379804017234, 1.4265730732052155, False
1.874451453930515, -1.9998605161239036, 0.69723113145653, False
-3.2178822755979235, -3.970518396241636, 2.5353867120661047, False
-0.20016507842185582, -0.5912062234609987, 3.0290399796140557, True
-4.675798619307279, -2.966543605619785, 1.7536848866274797, True
4.968206747782348, 4.217866507013758, -0.9180299607893012, False
-5.624924930011121, -2.6104273044113553, -2.380312843298191, False
2.2539123680781348, 4.838382039349577, 1.2219250832930877, True
4.057481912296369, -1.7465757098221548, 1.4971691163715155, False
-3.6286268991643666, -2.6809354336073423, -1.5379839753223192, False
3.8438106620889876, 4.6934281303041345, 1.6038170580970652, False
-0.11479034235760022, -3.2126302310724872, -2.8296878110100927, False
-0.9257178036337192, -1.0773461486463578, 1.179303702383022, False
0.04651171677611732, -5.407469921750352, 2.394676152042318, False
-4.187428602302346, 5.222968552286728, 2.5415789503628883, False
6.063596462305846, 5.535788393626891, 0.7379666603296453, False
2.7729902837090634, -4.007077494719596, 1.721209480215549, False
-3.564633841918735, 5.898729357517158, -0.7831666011869034, False
1.7329345800030005, -5.5658467417732735, -2.768439245824905, False
2.568488953904202, -0.5799769024476893, -0.4682255186772437, True
3.711466046837721, 5.993606221815709, -2.254537760765183, False
1.3131044108055452, -4.657535758879172, -0.9128119537624335, False
-4.282867377999279, 4.582816344615736, -1.8217658878208243, False
-1.0710694070599773, 5.736550743390925, 1.7900355318221646, False
1.9550567852501093, -5.7443109715377485, -0.986675246201254, False
1.816573979412448, 5.9008190411408545, -2.883463681598932, False
-2.6682186382379864, -0.3159716952098828, 0.8367540216524176, False
1.324011857695429, 3.055704533644038, 0.285381421313712, False
1.5659684386879125, -1.519190572182338, 2.6625006148879313, False
5.812205080958117, 0.1941910289476505, -0.422519945621747, False
1.1802488062497805, 3.856173835770976, -0.9658347061832964, True
-4.383212921549207, -3.7623587431294414, 0.029000312431580966, False
0.4302393217570488, -4.415499891657379, -0.46058158061016785, False
4.531634612442581, 4.7875637223377865, -2.4058002995088783, False
3.056435105186395, -5.663165416124866, -2.6445651755105866, False
-2.686830434662419, 3.619231602083074, 2.250162717781113, False
-3.990224397297348, 0.03819089490819394, 2.3608736081289647, False
1.1377936573634608, 2.6672694520042803, -1.6023360423748967, False
3.261184609137098, 0.891851108277538, 1.8945824895326586, False
3.96857672899449, 6.0022440350481965, -1.6905851237043306, False
-3.9016684930578047, 4.799731249010328, -1.691451862606283, False
2.761129109265653, -5.315527913721155, -2.7393239366115862, False
3.018625210193978, -4.454870914741984, 2.9551159626285113, True
0.3277077446981318, 2.684250720787375, 2.545270171874466, False
-5.657731918984014, -4.2627898761686565, -1.8546271874086444, False
1.825363543046448, -2.082832653695334, 1.0953566448073833, False
3.8290305494953625, -2.465559053630111, 2.956607039486509, True
-4.359725154669214, -2.577493176302784, 0.8953326300139812, True
5.7649651742284345, -1.3625348278299176, -2.6695814411302345, False
1.723225666558088, -3.413737053610123, 1.8782033963665663, True
-5.807931638983238, 4.836845832068642, -0.9639169988923975, False
1.703423385792977, -2.957371169561557, -0.7495323553810205, False
-5.119133342090953, -5.240665239691325, 2.3623806536454444, False
-4.731471809462747, -4.387124154250559, -0.24832865180575237, False
5.6188188352755315, -0.3074875592495454, -1.8449253897752298, False
-0.017765229187778786, -3.451311580314025, 3.0498603423753545, True
1.5138414381881695, 1.564347585593155, -0.14706771958040976, False
3.563920010347955, 1.7329716603657026, -2.024268819543955, False
0.1851938554009287, 0.6411856430575451, 2.451125316825676, False
-4.957682406041763, 3.2856441507885297, 0.8887268610188856, True
5.201679668821956, -5.169453707413151, -1.1381598691356598, False
-5.396935550655339, 5.212315315239245, -2.977534913903807, True
-5.704512857038778, 2.6551853432939865, -2.1115887064111787, False
-1.4499365894873417, 5.601291072737435, 2.7437408904590734, True
1.4230550661195212, 3.31115711409001, -1.9718165889352455, False
-0.6099091154975325, 3.1801898501826376, -0.8179621584955554, False
3.6696934984068132, -0.7613261206029955, 3.0979463846054003, True
3.5305543369327754, 2.2697240731810364, -1.4730353375764593, False
-4.503106343387675, 2.8578207220677925, 2.5281319449986466, False
-1.8018247384561645, 4.399396543326221, 2.3422052810944036, False
4.431668911901715, -2.46814222720847, 0.3402458269799937, False
2.1402693962499058, -5.237397690679897, -1.688654802681447, False
3.2890837512993922, 5.788230371122214, 2.9331541391735527, True
-0.037378494562537945, -2.943063677417101, -0.3055634340403284, False
-4.221937397917464, -5.8496493152407, 1.4467833552265779, False
5.068661882314242, -5.416487278602018, -1.5298560503689507, False
3.5192258289671035, -1.0786702076522978, -3.1376549285726463, True
1.7145131433526615, 2.740861089890373, 2.9214897796526893, True
-3.9499142847716118, -5.240146572050933, 2.9922540316329025, True
3.5598201721515252, -3.1379266368546146, -2.3485078057858217, False
2.0833207690121576, -5.978497424588869, -1.4595655423681784, False
4.771276159325392, 4.391286404429298, 2.3070556264826454, False
0.11725012598169382, -3.6216303276062876, -1.7050324571335105, False
2.6940693751822824, -1.1300697054031215, -3.1226950659129566, True
3.980370005209096, -2.5169016742289827, -3.079897343861555, True
-2.0590994916044147, -4.926226455759889, -0.1934938395904524, False
-4.270855842112231, -0.0714973727032806, 0.7132674598640256, False
2.6054569609612273, -2.4676622632258303, 1.883674472913623, False
-2.727328630455173, 0.7515489085004683, -0.39429787487969037, False
-3.6606219243470024, 1.2709524213750703, -0.8619059139410594, False
3.8713576243684695, -2.683401992914532, 0.908078996209742, False
-3.8311033793748006, -1.8240972262629178, 0.8047662132121349, False
2.67514831406797, 5.863535011128761, -0.1644619297597889, False
-3.9636471173289607, -5.769655802598949, -1.7378872717147915, False
2.781526891917828, 4.913209646909499, 2.2353085524458782, False
3.890078503153683, 5.450770490141437, -2.3867980056052676, True
-2.308300320611265, 2.56885608731306, 0.5607256735534687, False
0.771267880061747, 1.6725577866672348, 1.5487157976528678, False
6.233774074222499, -2.678799738038481, -1.5287621066307107, False
-3.436407027144405, -3.389954660832462, 1.2110146111186344, False
-4.335642954183767, 1.7868409021192377, -1.2413518449767977, False
-5.564282044578139, -1.8032312389429528, -1.3859709195075491, False
-3.2750453932750796, 2.466136854904997, 1.873948954663459, False
-3.403653980180324, 2.4248223972398666, 1.2528902668939557, False
-1.4198231558425674, -4.058513987202242, 0.7258740687926841, False
6.21294582815173, -3.623291588207918, -1.1693183437939094, False
-0.31466915275010265, -3.6759712945117053, 0.6522957405462821, False
4.054972770104444, -5.023765155779216, 0.40597054764870766, False
-2.320880872367262, 1.097732078611065, -2.629300480807923, False
4.539185957746659, -0.7955887625902642, -2.8107988863190645, True
-1.808510678718152, 0.7333863529412872, 1.9376267187366345, False
-5.004614185662199, 5.147595706045191, 2.3967323366022386, False
5.293113775269008, 1.0996483034160187, -2.6735752443673233, False
5.276393314405054, 5.751026707139536, 2.6228449405041268, False
0.08345645489773101, 1.0996211418125155, -1.3582696880127179, False
-4.148987048563669, 1.7728922471891586, 2.6042582842356765, False
-1.7509512835312675, -6.016047875429756, 1.1722695292063454, False
-1.9695746658135223, 5.5641545239120855, 2.6831675212235586, True
-2.2720944952249944, -3.5908361991707376, 0.26387381186639614, False
-4.458701436901861, -0.6115890602348015, 0.21207980346997823, False
-1.816096926746133, -3.4693222329001783, 1.6942869893321033, False
-1.8522704805469132, -5.771612399344156, 0.4853082750729385, False
5.161370309472147, -0.3946473608516472, -2.597134218685742, False
1.3123191938312653, 5.419800447180515, 2.070888954407909, False
2.8055561592509015, 1.6287881631299763, -0.014250056032905967, False
0.9778514352604031, 2.1472808748305567, 0.13231771673914894, False
-4.251191243516814, 1.4573657523318193, -2.8381273815562507, False
3.890472334539597, -3.5693086578523747, -2.730946028583854, False
-6.103581168709757, -4.020004502780098, 1.318024413501239, False
3.60818939798777, -1.868250834100425, -2.69987382353762, False
2.383461101083377, -0.05180137994943568, -3.038901835800268, True
-4.4226821411550095, 4.345013733965979, -2.120065465287044, False
1.0449427310017754, -4.756684969399591, 2.2514411464031596, False
5.382853525784933, -1.5737183903729548, 1.6928528046360345, False
3.617373100248578, 5.690526876041712, 0.40035071794447097, False
-4.372879822057057, -1.4235870843820306, -1.5081234532931656, False
5.6837342696158455, -2.1459438049512913, -3.1068691990411907, True
-0.8124115348961372, 2.488072417428528, -2.9009496249317457, True
-1.402944727516993, -2.3201194304001236, 2.8131539458382457, False
5.519948559508849, 3.4728665168915107, 2.5573916920049236, False
-0.7268337742084041, -4.525252087790992, 1.3254291973702879, False
4.685737935666637, -0.6027718993924154, -1.6956636869994157, True
-3.149502526306984, -3.041874599669984, 2.5124246170420754, False
-3.8811726919049705, 1.9892188009716634, 3.059847467262057, True
-0.6680141878199191, 2.286097783049378, 2.313145918688792, False
1.8639131186809248, -4.268044564659974, 0.06801548427698823, False
-2.251849506976975, 4.400087650883556, 2.5554155757470305, False
3.6648756012803876, -1.1681931993708226, -2.2471149929573975, False
2.3843650289694303, -2.7465032052686853, -2.0811494766464715, False
6.031298585867733, -0.32461515511809313, 1.238875651758275, False
-1.281535072649179, 2.787359422152994, 1.9342308512800468, False
-1.264141608905951, -4.925326562278888, -0.31751553778180464, False
1.7465756058594604, -2.7112176123168505, 0.3303752310055481, True
-4.325346037413783, -2.473128006109278, 1.8540872106763429, True
5.879261801982171, 2.083006078286383, -1.0233413703082332, False
2.973061416749063, -5.855161153060803, 0.42455276449929036, False
6.093947771369299, -3.959066560566609, -2.911847588625227, True
0.8601008991056096, -2.0321531544895626, -0.6861268074820468, False
-4.350066417231583, 4.352859585781173, 1.7171535072308428, False
2.227208562253617, 5.445008364589862, 1.8283350882955514, False
-3.1469846156484484, 5.154930257191266, 0.5340443061365461, False
-2.524512611688315, -4.394805297026211, -2.1336975550908353, False
-4.939025872255909, 3.4330130034150894, 1.6834239083041291, True
5.091534089936962, 3.3758179074276278, -0.9446568467836189, False
-0.8109207527099302, 1.457363984087439, -2.8777907119927404, False
5.99914736469683, 3.838707943796102, 3.0407621513091465, True
2.570645804803897, 2.8164000768763753, -1.4201447115508277, False
1.084179794966393, -4.622954900124141, 2.4470946388894834, False
0.1939115682530348, 2.1345917546904456, -1.5203249085147879, False
5.827324809667953, -4.514760328190213, -1.9670801480159466, False
-3.1121500124841224, 4.914027180667077, 1.3010069441645573, False
-4.290964041191499, 4.61260493161223, 0.8112409656376944, False
-5.408975480521854, 4.109215231593367, 2.885841527999702, True
-1.0723153642935124, 4.394779678552549, -2.7308858130519202, False
-0.9479306175861755, 1.3872688523905161, 2.4651110309913067, False
0.9322895547286212, -5.244418711093995, -1.8767000965436629, False
-2.4732905002630083, -1.2053751264567234, 2.914345336099373, True
3.958037645966481, -2.829605471639475, -0.5797909334508349, False
-5.432064113309042, -5.248146080426662, -0.0978315950107449, False
5.972524774563741, -0.5374567383681574, -1.9629448371601992, False
-4.230970201897092, 3.7636044546306344, 1.259870268270241, True
3.895575490749634, 2.1646973619556658, -0.9774243897621258, False
-1.140116067043489, 3.38470253784174, -2.210548488536892, False
-4.86704608291776, 4.617351251928046, 2.792074935848082, False
0.11058895063807839, 5.93412658367717, 2.706765887744612, False
-2.9195852598355576, -3.9725073429196183, -2.5368545130787528, False
1.9532867016702138, 3.789066342929882, -0.024391978103015965, True
-5.997347137803115, 1.7853127265837152, 0.677983523584456, False
4.297872912863367, -2.8473773542134535, -2.345327026899152, False
-3.1932976885977573, -5.08825790252331, -0.7545345636130145, False
2.3896303960697836, -5.726487574002295, -1.930700440662676, False
1.302867154896406, -1.655201070760321, 2.9086227631635966, True
-1.2097306224711808, 6.272845709183699, -0.05490012403051603, False
-1.2708303322563674, 1.0272662919821745, -1.4491115033094801, False
-0.5848799655794652, 5.066287572268282, -1.8656825903347494, False
-0.6067188933880532, -5.074059984205551, -0.05674888595893668, False
-2.9284245576351027, 2.1555634280984357, 2.8898855981025555, False
-0.6389700390609203, -4.311373395636234, -0.5302809871808281, False
5.683938477911822, 1.2189430219977275, 2.8700212410332915, True
-1.5158387896779164, 4.719006477488579, -0.2377955865427639, False
4.1316022069118095, 0.0020506411378882206, -2.3770835617803243, False
4.5011772284058065, -5.396617127564674, -2.662302344903256, False
-0.3864376935199072, -6.257016148553975, -0.471176868295236, False
-3.23699740609648, -1.887819754332157, 0.4147178666760869, False
-3.2085007028872363, -2.479207695056879, -1.7954282533281436, False
0.7520309414892772, -2.4745535504846097, 0.6831524652252536, False
-3.8270626873163454, 0.030904797473720436, 2.7577416656510048, False
-5.045237178341518, -3.8677505044111338, 0.6776991492619504, False
-6.1949833617186965, 0.7017140231870709, -2.1518529526717187, False
3.9291477404699524, -0.20143150839628987, -1.7354125581571096, False
-1.5924205315939952, -2.3211704489199363, -1.3181157276068105, False
4.240864225803499, -1.6918887811807126, 2.913775494714704, True
0.43972189951128016, -3.2362556654843493, 2.8495039070518846, False
-0.9766553418490593, -5.114041551365772, 1.9172821014384844, False
4.332499461895546, 2.3028416068518265, 0.9645086483933323, False
-6.147900404628471, -0.31059111589150934, 3.0742862632830894, True
-1.3427303877649015, -4.310804717660904, -2.827178853998191, False
-4.3050241594268766, 3.615523257862284, 2.6647203045355905, True
4.342255309608284, -5.187793217210933, -0.8391901312534977, False
5.597501891711998, -5.105206507424713, -0.4135108725849177, False
6.027816247277396, -5.322168277828274, 3.1154012953149586, True
-1.917934124579781, 4.7524432027975205, 0.11290574581815171, False
-6.274828042136821, 6.09297946130814, -2.6843605732037066, False
-4.8226157165614705, -2.2106167046554868, 0.3990516166675371, False
3.128710137059656, -1.0516154768749129, -2.3986111533166317, False
0.346270144464337, -1.5966684277979528, 0.44056691449569474, False
-5.474597585312344, 3.892340331331539, 2.6714155713438474, False
-1.0445597131075344, 2.34703919621761, 1.1866303697978902, False
-0.43486550488459574, 1.4916456907637619, -2.5254824970576144, False
-1.2849167131394195, 3.0868510728492975, 1.129989458465726, False
-1.9843005651166443, 4.707501486308345, 2.1124940971393515, True
-3.7883652693435477, 4.769155435509406, 2.498630739413599, False
5.665299438473907, 6.255815692145486, -0.26831817929641577, False
2.1512926266745875, 4.719217220498328, 1.0602989060032826, False
-2.675533656099254, 0.11959970852458479, -1.705802588115159, False
-5.178191673077754, 0.4578526873526023, 1.0039398598101812, False
-3.8324905763140813, 1.3956140084984003, 1.327840878520357, False
-4.4385440273339425, -5.642695719788351, 1.043726804755389, False
-2.932374756961515, -3.1231962593440765, 0.7505916779036368, False
-1.35898893707978, -1.4732388511379648, 0.7199047109416363, False
6.1304850677249085, 5.779371653105857, 0.7388911781345815, False
-0.8083232976306318, 4.918640463009817, -0.5373751746791369, False
-4.511002786988291, 2.3566999984657855, 3.007951995909779, True
5.289818391694038, 4.300330543517946, -3.0001116675120056, True
-5.336677166227942, 1.965826745496706, -2.0670791669738144, False
2.7282880742551594, -6.0829044983462985, -2.450257901780673, False
-2.2215044937210457, -3.9597203009275694, -0.038140503309317175, False
-4.695645828119725, -4.584137994630255, -2.6267319158466815, False
0.2727566101862564, -4.631904455679341, 0.5285661281259011, False
-0.4731287210840769, -3.4172051845908884, 1.9969839894285952, False
-5.313056590673004, -1.409152106370084, 0.9854247053511518, False
0.009978687587712365, -4.9000117272007175, -0.018920676993759322, False
2.293389427108769, 4.556022218199539, 0.8210167767783076, False
-4.49844885883055, -5.524826793822799, 2.367529213964646, False
-5.662340899687171, 1.5722500106272452, -1.415943610279162, False
-5.896481738817489, -1.9848518506469919, -1.9203794818299442, False
-4.687008036718624, 4.261579936630522, -2.626779464206783, False
-3.1634913894319308, -2.941873726197102, 2.042808099081282, False
-0.970149086867683, -3.127159484148765, -2.82475127277676, False
-0.43893522078944436, 0.29763656246108905, -1.7467112760437002, False
4.981579394931849, 2.2805874993556934, 2.225875748119278, False
6.224729924388134, 2.57400102383518, -1.3912764572278185, False
-0.47551865447780717, -6.048648713746238, -1.225177144779289, False
3.729988744798325, 3.9315083583619597, -0.8505701491915785, False
4.438967803999697, 1.3989424551652236, -1.1526457036594306, False
3.3853109658269442, 0.9855883351577264, 1.2832931673382353, False
3.9949752315521057, 4.726277356477038, 1.4218651665343645, False
5.480171942470797, 1.339001173143176, 1.7902765001107763, False
-1.0400940575803599, -3.6535272365092646, -2.4476496168579147, False
-4.930866096624406, -0.30484587602372404, 0.9287442912436266, False
0.20999185486819893, -2.079188257500501, 1.7710654506303438, False
-3.7550610093813015, 5.302055362891888, -1.665110772861345, False
-2.9045830601910914, -1.5003793253646878, -2.2334056275695975, False
4.26857361949844, 0.9876928690457412, -2.997044610145796, True
-4.926616116931614, 5.363577188335437, 0.6477486981878311, False
-3.9316069413841186, -3.6971237998998485, 1.7924648350465224, False
-0.7445355008028534, 2.077234500200161, 2.46817425385088, False
-0.6498382626916488, 0.5562209498929924, -1.7514161339426997, False
-3.5378048937280897, -4.58415305955279, -1.9142639687477698, False
2.8306182359029517, -5.485710027311366, -2.2092566435567345, False
-3.4652969057965226, 0.40220082563010173, -1.0739534113258107, False
-4.218403358597826, -5.63616894957909, 1.3433524651019013, False
0.2215308050676308, -1.2316505300742069, -2.5784321787174007, False
5.899400910307714, -3.491715883372311, -0.18455943811986586, False
-2.312522067253181, 2.6536328908765796, -0.3590479823537116, False
-0.3982124359123045, 2.981792168864356, 1.8674878586990777, False
1.8400880809954678, 1.8665137836609578, 0.8411234071609903, False
5.722440963693835, -0.17215527754810278, -2.37660324724387, False
2.31108011417229, -5.016156150119544, 2.7135309852474787, False
-5.132409226122249, -1.824749684433205, -2.5562357214993625, False
5.9005448530198485, 4.870053609601392, 0.14900142279006223, False
-2.658250617315352, 6.099423160043806, -2.744346767990376, False
-3.8844296421001867, -3.873732468205361, -0.7901039286984037, False
-5.010285809382024, -2.0864931688095893, -1.6865937171367602, True
1.1185214507657877, -6.075649041315005, 1.9121494660971656, False
-4.707439996095582, 3.329752493988682, 1.8040009241986823, True
-2.8719999834682435, 5.868834639325183, 1.9111637606333742, False
1.7171382238098953, -3.3349726251410288, -2.0218207357669815, False
4.424803849801714, -3.2805161952600153, -2.711893571096108, False
-2.3729603000306976, -1.7788986329012655, -0.06970873097803709, False
-4.85807566603347, 1.6029824320143362, 0.03836782606865219, False
3.972428609391537, -1.5248360711200517, 1.9979412419925469, False
-5.504895231432436, 1.805011480275592, -1.8221877921213308, False
-0.8769387713618011, -5.370753968725906, -3.109699278301015, True
-2.1890158748655084, 0.1802562974382127, 1.5500909087621713, False
-2.938895465129888, -1.3284356793903438, -1.7812418050492533, False
1.3587955914050367, -3.4773466821726027, 1.865041147099804, True
-2.927642559401036, -5.37127497061937, 2.916904860534677, True
-4.0675179216653365, -3.8993123772415603, 1.073537314228564, False
-3.6978862046180083, -2.1412771540652766, 0.5854187198118437, False
2.032129606365242, -0.6053135723225411, 1.3375073153701225, False
5.9161791424211, -3.218287524720548, 2.886509505606763, True
-4.508161281269014, -2.2033704172990207, -0.6617871653469436, True
1.3914761594970164, -4.208977278958309, -1.1660280858089143, False
2.638786372443576, -3.376888118679764, 2.4020591463335865, False
5.928818475063762, -3.040431534014882, 1.1080819891092908, False
-0.3190496241109404, 4.613521379288109, -2.469368006942283, False
1.9452819306193057, -4.168356937797899, 2.35901834803892, False
1.749377215139475, -0.8686737573856878, -1.083193091320318, False
3.6004744433851847, -0.9314000664955264, -0.734073646273445, False
3.853522949300915, -3.2127066880976884, -0.22880691247521456, False
1.0879344444812373, 2.2256765606061872, 2.4294218282826616, False
1.6322727078491148, 3.888879808854286, 1.740223719995913, True
2.138418722911833, -6.258472244960834, 3.080104009751568, True
1.3530219639026457, 4.276098152650237, 0.009077992542886548, False
-0.4100668962463603, -0.47045711384617483, -0.3151574656221783, False
4.1102050857891435, 0.14645573375413523, 0.32442018351699575, False
0.7100778348053405, 0.06807948994468926, -2.238734114470181, False
4.080082336239604, -3.008255098584403, 1.6256609277038292, False
5.324060898849146, 3.7554478193724474, 1.5955797875165043, False
-3.2758055980149527, 5.788416516528203, 0.5043826991673286, False
5.707255868272313, 4.966332025522306, -1.5192223754305938, False
3.0860803926132743, 4.854334401461056, 2.2123880560537144, False
0.953990702632062, -2.015233493168762, 1.880665028421027, False
0.033455964110893355, 5.669285382511257, -0.44912830026130424, False
-1.0622802025747013, 2.896022953332576, -0.6938873326521633, False
1.4491931607566002, 5.418294661054787, 3.117527709130626, True
0.6928422091252369, -1.994858466120605, 0.11980752023403207, False
3.3790692311881205, -2.6998109963054455, 0.8241759774553783, False
-1.004772783339245, 3.843610605113833, -2.308350182065887, False
4.397312079428701, 0.14262910026612285, 0.6866421463960823, False
1.247397070874852, 3.6417995678124253, -0.7041021935483722, True
1.65003040107326, -3.997835587073643, 2.325231585805768, False
2.3289340187413785, -2.46256015382764, -0.38258272913534164, False
-2.1809856469882254, 0.8934795440292955, -0.10821610167552942, False
2.382248712859477, 4.736620271410308, 2.700925857077194, False
4.36836610243064, -5.932365611182576, -3.111430304643942, True
3.1382973404514605, 0.783159085285055, -0.4494036536087975, False
-0.4560114885887252, -1.8206752064443137, 1.868480993241624, False
-5.677077626351484, 3.9804273497542333, 3.0357529001383323, True
3.6336233480721294, 6.035759775871323, -0.683499517078467, False
-3.1112731540163323, -2.329016021207358, 0.37975556581955017, False
3.2495422283061295, -5.225760441600841, 2.944543835748644, True
-5.735129572461242, -3.0203952458767347, 1.0916230256591604, False
4.9813526755789415, -6.131707247338156, -0.8519266758943496, False
0.5069581425402703, 2.9126156963883734, -1.2488599798997484, False
1.0335719328732482, 1.98057555717552, 2.876478484840047, False
-0.03157879212360548, 4.336247257834664, -1.3180927700655931, False
-5.5461463496845, -5.5394769855992365, -0.27610522973934915, False
-2.238881831929369, -2.8478936202139113, 3.0098218935746104, True
-1.0581993052811303, 4.8644870040832, -2.5241112487481843, False
1.2257470894298672, -4.7929596225181434, 0.8504931008481624, False
4.541444191504574, -3.17902173333017, 0.9056584691509437, False
5.79907979370525, -1.5118487283778341, 0.2651597919827622, False
3.933813941389241, 3.171977013663451, -2.365237931462358, False
0.9107158821486712, -4.674664586469755, 1.7451252921932001, False
-5.4688231812798325, 0.857889544155376, -2.304311348221544, False
0.9824794430669117, -5.99869144665473, -1.444998833161516, False
-6.165905617854481, 1.3022544071412208, -0.46194411991117423, False
-2.2761223397580643, -1.957968444536843, 0.5588733812262796, False
0.7672056483611405, -4.230960450897217, -1.1063313689902725, False
3.4115557605087297, -5.723195715678856, -2.059222731407542, False
-5.288407757801893, -5.931822651350656, 0.9419667621602468, False
-3.7680600350777955, -5.533709226339863, 0.9396061081234519, False
5.559832439064687, -2.7899003870952535, -2.036374929105513, False
-0.40871982611749846, -4.218028082412458, 3.115236286456856, True
-4.683775033212721, -4.456976551127408, -2.7060489457301076, False
5.4364679866439936, 5.631951449830325, 0.5134956388853191, False
-0.6273983784565358, -4.163923692717566, 0.01595075311385319, False
4.195646361576571, -2.6485401988061152, -0.7593874520839021, False
5.572339527247603, 5.255680346073374, -0.7308315777727463, False
5.083226837028388, 0.9222001089387764, -0.4146218269456785, False
1.6548149934980358, 1.1344455611965367, 2.353187792045169, False
4.257645899188937, 0.5581100142602704, -2.432404047074076, False
-3.5378983333648377, 1.7654337238036089, 1.5294310540616367, False
-3.6318740313914186, 5.818833418243845, 0.2183878549326339, False
5.981602283681385, -0.9660762956263662, -1.2130513488968584, False
-3.897301441046177, 2.5308423995847047, -1.0589313769071707, False
-0.39152141831803977, -4.717332152546954, -1.6847222306028777, False
0.4029317002832187, -3.5156031429263668, 2.9013408841759842, True
2.914125502979614, 2.2071546585468695, -1.5225937236461442, False
5.214744404637022, -4.19810459607675, 1.3276224420534612, False
-3.621937289837283, 1.4156467317822043, -0.7604185764558093, False
-0.2874630582340938, -0.2938743654195557, 2.2440654875679567, False
5.1493136346900545, -3.6851787415841324, -1.4072200722130537, False
-2.4436795908154623, -1.1580265689814269, -0.33278453578755096, False
3.6342517475737015, 3.7197780485476475, 1.9306649664141373, False
2.5490272651012535, 4.0938549667869975, -2.401266795999681, False
6.128198010404871, -3.4211564378486408, -2.8207661538260425, False
-4.272358592636121, -4.365365741730127, 1.7506335999168776, False
-0.5198684122742705, -4.649332191971449, -0.8944097249775664, False
-2.3991489321037, -0.7157915719483077, -0.2602358710690158, True
0.6061964288381452, -2.1556932178559176, 0.5880680827030069, False
-5.1401565316650055, -4.603156762508674, 2.8982478437661543, True
2.432317393984798, -0.824264545865435, 2.1566600204393716, False
-5.182381986568739, -3.7694649339641058, -2.2297901964987386, False
3.40767421687519, -0.06612996858735354, -1.315206688196134, False
4.7655345548235015, 1.6831895236813308, 0.9028339116226878, False
0.734851044860326, 1.8462559738490878, -0.8713926117256854, False
1.9077857591415963, -3.7642091687584216, -1.351900240864382, False
2.763465931718402, -4.456853124930667, -1.7631637004658176, False
5.243188900397142, 1.049084551770652, -2.165958201471764, False
2.811444055585861, -0.008140916670789089, -1.8057745471393423, False
5.185218529493907, 3.270846715340049, -2.832628537102112, False
-5.2625214852313125, -5.789223415825152, 1.035080796221231, False
3.156127761620427, -4.6213729312635214, -0.1452932548921364, False
-4.786970190974719, -4.6650070454210635, 0.4192262577523471, False
-2.5820051054972053, -1.9946432137212353, 0.8681797511691611, False
-4.833813332218591, -2.936366621530398, -2.0465374253075814, False
5.6846920827746334, -0.8758563850653687, -2.0578166175111114, False
-3.9719409814813584, 3.397666908019932, 0.7670632415629894, False
4.359061269067388, 1.152853413489809, 1.0485120102452274, False
-5.371205847856174, 3.9201788492463407, -1.2013653220394114, False
-2.6477170118536004, -3.1700352878809444, 1.076325430481118, False
-3.5248279177606148, -1.3888574891077416, 2.630301052090565, False
4.2993791097104985, -4.602812694673146, -1.281657135721831, False
-5.13530912085605, -0.4723292811377009, -2.86335842007377, False
1.068274263703552, -4.1890321228662994, 2.0991236064339462, False
-4.058139913738068, -3.2849911054863097, -1.8483417305798455, False
-4.027371137232942, 3.4117922653173327, -2.5741253610251533, False
-1.080275665438327, -2.2090051286650167, 0.05343944750878915, False
-0.39682757074798847, 4.774341692212301, 2.0577385737259792, False
-2.836514597362947, -3.5968327163028526, 2.29426579136792, False
-1.6823212504580587, 5.1123230307368654, -1.8346745954386736, False
-0.08588281469931225, -3.8302588975789966, -2.898165273898495, True
1.3237852896945945, 3.876105258407353, -2.0978770696057065, True
-0.11519209826570975, -4.239283863465943, -1.1145488710956868, False
5.246657263706279, 4.225568343156047, -0.47104128391880584, False
-5.76318882098821, 2.8263627755840783, 2.9386174155802456, True
-5.015320473351014, -2.2366403541594355, -2.3705425840528473, False
-1.4573671801979833, 4.7093220456403095, -2.5595189532003984, False
3.5537895131185664, 3.388199625584569, 2.2216189922352196, False
0.047258857971284485, -3.8404547803392326, -2.145890597350708, False
4.483424564101554, -6.064725475323529, -2.4169766197571936, False
4.476027866268737, 2.052642958606098, -2.725188374558113, False
5.433777207934771, -0.8079789310473915, 0.7250543096251563, False
-5.254390113190521, 3.0231945522571735, -0.40825723442407513, False
-4.994864399686656, -3.556968479821611, 1.8570259823128499, True
-5.13105782974046, 2.157969482651451, 2.8052900564581114, False
4.271699003592403, 2.5452726111363777, 0.36312491633859745, False
4.287040485334467, 5.140204333109406, -0.4832633802723856, False
0.6436551066320684, -5.351386070133199, 1.5878221540856226, False
-2.7781124912720254, 2.128910537028556, -1.4447018947461254, False
-2.8294911646684517, -0.920580589289302, -1.2331800399914128, False
-5.932555818747307, 2.6745562462931574, -1.9728285662185086, False
-5.144989373853061, 2.869304225003326, 2.10292367303121, False
-3.416698762292398, -4.2309167163969015, 0.47752728760508356, False
4.451042774644021, -2.349335270837795, 2.837812561720715, False
-6.231329840456213, -3.8447280630736445, 1.9779241021745557, False
1.952807431106553, 3.617720653172272, 1.9745040465976667, True
6.106151686754046, 0.8706663494845035, 2.2990867679070597, False
-2.449429436400556, 4.613834176092636, -0.37324103434927336, False
-1.7588336668988838, -0.5026673690801298, -2.8955826362149857, True
3.6002452044166127, 3.2281439939833696, -1.651093301668323, False
6.181836245723268, -0.02658175050617828, 0.2865595240835277, False
-0.5668871957219261, -0.0600658829451195, 1.7447307553583453, False
2.5285572945676282, 1.9951053484537127, 0.5823698611719865, False
1.371697662807387, -3.363024676192837, -0.2780021796292975, False
-5.363599884935934, -0.19641910145965458, -0.20725424463589848, False
-5.3499413432185134, 6.18614848089781, -1.0723131754651, False
2.4978292695050293, 4.453179647992497, -1.3667761696708298, False
1.352471398982714, -4.152639380745272, 1.9485685613233645, False
-0.2696366363974656, -0.052396442199334814, 2.5324722295403594, False
-6.152734132325841, -2.4924341336026297, 0.7597836682037, False
-4.179075139367596, -4.675671722948068, 0.7670283034619363, False
5.315604530657337, -0.3801629255234742, -0.5176318847892833, False
-2.6303331540914727, 5.117749062351043, -2.5254778516541183, False
-3.6952565806723268, -5.758760651908013, 2.148072895954641, False
-2.203845617972134, 5.352525334485113, 2.1885625678549303, True
3.3942828230420865, 0.7173338079513067, -0.946317391134254, False
-2.0333801253653796, -1.7256102431685898, 2.6195460170882594, False
5.748734140364711, -3.6984748007955663, 2.6831832085121645, False
6.194672349524609, -4.212376843093752, -2.70183148228887, False
-3.7438882121934407, -2.7088659648052236, -0.9532919332062102, False
2.1099185000288063, 3.8248132634904444, 0.664559436205137, True
-3.441321651002942, -2.803841887933988, -1.487012737138075, False
1.4036174761543858, 6.068053865282183, 0.9976116063831144, False
1.7484730420056884, -3.9103824677700767, 2.6433443111408836, False
-3.6191027868625496, 2.2615093798201347, 2.1394428359941795, False
-2.44316627095277, -5.132608028352918, 1.527250444636583, False
-6.234261773132303, -2.768913053637352, 0.18612337099580856, False
-5.046385984181128, 3.0275673215425947, -1.840083510367372, False
5.040368933424654, -1.9922810255075047, -0.7104957465468713, False
-2.6391684709411676, 4.962287784205316, -1.0552877517064045, False
-1.1984568868912957, -4.690468960340784, 1.034438563456181, False
2.85193104981221, 0.10925521815959982, -1.0492433906331695, False
2.5068294674174183, 5.775105744655686, -2.1735032071102616, False
-4.622507040613769, -3.3470387763172442, 0.8871739117899899, False
4.846158833377958, -5.50257393420622, 0.486811802914231, False
-4.415061793777621, 1.761084437556308, 2.9232931092037804, True
-3.905535020056063, 1.8320036791644672, 0.16416714594417803, False
-2.496641888158398, 4.923780756970732, -2.9632310948090903, True
-5.45946136612123, -1.3485570784295593, -3.1272826366770876, True
-1.0910054553723496, -2.096948178141206, -0.2328634529829383, False
4.358438784278844, -1.1974407454940614, 1.7205277299182598, True
-5.858890989080532, -0.23392197978506424, 1.246936865390989, False
-1.5142667732278978, 4.161983308401236, -3.0648143253543254, True
2.997963952327579, 0.3031721054764258, -0.7549282908262169, False
-5.238983898955909, 1.910488633919158, 1.1844912068524938, False
5.823394139123499, -0.6407918314565935, 0.41657977217226927, False
4.105510278355695, 3.4939867816209027, -2.9545903736998094, True
5.171041486910443, -4.498849692496246, -0.8584558953621952, False
-5.734334391702625, 3.8137596744244657, -1.6368575106941423, False
-3.1339377799299424, -3.9243150576728656, -1.9647242247730556, False
3.6846012573879072, 2.6175772795164374, -0.7362573690015157, False
2.2613273108595866, 4.817369637863743, -0.13403147237268254, False
-2.422510685771416, -4.893037731803658, 2.55017341355273, False
-0.216708610492522, 0.09071769432273857, -0.7418301237289557, False
-5.023005446102488, -2.038002091524609, 0.9098692297860955, False
0.09475688121076864, -5.583960523838808, -1.6642974370050345, False
-4.129800576003003, 2.718634868669554, -2.9961305270576757, True
5.499946591114275, -4.968359594052483, -1.1526490589198233, False
3.884563382265279, -2.915523484786227, -0.9037641357812052, False
-2.092246896096677, -5.837043491580449, 1.1624622548432724, False
0.3455568996680629, -5.373981723505579, 1.6315686258287814, False
-6.0305324402817195, 0.4963575645650611, -2.8415777526621793, False
-0.9912088142058773, -2.192525754010985, 1.0889852858811047, False
1.538743181455522, 1.0615660949551957, 0.5107019318461146, False
0.41372683534057764, 1.8401233127631844, 1.4889805116293315, False
-0.46097156170271525, -2.1581172251564453, -2.5956444951561473, False
-4.967866736030295, 4.144784348828267, -1.516005342141274, True
-1.609303985542872, 6.1863916232706995, -0.739664405349556, True
2.9951306408792835, 3.985738072228429, -1.3172588909847762, False
-4.907818474138844, -0.760436213771789, -2.488727863595487, False
2.8384948208305634, 4.468879524035728, -1.455896771025454, False
4.686235475415071, -0.6069011917439111, 2.0063950969403646, True
5.462400303634363, -4.52473735176027, -2.398940357080612, False
2.9622269115993642, 1.0449061584918082, 1.3716794807501147, False
5.138527516888603, -0.5164712066229322, 0.07240810601851777, False
-0.4866841922670666, -3.8771753957032633, 2.0654017836961964, False
5.406640391660096, -1.3685310259999204, -2.1405639076612664, False
-3.2615362158752768, -1.0486948233770317, -1.989565440637587, False
-6.1788273303340535, 2.425904073379453, -2.3318128960494695, False
-3.948714860723445, -0.43050357726531274, -2.7033852141157597, False
0.18347774005069528, -1.6177329367326934, -0.23615783001754842, False
-1.8644461622544242, -6.12216600500881, -0.3390266753993507, False
-6.203239233330836, 3.6386378478667893, 2.9533068201156336, True
-5.125133719983218, -5.286694377040376, 0.28592446547822226, False
-4.746232351326629, -0.25388312157624693, -3.0764627657857435, True
-1.2946666726248504, 0.06023736605735763, 1.0464373007084227, False
-2.5593000152703627, 4.918991230753834, 1.0945731791362219, False
1.2976225852728147, 4.168043972671452, 1.5854983106050335, False
2.16027167024348, -2.8847361837061034, -0.5045140547182467, False
-3.6806507198097362, -5.072417696578345, 0.8219098383657473, False
-0.5419885872058794, -4.5864021302908995, -1.6190888674346142, False
-4.904491214090676, 1.7398698943948805, 2.711863320188444, False
0.4720461156158571, -4.14873002112275, 0.582250356113577, False
-5.20048862508564, -4.3717163564154315, 2.380852396625211, False
3.5230676005321815, 4.393796205195056, -3.1232901035902034, True
1.337542671651244, -3.7074928592636174, -3.0175209724696415, True
-6.013279114610904, -4.584203224287497, 1.4696943198699692, False
4.9718756553291445, 4.9509842280729774, 2.649100341075547, False
1.0869201868688894, 3.7635204302798844, -2.7195262729507275, False
-3.635826998992881, -0.8909037734228322, -0.9053411740314425, False
-1.9833890800135379, -5.3095065468312725, 0.6794412877911995, False
3.5528627335450302, 0.4155575560698592, -0.441202720794164, False
0.9016009844986206, -0.46457229643478026, 1.2926792770909987, False
2.2348517497659923, -1.0731422422330068, -2.3956428223541337, False
-4.797017320772741, -3.3341169932555683, -0.430207518422947, False
2.289982957930585, 1.1784187171712768, -1.1267083789337424, False
2.6816948997380567, 0.698491236344883, 0.14279049158526513, False
0.33287385719560536, -2.075842794125024, -2.5244438933966578, False
0.5510910236110167, 1.4570582405399346, -1.346604034446369, False
-4.188296587198366, 6.251853430207245, -0.012145277816563382, False
-4.616748713568933, 4.693201892660133, 0.2778692419393263, False
-0.05738621707725944, -0.8152242830274288, 0.22323037729184403, False
-1.7647502050220636, 4.631659625478401, -1.3391703679937756, False
-0.4327436313189237, -4.008642709736066, 2.6405144704875134, False
-1.321668358305966, 5.1308051570919115, -2.389725798477996, False
5.466663289622417, -3.9383445047854453, -1.3270563551923584, False
-4.682218265775945, 5.926983164233478, 1.8792037595974218, False
-0.5437500932541326, -5.5221595856072465, 0.6140731744424444, False
4.836696500580828, 6.040544660250482, -1.5225905533869228, True
-2.9339443970912145, 1.196306677407196, 0.4141087392724838, False
0.34861030289046635, 1.2819973270488187, 2.607890479245987, False
2.3756420456710288, -0.41128939760729377, 1.8659826344620276, False
3.0254168032179436, -0.32332390678732903, -2.7926489947725335, False
-2.703214894887168, -0.5697313718375137, 2.557466290853883, False
-6.149658402289639, 2.4442709666214917, -2.710343579068138, False
-1.0945578422595936, 5.71716966906172, -2.0678507078492503, False
-3.2080712326127516, 0.32530342663292533, 0.9875163384157153, False
-5.8612623302148235, -4.46910091769692, 1.9890318824228812, False
-4.8198205444618765, 1.5876606584529265, -1.5891926716276579, False
4.421720891264036, 0.8490525131876181, 2.362633976517646, False
-2.3366712248888533, -5.024275042487048, -1.8880491734990443, False
-0.5856671796879676, -0.729341514654914, 2.779375373993193, False
-3.9962912764412675, -4.671399365360538, 1.7092423199922582, False
-5.454778717520222, 3.2490380411990536, 1.6659866222220048, False
-4.892189015063519, 2.3025011554123047, -0.6024230779843416, False
-5.437777235295802, -5.00408650017627, 2.710356342332264, False
-5.325636641792902, -0.6353240046121531, 0.5507157981229356, False
-6.2227860928400345, -4.856386416561438, 1.240480853172226, False
0.2026688449018188, 0.6743771058142176, 2.3853362946339987, False
5.620112943227696, 4.784149144357226, -2.289647525271705, False
-3.9810297685987797, -4.426353576937421, 1.1127546362604406, False
4.61732330347453, -0.8691712929202895, 0.6766028491498965, True
-4.578271090279676, -3.249597535634541, -2.005309840883956, False
-4.199901164870049, -0.37861469107679824, -2.848244909619443, False
-1.7988355841940624, -2.5286498392065235, 0.045114902697259485, False
-5.199765817534274, -3.9923101739454117, -2.275473916848013, False
1.643208613764508, 0.6909890098705773, -1.2954488149737602, False
4.073422648340468, -1.7195024576420685, 1.818374473509862, False
-6.276777698764094, -2.8486392481335696, 2.216831529532648, False
5.539796590818979, 5.352997374053482, 1.322032652920412, False
3.882586670344782, -1.8767419708008726, -2.6685229232186023, False
-4.213605399031891, -6.040354240669708, 1.6161118758631234, False
1.1170341102375163, 2.9579727934731554, 1.608749973230732, True
4.228946813142457, -5.770716174063743, -0.787023716205117, False
5.389237640043923, -4.166298701294917, 0.49128943399167113, False
4.761465173696937, -2.620538218896606, -3.0205299447405807, True
0.12437618178108689, -6.1546597838969355, -2.7861431022057923, False
-3.612020086954002, -5.429146272466399, -0.7256093083461534, False
-2.0694831283734336, 5.673718494762687, 3.083587895558561, True
-3.591939404875324, -4.619140341282448, -1.4370273392536606, False
-4.840921622102559, 1.0436929959886232, -3.1188175332312116, True
-1.6419955043319954, 4.1373233680575225, -0.6440583478673734, False
-5.388133930748096, 0.04643292505917973, -1.1814950810510303, False
5.660991306729553, -2.8406588872404015, -1.1339738750103336, False
6.022057376244815, -4.934659019202529, -2.31298047126959, False
-3.3735713048000013, -5.987755743872859, 2.4665053241361905, False
1.4237704159301172, 0.7059663700982819, -2.7324491601545478, False
1.5205483232459214, 2.9576698598614097, 1.3060700062791515, True
4.363409585367604, 5.182270553555838, 1.6426646767615853, True
4.952573733768675, -4.502300025225718, 2.6555065348901605, False
4.032025066244051, 3.6160386732524152, 3.1254423462364995, True
2.8945440100692537, 5.530532263468089, 0.4361517924900329, False
0.04342481417230015, -3.3137253158002236, -0.5139837166625933, False
-2.630171552432792, -3.367785071470776, 2.1589074166690088, False
-5.382795216269987, -3.6413169543746116, -2.810113179505398, False
-4.3823853244547335, -0.7847679381466657, 1.7607868612756317, False
1.8061970798225389, 3.3240033834666853, -2.9790412272067233, True
-0.4194631334587351, 1.5903696147037198, 1.311078939170235, False
-6.144360955261075, 2.066607084824417, 0.21484043018069787, False
-2.9419984466345737, -3.000204056023006, 0.14448992572959973, False
3.7806565043305973, 0.2403669587598758, 2.099220063304572, False
-0.12664575671927913, -3.8884652279986733, 1.9173730717688544, False
-2.187284523037463, -1.4518068258988572, 0.6924493684685187, False
0.8630838591569931, 4.2070285800784895, -2.3958113404070716, False
-6.175625131065301, 0.2931362843317684, -1.1574013492843382, False
4.929927639227504, 5.877811565282688, 1.9095374989638918, False
3.1049202349199074, 0.534438925665115, 2.497695075300194, False
4.494200088119269, 4.574566492019965, 1.8757282618741318, True
3.521174958464819, -4.547298991532871, 1.0193109806856642, False
0.5490749302900451, 2.457178291411889, -2.967757418202236, True
0.7088192662614379, 3.6663336041261623, 2.5614649694534544, False
2.0037210451325524, 3.426943696931014, -2.512430252134541, False
3.4170607962713984, -1.393967017123753, 0.40322119115163213, False
-5.7154392154972165, 0.4853861549373475, 1.9350890964725949, False
-4.856553848853647, -2.454728858299937, -1.5371837931630181, True
6.194423964304898, -3.3846155332466394, 2.834337171453347, False
-4.505012831742349, -0.5608722880816375, -2.582633021509159, False
-4.3136558791857595, 3.2869192997620793, 0.1437553023658933, False
2.45522682796274, 3.5850175205415677, -3.130392551232803, True
4.809406156997632, -1.689106760503929, 1.728260628404155, True
4.10885275638447, -4.833289957159142, 1.676532058338636, False
5.123529032364582, 1.4681992197571354, -1.7352676541676209, False
-0.21202816968590188, -1.520075783102186, 0.22410914066230125, False
5.351083078480686, 2.3711903301994983, 2.615484309664489, False
-2.5701969994615994, 2.5451505291555705, 0.5684815065672342, False
0.29057788930446105, -5.22810623737522, -2.6261242122556707, False
3.1428890832037144, -2.224201167995462, 3.0349562976656266, True
-6.251395378874627, -5.5853966052140525, -1.399537702271007, False
0.32547523794886946, 0.370008029042328, -1.7954151289495763, False
0.043697377420614636, 5.529008812629076, 3.0168645217226437, True
-3.3900150445826958, 0.05234731019378014, 2.675278721939538, False
-6.243641326500928, 3.0098324116701427, -0.680107390004197, False
-1.5525687915584312, 5.225103698057762, -2.9615234429187822, True
3.422037563659149, 1.664504602856745, 1.5416314870630279, False
-5.342677141395834, -1.837271153072038, 3.1082481361592302, True
3.0613923303004285, -3.5671147503742975, 2.9029365566937626, True
2.096839308630889, -4.1332191404118515, 1.6059982867677984, False
-2.3019575669244547, 0.1553337218746389, -1.820982604254364, False
-5.752109500058625, 4.281770601404579, 1.6223506938049432, False
6.16526319124401, -4.931018976401922, 1.6018161107882287, False
-0.16325869145499272, 2.586637602973342, -0.3611933558109075, False
5.297650643640315, -3.809024339214159, -3.0957902822118712, True
-3.79414694764122, -1.7571130360319236, 0.13458678357850484, False
5.7263038767624295, -2.7135883289977567, -0.4695804345533068, False
-2.316184105509832, 2.9097751966600196, -1.1996444598429798, False
3.221651832153203, -1.267669408045018, -1.5432987380193068, False
4.191590853006009, 4.692322218143287, -2.1489026222626655, False
-3.2698171707732153, 4.920627126992503, 0.8828690104762122, False
-0.25567553361036754, 2.4557079114395783, -0.7735243913813994, False
5.224878664088228, 4.012223238060448, -0.7255414721923064, False
-6.088189610926237, 0.19952181926001877, -0.8816404957342026, False
1.8396213222792142, 2.4656887890155446, 0.22416364174747416, False
-0.19063970733721636, -2.629067063232043, 1.2335707824545201, False
-3.265482596250785, 2.5679055823296544, 0.7874338372927587, False
-1.7402873446407945, 3.7310195214598547, -2.574561787344584, False
-5.487898891039297, -0.20534397188511377, 1.3441604923484904, False
-2.5348041020688106, 1.4672816322540179, -1.056560956959013, False
5.436697457269263, -0.09327293417513882, -0.36427912893108294, False
-0.9585866999611481, 3.3977881367643583, 2.1152595654424617, False
2.70862383213964, -0.527043995770744, 1.4929755449303999, False
1.0718470716143313, 2.2707695107621575, -0.7015925859375978, False
3.070735032247118, 5.979596892588649, 0.622512176060138, False
-4.4139626044810285, 5.543675136931435, -0.6732264077706702, False
-3.9668336817858547, 4.125986545587324, 1.7191553267050539, False
3.5544954420566075, -5.0866884430089225, 0.5870717045775353, False
-4.061227591710218, 3.698659031500849, 0.6462332137703748, True
3.0734773561329813, -5.799663816727971, 0.3195014167019279, False
-0.70439055880294, -0.9979950800463566, -1.6733775223493816, False
-1.2282339949313439, 4.752694700229297, -1.3526590749029863, False
-3.1140158372079143, 1.129197967455263, 2.4127736799334247, False
-6.204721291505459, 3.7634205713628504, -0.19125389247718383, False
-5.505968469784663, 5.232190716136879, -0.8750041838769165, False
-2.393580099302855, -3.3204239282146517, 1.66039540857121, False
-0.5468671589749956, -4.025756942051908, 3.013705176840066, True
6.166525225281545, -1.9420918791939714, -0.8721849587748727, False
5.031375268457301, -1.3355017424980762, -2.0920642094843496, False
2.5616607927839787, -1.832060091371769, 1.60335017353374, False
3.5920859024162475, 0.5706806847271233, 1.0779943263005567, False
-0.27405141485171836, 5.252629298861658, -0.6343452825649365, False
-1.3721362010362332, 0.18585029642877782, 0.69169185978373, False
0.523990150481219, 5.6904455094313935, -2.966980929670149, True
-4.109578672535066, 2.702057207102918, -1.9657174026815545, False
-2.9047808189754023, 4.821233518388025, -1.8207454762538013, False
-5.076242794512742, -2.5980253181515858, 0.26862295458434904, True
0.3688426972496046, 1.2283932621552163, 0.05300332196350821, False
3.538459576205904, -2.819091678269455, 2.662425066357411, False
-3.5374439743946477, -0.5208872468099628, -1.6694959502822742, False
5.096909739546382, 5.805326840849018, 2.8285278073348294, False
-6.002114873337377, 6.072127309115302, 1.9074725271760204, False
-6.040344405946674, 5.6219278824612005, 0.34753514631553406, False
2.443311228503969, 0.7463778869749733, 0.9216502121938497, False
5.394858834822083, 2.570344096943833, -2.413289357792541, False
-1.1961189361222022, -5.041750230414227, -1.15470235808465, False
5.279855298448707, -0.2304644125831956, 2.1833170522814003, False
-2.1968016081209187, 1.7467202743181627, 2.225460042225447, False
-5.92789302439751, 0.517317518464032, -0.21391264862083137, False
-2.984622568128508, -2.1647424285717882, 2.605732265194158, False
3.939636577236435, 2.0997046382233613, -0.5560965985111008, False
-5.416579846941323, -3.3350844771050467, 1.3157804292932394, False
4.178240820592244, -5.225546004675563, -1.0668613710075214, False
-6.215127912283123, 0.4889434020615644, -1.3523782531666941, False
-5.631456253497156, -5.5633958154701055, 2.523711510051248, False
-0.7786971587545368, 1.1162029039716828, 1.1450964372098138, False
5.2104662932758785, -4.261509656328174, 1.6097226085841845, False
1.3767054784328492, -3.029430905829666, 1.7578184355301296, True
5.997602174167593, 0.44679543956393086, 3.0817701340685018, True
-5.226927519504095, 2.120622772427998, -2.599323368333865, False
4.0490215357349815, -3.121393463625453, 0.10722171185375595, False
4.193226710659346, -3.6078146646887315, 2.1441636061977984, False
-2.906611542160927, 0.9030743667573953, 0.9420294127065656, False
0.8498065242921369, 4.039923778774748, 3.1372443638983096, True
-2.9458332624528856, -4.624173462348262, -0.33702572520733876, False
0.7462161788214221, 2.807928922260599, -1.2253077885591723, False
6.249542114581729, -4.634327930660079, 1.693551076323942, False
3.3079317455915724, -0.29591901051144287, -2.903374617434888, True
-3.7307656314343127, -2.1390428317254377, 1.5669848619026583, False
-4.865722379864419, -0.14655644521003985, 1.4357803059164063, False
0.14205427442903673, -4.439845060859154, 1.035474130124853, False
-1.1161085309994432, -4.2301148321899955, -2.157376788423802, False
0.6410621657551099, 1.3887030354052436, 1.5949767660951197, False
-5.780603323298165, -2.146366881884366, -0.10764435221555146, False
-1.67237859740327, 5.2752547064343425, 0.3305179119166186, True
1.958270620340933, -3.4080227386474564, 0.700771811392654, False
4.2775307035869865, 6.113384587896567, -2.2954204528940707, False
0.05245948208270068, 1.9338017371342602, -2.5565608506116897, False
1.5704267430108105, 0.44566549375263076, -2.9293367635145926, True
-4.807564037652014, 1.4480441987505204, 2.0956229009897447, False
6.274590477785129, -0.6566719254704685, -0.8534121209854457, False
1.8964613102590846, 1.9287737130371365, -1.8279724152501844, False
-5.942472425431723, 5.454491111912942, 0.2857444282055317, False
3.8342772568476367, 2.899495973868115, 2.59185053157991, False
5.3018151970076755, -5.823309922648928, 0.5778651186354371, False
-1.2495392783030494, -0.7882688449321842, -3.042087622129692, True
-1.9267008565743655, 0.0018216240954220808, 0.033317641919532015, False
5.486694675753206, -4.793050198018088, 2.139034055427091, False
-3.4450623584420783, 1.6449575920921307, -0.22767352533016894, False
4.7066932856410055, -4.762949910889378, 1.0732746383112035, False
2.6077209707531974, 1.1342070487255729, -2.3726217028474355, False
-0.2034375279036702, -1.6683972797543394, 0.6106584338062584, False
-2.4280621665153905, -0.5760393045528529, 1.8234497637724045, True
-4.605820730893481, -0.18499346011571927, -1.6818510245228107, False
0.5346323249941172, -1.437296760824199, -0.19650100321933905, False
3.645029564934479, 2.2299373675808045, -1.5477804747303006, False
2.454769842492478, -1.9154091744444433, -0.2752003727966943, False
6.263268886622749, -2.019301094440152, -2.584172422785656, False
0.0682364793965693, -6.099058163687319, -0.5920696899805749, False
3.0982631281997293, -3.175128203719777, -2.1023507364702896, False
-4.83654288359444, -4.960095069644103, -1.249924437169232, False
5.0324172041187865, -3.7148354259265464, -1.209669305836514, False
4.734931883839353, -3.8720407250576176, 1.5849673673026983, False
-3.2472481395054125, -1.3050410345544083, 1.4951097704492247, False
2.339768172624016, -0.29539116926195685, -1.0694090833386185, True
-5.323156131042785, -4.528520906581112, -1.3200671087781943, False
4.896880163677089, 1.6763559656371942, -0.32791167138959043, False
1.5178451072012313, 4.803995649222385, 2.8570101530891163, False
3.1453841677147167, -0.07268128214932457, -1.67202605680499, False
-5.2355421042615715, -0.8349541501143447, 1.8500021318585267, False
5.488922363820691, -2.493148422408738, 1.6677110761094402, False
0.38640615527131583, -3.722904728024948, -0.4253893018015158, False
-4.481804963992678, -1.2297153157729062, 1.9933548068573508, False
-0.6435779079929125, 1.6777955017550434, 0.510348821984496, False
2.729203421007366, -5.430142305351606, -1.5810290801288147, False
1.7089451891967071, 0.4802149838592813, 2.4291946937707616, False
2.169432930197466, -5.281795452413657, -1.878887475019155, False
1.3011796599047258, 0.9781344029404604, -2.038915137581964, False
-4.015476760548976, 3.0833683460555434, -1.7338682319053857, False
-1.2861972973233753, 1.0287841983439323, -0.820421923695057, False
6.159610613866581, -4.015691510684966, -0.06427451869552847, False
1.2018810017205395, 2.957402859478975, -0.3717882058664199, False
-3.4320353770908163, 5.459694707668374, 0.5249765355451181, False
0.48205832918919533, -3.9057198440591105, 2.1520499828576467, False
-0.2228578934103158, -4.271039100983067, -2.119039933864296, False
-1.8987301723898637, -4.300562624572271, 0.8715139891664352, False
-1.8610091621837563, 4.018306730445026, 2.110217294839761, False
4.425757461642839, 3.7083021740046664, 0.21890011525451047, False
-5.799532538546442, -4.552195204053366, -2.9312255365212567, True
5.51711435921659, 1.2665563885667073, 0.4083027599815603, False
4.341703463998233, 4.273596040015956, -1.9768942303280967, False
3.342669718549889, 3.7736510473742975, -0.4583362464268461, False
0.8571190899854235, 2.4641468286659283, -2.298494615614806, False
-4.6410800145839595, -0.2554310812024383, 2.4750377182250674, False
-4.769659896490413, 2.8518273237324827, -3.1276030983950287, True
0.44869670732254807, 6.230009879612503, 1.0731197209184353, False
3.9516650832208526, -2.5996497771679823, -1.3327663628857103, False
-4.698129066511971, -3.7765548307239625, -0.5150294715302595, False
-2.547281895798431, 4.906547070445855, 0.010424105629410096, False
-1.9055926628573285, -4.6891131832926805, 1.385618842587661, False
-5.005229680366515, 5.786820055680142, 2.2729130916736606, False
1.299754453598145, 0.2653462781515348, 2.2907781066605493, False
-4.153401418950974, -0.9848537374662829, 1.9885719398258406, False
-4.397785972528588, -1.9535013885875712, -0.4308452429733265, False
1.1673168721935117, -3.3280465050011503, -2.0107108249131995, False
-3.8975909609306902, 5.4148285796162305, -1.8169850950706734, False
6.010391311204156, -5.846789010772539, -2.7517855449650543, False
2.5431947510560065, 0.3519315423365539, -0.1745102998191741, False
3.5825427130185634, -2.5112924023379746, -1.3952965110661564, False
4.530138529826321, 6.086584718991631, -2.3435821081519386, False
-4.968152245929072, -4.219936265036635, 1.194584431224139, False
-5.6205930787741, -1.9419607642685364, -0.7493058683488112, False
0.38253938364078444, 1.6617899882116118, -1.5344443550542493, False
3.641033834686697, -0.32731730272595083, 0.31242949855029023, False
-4.061061552519934, 5.1264244625461615, -0.9948293058609305, False
5.64490509960331, 4.663232839112624, 2.4229703608718376, False
6.060177634135336, -2.528868439778001, -1.6953382041228036, False
2.2512055354356253, -2.317727751511748, -2.7804925140125434, True
-0.7559556752440653, 2.4753500379915785, -0.9061067850327866, False
-1.345313574477288, 0.210066020793505, 0.16218216502329819, False
-2.2503276906230143, -1.6964067143008652, 0.7228330797818416, False
3.437002560941222, -2.2507777563429014, -0.9693999611687452, False
-2.6133534653412345, -2.0196131236736488, 2.63349385629164, False
5.480252086228402, -4.083326668422416, 0.9121355480690454, False
-1.4042381189396105, 3.936583312791985, 0.800708834114281, False
0.4276090055305293, 5.114640530713883, 1.2058971869872472, False
5.5230352293984115, 1.1612454715881393, -2.224658099354281, False
1.2089295391745534, -4.421508777824872, -0.47168365151998115, False
4.817887592822611, 2.452923633933761, -0.5195213140715875, False
1.4858976298651339, 1.2707536394177286, -0.5521858322979765, False
3.765519757061785, 4.998068288233561, 2.0085019103913897, False
5.857741501318472, 0.741339220741521, 3.135839518293368, True
-3.990676048628971, 3.6988856197278857, 1.6628903825074088, False
-2.826374102743486, 5.795640624891357, 1.3983345449333138, False
-2.214288590096829, 4.533997029966997, 1.6966180925629741, False
-1.4882302949051605, 3.994571780911391, 1.4635793144307492, False
-1.8087952217775953, 0.7795945184173894, -1.409654818396566, False
4.384431549860189, -4.680667485081153, 1.9889110394228808, False
-4.9329064830732525, -5.205517797939576, 1.9695628525544562, False
2.65089741552684, 1.2033597595651564, -2.6411033306426113, False
-0.42715002998617635, 2.5407118267932187, 2.399969532897652, False
-5.662470412671636, 1.6780674043251622, -2.7540217395238034, False
0.2912408286027919, 4.79083572020402, 0.8867002942977447, False
0.5924044524297685, 5.374068010863576, 0.3528047298210937, False
0.9699157557392848, 5.926023183116319, 0.23646237085534372, False
4.6281887984775665, 2.5313401919518306, -1.913676882402656, False
0.5563936253103785, 0.24442916910231016, 0.2648108171138812, False
4.255151279017269, 1.2624374345836875, 0.8213848309326663, False
-5.0657295200052825, 0.7612704666433041, 1.5576521936730297, False
2.629086542925794, 0.23774402751901924, 2.945879176320358, True
-4.017131927807044, 5.608219067254247, 0.031149880332487, True
5.740953432306837, -0.13138286338896776, -0.09566023155756875, False
-5.754898864929239, -3.3993636050856977, -0.6921578570150575, False
-5.563037593919337, 3.8134158299123264, 0.6493850718659271, False
-0.6582539960630669, -2.3862034929566236, 2.244332715531166, False
0.9926321250088366, -2.2050692714145264, -0.6699586959097301, False
