-4.898893698279872, 4.569892088658857, -1.848359026964893, False
1.8659754232992505, -5.069458630750752, -1.7134901949957022, False
0.06541682654899184, 0.4174982102422069, 1.048779825941228, False
-1.7758252457881456, 4.9766860156779416, 0.04998198379448349, False
2.093721082772543, -5.567437186904126, -2.738523713262065, False
-3.5730658250544085, -2.4638335913730405, 1.4281528197999886, False
-1.8273779920101907, -1.012133408208724, -1.6436857889844791, False
1.6752682432662898, -2.8364581246734923, -2.439024335872998, False
6.057026115053658, -1.989150546103886, -0.34752894290782343, False
0.6090157643163305, 0.31646696346256586, -3.0049908933346003, True
-0.5158709609276118, -4.022222597991874, -0.3928871373145295, False
0.2464232022923074, 1.561334166012129, -0.7363219383559629, False
6.222473455339452, -6.174441254730566, 3.134670853031171, True
-2.965350262800722, 5.634735441756289, 2.395048712130171, False
-3.1008378619650165, 5.751689649385211, 1.586679859893124, False
-5.698233233867724, -5.927715311312957, -1.8768190779118379, False
-3.4175874843898564, -3.0440414956214785, 1.334794812768335, True
3.5828500858897705, -3.2811655579693877, -2.847350911434151, False
-3.1597560251345165, 4.6107176584331775, 1.9461568203694979, False
4.2591006241081, 3.4478509865627682, -1.1404023747170005, False
-4.983566335936805, -2.7840506298297303, 2.3790629561108387, False
-2.0558614137498576, -2.4572789425688697, -0.4629914600220588, False
3.6316632670418603, 2.9694934355973217, -2.272025429746898, False
3.402500913383701, 6.239465424114432, 1.3118965278001093, False
2.079861373477039, -0.3377429938280425, -2.665006415316033, False
-3.7514234744694197, -5.655074475926018, -1.8725019729510184, False
-2.4631212127679185, -2.5256483149946893, 1.6727093028614641, False
-4.9471834535181625, -0.6864235519630757, 0.28379864429155344, False
6.085923191784156, -0.9757227844304248, -0.3193328443526835, False
-4.297826656572751, -5.361607420905518, -0.22165145524698415, False
2.117494364596407, -5.118093554799042, -1.5110913952762837, False
0.37584224390518717, -4.848576514479145, -1.1368931466718242, False
2.416660086608589, -3.5900762254168983, 2.1182100916966107, False
3.79352488379328, -5.511185242721954, -1.330243835507146, False
4.588159206317753, -4.416702136603929, 3.0143417312243566, True
6.1148459331932195, 2.730117198084894, 3.0757259769627883, True
-4.974702999019074, -5.801393982571306, -0.8616735319691631, False
-4.479420350144678, 6.169388032657636, 1.2593826572140472, False
1.3685503250967148, 2.4631740141744327, -2.8868207855092303, True
1.0529240957466088, 2.0837486936322875, -1.781339232419857, False
-2.652396475600528, 2.1130011674094096, -2.5562812965523065, False
-2.149425948180271, 1.1037679369749114, -0.6207659398383241, False
-2.1787618382126874, 0.15198248797688407, 3.1085684669980376, True
2.076849330793717, -3.1004951661379727, 0.4836973484879503, False
-3.5130905047652843, 1.6809340001661779, -0.39821779503987287, False
-1.5314088100597685, 2.9649112429403406, 2.0024372496618312, False
3.2707189805446557, 2.7586863865364393, -0.8832571956257018, False
4.206667619488842, 4.324248027533109, -2.898753845881621, False
6.046285192272254, -3.5815680232115703, -0.9063304304544819, False
-1.5161130010536876, 3.2698783175492245, 1.2419973671075422, False
5.210284106063066, -4.182297275748629, 1.9853361156135394, False
5.631442077402067, 5.897348756027471, -1.3974170041611857, False
-5.525971623663359, 4.208155153508237, 3.043930389696609, True
3.3474279892407015, -5.901070019324325, -1.5044184511968002, False
-0.04548833229123961, 3.3564742710312494, 0.38599469075768056, False
3.597547361489182, 5.440104453916987, -2.7855898939478303, False
-0.043438426488377146, -2.3344217730715733, 0.3588638971593072, False
-2.706858434815965, 0.11517756971901871, -0.683608227039997, False
-2.4826298229990016, -0.22667165640501707, 2.4131126754407326, False
-4.309538267316504, 3.9000336015142842, -1.8332945937285667, False
-5.799497866213516, -4.491008559988298, -1.6683231146538375, False
0.8421324418334031, -1.294347071541261, -1.7035055836750637, False
2.412027238272909, 2.996382378861526, -2.2673508994634863, False
1.4371991014243761, 3.6725803637154772, 1.8987602457646062, False
-1.2792655415319816, -0.5567183824613773, -0.6922418737769402, False
6.104407578657463, -2.9889627414410085, -1.5867581926857368, False
-5.6864212683935955, -3.307450204913759, -0.6108706400907105, False
-3.85822321554145, -6.196778856243389, 2.2664132381118884, False
4.448583963990872, 1.3909883450520066, -0.7833898628965126, False
1.9442896468036146, -4.227870740414854, 1.4767817463934776, False
-5.818810777485995, 3.6052786390356317, -2.0343159073258916, False
1.119698372327874, 4.731356478096304, 2.4108044787602747, False
-3.1620138990180475, -4.979817828070793, -2.349072158947709, False
-5.650034544102844, -3.8278532857212473, -0.5586812459172741, False
4.966916574821433, 2.0970687858790598, 1.6040419688884855, False
2.452662254571319, 2.4424441942115642, 0.5429232706458538, False
-4.042759473367453, 4.637594881934396, 3.0474198192423625, True
-2.97963385817705, -5.026557521990213, -1.1805089968728737, False
1.0067847073693574, -1.579664518303737, -2.7156914507544996, False
-5.3000389076875525, 1.0237614321950383, 0.5320629881777426, False
-0.06001280236496065, -0.24200202711099905, 0.6721690548268899, False
4.779792681268351, -3.3668916240265867, -0.06364473076341381, False
0.259812273167233, 0.8652486269942408, -1.8380887216622945, False
5.351648235474006, -0.5574409700472298, -0.6663548132726205, True
-5.994430161141251, -0.08898747129755158, 0.9513299618336566, False
-0.6108188229158493, 2.4496121242122406, -1.257037708627628, False
-5.824545662223239, -1.6142303914253837, -0.9939783503733604, False
2.4959367204229377, 3.6492605002667577, 0.5343009981771467, True
-2.36477256074355, 0.5261379914791977, 1.448017089652744, False
-2.4098730839311524, 2.1905373210951975, -2.8748078685833307, True
-3.738100360935315, 3.0240316230837845, 2.8082543855448803, True
0.27630642038670317, -0.15393589596463908, -0.5811911158547232, False
2.7949127130627467, 0.4916987852759256, 1.5711648031731986, False
5.84250176437927, -4.227407281613857, -0.06711397906608862, False
1.3607183616901253, 5.278292477935887, -0.9464860623871436, False
-5.124214581201004, -1.9332129364375685, 2.0320384640945752, False
-3.492480449766787, 4.023840587870449, 2.394815041517428, False
0.06808424151964854, 4.43705205272334, -2.455323668901058, False
4.551430934795432, -5.458642505726776, -2.610335149558147, False
5.149310338347387, 5.7461811586701685, 1.702165025811154, False
5.628116233778673, -1.8836009087651515, 0.582923465041802, False
-5.3670356563156, 2.0197270117260615, -1.8727789591164645, False
-3.5474682122218812, 2.395150401338702, 1.1281470259765936, True
2.797210499536286, 5.7399710913074795, -1.9154757906814217, False
4.467138899130289, 4.974266430202606, 2.6388653843166434, False
-0.8432220078302279, 1.9601286979562325, -1.9536062051616216, False
4.822742872341156, 2.1363973610109017, 1.9348890626376418, False
-1.5719474684916976, 0.36196168531882744, -2.7816806749787606, False
4.945264538660291, 5.4163606257021115, 2.592245088639843, False
3.117055981695879, -0.686163398325828, 1.7088036492255432, False
1.0422221794123727, -2.2578713068625014, -1.785356106499673, False
-1.4256585183807946, 4.31852387529991, 2.214976809831769, False
-6.003393087060447, -5.198437789393332, -2.1547088546768713, False
-5.475027820525018, -3.4186568906302885, -0.9125750490577547, False
-1.5858965618855958, 5.6870081209273735, 2.066096428053842, False
-1.4524475754142285, 1.4118324638579898, -2.3042480991997367, False
0.7932323655067401, -2.1569234892477436, -2.9962185168145714, True
-5.804938809801845, -3.7814087912022836, -0.42853038829585355, False
-4.991761921755526, -5.835372178291851, 2.9201299677735406, True
3.6410639874098063, 5.72587396824756, 2.315875960063326, False
0.31098389186387365, 2.8642545050550474, 0.7730736554863866, False
3.176702877516112, -1.295357364178309, 1.8598265016691284, False
2.265021695113946, 3.360398942147551, 1.7519559312357744, False
-3.8380803782485557, -4.622825731284054, -2.8145629418616678, False
4.84683312704365, 1.8248481882331458, 2.1448691321671998, False
4.663571372831033, -4.214964299099826, -1.24484495884771, False
4.882639501138502, -1.2488421412340118, -0.03893091163556628, False
4.160776992133609, 3.704172928507097, 0.15169352853810558, False
-3.118732316149265, 2.3884772211931864, -1.2618607750431938, False
5.823186615294903, 0.8433346111737139, 2.1140267941801136, False
5.020540256201, -0.3541974979422955, -2.001935591815268, False
-0.36515519394087903, 3.05120696903432, 0.6652618259064265, False
-6.005906283129364, 3.6375226112855934, 2.8376284236468026, False
2.7419035527040343, -3.6932560065016755, 2.363950154358694, False
-1.9445745154216114, -2.339057409270851, -1.0602970731143109, False
4.009751381437265, 5.046581746233347, -0.5827350051819926, False
-2.730268638137913, -1.5166033745337568, -2.1297187151911565, False
-2.2737665431057428, 2.5793992695575003, -0.7442351768210198, False
3.2467910682943213, 5.060172320746881, 1.4466945625670435, False
-3.2855746922690288, 1.9349898593315427, -2.366181352304352, False
5.5075452387724475, -5.845474905246093, -2.17366299921338, False
5.3882366778194655, 5.118224967147151, -2.750314419975649, False
4.530732461368753, -1.1134412499106716, -0.5944009964699752, False
-3.436362284302296, 0.6062401094950598, -2.547891871672042, False
5.5737992961849905, 2.7293187398528698, 0.12139550752634776, False
-4.373470211005745, 2.337356983926627, 2.4332732113382685, False
-0.8382854147678165, -2.0014680433218306, 1.5267413753300794, False
-2.485161971722009, 4.6744566598380555, -0.8942237108999795, False
-5.6175288332650055, -3.7079785014288515, -1.7719393641453203, False
-0.21408451792954786, -5.879279682604111, 1.3835459131764765, False
0.08884133472757672, 3.419866362381116, 1.6210059785112172, False
1.3190627657068337, -6.012073089041499, -1.8306176175136637, False
-6.115520003573048, 3.6380415827121553, -2.2256148526397697, False
-6.191605672788078, 3.6149420145154743, 1.4517553697687378, False
-5.516725136967068, 2.1321970115163005, -0.46879352863701484, False
-0.09673901184096945, -4.8414544933937975, -0.9718583747788654, False
4.550508624459109, -0.18576810100102747, -0.08653578655300365, False
-1.140126237075897, 5.403912728502396, -1.3528807772663545, False
-4.491802343663129, 6.277318086617994, 2.863339159644508, True
2.5875193737630955, 0.09738842122641334, -2.303788396519503, False
4.050677232575749, -5.750725798711686, -3.129641474354344, True
-3.892870385631875, 6.031048221705248, -1.3214115015112016, False
4.116385521877417, 4.5397967547765905, 0.7342849297765701, False
2.402550269874798, -1.347340251153578, -1.7431358386351066, False
-6.265831506046665, 3.2757863327209797, -0.7522490802255688, False
-3.6079589631634565, 0.45207346997610554, -0.988886166483077, False
-2.004567658259183, -6.0111411505512775, 1.0296924030791441, False
-0.2378993385425412, -2.5599476045036766, 2.38432452727771, False
-0.015998899979158487, -5.395525130500642, 2.589240099634277, False
-3.3401327492510124, 5.045941163954334, 2.9119564266989304, True
0.24058729507638077, 5.872994754025804, -2.5891709074374045, False
-1.9178866634039773, -2.2142876859190226, 2.4513175542923804, False
1.3225152297635523, 4.615725587668033, 1.638388363771666, False
-5.715163975353015, 4.4873860061407065, -0.4469101861756335, False
-3.313263642244459, -3.395459038212216, -0.9666398989162079, True
-0.7982847928457684, -0.41274592543648225, -0.20625002158841488, False
-5.060582377892419, -3.6727670126469634, 2.6876580571163355, False
-2.428669324898128, 0.2030254661731945, 0.9360037490625839, False
1.947063542507573, 1.4033653017918777, 1.360504815182149, False
-4.415924271612907, -5.0624676634437975, -2.84597542429118, False
0.8639743851625656, -3.6661125661824, -1.6451372095800965, False
-0.8034267616152233, 0.9995368556912743, 2.1194546823386986, False
-4.888109399194674, 3.3005811113963937, 3.0343385197211648, True
4.721535226763734, -0.39443415035914153, -0.22366167137544624, False
-0.02245384371940773, 3.654859089314286, 1.9302504036751582, False
-4.44223105082385, -5.7166202363931005, -3.1022158111695752, True
-1.2048929452279404, -5.372680193966221, 2.9485377937410133, True
3.5174923692975124, 0.3191710253679405, -1.248226018422206, False
-5.370432720509959, -5.402988819935624, 2.71012460388091, False
-1.1209397581223666, 4.363377615839642, 2.6981887157678326, False
-0.9965587372407638, -1.6583824552191082, 2.223023454396926, False
1.5372105081948444, -0.7914204134634524, -0.3822216562450955, False
4.2799449661926126, -1.0583205938869877, 0.6401082647880072, False
-6.025496756707383, -3.4763590072159998, 2.3489376265212183, False
3.8546495330429273, -4.396671103524634, -1.5611395402091057, False
-1.097814167465427, -0.803077218756747, 0.3879555267214414, False
5.222917394753445, -4.228391619230183, 1.3609929851407312, False
1.5253683011680739, -2.3567482434321247, -0.4205174506542435, False
0.18767440240631128, -3.5578797079500486, -0.29563904793853, False
4.275418209132784, -3.565322573962553, 0.7320597067623642, False
5.733391127446293, 5.902308588076886, 2.086874072027044, False
1.866865914465544, 1.2647347824184614, -2.7967140516629425, False
-4.489280242477941, 1.9840163913671933, 2.9151953595090365, True
-2.5382991455661443, -1.3519266713205695, 2.5565062156132363, False
-1.3741441759872668, -0.02721590015186326, -0.07385979019769673, False
-5.616983137980787, 5.223617433559969, 2.3197720925079155, False
-3.8232832837986654, -4.895440388962244, 0.4665338425005663, False
-2.096778527345263, 2.3754984099243703, -0.5768218131564393, False
-1.8173342521816904, -1.5971453108937705, 0.052281095557699775, False
1.0372582696121286, -0.5985026894077929, -0.6262353544824224, False
5.186481525890374, 3.0194640658297445, 1.4409721334007326, False
-2.9226899544406733, -0.42375158491045717, -0.3210646957284973, False
-5.3829781524757365, 5.301303689958614, -2.2856747150801042, False
-1.4962042900859043, 3.8104464446875568, -0.6193476593354283, False
2.196509058938032, 3.9036802785931712, 2.9772458805441584, True
3.67940981699172, -0.09337876981456095, -1.1313910065801167, False
-4.003998411394447, -3.1131043336692517, -1.9991499406115814, False
4.016209866397054, 3.902347163315186, 3.0857024517266582, True
-3.915984120058423, -0.3558087645935739, 2.458090113243097, False
2.2736189323793834, 2.6238783263236893, 1.1729861441652227, True
2.1550004258648308, 4.582719878353371, 2.182991358456559, False
-4.371244839815443, 0.7393581063279457, -3.0162106483262208, True
6.035593034925633, 3.7711618077408176, 2.2811444300758614, False
-0.9416323262586097, -4.7543044932416105, -2.8969344199445644, True
4.752873712555054, 0.5287252443583785, 1.9932311970747314, False
5.449194254435227, 3.3273443411407477, -0.07562816939758576, False
-4.038191360455983, 0.6783327762631739, -2.9123772638853973, True
3.564031428521373, -0.6361727993040454, -1.366214879084579, False
-3.133483009916925, 1.7062647182540802, -0.6729856472779305, False
5.722973833687677, -0.6560950480059864, -0.3672624106963238, False
-3.0976014926985376, -0.7333479659301956, 1.7393313004798028, False
3.5490818807147164, 2.764694398177326, -2.8186386883249632, False
4.96951346707262, -0.7400472128222582, 2.923961787887955, True
5.16339766868124, 3.7899416127240038, -0.20944306326777617, False
5.186956044122175, -0.1614703221940621, 0.11567862557514985, True
-0.941178345291978, 0.9213361398017383, -2.963868170184771, True
3.3913468115257306, 0.13529484548180548, -1.7040471047403773, False
-5.862650952038819, 6.1902995773287195, 1.9791930038188719, False
-4.500965567257084, 2.3319782190792875, 0.41284382161887967, False
1.3913272466500137, -0.6307310708224589, 3.073063631182074, True
2.8769981644922957, 0.4301870862298314, 0.7156546958438605, False
-1.5858386189254228, 3.177487542550253, -3.135454035773611, True
5.418532341284521, -5.389199919611746, 3.063662521655412, True
3.7131169576285767, 5.5331679389814425, 2.1412487370675777, False
-4.684734818623504, 3.4442287473933053, 1.6288974837785046, False
-1.6365131344526143, -2.2780463477346284, 0.3639551422556404, False
-2.1723335967814084, -5.153367910395744, -2.7344152042533674, False
-0.613782519278721, -2.85355504578672, -2.9431495161218835, True
4.860010433355038, -2.238568820745237, 0.4518012583130129, False
4.202405388197317, -2.3105105969215156, 1.0135853267712047, False
-4.756543777599617, -3.5141715737010486, 1.4921939714479695, False
-5.2540817261383665, 1.1848101058932352, 0.31893180302455537, False
-0.7908998401099119, 2.479397039642011, 0.29977274214236305, False
-5.755233003902108, -5.083092212504329, 1.6796189273554898, False
-3.8807400102376897, -1.83642857108552, -1.2213858311741865, False
-1.287938996528994, -2.344237075729508, 0.0584479015993713, False
-2.758951672992407, -1.8602448973135148, 3.040193900085205, True
0.4116848110732425, -3.493306036198357, -0.7982754409323531, False
6.152140607957994, 5.531707345267305, 2.9446081046027652, True
-0.17265168250134444, 5.374091286525024, -2.2034060392465222, False
3.826761242893161, -4.930096700259619, -2.2978882576458477, False
-5.928970342568436, 1.3880234123125028, -0.15381523507575423, False
5.8675549169017, -5.240477273904698, 1.2214634558303947, False
-1.121696670293912, -3.4712525558204796, 2.8816647361761785, True
2.530668862330309, 0.15211044579620037, 0.44731880328257745, False
-2.3137497902695863, 4.490112319834136, 1.8918840913588832, False
6.05749100447713, -0.6265882138404981, 2.800681001335259, False
3.731262937256602, 0.5675693361482566, -0.8642826170459399, False
-5.365225449484825, -5.480080100421744, -0.6412441743358022, False
0.7936399588278613, 0.45581383671653075, -1.524385180550515, False
-2.7927155830110717, 6.1629906407765525, 1.9306197513840004, False
-5.655688978126758, 2.415536192352201, 1.09174650801923, False
2.800662561990654, 4.087504639614792, -0.23035470095765742, False
-0.030967679741304543, 4.1967498222619, 3.0443800673995822, True
6.136184364732953, 6.029202938861468, 0.2698350566658241, False
-3.195376092489132, -0.08730334362786873, 0.9874026922967927, False
-6.036501778347199, 0.48737734521880327, -0.8770457686738009, False
-0.8493853799443114, -2.376974332746197, 0.23901886048855125, False
0.6043507750914179, -5.073601136660435, -1.7829841267777666, False
-5.750791842995869, 4.1249952376242955, 0.17791642585180867, False
2.694945305168602, 1.7725582849145614, -3.0615745301757262, True
-4.673875832948542, -2.188935543633801, 1.7821887222134762, False
6.133442072279552, -6.019335622420038, -2.7635243830737504, False
-4.584447653420088, 2.6593498056580636, -2.5142880311078106, False
-3.1223395525041115, -4.4613385059547, -0.9150020952302893, False
1.2074633591354278, 1.2765862876504386, -2.0646960398811975, False
1.2408860024708463, 2.454734629071721, 2.2408816335055954, False
-1.9129577848931474, 6.133129706870836, -0.4238737844414393, False
-2.7177230703122635, 1.0352128036967194, -0.027089713829762108, False
1.3302941402070383, -4.213431636599049, 1.5328099483301205, False
-4.21372609165582, -0.1924905707837281, 2.1136791316568955, False
2.7702422673430718, 0.25626965367324583, -0.37138842849196374, False
-2.1449565470907004, -3.3335892601210926, -0.8717143169308801, False
2.5439112386450358, 4.574653494897088, 0.560084121703587, False
-0.6268361860853, 3.2958635123963944, -1.5723717581019876, False
-0.03665793288160035, -5.654259173000544, 1.7360536637427249, False
-5.056413920289086, -0.1459479721730812, 2.011154431229201, False
3.9123084186000376, 5.87769519025697, -1.8170788719878321, False
2.0564402362329517, -3.457623900141121, 1.4632959488786117, False
-1.0947541375335827, -1.3213316099468049, 2.2475229495285918, False
5.289294401741511, -4.262860635517979, -2.111876069935374, False
2.935268270547068, 2.4799461042833144, -2.4702359578157065, False
3.1590196362810214, 0.6926887262430483, 0.7289590579973164, False
-4.940856105132912, -6.1663765974357565, 0.3388068903549386, False
-1.9458900027226402, -3.4495606457399606, 0.7062465820113042, False
-3.7919509657940305, 5.0273767297557, -2.0538067887047626, False
2.420343023314402, -3.536919902186816, -0.30061808243027643, False
2.735642492543125, -4.682753641513572, 0.06888780978005382, False
-6.166188693415976, -6.036122030812424, -2.9330090135790026, True
3.0145662919601897, 2.6945063492472574, 2.0931395504499006, False
-5.5638511883359305, -4.724909537934646, 1.4912012311516412, False
0.5786252192204877, 1.9863133423401838, 0.767828635507787, False
-3.56117265500384, 5.642511336026157, 2.7227467323865078, False
0.3284871627550894, 2.184765997739694, -2.2623423141189583, False
-5.949072209745517, -4.237667152419208, 0.29933455925938457, False
-0.11097732746385347, -2.9381861648165772, -2.8793067540811306, True
-1.613945139618977, 4.349283765509487, 2.942005097978572, True
5.482981124536552, 4.130228450965923, 2.7789012411258307, False
-3.113861052297808, 2.1259369093754668, -0.31144444756926415, False
1.1917400659398245, 0.40032638967533707, -1.2362788857011344, False
6.037225866013527, 1.2856110888908905, 1.7359392091124413, False
-5.7337711397700835, 1.2881003835519245, -2.027791764392223, False
1.8636197060667339, -4.334671937028907, 1.3171583159149334, False
-0.8587302221958062, 6.075959906591946, -1.651210124551598, True
3.7644444176619523, -2.49333816001127, 2.7815233000951336, False
1.9075361598593545, -0.2825041654673752, 2.448860781978225, False
4.871213121153071, -5.342709308803473, 3.0232097598772523, True
-2.5609228172450957, 0.9704461926877386, -0.7500736820897043, False
-6.260219979033517, -3.7415104799067236, 2.9546538308136947, True
-4.251298847332956, -2.317791191893523, 1.8161305789157316, False
-2.5464612651944507, -6.249804501498892, 0.4355016416093833, False
4.19974305331686, 3.697362922795177, -2.9101749019948175, True
2.3025399859674547, -2.0464125529011037, -2.261600195896198, False
4.566614092173628, -0.29681777760467387, 1.0683160550949973, False
0.8230538287971436, 2.6274812041609525, 1.8275880950205616, False
0.9646851759824999, -5.611417712900161, -2.360656278470815, False
1.7043820130377147, 4.68081181865432, -1.5183465514824444, False
-5.940598806817788, -0.28946672682829266, 2.110708672468361, False
0.4512160422153322, 3.8000267029318877, -1.9318273263879677, False
5.530492870698856, -3.2343834580387276, 2.5917257758717485, False
-3.212875823503867, -4.831613337048443, -1.1033927490069964, False
4.567231898289432, -1.3810046815375303, -2.2465429568359947, False
5.7484640609631175, -5.222637364378957, -1.99663030855745, True
2.356451891620061, 4.794359378043048, 1.84182014971101, False
6.047976419598438, -0.9393528476590216, -1.2550923569838714, False
-4.435530198576897, 0.6447451254627703, -3.1396936492005736, True
4.112607007562607, -3.456486858413684, 0.9296089706540371, False
-4.476856249629771, 6.077722294607062, -2.6375428465982305, False
1.4595120005240139, -4.197318477089554, 2.2867256269669642, False
-2.8883371776127422, -0.38000052304256027, -0.1677019898493053, False
-1.6375086877731722, 5.889653687034318, 2.3974290851603532, False
2.018557519652674, 3.245919167390916, 0.008214950960735212, False
0.3710162912087922, 0.3240028801339161, -0.7933091682579483, False
-3.4354699185419326, -0.5462227570166442, 1.5751695836156063, False
3.535094027180408, -1.9677420276710489, 2.58009675947112, False
3.9710243816169104, -4.061744342162617, -2.324518689139701, False
0.2787353900383609, 3.4590220166601355, 0.5422445875916027, False
-2.1208220123786763, -1.4487126171688, 2.7477521379458274, False
5.71928522892113, 5.754769486217803, -2.9671811494285567, True
-0.5259888149134255, 3.753852222770364, -1.7153138783295532, False
-0.6152522766166335, -5.589621505030504, 0.9092764513341622, False
0.15871922093537272, 1.0194755295902747, -1.0346866818335108, False
5.291106163592129, 0.8924329517251435, -2.653378714934191, False
-2.3999254416463867, -0.6973620519875112, -2.979740287610296, True
-4.273245961967187, 4.97659047791397, 2.7282994344585907, False
-1.3163509098530017, -3.971120793101683, -2.7139881117873017, False
-0.6952822598778718, -1.6777581142676707, 0.15695161909203215, False
-3.956491847716088, -0.29699068402528095, 0.07164891455604794, False
3.6504384521762443, 1.3041066911733097, -0.9064913915545647, False
-2.95319398446125, 2.074366839501817, 1.8075459627293204, False
-1.5008987019613809, 3.773991075464176, -1.7762844639946263, False
-5.652591112826574, -2.7916942413551067, 2.744470792790758, False
1.900516477858062, 5.206564806054464, 0.15306360903926297, False
-1.6783989057936566, 0.5242675082734278, 1.4086773984659633, False
-4.901417151741143, -5.024402994063873, -1.192120453378993, False
3.4643476363989905, 3.3131715362509517, -2.7980365973552805, False
2.3098077587935677, 3.3612541484792704, -2.504345729140771, False
1.9481697797098985, 4.052980703275297, 2.116086196373981, False
-2.883912688522205, -0.38055574588818875, -2.418804976759493, False
-1.4593030726130571, 3.9202102865816055, -0.9273034204783981, False
6.040939406443252, -5.539962192540523, 2.954102476537349, True
-3.9177892808373187, 6.1817696804550675, -2.0119106073478954, False
-0.4022369488313684, -5.774229174015832, 1.3761512058409577, False
4.169244401860235, 1.7223569051805203, -1.8980889074158762, False
-0.38645251188301355, 2.5194029202603527, -0.008014835835949086, False
-2.9006472011615525, 5.637544858735293, -2.637473455283953, False
-0.3625749271591774, 1.0080092784013042, 2.917700464567398, True
-3.9187336835067583, -0.9434739015682574, -0.24686097039875587, False
-4.033782942447362, 2.2305811090949597, 2.3526127906583048, False
-1.2355927034893694, -0.32855618266296727, 0.34567244861388646, False
2.4534502774989075, -0.7372966410073243, -2.2127828938225282, False
4.058967330127803, 5.57795453134462, -2.4503369565396786, False
-1.9209679140888394, 5.5516636413015235, 0.005943896909659685, False
-6.024062360091319, 0.16965810093718314, 2.3117129284580002, False
4.957238977458095, -0.29977396300020853, -2.1102958530799363, False
-2.0383578139349456, 5.0548827233914295, 2.7930989276181615, False
4.379457540672963, 4.738013568742009, -0.27102788045732407, False
-1.081761874550832, 5.206992739860308, -1.2641021980168996, False
0.37941851019706085, 5.773969106282079, -1.089846428203376, False
3.545107663436168, -4.44326412964381, -0.9704726163962207, False
4.773271626739815, -2.500661154368725, -0.4926747072009512, False
-1.3203006814903055, 3.611237021271668, 1.8531156801014683, False
-1.0608927964315207, -0.3307360466543088, -1.5891625074004359, False
-1.4265394133001017, 0.9990912573995772, -2.409750928428745, False
-3.5730224475365535, 0.8115759059806402, 0.5729269390152694, False
-3.7342293386977072, -0.01634785038451625, 1.231633094959828, False
-4.28088285182492, 3.8573262067231813, 1.9353446506909737, False
4.932689640937353, -5.067241139447307, 2.6291017843755187, False
-4.895853273066882, 4.9562373931445745, 1.764629567454982, False
-1.6262318307793224, 1.1933302808340178, 0.5333310318435438, False
-5.030022394491255, -0.4851859314422651, -1.6572859624017138, False
-5.498220484738528, -4.5680655667889765, 1.5569941369489708, False
-0.6592036430949957, 5.32743716818764, 2.005782355509959, True
-3.975169798314279, 5.345674419916307, 2.916563696377448, True
-1.140867410162393, 3.370059126098665, 1.6510838067067102, False
2.4418287516533717, 0.8253454682568995, 2.2187664135150253, False
-3.6812060373565982, -6.152720238696723, 1.032343811943405, False
3.2729078473157287, 6.104928913926795, 0.2667566666337482, False
-1.4536869540970523, 0.7030674375624013, -2.7238194358466696, False
5.740911501175516, -4.905083942244224, 0.9963599661015641, False
5.550369190416083, 2.7640665075977218, 0.7710304433796051, False
2.0400387694972757, 3.8202566733929615, -0.6883534720343087, False
-4.409226133506354, 2.162263005008338, -0.7895295532536162, False
-0.7261396067231365, 3.1627488158329538, -0.07312016024860757, False
-5.0137444630264865, -0.19888446286678718, 1.7156096058651418, False
-0.8200599545671521, 3.9058747667812845, 2.192339163865661, False
-0.4780074616991312, -1.1332699284765244, 2.7628322903397624, False
5.661658561864847, -3.197124394031614, -0.32020492915384313, False
6.00148242599591, -5.910334349631261, 0.23219502246662804, False
-4.951225844437615, -1.7121577731537885, -2.7955192353712834, False
3.862849455402845, 1.3356542300751517, 1.6370203605339109, False
1.4307482163701124, 3.129069420246731, 2.855479796416443, False
-5.903906107878275, 1.4247424767126189, 1.7630311434674937, False
-4.9865245641839815, -5.126488484131307, 0.3081282350153076, False
2.0066580540601517, 4.9003972607788295, 0.016338615549728264, False
-2.7106116387095764, 3.1848744255106975, 1.8821106547807025, False
-1.09496057358903, 3.14670542955821, 2.2822041604506156, False
1.843866136676283, -2.224590369499893, -2.1703242004830585, False
-4.0410149957391255, 5.4887009663197155, -0.3828815085637691, False
3.5346699967472937, 1.5608069166940721, -1.0403420548133826, False
-3.583696577593309, -4.799872389274136, -2.188877571774794, False
-4.697426105698532, -4.369235815383573, 0.856751411330896, False
3.2948438219081435, -0.5272390073999711, -1.233892642243698, False
1.161841058505252, 2.602290575250702, -0.6707421523114445, False
-5.8007064749382735, -5.035869569804273, -3.0379898841529114, True
-2.140534421734438, -3.7983460957926862, 2.8061371199065164, False
3.9395479246543577, 4.2354287415834975, 1.6391890897738373, False
-4.868962339895632, -5.846442837868553, 2.3715457690852038, False
-1.410641141296522, 5.661372595363622, 3.0350127163684864, True
-4.797322437074981, 2.9407880216522386, -1.6704558349957137, False
-5.7053791420824815, -3.7470389996768776, 0.21003650770042137, False
-6.152317445014203, -0.7286972385291968, 1.7225486683881597, False
-4.163629664258627, 5.409016399991444, -1.5016313787581854, False
-2.484266765426832, 1.5095041106596403, -0.2400211080168826, False
4.620187186549774, -3.6241957599578245, 1.4919508473266205, False
0.4905850739776696, -4.0196589353351495, 0.17708878337205336, False
-5.6619509846367695, -1.1670527163920417, 1.3170723706816592, False
1.023611827658777, 0.40945660274661755, 2.0072178492333608, False
-4.365247682548361, 3.452800327606294, -1.0692873062925763, False
-0.2509474311067823, 5.579087779894616, 0.40813005808889713, False
-2.505581827985016, 1.791590608335376, 1.422811362888413, False
0.7759408238942394, 1.836850271096461, 1.42182480677112, False
1.4351370229025724, -0.3220716697688948, -1.7516507658812228, False
4.646330086056706, 3.0502191381408466, 2.7242621670370584, False
1.3899140440228361, 1.7275939563586409, -2.110263071878244, False
3.1157170363205466, 4.021488794652985, -0.17509345106133933, False
-1.0752405501769946, -1.5336236077396075, -2.603998485016055, False
5.521252934484801, -1.663566351158643, 1.2397808756572894, False
0.7433257397981432, 2.5594239413267506, -2.2173734176710163, False
2.588445016035987, -1.9609484696292423, 1.660076423516279, False
-0.7504677227927941, -5.720816189909732, -2.1021464708464292, False
6.182299610001442, 6.040218463099647, 1.0492495558798565, False
-0.30952245197071715, -3.962389725884935, 0.44938674684167923, False
1.650953348456456, -4.898449418761332, 0.4734517474975446, False
4.288116462316085, 5.9560245799839855, 2.117462024855965, False
1.587772820522857, 5.22548592303014, 1.3868474017914458, False
-1.4188298265403363, 3.223928334306219, -0.3409405290789227, False
1.2855774735695515, 3.104908763721051, 0.9783922722401863, False
-4.266981802414927, -4.96286462474754, 2.822222060916312, False
-1.3733269112199693, 4.108049242933623, -1.7882882493757017, False
1.8231368363846823, 3.35800295948917, 1.1723135069241302, False
-0.26982452308918337, -0.4050551236040869, 2.875807223111866, True
-0.44306512662584385, 0.739933271856942, -3.1282763157412647, True
1.107371257022602, -0.7556094675224854, 2.9835158590638207, True
5.106065666698996, 3.388804951036306, 2.373215271680726, False
1.6426143365634358, -2.4832001795944794, -2.066886469644548, False
0.3119354742063969, 4.572889853400616, -2.785851326168882, False
3.446366192419937, -5.292805202947727, -2.071920715921124, False
-1.155107677808795, 2.4895022980224777, 1.9590285100521356, False
-5.149324859824757, -2.747968300471565, 1.4410184822434315, False
-0.736152441377822, -6.04721871179556, 1.1591696395272475, True
4.185483153967491, 4.250682503713973, 2.491854176004642, False
-5.58764344093141, 5.6978110924845, 2.9096506020024977, True
6.085374067634595, -4.1537803873863215, -0.6866562336540851, False
-2.984315977206945, 4.570632052277853, -2.8223837421857145, False
-3.049777841442332, -4.101935937888562, -1.0197209161722505, False
-2.160678920243755, 3.4691410810484875, 2.784367116579179, False
-3.8989021297630435, -0.9215359889466468, -1.5817288108031005, False
-4.758322284417275, -2.863721096827318, -1.2675428303081508, False
4.714280160104806, 0.5556361744275096, -2.0657264817667853, False
5.777856435410703, -2.14577521467663, -1.6175272708452275, False
-5.1106640072971565, 3.7539065110421355, 0.41917208065124933, False
2.410617474541338, 2.9372065983882134, -1.1195600659577476, True
-0.08101009067150677, 0.36099912584612515, -1.3576171856150243, False
3.978117610366594, 2.7779258437636916, -3.093854642690266, True
-1.9081174572717892, 0.6516758058248007, -1.308660822903895, False
-4.18954302821561, -3.9658254809610027, -1.5665431279495363, False
-4.653849684518956, -0.5298616765573732, 0.7844231246730002, False
3.5626865982153877, -1.9393034853624522, 0.14781734041348704, False
1.1186179647408911, 3.5669046082539815, -2.794071852900133, False
1.9251011545759056, 2.8147362571915426, -2.444850570579611, False
-6.121676317112961, -0.9680023003439135, 1.0242717256039828, False
-1.7120319711751737, -4.860672618403609, -3.0512124565093064, True
2.6056303263674803, -2.851335051243679, -0.11083930726748203, False
-2.0888263377207696, 2.1067358106255174, 0.3116699259379798, False
5.823725006677812, -0.12747232945004328, 0.6811247842018067, True
-6.054707060739716, 5.747472609338615, 1.046495959705661, False
2.280387987238198, 0.3277785626946388, -1.5974441207929952, False
5.452268277899261, -3.891186244259642, 2.8326679009146662, False
-4.359389382972935, 1.4412076933072502, -0.9171937215799333, False
-1.3373765874741759, -4.16177940028401, 1.997272544871783, False
2.096800986468171, -1.318057220778737, -0.5943604186287037, False
-1.8211138723536404, -5.393158851689062, 1.222278182114482, False
-1.6304081098066092, -0.9232904078744069, -0.23847589480941878, False
-0.6152512932320402, -5.033477085465309, -1.8730503880884497, True
4.18335624611645, 0.9316708086646761, 3.0558651238400465, True
3.1712397298220445, -3.0488184252242907, -2.665023871795418, False
0.9149641888948938, 1.8776090301391228, 0.8714717830982961, False
-5.682917632702514, 0.06465943261962082, -1.5599992580695805, False
-2.9270556116401667, 0.5801343874069156, -1.2454962536610703, False
5.0177383905233786, -2.1700578737155505, -2.392468311874678, False
2.98983434887519, 2.9632817899092654, -0.8679624891188795, False
5.658908835214376, 5.3761777147314405, -1.1710105185831625, False
-5.729868515701429, 4.573465384166234, 1.980160776763812, False
-5.6186683482535305, -3.8536027006659257, -0.1550508937454227, False
5.299998934992498, -5.491886945532783, -3.027932741295115, True
-3.869027085926751, -1.0353842101839001, -0.5981133025354168, False
4.002219194081217, 6.162064280675864, -0.7019308920467924, False
-4.259123431465219, -0.5365943284794561, -1.2227942992603225, False
0.9991356301813372, 0.5746572205287057, 2.060795876737096, False
5.371976387238165, -4.0010906121283805, 2.0717321869492347, False
5.408114716795497, 0.41181045498917346, 1.0576115555699808, True
-3.1320177208494755, -0.9892602586405053, 1.0254561593941895, False
-1.0878839862138312, 5.317860793607611, 2.3429564511361693, False
-5.163518579568092, 3.498165827696374, -0.4874542740917458, False
-1.968076591229086, 3.586965218068311, 3.12108630767401, True
-1.1008730189888043, 2.8908144614035294, -0.5142794318488915, False
2.299469859731282, 0.9637658455472726, 0.31016839672774443, False
-3.0387260892057775, 1.0272116592184721, 1.0080585779890248, False
5.538134564706969, -3.500572238687328, 0.8936224003385052, False
4.471149706378961, 3.5741575034974797, 0.25342187198814425, False
-4.646847219521668, -5.563640795908191, -3.0674778036784445, True
-6.145078327893854, 5.431926934715692, 2.880455581920348, False
-0.9972302265368462, 4.3886092935218155, -1.9073953520739113, False
1.1056051455999008, 3.7779554758999065, 2.7851482286309253, False
-4.044488330600667, 1.1602782489682228, 1.9135902272991183, False
-0.04756525999944827, -0.736685201243442, -1.8413160845603997, False
4.601550795818106, -4.475761146998004, -2.1638875987552226, False
-3.1058895593362723, -3.6403519248785456, 0.9980933716843889, False
-5.096020539033696, -2.0214084131120007, -0.5549134916606215, False
-0.20429411813124698, -4.948773561413121, -2.2357380118175687, False
0.08087621498376851, 6.002619306239961, -0.8979378971103689, False
-3.274961668131672, -1.3516727048635397, 1.8722567367440623, False
5.8976090930417016, -3.53658631172715, 2.1655916246890703, False
0.7908597663299917, 5.861499708688566, -0.2669244218471061, False
2.324175337033566, -1.1967496692211848, 2.6116017639309925, False
-5.254114173942478, -0.9600916447275045, -2.2557175197722876, False
5.67402380560981, 1.9387223596645455, 2.0261285423938595, False
-3.1238929408948843, -5.942267121516216, 2.457630736088584, False
-5.537943141915061, -2.0353375549183035, -2.217661675570548, False
-0.129219176994396, -1.2842389258368394, 0.46933254374044475, False
-4.1865353709729956, -4.534645070937787, 1.9882175159780067, False
-4.2371568314943, 3.569496076918327, -0.17323882769987042, False
-1.5182706492106064, 2.1051212301285993, 0.6633742541348409, False
3.9248554111572407, -5.52465856248431, -2.543301239741004, False
3.081221765559137, -2.3112974173931167, 2.8612561991840364, False
3.9082076754681516, 4.021762784159479, -2.8205550323680093, False
-4.256415901426406, -3.4969135645541987, 1.7840592885025544, False
6.11690923979279, -2.7511486696825806, 2.560599034537291, False
0.7128408835983207, -4.958130435630853, 0.9166020554600598, False
3.621523970412836, -3.4827863079295076, 1.738464705308921, False
-5.964376801824093, 0.5697495636549217, 0.41096403204530096, False
-5.7515558567657985, 2.109289305243415, -0.13752803025383464, False
3.3735906517693763, 2.962220310899074, -0.054084033802822784, False
-4.693103812425693, 4.273134097683384, -3.053249798655818, True
6.01475550798251, -2.3445030338774355, -1.3430181997533595, False
-4.498913987007016, 1.4326035540115338, 1.067937378523033, False
3.305330285847468, -4.904557179354142, -2.172155240702282, False
-5.585858714730583, 2.191120171416838, -0.016145007796647626, False
4.4122616329332, 3.1589600589027746, -0.23590555425105508, False
-4.646450329415378, -4.808257080838708, -2.0346826354638345, False
2.481272011662007, -4.823918803202457, 1.3704451997030649, False
0.09970247287105316, 5.206924408760154, 2.9220481859146465, True
-5.539977189414145, 0.7024029455268872, 2.1607103507625043, False
-3.4483318422254556, -1.655429945164923, -2.0833430867485587, False
-5.316217577875438, -5.529325525118719, 1.8229856656870949, False
-1.5367155665991588, 3.8341620212070513, 2.642160738657525, False
-1.4507261174361217, -5.361296074200187, 0.8512867303148255, False
-5.036183839290618, 3.0336220370149576, 1.227110873236021, False
-3.6035435562415112, 4.22261675684487, -0.5521861886009889, False
3.866914852210364, 0.8658357606583005, 2.8333798232110876, False
0.43171053610226817, -2.429159593061033, 0.0829454582597049, False
-5.078929198749522, 4.028571044081458, -0.78936129559921, False
1.145034548028037, -4.381966473678265, -2.1961912124674945, False
3.778578560369379, -2.1467887955347242, 1.611341652347316, False
-1.4443556202940728, 3.629018263335711, -2.9352295030504925, True
-4.73469262445402, -2.9352337457196005, 2.045017694473408, False
5.5268718497825855, -4.183410980779105, 2.4593754122959455, False
-1.5670523346285439, 5.699508702395187, -2.260921267407989, False
-2.4207522879638876, 1.2553643589541545, 0.5867934391195444, False
-3.474998209705796, -3.7526302075910554, 1.6532156477712325, False
1.3144666959312756, 0.20881190945524164, -0.47782754008256756, False
3.6020875766760483, -6.055660910494889, 2.895010475949608, True
-3.3446425337055876, -5.983093371536364, -2.938090950457532, True
-1.6422827643427222, 0.07888046807580906, 2.7831531090124866, False
-3.2403381373014195, 0.006960545175672017, -2.322884939379066, False
-5.921277861296206, 1.367508727915978, -0.9466267759772826, False
5.612974949821263, -0.3875680911983901, -0.17658328331941098, False
-1.2969520550962619, -4.527841047436269, -0.22065176264273845, False
2.5756107473561904, 6.026858540661198, 2.9913771344876645, True
-2.4227567490589403, -5.850950435281502, 1.4733213575677846, False
-2.135496886595683, 5.088205585293089, 3.001745077963858, True
-4.547234030540092, -2.8180658986311693, -0.4070590960419129, False
-1.6880869968418644, 3.292316287922038, 1.9674665143954826, False
5.836191613617141, 2.723353447200992, 0.1525360487481815, False
-6.2561800591183765, -1.787663695213638, -0.611221667894235, False
-5.077811987635387, -3.155778626022172, -0.5073004460627017, False
0.7559088234536411, 5.772120958935112, -0.14557728815180182, False
-1.2304538692676843, 4.683995912232003, 0.537585467715028, False
4.5105690536574965, -5.928700456084289, 2.1224914434694533, False
-6.175036664243987, 0.5037297626369481, -0.19180588882298943, False
-6.232615229880943, 4.377352601967152, -3.0352510396345203, True
-3.934634483322628, 5.972047691055092, -2.3047091672902384, False
-2.7468838618405664, -5.000405951778476, 1.8526999607355545, False
-4.862274792053856, -3.912417383275041, 0.13904712823263266, False
-0.0025516861276413394, -4.380266239383766, 2.6520698592670238, False
5.983304406725935, 4.446227579748568, -1.369180284470971, False
-5.63165799694988, 1.455650846152058, -0.05772318971740509, False
4.145646154357381, -2.0929648076714518, 1.1831868169751045, False
-6.1773151418397525, -2.4272012945514767, 2.8579700451257146, False
5.584712952823661, -0.6952473006692745, 2.396616275254293, False
6.27801526273451, -3.7131961385329726, -0.14485532935268752, False
1.5591042784169602, -6.088741762946382, 2.8734512773511494, False
-5.320209250530915, 3.0966478232294428, 0.49502053415030867, False
-1.3406888592475692, -2.07807346505986, -0.6437112820625956, False
-3.6810669768078763, -6.18577474589988, -0.2890834400447724, False
-0.14728796373728237, -1.0573112767368658, -0.8683186389626241, False
4.487365910580129, -3.4179800358420707, -0.08616931515223625, False
2.9880443855239296, -0.7260862461424571, 1.808933611419289, False
5.347969991846291, 0.2171441900506874, 1.867311816188991, True
4.4794423796103775, -2.709213819851669, -0.7943048194010269, False
0.6528266099389706, 2.9434918575472526, 1.9529282229769436, False
-4.360721804167353, 5.885890562629665, 1.689864934364171, False
-3.1553348499907745, -5.359041455810219, -1.2434644329472597, False
5.742584570313523, 3.0792802184771766, 2.1566450405606528, False
2.255182124439939, 4.71282234483613, -1.7035769128447884, False
-1.9853541376277963, -5.831868849956533, 0.5176570083996208, False
3.4104610993639177, 1.1503824802078446, -1.6481575514735403, False
4.414654364862784, 0.6953840968708906, -1.0929719179887831, False
4.5843932776929, -2.770079550441735, -2.9132256405056176, True
2.769303814229147, 2.527242515067064, -1.2111329628833611, False
5.890938628202173, 0.23492733094158336, 2.5934705700540635, False
1.0879399687408622, 2.3293072262550663, 2.4751724765437615, False
-5.9891411990666645, -3.27460859292711, 1.2211835874958492, False
3.668891229304853, 2.7504835964959486, 2.6632647396322398, False
-6.271067210160315, -5.831675346497401, 1.0300253252524856, False
-4.707715938774193, -2.2565276563422385, 1.1668360492145862, False
1.869168101948251, 6.101015680028301, 1.762170069445486, False
-2.873787190422799, -5.9969672910049585, -3.0200725533182973, True
-5.60374160049799, 3.593742801749716, -2.867897411943502, True
0.6685205840364477, -2.722709256686653, -2.0638151605065636, False
-2.9648329422346813, 5.738362608737713, 0.46800427298179326, False
-1.0790354118619812, -2.700951448170337, 2.266936063951608, False
-4.715035377814584, 2.063605483845045, 0.7862556864220718, False
-3.3577541176799173, 0.07337242316258497, 2.57377640439276, False
3.2856295583689334, -1.7078041720312456, 2.9863287313367897, True
4.036251009644559, 4.872642261178216, -0.2537669417780566, False
2.816880403367241, 4.253426025632606, -1.4097799431667732, False
5.297962738452661, -3.5496092950360865, -0.012528525745868269, False
-4.8798691516283705, 4.487633195412137, 0.3439626607449662, False
6.0388015365475365, 1.7763476236151075, 1.8765256758331166, False
1.510341860683024, -0.8507849464022881, 0.4219698742903262, False
-0.49581024874750756, -0.36161254086781547, 0.5495840071129439, False
-4.9090072547174355, 4.880350245477803, 0.53699530652682, False
4.955588200189203, -1.8466988380676979, 2.886808208186399, True
-3.7067802159604843, -4.5607559698930284, 1.628215921466854, False
0.14947111928229617, -2.7732457072941954, -2.135495930460282, False
-0.2355574211655398, -1.465333571591552, 0.708153645304487, False
3.908026141157668, 5.720928192416844, 0.23638297758936977, False
-4.896860992225937, 0.9104284961379934, 0.22008262092713915, False
2.0091994290809225, -2.8325273260497634, -1.7556296118905976, False
2.9967495448172183, 6.257798634635842, 2.1300767022549367, False
4.680966329844379, -5.957229370857223, 1.285787721031916, False
2.789742365821221, -3.9905846329174848, -2.901110795509757, True
1.638820708339952, -2.5420947947302444, -1.7541632479842266, False
-4.735238695563334, -0.1292684070793726, 2.997383241038837, True
1.9585116607588002, -4.469158326046153, -0.995319280286, False
0.7596220027550196, -2.579935916658532, -0.6650626144726823, False
1.517018842655676, 0.4107497744324924, -1.2948638505957988, False
-5.804261109295809, -2.5029321372272033, -1.9381373125021573, False
2.942802124809491, 0.2726483712210621, -1.4551418592874203, False
-5.167994530873015, 3.1673785669809185, 2.2588167205229155, False
4.025698345469493, 6.096381860477761, 0.9354976701058026, False
1.476027210661111, -6.238668531495859, -1.7523990309913013, False
-1.460685236317448, 2.339795457676022, 2.0230002491839647, False
-5.887084983953341, 1.544335610431423, -2.058471766111867, False
-3.6472991344736734, -1.0736058299467839, -1.6868509908490403, False
5.935707170992279, 3.3947796132598445, 1.981443599689304, False
-0.5480654096162159, -4.905307283348673, 2.364457778577953, False
4.3770787762167735, -2.0663342294924814, 0.5538949714195978, False
-0.22601402343272348, 4.046295976384327, 1.748113281850709, False
2.9797654981939345, 3.3918095865777538, 1.1482264639943116, False
0.9997222077071486, 2.5780275536959962, -0.3602053556499576, False
6.038236665325444, -5.357766736781849, -2.750111049909162, False
6.23212147822678, -5.815236142883105, 0.061050094838374314, False
5.34835692058455, -3.1008652892121087, 1.3540501360926935, False
-3.608696375731003, 0.4718724692599112, 1.767165330543616, False
-0.1283879360852156, 2.5432061508404864, 0.9675092399804388, False
1.5010242580785862, -0.18172071771163445, 3.123323463299882, True
-4.894544253419869, -0.864492124365766, 1.6369692822415391, False
-2.7063731680522896, -3.510424091016443, -1.2722461289454579, False
3.8678055054322567, 1.106296368539195, -2.915707582283325, True
-3.3110162263010734, -2.3560987271415237, 0.19434548257141948, False
-5.865263550772393, 2.1657061823784503, -0.13626572414001892, False
4.448157853326984, -5.551443901215452, 2.2901233814651683, False
1.4155739825630809, 1.3702415162934525, 2.7582973982050047, False
6.163655122912637, -2.040724620687138, -2.117562795924074, False
4.447513201912891, -2.201792661061658, -2.6117392168687514, False
1.7293986150701262, 3.6759922026206286, 0.1890139942831066, False
-0.6983728452432949, -1.1087792157612038, 0.10626292386113967, False
0.3010884062299697, 6.240175985470131, 2.040645796672691, False
-1.5932235411500262, -0.651913980984463, -1.5007351310173196, False
2.5230720333106014, 4.984979752014036, -0.6670431054010266, False
-1.7075358281108626, -5.601914217955425, 2.465293909241124, False
5.593121178045145, -3.6833038931862134, 0.36593692665311917, False
1.3229111040836639, 0.8786186019800848, 0.0701589620155838, False
4.41470973813936, 3.1576426523790726, -0.1314116803105061, False
-4.026908984574581, 3.696455917058575, -1.9995218355784181, False
-5.152735740043518, -0.21390429842120628, 0.7208658205138034, False
-2.815748663029231, 1.6283834116818294, -0.508465736859609, False
6.0293567584746235, 0.6752210823437457, -0.6608260730344817, False
-4.86267758791115, 0.48951204256187886, -1.6038010523378456, False
3.4972536887772225, 6.104035795928768, -3.1374323178012196, True
-1.4812181499596582, -0.9142788776440494, 2.3607594274728863, False
-0.16131937896322324, 5.36099991296175, -1.604931058576722, False
1.5361085558909062, -4.343217584080458, 1.0987173027688737, False
1.3843282238335268, 0.35356728031397466, -0.5546064301628428, False
-0.3527289915283278, -5.228673842753623, 0.8198811360004274, False
-6.279747047231716, -5.549406409817877, -2.571120490933636, False
1.4858856898936192, 3.5204852386232997, 2.037365328787044, False
-5.050880663515287, -3.1837388818783428, 0.39863652725451804, False
2.0399028969028237, -2.5389690980662976, -2.6735661066911316, False
-3.424321095332969, 0.13836172680249526, -1.043639393628728, False
-5.774049186869349, 1.5886502674437875, -2.2821186783638634, False
-2.920075572288371, -5.468741509036958, 2.1468696807610312, False
4.128955409141243, -0.42556506077477163, -0.164843184899941, False
2.653619141432932, 3.8046234996915747, 2.129778165483936, False
-5.353640475836607, 5.672258039178484, 2.266611508567145, False
-1.4380236196561231, 2.9985975881220437, -1.1085965265471467, False
1.8311435317643152, -3.2348359806291866, 0.6354081225744257, False
-2.364491953550773, -0.6992142660173126, -0.9767915499747515, False
-2.033369719079527, -4.92349138911449, 0.2298800886661585, False
1.2244469969789789, 1.642470659913264, -0.9859173103404033, False
3.9067889158574793, -3.161012412853613, 0.18927849430046706, False
3.8166857120296154, -2.1077954504755425, -1.0121047758456707, False
-1.503364766659609, 3.2869710490813855, 0.7064502913070623, False
5.26684048485995, -3.397896451518518, -2.9613376199347563, True
-2.5353664812698997, 3.628650810315893, -0.5856333472716932, False
2.5980921039968106, 5.533172686384546, -0.49760534806700285, False
-3.3309967974154047, 3.7185058184077526, 2.345121397834065, False
-4.214598589094952, 4.932721453369034, 3.0616999760058015, True
4.94879312269625, -0.6477022831268435, 1.761642844284621, False
2.814401846425188, 4.699298763503638, -1.2938009892760085, False
2.750703683999319, -1.6805141514933268, -2.8436050117763547, False
-3.715075787764409, 4.442982740563819, -1.2745009492814605, False
-3.431495801776483, -1.5315492369208332, -0.31502108328985434, False
-2.3168944415286274, -1.6509352397024024, -0.5959892308744483, False
1.2326296736490736, -4.186038508842747, 1.6001180681401443, False
-4.4266481231912875, 3.081011326728369, -0.11222306751502886, False
6.224068193170146, -6.165559042474162, 0.5314279954363808, False
4.233222305250386, -1.0284855942032118, -1.7420499107080445, False
4.870244616098235, 3.981149315235582, -3.1207090285041232, True
0.5419072693611131, -0.4483028124104287, 1.3164019373285782, False
0.8619859484757626, -1.6152530041614437, 3.020122793291206, True
0.1550351887518744, -0.8650705749555465, 2.643133906883775, False
1.6921572656173547, 0.7697459945186536, 1.4497897251435266, False
0.7839383684404355, -3.7408863901645972, 1.4526937340219623, False
-1.8515575465233187, -4.169226752061339, -1.4801969178666148, False
-3.7023180234465647, -2.507996231661396, 1.6713604655479353, False
-2.4097562511030466, 6.062260022517444, 1.4601191874126869, False
5.620606939113976, 5.719091395380312, -0.5864926151301249, True
-3.0552895221694327, 5.698869602690383, 1.1166633746228234, False
5.057093387517632, -3.013777676452061, -1.6150005342356875, False
6.2070032930382, -1.0250908231343159, -2.724463680214489, False
5.587361822220046, 0.26437318788548225, -3.1052199279724286, True
3.9509661467193897, -4.583073372230092, -0.2103025107405938, False
-1.9499031363061379, -0.6735578390321777, 1.6705206891887086, False
-0.5998184939447988, -3.385915861394781, 0.5407032791239108, False
5.380728977212556, 1.2345762386095105, 2.336843209378742, False
-0.7596717607209715, 1.3154900343257188, 0.7628298716454611, False
-1.9937568085072597, -0.9756626335858982, -3.0242237294423844, True
0.613891004027705, -0.7405372228487508, -1.3065179353620409, False
0.629970904565643, 3.3981038449453713, 3.0945882513366456, True
1.2634493586284465, 1.1909325598063836, -2.888374676009392, False
5.085769778087171, 5.776175522480992, 1.1454272817545812, False
-4.175798934752807, 2.6220164871794367, -1.3914330670326929, False
-2.2835379558473115, 5.712157282024023, -0.7688688035991897, False
4.547098860307896, 4.33569908852237, -2.3664224361186323, False
-1.5083437125071377, 1.0332976236835831, -0.02272349276125496, False
5.893529777131917, 2.1371102836092906, 1.7452601514841053, False
2.228930935405094, 2.185763847760059, -0.8780702647215595, False
1.8824236615120196, 3.517444630365345, 0.4894611280460728, False
0.2996919886397116, -1.3452679254635962, 0.21581574264625125, False
-4.716683579621005, -4.97419060867404, 1.4288635400925545, False
5.869698657136375, -6.116311754018821, -2.635714792213634, False
2.5816269806814383, 4.150412597028641, -2.407451016052383, False
-6.133082253310543, -4.233845184613937, 3.1227650777403113, True
-2.714958525260451, 4.500136376339485, -2.6345275471484464, False
3.4279499536651947, -3.2840413697468134, 2.1600422651145603, False
-3.187432260514065, -3.3047408911320577, 0.9793195556853096, False
0.9411615844778964, 5.431987975389832, 0.6029081368747291, False
0.6483277660765587, -2.5866178563159927, -2.841175884016979, False
5.29649258265864, 5.806749549720573, -2.185521136632324, False
-1.260558914297171, -3.496946512280439, 0.5513507283899823, False
-2.900008402953167, 1.7105015261613152, -2.0589160758972804, False
-0.7770672366175786, 1.3637507409317857, -2.280627643717751, False
-4.434882833160076, 5.872243283426368, -2.4767000550602942, False
5.84432111268964, -5.6706059186063476, -1.5246390566783738, True
6.001332070842274, 2.978995049764606, -0.04946095072673451, False
6.079828417332898, 1.9114949025889896, 2.721304944378664, False
0.17546264907456077, 3.2967485021697716, -2.158537176992289, False
1.1969234632328245, 5.228714235742457, 1.66238272203129, False
-4.642382861734185, 2.048759802388343, -2.6890750782001045, False
-3.4814390354457756, -5.4262987630356765, 0.4657584442842717, False
-1.4692895597662456, -1.6164753311176439, 0.622017007211781, False
-5.14807283316779, -0.7215783644599636, 1.8133055290812363, False
-5.232726463487899, -5.543477666316398, 0.18025703255175518, False
1.933488700979625, -0.8962526310079282, 0.2200698040479625, False
-3.075735343995917, 2.681580244182049, -0.15958964703180412, False
3.687680256643956, -3.6388873867206937, 1.9346354077080008, False
-2.824600055785606, -4.902113394792755, -2.17881560818194, False
-4.982335193288648, -4.677173733505597, 2.5529070064948227, False
-3.594629482157838, -0.29813333340609116, 0.5237647794080096, False
2.3829926269040556, 3.154189401748601, 2.01534874501957, False
1.3580407196564828, -0.7668651825044686, -1.5258441888429486, False
-6.279774102532495, -2.9880894360142194, 2.3112988810796296, False
-5.6424527553611705, 2.746250886445887, 2.8462203636551937, False
-1.804688786192937, 6.2187355851228485, 1.5649196535289036, False
-2.2212995093350756, 2.7780284550457193, -0.8253507522086765, False
-3.7657898788396587, 2.356470661852473, 2.1215788416428936, False
-6.15665715030553, 0.6756237383286106, -0.923883916571405, False
-5.820449872753457, -1.9521926011094806, 0.48358772983258813, False
1.0203749924513996, -4.248132383858808, 0.28659964882904587, False
-2.181688210346647, 4.464938262712215, 0.6921096905979942, False
2.3997196146761937, 0.6387185170724168, 1.0964775859296942, False
-4.925262467454748, 1.4499343175048143, 2.5377570959745475, False
3.3205741114124194, 1.8641274278493203, 1.1999667481295075, False
-2.92189497468286, 5.089846179325582, -0.14002051724347675, False
1.076872729225543, -2.4790610784292686, 2.6222540876762324, False
1.0424152911253524, 5.52797410734995, 1.4457637623572577, False
-0.6186335768229787, 5.993649480714161, -0.5219799103263338, False
2.3278632029350366, -0.5929527120906464, 2.6734522120903934, False
5.91708857561434, 2.9206043918652185, 2.409208656132951, False
-0.05443195298924408, -2.2370274060832616, -2.227873794847538, False
4.036632983969607, -5.544171549374107, 0.285925612378064, False
3.9647221365585246, -3.5009427809445834, 0.025920579465263494, False
0.7457129317603446, 1.119023049490127, 2.7174645113385374, False
3.743112819670891, -0.4900695084934732, -1.3247834687755184, False
4.228793200056812, 5.795250802946267, -0.16774880720874386, False
-0.574095953327662, -4.996770595906375, 2.4252756192527007, False
1.9569553794640981, 2.8201582634379303, 2.676777743142674, False
-4.261406835841701, -0.13261053303896198, -2.487368272469663, False
-3.8985072668179894, 2.1703176484221594, 2.97181351114875, True
-0.6649900451167596, 2.081776357776553, -1.1861865309348156, False
-4.022623533770833, 6.0035732874466525, 0.3868996296093661, False
-1.6818142461555752, -4.27746888581421, 2.866142649405008, False
5.127613437985669, -4.946736546938601, -0.26107250512736435, False
-2.894875460607665, -1.4304442589579338, -1.0114568578612801, False
-4.243176350352311, 1.4677921568422008, 0.0062804657732304925, False
-0.06981897245329094, -1.5375948523723526, 0.7387941210337448, False
-0.7220285688735757, 1.192948432596232, 0.7183127705219845, False
-2.1363151129421, 2.8124278111983436, 1.6752260050348875, False
6.168393128641474, -0.26290276410635993, 1.377864406876796, False
-3.327345101708772, -5.898744806927814, -1.9770284836231027, False
-4.339337622519707, -5.181595504011377, -2.0966621454091787, False
-3.8310621293537173, -1.5826147038239613, -0.9144193598450396, False
2.1715883518176398, 5.0359326352253895, -2.5089262015180687, False
3.9361699984812866, -0.4506447512712297, -0.4978192910551531, False
3.5116146368617116, 4.961837064113112, -1.0348917962210487, False
5.465703936907184, -3.5110979692537723, 0.3279191005342792, False
-1.9191872493926638, -0.28744427216658686, 2.3544806660784072, False
-0.6102580150754315, -5.698852916213793, -1.1755208825383823, True
-2.7539913494078974, -2.1117436165402426, 1.363982597355915, False
-0.34489193179639077, -3.599175752331406, 2.9073738657538835, True
5.62091272796034, 4.414923165440442, 0.023315159935172414, False
-0.6868891802106925, -1.6164237835451374, 1.3072878800830194, False
0.600019153928324, -4.654526754621912, 0.25445466918574544, False
2.9297077989737943, -4.891172897047647, 2.7520536231640156, False
-4.98500232945254, -6.170553219619229, -1.1553715720127498, False
-5.139801931835575, 0.5722479787509718, 0.6063861554560899, False
-4.887780897083287, -0.9997241901581644, -2.0585617222390473, False
2.1936181921405336, -0.6750954234263791, 2.292076832814031, False
1.4771486169584636, -3.5095329784796374, 2.862938862869191, True
-3.8253432620101173, -3.6633269213413837, -0.473548433417589, False
-1.5241106982475126, -2.2936795128251166, -1.8858911394652744, False
-2.7627053519462854, 0.7868147906165595, -2.6181670177252236, False
-1.5785526722244532, -1.9377066174387911, -2.8989875568476067, False
4.863269444724141, -3.4812904186425118, -2.6728075066054213, False
-4.672767525241204, -0.3834497063541562, 1.6395853452262124, False
-3.6460206194214617, 0.5532903215204392, 3.031638114674113, True
2.3621537928459535, 3.1644420657394647, -1.2700726691952873, True
0.8791145948699484, 5.341719052868147, 2.207101087102865, False
-2.6121300386773987, 1.7590984945810462, 0.01017891803259996, False
3.8716080224400162, 5.680644201106746, 1.187321887145444, False
-1.5876245025129725, 3.4218706230115394, -0.7831957201999966, False
1.9191052828080544, 1.5202492950394513, -3.1097308996095196, True
-0.4418092837091212, -0.5259758454023631, -3.0813149368542225, True
-4.3872274193275835, 4.628855696224912, -2.423228902293847, False
-6.240347262415262, -3.0084780397466497, -1.5098465774210375, False
-5.746065390028995, 4.445911585927265, -1.811085428079923, False
4.63533643864689, 3.3999833394323975, 2.21085327710815, False
2.2137026909307327, -3.96896698605113, 1.8649218409556, False
1.395085789547494, 5.606753889642945, -1.172071717314846, False
-4.542544287324853, -3.210460299318362, -0.5628807579241464, False
-3.765691196791043, -5.224966283013776, 1.7350303151538569, False
-4.334194226545387, 0.35842971654075395, 0.2773142142808682, False
1.7618949372689237, 4.022555244094603, 1.4364700969447401, False
0.9917546961223636, -5.105958579673892, -0.5443253162816877, False
-1.7479314337665013, -3.1876911334446487, -0.751002490702426, False
2.670718885425803, 5.307081886863047, -2.0583545353000314, False
-0.010519556547143871, 2.9102393919583758, -2.790720444048215, False
-3.3830995986236254, -3.9983156889266045, -3.0333057905875624, True
0.9542518342140474, 4.1549717531178505, 2.584340989882757, False
-3.7558694627917095, -2.706084371933571, 1.176889642716354, False
-5.664995705806387, -2.8779118369815606, -2.2860700714473285, False
-0.48031458039244956, -2.6666773036763147, 0.529469030068769, False
-4.46539852115104, 5.665795304931093, 0.78432096107715, False
0.6712565782976059, -1.5877267318866144, 0.8801908922644364, False
4.370350435319809, 4.453771354142313, 1.4771596911437461, False
-1.5883638790655672, 0.5830458140102861, -0.030823827725921404, False
-2.3490141209729285, -4.18077827557621, -0.48259928164528354, False
4.09782918867865, -4.9328418423559315, -1.3749550231939853, False
-1.4124201800056966, -1.9358550238386396, 1.0199591738367086, False
5.152229274575507, 3.1650829197443446, -2.6494563124408876, False
-0.13511790545599744, -1.8679513592547607, -1.5446412803852954, False
3.1427748053043327, -3.8388028287618696, 1.9304935545619442, False
2.69811321739971, -3.8424180422355145, -0.7148700967983905, False
-0.9334387801705102, 1.4103098539765728, 0.1757572829578149, False
-2.918068557658439, -2.1007763312509473, 1.216720519512359, False
-0.0717558364235229, -2.943931507457759, -0.0784040276514335, False
3.594259820371338, 1.3822191420879086, -1.0836541636864814, False
-0.5303629667173633, -0.6463457382513891, -0.6573400046990017, False
-4.202791131967596, -3.085199146836313, 0.11482066920216649, False
1.2187171221610669, 2.1972736985467414, -2.3959690903242423, False
3.917107887693424, 1.4807823220784284, 2.202870469854621, False
4.751666326300695, -5.59995531899967, 0.5976721710725665, False
5.418364287136965, 1.8500839315265, -1.0403291191476085, False
0.10746435099954788, -4.933798037433595, 0.3438216667595517, False
3.2524759846441604, -2.3197372429951857, -2.8705694918161613, False
3.0639790302630274, -4.03998579207933, -0.046220325514910066, False
1.7967694333176816, -4.756804530638572, -1.2731217034940747, False
-1.007675393617994, -3.5477785616077098, 1.967084286987177, False
2.6483277868511337, 2.7295246772078805, -3.0301649103554475, True
6.128838823560718, 0.5348034252598062, 1.0810197080529536, False
4.126518616324683, -1.4989528369141505, -0.05637751850866124, False
-1.1461059516930554, 4.039331845231628, -0.3760822670721642, False
2.1211794144608014, -3.4481960746372273, 2.3937214378175744, False
-5.331670272457317, 4.967382606795525, 1.4870932740984708, False
-5.001155121634659, 2.291178973933768, 1.1440249718593503, False
-3.6049766283013165, 2.3265997718400993, 1.2195143029910334, True
3.7306621322075397, 6.175634187289383, -1.3622603280681445, False
-1.7468843857603469, -5.29520921122063, 0.28395883112984954, False
-3.629624220938006, -4.192759860163409, 2.8968073580532936, False
4.205337258374897, -1.781205747544555, -1.3458553984749464, False
6.034219715474917, 5.592202716942445, -1.119348694428858, False
1.4676712885510241, 2.959374485795598, -0.006788362507903489, False
-6.171708482635063, -3.406533156548777, 2.354460753564604, False
6.217883551748601, -3.1252487775047744, -2.282757939400117, False
5.787172194635678, 2.81839648402339, 2.0996436348454717, False
4.816972435594465, 2.598505955340512, -2.369034638883321, False
5.798927851653334, -4.236734748274484, 1.472105204629477, False
3.680278867950811, -1.5042033784656477, -0.6296727964067039, False
0.49267225705316964, 2.781778574938466, -3.02072400914046, True
2.234717275905414, -1.5721849064713203, -1.8150308379582771, False
-2.676083441564018, -3.975897391109444, -2.0242049305753715, False
-4.782874760403013, -1.9378645574939286, 0.16692128104469406, False
1.676636560498376, 2.857527888788276, 2.785620075243857, False
4.5448990482311675, -1.2968579035173438, -0.6601890670474142, False
6.122323825733057, -1.150539685544703, 2.1376722231111094, False
3.428812294151939, -2.233161642790807, 1.278655675122999, False
-3.419372267913537, -3.3763715892140165, -0.8366159923843681, True
-2.2332128236305486, -4.14590604750824, 2.8399438805855297, False
3.1895415362774724, -1.8419268483077973, -0.6436736445153293, False
-2.781257080134138, 1.4836026866415564, -1.9696074090415625, False
-2.02484463558097, 3.6295101572480277, 1.6721052736602386, False
-2.692692530579752, -4.043172178406994, 1.7163420265279044, False
1.0627828876412817, 2.2381701281411317, -1.8313191261471615, False
-0.6737761561253119, 5.654383053887193, 1.5210162817946404, True
3.253113072625915, 5.451832120440617, 2.703801652120357, False
0.9676155125806849, -3.6832829430465583, -1.2808935856187158, False
