3.2516637941385333, 5.919585075819516, -2.92468852415385, True
-3.0953039597650376, -4.814290907494415, -0.10201869111830408, False
2.768908619150846, -3.6488088062369117, 3.061412392810122, True
-4.376163643748834, 1.3597790636611746, -2.7059655332461148, False
5.374686360444471, 0.5358156292231113, -1.8144629233759624, False
-0.07178841385005263, 2.738179828284471, -1.905764496235655, False
0.558056848044381, -0.058222991165127524, -0.7325385765469634, False
5.204426660518019, -0.14909979554488295, 0.8560611810534273, False
0.8459442092205611, 3.794666078077565, 0.7411442573267428, True
-0.6851926664413304, 0.23150443156353795, -0.1689536054152101, False
-1.8996395561325707, 3.631834071592017, 1.1581166624616568, False
4.780843863577884, 1.366830738847888, -1.052805172385753, False
1.3376742787809208, 2.5960574817776987, 2.3864188415398457, False
4.7221503539522836, -1.8173365674672368, -1.6960600293426407, False
-2.4718310278462443, 4.035665899793964, 3.0239104846159703, True
-0.38237942798536384, -2.6979525270476383, -1.925872820757093, False
-4.234692719563267, 1.1457156970843432, 0.504726362118801, False
-4.45292177509398, 5.297357974197407, -0.4090115778455541, True
4.446313743388954, 0.7015549875332363, 0.13016239309659294, False
-1.2622035982319888, 5.417273151189873, -1.7148801705183128, False
-0.20305813148954055, -3.1671800632925353, -1.7101932092935748, False
2.303378206145055, -4.7521798826122215, -1.2976119948806026, False
-3.084448743990752, 3.4002104953123755, 1.258371815974721, False
-4.463689989678175, 3.4199666342941146, -1.8540335925447182, False
5.528077961459399, 0.2590472114920539, -2.652301830068691, False
2.6281877396376725, -1.3363279524162017, -2.5293009909811586, True
-4.671220718973445, 3.7292514698898884, 0.07728850501214835, False
-2.9406202722891797, 0.5601604874207462, -2.478254885002184, True
5.83876065562553, -1.1051174156700068, -0.8885143568954037, False
-3.916958697588962, -2.0650218241978013, -1.783062896618216, True
-5.041887518765101, -0.6652174616662476, -2.952341820680246, True
3.2212067008670147, 5.4522501246504085, -1.8053551404518033, True
5.557265926818442, 3.8614430634198467, 2.699966993279311, True
-1.9368451632719896, 4.355084286556487, -1.4510136727651866, False
6.009770028642329, -3.1484875079656436, -0.777345142286348, False
-6.197783990601247, -5.860797453891151, 2.6510880913901227, False
-2.5657068355028385, 1.9040024062829275, -2.7544755588891072, False
4.638962989843433, -5.496097541917462, -1.9635565039633736, False
0.5606496319979319, -5.979070560964675, -0.4659593018419166, False
0.3869604150814343, 0.4440844260766239, 2.2017198184340288, False
-3.9571340604331677, 3.8103817771631707, 1.5242062977527322, False
6.120446811580045, -1.1623453250535274, 2.2376790462047564, False
-1.710466668575883, 3.1082596915409066, -2.3713792186360028, False
1.4852625838164224, 3.8797862709592863, -1.64490951907081, True
5.425071165240814, -1.8031568062878334, -1.8066428248549447, False
-4.570663249417933, -3.0246360948290234, -0.3300811774906691, False
-2.8791918448548883, 3.7044941686833166, 2.2191799348618533, False
-5.03359980947206, 3.7872367998861414, 2.1504848098410054, True
-4.857022914640713, -3.7745047146448734, -3.0108231131727003, True
-1.2684757813919694, -1.1926894063291842, 0.8569295579726757, False
-0.46571126549851805, 2.3550571154700553, -2.027286679280672, False
-5.45875988411013, 1.6730240857608436, 1.6761131364285262, False
3.2614599431623112, -6.239126958136221, 1.204397249625515, False
-0.2698044021189352, 0.19659567136958245, 3.104430717273414, True
-2.9359931192923643, 0.7479106194835072, -0.4041487830812369, False
-3.5146366256381696, -3.421739410558601, -2.863020189458943, False
-4.127017726166605, -3.3258263776740544, -2.176358230756666, False
-4.91499248163614, 2.6618487983776085, 1.779114005575968, False
0.9376557695455272, 1.5330768118346372, -0.29227883367283747, False
-0.02457862595904725, -2.336804997086249, -2.2250628885079418, True
5.87110666190717, -0.33181412886524697, -1.2132567078852887, False
-4.047947895767922, 4.112301165472619, -1.302482639342246, True
0.6528808860529915, -2.2872938743409974, 1.2148955554782699, True
-2.2151094911739877, 4.375843725645003, 0.34018084271195637, False
-6.034333411286986, -3.199533675421896, -0.9129815056789399, False
-4.620464153876621, 5.602786013591242, -2.537679512190288, True
-1.7812389469513716, -3.6724293702347044, 1.2097031996173389, False
4.92121693301241, 3.1977808043690104, -0.9917857305456268, False
2.028401022546241, -3.917441452779019, -0.5113733460990089, False
-3.8313660969799366, -4.0803108861125335, -0.036014782232871134, False
-2.081843718021033, 6.0276387233392565, 1.1245114928170636, False
-0.27634040769333446, 5.082277915013259, -2.3881489204188906, True
6.1728336570658495, -4.6167120979659515, -2.790051717260232, False
2.4077850193832226, 2.4542781327823313, -2.0848953389477693, False
2.6495177519817243, 1.8502514596185247, -2.952199337408132, True
-1.540286021760659, -1.0203770405610477, 2.5757309589790838, False
-2.6220446633034045, 3.3807043434257356, 3.0952390195956045, True
1.1752056056799507, 6.209134989818246, 1.8448086290483579, False
1.2417563248446042, 0.6072051912245549, -3.1292834817171484, True
-4.693187411833045, 1.543224201358056, 0.806082017210549, False
1.7186953746819142, 5.984458403705355, 1.8110387373494259, False
2.2141616558269046, 4.042324311284146, -0.9217197789064899, True
-0.5068006007143033, 6.007556227843098, -0.5700402646691298, False
2.143446256472199, 4.819788158918378, -1.1158731546807599, True
-3.576507933225183, -5.794915152381088, -2.2693549244418074, True
5.569058845152545, -0.5298711820890496, 0.904028308376513, False
-1.5934980738361997, 3.098291860138511, 3.0459331895939794, True
1.8336965144860287, -4.046081530273579, 0.34853997288502825, False
5.006006762919098, 1.6214015078305106, 1.506639170864812, False
1.0940715648028885, -1.526845089276537, -2.254316067018564, True
-0.006332234264808889, 2.6576798233564993, 1.3611670991229694, False
-5.655824544186721, 5.8609051908639, -1.1824702670194034, False
-3.5845038843601356, -3.4174555884446125, 2.7605039605767283, False
-5.951693781657819, 5.161938788448877, -1.9946038926045568, True
0.46079850584842497, -2.347025534667665, -0.27012793983421224, True
5.435347055667567, -5.535070901736751, 3.099448166455459, True
-0.33642211105685416, 0.13718586916336672, -0.07880559271485676, False
3.5323392478066165, -4.493751273625775, 1.7516444818359247, False
1.6083322655578405, 3.854292296366909, 0.9382236314936918, True
-4.436737748987225, 4.411726495782421, -0.8023366972389012, True
1.1730489330303255, 4.2729010828239815, -0.06062842936281454, True
4.771716138892666, -3.680309187074516, -2.112930150400572, False
-1.415527915260081, 3.54556034404974, 2.2408517174589235, False
0.05247248572755936, 1.239962360069386, 0.2779731620474699, False
-2.6101837651254347, -2.658009958781791, -0.414794488559584, False
-3.8311015491707527, 4.6188340588802586, -2.069049462829292, True
-0.31444875211750745, -0.1675616158059796, 1.9709521927168465, False
-5.047577301103866, 0.821695527446586, 3.0814166708136295, True
3.0774161276244136, -4.944339161357762, -0.7751930485574308, False
-4.050249851285833, -0.6239168160352726, -2.5643645117406857, True
2.4729703517639283, 4.5505895651250245, -3.0950459410920925, True
1.9118273706585196, 2.03228936822733, 0.5981080936882655, False
1.7743751208518344, 4.557955374215107, 1.9265579005352853, True
-6.062468040607545, 3.629451575086918, 0.10170643691669667, True
2.358146579910244, -1.223881658889149, -1.7788483178375178, True
0.24076758324728864, -4.444053792183482, -0.06379383322026744, False
1.1920661957039416, -1.9913284047985353, 0.46182588335338703, True
-3.3750703634176094, 2.4233581933262656, -0.0359202758225492, False
5.725536570137827, -3.148634125812713, 0.9154755402766979, False
2.993949864591281, -5.929696240347985, -2.3497169537130054, True
-5.101757413801389, -3.8695070557251117, 0.28435725161517134, False
4.80087330623207, 6.090818930574404, -1.3987651042648064, False
5.5920782143211, -0.04637143346146022, -2.8835512082445054, True
2.3276006224817074, -1.6599414931858822, 1.2284945843559694, True
5.271678675158361, -2.0261792644486514, 0.06162109075821265, False
-4.585914018831908, -0.8862807462519786, 1.2169204326931755, True
2.625773773442189, -4.179465066799218, 3.0818702383354495, True
0.8512255968056488, 1.5915589678862734, -2.647558299570132, False
5.226982728190288, 3.5251411298400743, 1.851746726806761, False
-2.079163812146434, -4.901414459088874, 1.8414733093707163, False
2.783369212498423, 2.2987183054981326, 1.2881301941236671, False
-4.72764850355442, -5.862405037424787, 1.8819593915811312, False
4.40907396558152, 1.0009813333230895, 0.918262426188651, False
2.6162445213100227, -3.5618076805078323, -2.2776534443500918, False
-2.5518608678427888, -4.672549435554684, -1.223063722044173, False
2.577978898743199, 5.172420314825519, -2.9771234450651507, True
-3.834376338751061, -3.360226091171439, -1.4294248205576396, False
0.22111034613861413, 1.5249649327784764, -0.013070274902540202, False
-4.871970030517771, 2.675977040469821, -3.048628832209807, True
3.2162486890094613, -3.027921007043383, 0.8714173006031443, False
0.44356729919160554, 3.102254250517417, 2.268287466066128, True
-0.6259446783606331, -5.169886556811221, -0.001074962159592019, False
4.422632661045894, 4.780930782495947, -1.2519792480648464, False
1.1002147403092302, -6.005969355695114, -2.5937066049860795, False
-0.45729569119481184, 5.469461515314171, 2.570158543552167, False
2.3727054773206007, -3.4888338572817976, -2.8268265901538587, False
2.2896180150557743, -2.3196795421365906, 0.31929990289778676, False
3.369964764313565, 4.019464025752262, 2.108358149034262, True
-4.34162027580027, -2.6067641064296203, -1.483090177047267, False
-4.150353270336659, 3.677230827565264, 0.4400629541312959, False
5.620404428821496, -1.5130188651776795, -2.334152767146031, True
-4.829858166941708, 0.9468724940867013, 2.031965955844348, False
3.514261308971623, -5.768217481402373, -0.04860694666684173, False
-5.149139293135785, 1.6674572743170577, -1.6270570815419203, False
-2.9328384491608173, 1.325713445840929, -1.3318554018623456, False
3.9116610103988947, -1.4164033074216027, 0.3548034054332234, False
-3.1517952524135064, 1.5082147404095725, 2.9232608890046103, True
-3.1687150996118905, 2.7681429326163816, -2.7709065749977224, False
-2.10122750737648, -2.0571811332119436, -0.6627063947610918, False
-6.205490376524213, 0.19034333712510776, 0.40407020600673116, False
3.8600789805068167, 4.576702068627371, -1.7025122635485526, False
1.9955635282451247, -0.3660008514921911, -2.9257279313767177, True
1.2715280763047092, 5.657867432050267, -1.8953407912063214, False
0.6194559941536708, 0.09878834172455342, -0.3553754627865593, False
-0.5941628683636395, -0.603362022445701, 1.3572380208978485, False
2.590961088024816, 2.891025081259407, 2.2479745298866307, False
-6.108816277923643, 2.7225226671229006, 2.6308819160653796, True
-2.9128773414939593, 6.078929369867469, -1.137621400012066, False
-5.416364803181234, 5.599653036779177, -2.936941576657948, True
1.1285753572844746, 5.124132669626007, -2.0494396860602784, True
3.2086111426561033, -4.8383013746892445, 0.9855824334025316, False
-3.9786978173412986, 1.561391150288781, 2.825793114276091, False
3.7835049280491706, 3.1166905591977816, 0.4506120448315598, False
6.249785990257674, -1.3773266873761045, -1.794470402177237, False
-5.687617386699923, 6.1723771093271775, -0.932546787134092, False
2.3642638369588322, 4.174871498667784, 1.6610050670621748, True
-3.2094637913402035, -2.0109026042303, 0.012954427500726506, False
-0.4311295911867896, -2.52879872335303, 0.8838760108670716, False
5.171421004574691, -5.002989960444366, -3.0810316715312727, True
-5.942873256163416, 1.2137432557521421, 2.3570034127794495, False
1.1731692157555207, 3.012176741398802, -0.91913287765759, False
0.6246355007260087, 2.102163419993227, 0.05000036886046555, False
-1.4263429539982733, 5.481340809097484, -0.624444277398716, False
5.509127401937617, 1.171832675914219, -2.392464182864515, False
4.480738487699059, -0.8810046487687595, 1.8531831186035097, False
-0.9585429813411963, -5.709287025253482, -0.5006482093549534, False
3.9139413910155483, 6.013345151980127, 1.304783177589437, False
-4.535591766886678, 6.233718594172167, -2.3779024416802637, True
2.112655226949995, 5.754358504292018, -2.3774389167297283, True
-2.389084691947769, -2.6665122564438803, 2.7020027849189523, False
-2.3571369491245298, 0.39531586252061146, 1.1444040566048743, False
3.1957447380051924, -1.3028022522753275, 3.087020935568834, True
3.742051320409171, 2.3547470033365094, 1.8234956365157116, False
3.6858970096131642, -2.673594545989002, -2.964864598073685, True
-1.166928920069794, 3.3803999439255126, -1.3562087448584552, False
5.562616532521915, -1.1545239204629976, 1.5868476309448738, False
5.944076585177461, -1.1965279748821551, -3.085177405806972, True
-4.556822788140426, 3.2383805475327296, 0.9522711079092554, False
4.69649037916842, 1.7846762380511159, 0.4288930284385337, False
5.208904721709148, 5.864707723833911, 0.7470886975794997, False
-4.809447854540563, -3.9131358235481555, 1.3354912420339549, False
-0.9420652201298232, 4.7916152597389985, 1.503656025192642, False
-4.572669760219629, 4.817891357658489, -2.4160536186154826, True
-3.8987860348806587, 0.3261454079192383, 1.9017326862419033, False
-0.8097567876804987, 3.4999600124303765, 0.31590971309609994, False
-0.39143484668256967, 1.4909897143610555, 0.7310229245025979, False
1.581557777242062, -3.76879253555363, 0.2227082091830228, False
4.727757221151602, 5.64058247894606, -2.755267576047945, False
2.5995953119138804, 1.2750476529967143, -1.1771029654845009, False
3.7003790760018127, 3.375331290530138, 1.328522211060502, False
-2.9227267812441133, -0.8413260986988567, 1.086340219858096, True
-0.8365041599963297, -0.7960367075871995, -2.9264902033913853, True
-2.7692040793930435, -0.34331722126934316, 3.0835688109831825, True
-5.644513315537537, 3.591638882665377, 2.130553135676034, True
6.081942158884916, 0.9732696603249211, -2.002643593418119, False
-3.4240300410271987, 0.48016083141572174, 0.6817033030837716, False
3.7837838120664333, -4.701664530466317, 1.4048419553951401, False
2.777155451806184, -2.581607425190807, 1.1880299582466325, False
0.2466038195008169, 3.9634209024056393, 2.8333849557883557, True
2.2310863197241755, 2.749793664902059, 1.7063340997123948, False
3.3882184236144877, -5.197251713934775, -3.1104734812378187, True
1.0363367712002676, 1.0035201697437186, 2.338687418298992, False
-4.073914520269263, 5.5419551496612875, -1.955001966363979, True
3.3708561580489977, -3.151840343491785, 2.9257922484683325, True
-6.193706493576148, 0.893232502239468, -0.6175450219014027, False
1.482512873233861, 3.1131005165112526, 3.1053171154014727, True
1.5319262908143019, 4.465932563825579, 2.527042920060471, True
-3.824472914769316, 3.464147938801549, 2.229312739876076, False
3.8411283274110257, 4.167296842969957, -0.27811080646229236, False
4.937941321951996, -3.333264006047638, 1.0362288461363276, False
-3.417030402493456, -3.8965719046656226, -2.4938010622596103, False
2.8695470094870785, 1.0954777485757203, -2.138778021256572, False
-4.660487929324134, 2.006525109325654, -0.6357811270967315, False
-1.445693892760234, -0.364136465907694, 2.165348962742538, False
-0.17001807384188083, 3.8616767181105853, 0.8002163619123457, True
2.7646928515362585, -0.21230261627358615, -1.7749145527100527, True
-0.5491550981052455, -3.3473489941421355, 3.1411749755058347, True
1.3132668170407058, 5.251981205344057, 0.18891751189641948, True
4.926128845179749, 2.819677463621172, -2.930505204889373, True
-3.5616752557816143, 1.042511359901039, -2.4099029278150765, False
0.8026372294414141, 5.749202946607253, 1.6509616778816794, False
1.6862411362280332, 3.8894830096326967, 2.5299153704134465, True
-4.101808879958467, 4.936423092283746, -1.365783653383306, True
2.139547805401344, 2.6442738762615523, -0.9428008806553465, False
5.390990454542219, -2.585483886118798, -0.37229548625907505, False
-4.45726252985816, 5.834667167185751, 0.9131254529606805, False
-4.60299578734982, -5.380843075122479, 2.872846785551271, True
-3.6459439243348095, -2.726732353151456, -0.8650536571600291, False
4.228053978807647, -4.519843340479598, 0.6199765196289886, False
0.9473896263079338, -2.330525644727923, -0.6938038953390988, True
-3.324432006637591, 5.897002027830103, -2.2332309879268197, True
1.1172765912512075, -4.669699762109138, -0.9110422978817811, False
-3.156622634789087, 1.4559587690499711, 1.1588920662412923, False
-3.4999300883641564, 5.107859744002138, 0.94017446237131, True
-0.7943511482019625, 1.9951720363819305, -0.3605852923273618, False
1.6337154331172652, -5.676189341712989, -0.7202483772837636, False
0.255507849855646, -2.667806443015619, 2.633625667510544, True
-2.457885775360164, 3.866610218048578, -2.8116408301657785, False
-4.429979312806164, -3.4033967810331482, 0.3779400132955115, False
-1.372595056758085, -3.159489524843131, -2.527010169691596, False
-1.795360574888444, 4.849821098539877, 1.0370010824832114, False
2.239037169537074, -5.679547317325983, -2.8753967393317508, True
3.877945589441177, 1.4368835894667118, 1.7152652951584813, False
-5.408576448289628, -0.6738636080599925, -0.642955930773379, False
-5.464332549791608, 3.0344837581811017, 2.362557006717723, True
-1.4231546333904532, -2.0178562110956015, -1.9894738159953642, False
-2.872417771051362, -5.063452471084476, 1.2611065475815408, False
5.545507560032734, 1.1728187700681767, -0.7276083866378453, False
-2.1252074997900188, 2.2236008703599843, 1.7419672432838524, False
-2.135930284048741, 1.3832736906738488, 2.49234762810498, False
1.9433467326330156, -5.946416787485998, -2.088489840888994, False
2.078233912760682, 3.0114803450482626, -2.619752701503195, False
0.16114996745213706, 1.9028791888275354, 2.587009928682858, False
-1.986770177750265, -3.0610637275353296, -2.4355929781841232, False
-3.747392964509338, 2.4239153010185426, -1.8071453871915863, False
-2.8226274021171496, 5.665215216936563, 1.2653830542617124, True
6.009054212926502, 5.352188365948667, 0.14207913510725145, False
-1.2453894724501904, -3.681440328949645, 0.4538653876510539, False
3.170636726121911, -0.7824905305117618, 2.5671452929289194, True
5.388715468499742, -1.045051436225429, 0.5224982661592987, False
-2.1116756190912342, -2.207906661797371, -1.085098849008269, False
2.84250436122878, -0.12448714385740178, -2.674438641596466, True
2.542373922498312, -1.5839578761648552, 2.9216321885418823, True
4.269853825952312, -1.0355822252529583, -2.350261318600415, True
-5.373838055215075, 1.1991602816669422, -1.1077809715592917, False
-3.4727459894280592, -1.2071886214824703, -2.935078327557284, True
-2.3291163680949696, 1.636117177620502, -0.5552301265102555, False
3.610109506537441, -2.041025610243075, 2.978600877340682, True
5.696191137617667, -3.4104218862876445, 1.8865059453811597, False
3.190305856680121, 5.378948000329505, 2.016541553363944, True
1.0075189393853226, 5.585715466938542, 2.158494456269863, False
-4.002873342848183, 4.5979493385094425, 2.7608888670155247, True
-3.153626886929541, -1.0000867670749836, 0.9066623274013095, True
4.464312841997284, -4.353249673462643, 0.11077127908919282, False
-2.7787970002925495, -4.958949041485155, -0.3235349737124076, False
-3.9830989950469475, 5.866738563408088, -2.617373303243898, True
2.388999221990641, -5.39353712715272, -1.3211223252189774, False
-1.7206077023316375, 3.3264456073758257, 2.1842714466803717, False
4.571942316272523, 3.4982898257668786, -1.5514646439690896, False
-5.71510788181498, -5.649662081390524, 2.7772595805512665, False
0.5630665783794289, -0.9089159850280035, 1.1558259140835236, False
5.813641793448859, -4.886366681214896, -2.4060307747150955, False
2.3353128554421403, 3.2423312741843446, -1.286949263070634, False
-6.09460380544545, 0.1444394310183812, -0.6257880269451639, False
-1.0263645718946188, 2.2420680894266845, -0.5814022843840472, False
4.590218990171708, -1.4835205826267366, -0.9580532650864293, False
5.2099597378955345, 3.4861200076736534, 0.31416171791769054, False
-1.8756199443038177, -3.155079748448108, 0.5344697787103989, False
6.106307991450336, 1.396266053181999, -2.657030383313151, False
1.4138648373363276, -5.971342311412808, 2.943472815889887, True
-1.7548663389745958, 1.393282662302692, -3.1158278084855784, True
2.338713092796791, -0.7944273786911387, -2.941737856305971, True
-1.3095275157669377, 1.5669635686454049, 0.11456274153790069, False
-1.8483654193293528, -5.879737864253035, 1.4079451946431014, False
-4.943290046636997, -0.6502465012509404, 1.7663201247458495, False
1.2396365433671148, 0.9267558597390648, 0.8444939405575402, False
-5.210058555426666, -3.4950212236289824, 1.0298845950177498, False
-3.6475919560330263, 3.848348977837624, -0.7653295083009852, False
3.403897242600504, 5.8260060396025715, 2.2931615906218337, False
-2.7652900741974693, -5.547600561037545, 2.4447228127999363, False
-2.6753020667028076, 0.262088829231617, -1.9871230754732798, False
-3.763752109502138, 2.8539307292732996, -0.38845597811453736, False
-3.572222210559776, -3.3475038382686524, 1.8870301009693717, False
-2.2641850606527774, 4.6549921246166175, -2.711279278566961, False
-2.7445638616727326, 6.100078989912742, -3.093662587180839, True
-0.3785076437698853, -0.3513225589055633, -1.0852416742406032, False
-0.0011290863163369025, 5.072169280686019, -2.6392663952783013, True
-6.021925046568496, -0.9897384408534533, 0.3027635472927215, False
-5.033751395754356, 5.080556833597418, 0.8706127036519158, True
5.317695541661486, 5.652431370030612, -2.6635023442482124, True
-5.452176086328434, -3.6566876503912087, 0.9442432637094686, False
5.397399382899106, -2.4534623730321163, -1.6726293518034583, False
2.272259110571845, -4.083751175538916, 1.6874971438308215, False
-5.014897743136033, 0.5464408638310561, 0.5926931102719055, False
0.5755983651989318, 1.6331802150304808, -0.8253067963177312, False
-2.9737249966698895, 3.8071675411150725, 2.046787116149156, False
0.055793531887363024, 0.8388045758503324, -2.9216325776264296, True
-4.979921669099616, -3.3880161120536525, -2.5221547119733825, False
-5.429766427775758, -4.078079809341212, 2.5873129706187816, False
-2.306778189068533, -0.11852432610965202, 2.2302656144192285, False
2.047089863323153, -2.155035301850777, 2.746067294377702, True
0.7794541454380104, 4.257554834985612, -1.2543664511831454, True
5.883898011031606, -2.287632600135645, 2.77683046041264, True
2.131064944603013, 3.963313256410405, 0.3148288802003316, True
1.855015501535858, 6.112678524328107, -2.6907557860932925, True
-4.759496084619324, -1.7542250126934817, 0.8403112160622217, True
0.7715565982008457, -4.115928437381997, 1.1966172904719539, False
4.386577944791121, 1.7764559691207964, 1.7370840822154046, False
-3.056633109575452, 2.3023412329046025, -1.741428335401375, False
2.016967189101928, 1.0999770900378882, -2.1994141131328737, False
5.2895763686564, -4.255834144432151, -3.028720159363922, True
-3.4061209324292716, -4.868719579280284, -2.664679683557346, False
5.4295569762969595, -3.218404769411022, -0.8803771075720146, False
-5.973298477573539, -2.264916617926751, 0.7573628453392205, True
-3.2040739136817606, 5.477048525995388, 2.7822074993979244, True
-3.223172268659892, 3.736374503279194, -2.0784428357503213, False
-3.381177080232927, -4.624818898600526, -1.4470887129814825, False
-4.9607404015308845, -5.8668361750310964, 0.7591508910002847, False
-1.93792625041523, -3.4405934030031244, 1.1015961954487183, False
-2.9850840266144547, 1.7728058653201977, -3.11255715414789, True
2.592980727377359, 1.2438857024057643, 0.04494719319542373, False
3.4770041425382683, 1.9281022595916504, 0.606254327604828, False
-4.311178318078158, -1.5939149533119998, 0.9008251784591046, True
-2.7748761756262192, 0.05025296691490855, -2.4438759290443883, True
5.9412255760727515, 1.197943582323731, 2.28756520433323, False
4.079908814401051, -4.965643384662131, -1.9140260128465212, False
-5.787679501515944, -1.9207579002710249, 2.336419610297571, True
-5.613606667979467, -2.7857347579276843, 1.1078060161779621, True
2.7226639655549043, -1.8721880647500315, 2.2586642796072374, True
5.60867805756744, -4.823476231483675, -1.7531182312134679, False
-1.8956148295055293, 0.8846654424286307, 1.0299614091605376, False
0.5454239714109583, 2.5961012954298965, -1.7540119206017866, False
-3.976415366048469, -3.167856864802882, 2.983434563765213, True
-0.36726637939074536, -2.212783070268988, 3.010198837760189, True
5.25291250733672, 0.7321981824909427, -0.8052675929440749, False
3.8529179712473773, 5.353795924135522, 2.871886883525362, True
1.2037726747737931, -1.6284810436079287, -0.6131658556378881, True
-3.645707125197428, -3.3616642141516153, -0.1577362402481417, False
4.632000531897701, -6.027609772917637, -0.5946865894013893, False
0.2303675647380814, -3.439567505137849, 3.0574489298148917, True
2.499836022756538, 0.9384960916780631, -1.2280859533036468, False
-4.189666940243748, 1.1779041129627732, 1.823285038935377, False
-3.6538008181327295, -0.17128720083489846, 0.8935661330012499, False
-4.878855862308446, -1.8802968634399067, 2.4492183347615946, True
-2.1520685316078865, 0.7635595991791417, 2.5893566191117676, False
4.505558451126859, -0.0030790735748276177, 2.2602491849404913, False
5.308127507052557, -3.235211366845578, 1.8873639509194966, False
2.753060798521709, 1.967128499064465, -2.144265455361714, False
1.0623966651704517, -4.817941734695082, -0.3028102328969049, False
2.0932993925607253, -6.152138905248154, 2.105573520577172, False
-0.4240482519310014, 0.4340326798553624, 2.9939691723684065, True
-0.9888405727154899, 6.065948999745448, 2.574650150188286, False
-0.9465546217900869, 3.679175621133149, 1.1678091291831416, False
2.6076535394097586, 0.48831972865589, -2.731643807170504, True
-4.542552061873742, 0.16218997635138788, -1.0862087168725933, False
0.8437510716041245, 0.4379102208529151, 0.7254053199712653, False
-3.4201156104659, 5.877627109551705, -0.7836183018491654, True
-3.542530803103927, 0.7208965454873884, -2.3143466168202584, False
-4.022467875970085, 2.6230212365307715, -2.2188918571350222, False
2.6122969335524733, 3.6410697569292108, -1.2462660140838102, False
4.6245394096695875, -4.920710184196796, -2.886930940796754, False
2.968400474512416, -0.3083595008772937, -1.1323820786320602, False
-3.8609490656949657, -1.4387953798609576, -0.13194019317398586, True
5.210324208127036, 5.294571912755146, -0.7193590049288492, False
5.587746809941008, 0.8466762930207654, 2.36763729131692, False
5.158492812914336, -1.0332089347031648, 0.305540492404786, False
-2.27883586551874, 4.8635816977916395, -1.504257769651921, False
1.2937554697730107, 0.3869290732201618, 2.5150281966128007, False
0.742064883524189, 5.514862439315909, -0.16241868201451615, False
-4.964844375534482, 2.9632637831672053, -1.6525901235723777, False
-4.96364777722518, -0.8801108746289499, -2.365070508717802, True
-5.072438027755773, 3.035107517809795, 0.5882442137747854, False
2.8612946682994753, -2.4691761357643816, 2.5698592970326715, True
-3.8404718649213985, -3.4445526391068446, 2.088019438328911, False
-3.2673789066506957, -1.389759681764735, -3.013654610214037, True
6.248012154271207, -0.10646242688420937, -2.1125249816699183, False
-5.358645311899707, 1.1719255285878791, 2.03095394852169, False
-1.4257977375773958, 1.4640192732049622, -2.041768796300906, False
4.876616241287037, -3.3927875962503267, -0.7546147906469112, False
-5.5963630553075, -0.08756596379430448, -0.6960004633343781, False
3.331943778340289, 4.831734596756888, -2.314325896132292, True
3.5349834004243466, 3.6389501788002505, 2.8273976477604483, False
-4.653174117753447, 0.7752991304028498, 1.0923185880834412, False
-0.8283032323762294, 0.8229675550346167, 0.15892745780478013, False
-2.328844089233031, 5.75729131317823, -0.5394422754175272, False
4.409254425834199, 5.376038933598956, -1.738879905919617, False
5.242401325355798, -2.6774509910392044, 2.296220800520887, True
-0.027653009951012386, -5.466564268649664, 1.574864631584699, False
-0.9991676585402169, -1.1784924419537806, -2.8584842713970695, True
-1.5865240458282468, 4.0685996546264604, 2.9380675853403657, True
-2.3725580718014014, 2.5834658627128526, -0.4118364140905131, False
-3.5613519833592164, -0.0228616834357398, 1.0705045742512196, False
3.8883077674547586, 3.5552043079521525, -2.0106236450172714, False
2.4968791508821724, 6.276959722172641, -2.6149272542437303, True
-1.6670909675370087, -4.129620902026972, 1.2806030950819363, False
2.763809934062472, -1.4830826966173216, -1.9464490952052427, True
4.6017150769774275, 5.579331620695951, 2.183380057036514, False
-1.6917708103049334, -3.3363868054416286, 2.6718499642284375, False
2.504735232821794, 0.4618747038676405, 1.6053885242969521, False
-2.1280181867799515, 1.8926421063748062, -1.5903993110355135, False
5.504983401410639, 5.820328353967067, 2.3251448564073884, False
-1.5402523986968841, -3.9949261461745995, -0.6150817228134136, False
-0.03260861434545692, 5.000395542469299, 1.3919553469660375, False
-2.887832250069518, 0.38103661700476277, 2.604238750650027, False
-3.335857245846888, 3.4876173468665908, -0.7886944345755027, False
-3.1523971847752543, 3.474109732875677, 1.0239606100068661, False
0.011289418581051258, 3.0664508764798253, 2.9826266885555244, True
-4.631339405887629, 2.3460222507297814, -0.5711334300464679, False
-0.5283944104864657, -3.7150223472803012, -2.2022800243717824, False
1.4582587480883324, -4.581464484105845, -2.313098097792205, False
-6.202051073859342, 3.4859093731498625, 1.4915929329822228, True
3.0822118034741983, 5.045859536636145, 3.1078436139387016, True
2.158220685070953, 0.06533232372856013, 1.5453814582124838, False
5.070260565604382, -0.16383590476874055, -2.0675114265135877, False
-3.280477436655942, -0.4991038139974151, 0.7697947317907485, True
0.2329344351541245, -6.023464827357448, 0.1728371212070412, False
-3.223984646290697, 4.780994977494936, 2.8153169039818504, True
-1.7275606570437079, 3.40774244807964, -2.9339413497869993, True
0.3694930782625292, 4.268547506676015, 2.201441143215667, True
-5.073011377908609, 1.6780037687490594, 2.9797100798130227, True
4.133043113324627, 1.3703868809203383, 0.9054860923343053, False
6.024677763380595, -4.975091681222961, -0.8477391787962358, False
0.7431169721727588, 1.7181284835548034, 0.2925571751299896, False
3.8323176401428594, -5.879372576288473, 0.3579146814729608, False
-0.6916403994140357, -1.2161167093824616, -1.0742531995651308, False
3.505020439542225, -3.1265512261683734, -2.501159212463789, False
2.613642255009122, -4.356405207732035, 2.932403446724459, True
5.618196358408653, 1.0962396235728615, 2.4245291831304447, False
2.046318111347949, -4.652644610340867, -2.875757994389812, True
-3.623624871907358, 2.4090933740757254, -2.815315678843118, False
-1.3003265661301668, 1.9423870980070888, -2.8827576370517667, True
0.2702477642046972, 3.3571940982293764, 2.303330343882954, True
2.4623205592197674, 0.026779558937184866, 2.2171355839253133, False
-3.5216380180795803, 1.20782641209962, 1.9971565449170399, False
-3.2708498439142137, -1.7700324852644682, -1.1937152036813141, False
-5.043068929321787, -1.061463311695074, 2.2849288949766375, True
-1.0310596411425994, -3.8793963512471725, 1.4042285788857223, False
1.434730812905407, 1.6404868593869706, 1.6947523881780988, False
4.400473666732246, 5.136516574310315, 0.6925239019788947, False
5.350705187184348, 2.7752698606707558, -0.9159996954419065, False
-0.8669648441038804, 1.160657438774182, -2.458559232824326, False
-1.0327068330013267, 5.212856648887003, -2.393151213563817, True
-0.6063993937029926, -2.0593878365424727, -0.28200763958236186, False
-3.842989134953803, -4.48938130451186, 1.4184134273866649, False
3.522977066890588, -1.6247070171583147, -2.42642586907855, False
-5.600724742855215, 1.7274228166103711, -0.7337327340738526, False
-5.790565954367159, 5.224841407521435, 1.3623609102559362, False
-0.7693512120778871, -2.222244935221924, -0.04268515066484868, False
1.3369998290433616, -4.221522619456424, -1.2075584091148615, False
-3.159113455018383, -2.6355522914954013, -2.0853605854830786, False
-0.24434246749772015, 0.37475127356473337, 2.017363057830339, False
3.546795139676698, 1.5720660478476516, 2.970724735021615, True
4.881221519818732, 3.2742950179589894, -2.400500306264533, False
-0.8455536723362025, -3.385103931349089, 0.004937387323104225, False
4.856322140383163, -4.055177296903366, -3.0062984401583375, True
-2.4494956711559337, 4.268379863149656, 2.577138858820634, True
-1.487858033809803, -4.419011191011972, 2.4532298473469103, False
4.343534994594876, 3.0267975249234134, 2.812407618944042, False
0.08828919246310818, -2.723760744438897, -0.47639876598853315, True
1.0380231707375556, 1.1440499066768348, 2.62424406110602, False
-2.3991017333854527, 3.9884879777111326, 1.4749797209805564, False
-0.5389829671488338, -3.891738110592447, 1.3147658437610845, False
-3.6871429073852275, 1.1198054248943423, 2.324209796043868, False
2.741456535003252, -2.0981583840989764, -2.504369795383991, False
-3.9441010385977173, -4.091378898120272, 2.3077461259268484, False
-5.095850907831415, 0.07914717351909584, -1.0874191470026822, False
3.9908621003630955, 1.7385558822783214, 0.16821033588192114, False
-4.876147373607248, -0.3101301599196731, -2.019952798626812, False
-3.989970084425877, 2.5400190911262452, 3.048855621756541, True
-5.128239090090063, -1.2112102763896386, 1.8498516181455829, True
-0.06890119865419653, 2.444993673856086, 0.9479829214257771, False
-1.414779535651138, 1.8371371593425696, -2.3480694525985486, False
-0.26101109615813556, 5.408193535562045, 2.9977413333593743, True
-3.888627411389565, 3.192767684432969, 1.6648091656116017, False
5.236850990759143, -0.783520059931182, -2.443519362945524, True
-2.6307366146613793, 5.780485981899972, -1.774647188902864, True
5.822107422457368, -0.9412845825783798, -1.2688530120158046, False
6.2802316690943325, 1.4205459238477038, 2.647589605647166, False
3.3293724943602516, -2.9380885827419285, -2.338064483356219, False
-1.291468819349225, -4.48910339582906, -2.54966957769314, False
-3.741481341782411, 5.100264762220373, 3.0473033950563373, True
-3.485286302027546, 6.008893073124167, 2.345171885806365, False
2.502197534541134, -1.6373257068300875, -0.6708518234607297, True
3.682746091591664, -0.28663919625534184, -1.5594169584815412, False
-3.698564764245878, -3.5916833422231624, -2.1536234491068385, False
-2.5734158493918358, -3.7206976907546094, 1.6206152084014969, False
-2.7178049005129306, 5.6799038817569585, 0.19726346613189882, False
-4.193542609176554, -0.39264285619765094, -1.3419676395177242, True
-5.150794163217304, -3.4225034608779237, -1.7763796825249771, False
-0.45963485168648255, 3.728961788663522, -3.1414983273449537, True
3.6561853012184606, -3.047973738839242, -1.8807052950202872, False
-4.916687508100139, 0.22273570833182266, 2.023229357021598, False
2.118247925705891, 4.676763914034511, 2.9533724083967288, True
-1.3637538829946783, -5.434126362141601, -2.9108883856889745, True
-5.567400550016539, -1.563292381429954, 1.8286516341915249, True
5.808038423767341, 3.9923571599582264, 1.9275980288442378, True
-4.552582202491445, -1.943963370160155, 1.8020141698837095, True
0.42904461172478925, -2.651700318470134, -0.4293067926730685, True
-2.247945495155763, 0.958609530638582, 0.2767254457885566, False
3.097289252449235, 1.6194103047127832, 2.9587237273614484, True
-3.656063411516111, 5.242620765577133, -0.04049358385444135, True
-3.5942009238067656, 3.765452058873178, 2.766252285924768, True
-1.7665161686069437, -4.202472717047989, -2.2002702549513202, False
-2.0815373680645033, 4.977704706793064, 2.5528596393435308, True
-1.9696358962236262, 3.537488588645166, -1.648484668450644, False
5.281698590256241, -0.999990880338526, 3.021226268313888, True
0.6183622191184224, -1.9601724592282181, 0.522156170695169, True
2.1012209531236223, -5.7195805915027025, -0.19246690404835531, False
-3.630430397163334, -6.045019957260469, -0.6760101262731606, False
3.798019367392765, 2.5213374019499906, 2.112759847406264, False
3.6065768826308915, -0.42479833894632346, -0.14867113708648239, False
5.467248525879551, -5.170245408072895, -2.5562526212981886, False
3.1982312403197906, 4.43324647609764, -0.10461845937236713, False
0.5327199912205929, -1.0232184448538826, -3.000503726832145, True
-4.737232264237113, 5.479543307187379, -0.28305084663561964, True
-5.219560295721995, 5.674528732809833, 0.6775844941331988, False
2.478016375492613, -2.447301614747871, -2.7069422255047337, False
-1.953951152274521, -0.4375562138147622, 2.5052511254323333, False
3.4358494569509332, 2.38752132647266, -1.038688502841553, False
-2.350024169357133, 4.688680302383789, -2.3117002493169134, False
2.128285214530912, 1.0243774007656103, 2.4043094585880533, False
-0.906747767700181, -2.920781859207967, 2.0192685117858593, False
2.137387924452973, -3.159695288516349, -0.6559844538828554, False
0.16457590503571318, 1.0935641920627939, 0.23708347896147997, False
-3.91102252930421, 3.232638973060597, 2.0369778624631314, False
3.83685492564641, -5.010280976966978, 2.1259068010110056, False
-4.401965559418409, -1.9225733311254922, -0.04821717754161492, True
4.846562969528911, 2.409732409840851, -2.195875373659784, False
-1.5863788315650975, -1.9051250883439481, -0.7998973920651808, False
-2.0180946618703146, 3.847496782403315, 1.2147177436400618, False
3.3617331641309143, -0.42378923773833854, -0.8050401245640249, False
-3.781672711189476, 4.53670978689061, -1.0021252545261192, True
5.644476303402971, 0.28537783457759414, 1.3482320739116478, False
-4.665463973109607, 5.04638362784811, 2.932990584030512, True
-3.6450357607582387, -2.518015465937028, 1.280493101020098, False
-0.7860778853653958, -5.026374629564992, 0.8110704330488554, False
5.182117655496654, -1.7677015031521037, -2.9612475494948516, True
5.3389948744605515, 2.04111134738959, 0.06564453003268467, False
-1.6763724393911232, 0.882965425035283, -2.759814260077578, False
1.2540514394150604, 4.139393670748957, -2.2351509395562292, True
0.3517756508028853, -0.6134847045149847, 0.3635444333221005, False
-2.9516440791398453, 3.929965233916951, -1.6196604718420098, False
4.781517062691394, -2.37896935226995, 2.156767318674625, False
0.1929410044930817, 0.6508229064010687, -0.8293845848395582, False
3.1301779286829383, 5.704387385742269, 2.3348146664713196, True
3.4019795211986033, 4.090945877787842, 0.4057509228788132, False
-2.44247322086913, -4.8728876598767545, 1.9596243787159668, False
-4.579671400078646, 2.6516391559622967, 0.6223875460384121, False
5.290320187248856, 3.0392327207137644, 2.2007093066511425, False
5.671914421841228, 2.945893882964068, -3.0555516355116317, True
-0.21899792662429896, -3.9820789429095775, -0.6136845175628314, False
3.940027056484613, 2.8633644599344876, -3.0570324105094975, True
-3.059795872433099, 2.042004891404291, 1.2982335766436233, False
-1.2097903929969451, 1.4943111988877842, -2.474191085518389, False
-5.199638715462319, -2.5276222081486117, 1.595979036153092, True
-3.013551748160814, -3.5904178889656797, 0.2109208323990739, False
1.7127206916670321, -3.475605378507673, -0.6167637441285274, False
-0.725970170706745, -2.422769693608204, 1.0171813496007909, False
-1.1689433866638304, -5.710664398396123, -0.7266989757936959, False
-3.424655955317861, -5.955864578000251, -2.4964184336940103, True
-5.27137634597428, 0.8657327393425822, -0.28327104477188403, False
3.3057907698477624, -2.802212373042502, -2.96519715234348, True
0.06465081629093117, -5.430628905633199, -0.23545109757467308, False
0.23740449249649753, -0.785721926641429, 2.8823293457938277, False
-1.490336245483884, -3.8399226466030694, -0.9387357692309375, False
-3.011158939099582, 0.5714787228529614, -0.7608916711570566, False
-5.540252851844409, 4.902739881352504, 0.6385475920405734, True
5.405696095466954, -2.4675007925602235, 2.296357275930185, True
-0.8219907900197123, 1.384761885568218, -1.8178226606410604, False
-4.801362063892661, 5.712415633940644, -0.50858731810676, False
5.296745305854714, -0.27744023041997057, 1.357153686424902, False
0.09245453246752877, -1.3802729801214015, -0.005065045650439526, False
-1.9902554772457792, 1.5561076799001627, 1.6838469087274426, False
-4.346523110989877, 1.971528554196837, 1.7227209677048467, False
0.29841871227069383, -3.288674908029459, -0.9705519939006466, False
4.8280032423258366, 2.7734365516827584, 1.8087806671426039, False
2.5282027262246487, 2.4892918410106297, -1.4346055947429015, False
6.15728719066731, 0.5682418190295948, 1.1964865471968125, False
-5.428655880463406, -1.258195904511834, 1.9587544613893062, True
5.071823616762229, -1.6680455085465145, 2.925182373086087, True
-5.233763952044091, 0.4072625467312623, 0.6390585146545567, False
0.1439306668022846, 1.87916503479868, -0.06646175515016362, False
3.0192978853872425, 4.228295462883137, -2.1769798021685536, False
3.359998013188811, 1.149407065222677, -3.0851534830088183, True
-3.621512885286626, -4.969551252839663, 1.451426191171838, False
-3.677390445248921, 6.004912499495543, 1.2232422174502666, False
2.5531842921358887, 4.5792678113919365, 1.0254182654825899, True
-4.146508670562087, 2.4144256158793382, -1.329052201476614, False
3.9035341322222656, 0.1442577048303173, -0.9338613006024947, False
-0.206020730127503, -1.3167410657196488, -1.836167059554152, False
-4.449557286461307, -1.2679888982485492, 0.3818611048133316, True
-3.3866490633562023, -0.3280924929916038, -2.666437371393268, True
-1.3533494388060996, 4.685639363251761, 2.5069763433390158, False
5.032310853590111, -5.373593645114719, 0.12061681524153123, False
0.3696919688151885, 4.691611654822941, 2.4348790787806074, True
-2.2964638835203113, 4.717501886180269, -1.5787001519688608, False
4.507149545566685, 4.987964054348099, 0.6117410804508445, False
-5.217558144771118, -6.013769815250357, 2.623494504248886, False
3.26525362248889, -5.903839287206289, -1.0941045195928778, False
4.274016903948063, 4.460336146672539, -1.1391384384694287, False
-2.8476083240408947, 2.6587130418617324, -0.8103270491963115, False
5.7500092224246355, 0.795851956157744, 0.7156180540841968, False
0.887888219301451, 0.772592593008115, -1.4012301793561883, False
3.180548310560365, -1.6439403702074422, 0.32050312094682587, False
2.8484296038617973, 1.2767018644828374, 2.501823704904754, False
-5.9760438939573675, 5.076992681129871, 0.8205543715889725, False
4.141233270703996, -1.4526714262962575, -1.3245550079442259, False
5.547074139673747, -1.3157612699173225, -2.9468657365887747, True
4.8248044374072645, 0.4102072250578024, 0.5978986701626079, False
2.2473610930306673, -1.729783537119804, -2.3528822141188317, True
-6.040654399159721, -3.884318642475343, -0.6281016218774851, False
2.8881981592772217, 2.3622534328470177, -0.9102766714968591, False
-0.24697511709604747, 1.679777348482813, -0.7420048716716967, False
6.080429166634392, -0.34969963276423943, 1.979552161806959, False
-4.854593609729665, -3.327835462744178, -1.2771755443932176, False
4.72534176161923, 2.6427735809138664, 0.8207344860966086, False
3.6147573515351468, -2.9003253017890556, -2.988433619489458, True
0.665297259619881, 4.063956025518301, 0.11680657343660661, True
-2.7802868094540965, -1.1537489857994006, 0.1746047823764485, True
0.14399416613408356, -6.008885784517329, 2.4522140122897786, False
3.7081638622717055, -6.060599973858571, 0.5668495764287065, False
2.6349893734948857, -3.311460845903113, 2.90839085957624, True
-5.722150225044416, 6.212918122836383, 2.775086179898196, False
0.9703594441304446, 5.36741884381998, -1.4833847416343713, True
-0.6230960116384807, -1.0508851155261967, 2.080612367196693, False
-2.666864324914279, -1.8843915803996385, 2.3105095869358543, True
-2.9464917395626307, 3.4459469166940053, -0.4552723130277956, False
2.386423895142663, -0.9536494241083453, -2.820753086333739, True
3.7965553447129725, -0.29447472070224023, 1.846351931143773, False
2.993211241762232, 4.411257909058435, -0.8882502291451981, False
-2.797662655973701, 4.850051125707271, 0.6148532321981373, True
-3.367436122781961, 1.046078801851606, -0.7649321915678202, False
-1.4504860215147204, -4.828929201413108, -1.9555620823516493, False
-5.4804170152358225, 1.2737792700064627, -2.241471382834714, False
-0.21563528456659142, -0.5488140171277571, 2.1763914444534693, False
-4.3376000578094835, -0.19825152754780895, -2.1866912437464974, True
-0.8218449337916045, -0.9376286125225723, 1.3377825131058199, False
2.5807077666356797, 5.669732273548885, -1.7407587249929246, True
3.706094133374874, 5.202774963679461, 0.5673582230174379, False
-5.5676296865148664, 2.233176240823445, -0.9383058256918493, False
0.013092338326457842, 0.1339666388881806, -0.5605705077212675, False
5.43318562770537, 5.285659757497131, 1.8403705065013902, False
4.314916905347735, 2.5561966104802547, 1.2243722807411759, False
4.6634324920550245, -2.6551994688924037, -1.8030417311395917, False
-1.2033839088002676, 3.055764071968632, -1.3899799871304839, False
-4.423679673819461, -0.6279617279557757, 2.5521452288930098, True
-6.125155597831867, -0.41718201539513444, -1.1087157716600746, False
4.758761389296794, 5.687935763141871, 1.7008953010012204, False
-3.6176979326240004, 0.8406133728988294, 3.10364608660245, True
1.0379089145263762, -0.40047375341297364, -0.710444636283246, False
2.124545164288735, 5.1321826325306645, -2.2360539938183783, True
1.381767805907729, 5.037188149812824, -0.27587668271552435, True
0.9932711131032219, -0.7599728074767746, 1.730323862525073, False
-5.02994161172429, -3.9892016351860184, -0.1418638481841792, False
-3.1731551428388176, -2.5291874636910356, -2.4802289031788827, False
2.662820925155348, 2.7874816495626398, -0.16333880316726956, False
-1.0263806770004988, 3.8010382313643696, -1.9495227129827126, False
-1.73098998321806, -5.268569730168167, -0.2779008445820601, False
0.09425307491531765, -1.1046231994944007, -1.8349115723033629, False
-3.1830115855688796, -3.5906994545166127, 1.0122915530759302, False
4.67091087744644, 2.2600561049617323, 1.6761201774174275, False
4.018700667070428, -4.200654503134515, -3.043506847703532, True
-0.6861079125380165, -5.0593568512261875, 1.8545143186747968, False
-2.095645894312389, 0.864773701458021, 0.5405897201615284, False
-5.504857259917479, -4.172387929980992, -0.4538893099103709, False
-4.200057878246411, 5.537139287016082, 2.9984634528393066, True
-1.0824254598812404, -4.07507977615524, -3.0908379154155243, True
-0.8717892243772543, -5.421725036121333, 2.39431634161185, False
3.612684147731988, 1.7300572942992432, -0.41333270169484226, False
-0.6515041776487251, 5.487429831980926, 2.845600381803811, False
4.712059513349926, -5.736033447598176, -1.369671933276518, False
5.877029947676679, 0.052337751316246184, 0.4621685854174551, False
2.5784043773658833, 5.0857285443935805, -2.773274382427308, True
-0.33129207062148325, -1.3820566576343394, 0.16978420964836527, False
-5.901956442653668, -4.630797682198107, -1.4577081921643613, False
2.4650237999810845, -3.990055159433863, 2.464186948339777, False
-5.457765719993359, 3.1903268972385295, -2.0127717386985546, False
-0.7864114576702628, -3.713719948854688, -0.11149577477829764, False
1.170838628076055, -0.856776081826677, -2.34151157310695, True
3.2794385482729904, 2.3625797688978736, -2.2722061089930987, False
3.3764470725003086, -1.536489462247891, -0.9197156431799804, False
5.633646740270679, -0.05576478746620328, -0.17924367482946346, False
4.628457591499062, -1.704755561464924, -0.7784797699784574, False
3.7960735086735315, 5.519745681626022, -2.885729586138807, True
-4.807835372240351, -5.374503238296993, -2.6930726970473593, False
-5.526871999326629, -0.40538566834986867, -2.73393195975184, True
2.47803465109709, 1.2238437985905364, -2.1948480730999522, False
-5.939144892385037, -6.279664190083127, -0.8926846294521416, False
5.7699693730008, 2.0948656750274406, -0.3379516995016152, False
1.0213621352052709, -5.812004132221375, 2.075531698676847, False
-4.056233165017863, -2.2913496055584375, -0.19066938467411587, False
2.549003810667079, -5.029041641734152, 2.908468912197754, True
-5.700053000639854, 1.4145732160787983, -1.528611703655957, False
3.2199486262649764, 4.853688533396014, 0.8148265033011657, True
0.3489309198904271, -2.4515598317297185, -2.475514056234379, True
5.718704731171238, -4.674118517226724, -0.8983117327143302, False
3.683045447671116, -1.2930219535504532, -1.3900048689914704, False
4.967159647309279, 1.3528238430533195, -0.9681553583650988, False
2.6469056601637764, 2.424425591185038, 1.4907887878553794, False
1.7869917323888824, 5.183719865100445, -1.8447395242826838, True
3.450032629098393, 6.155097495431145, -0.37952806148140983, False
-2.803538679438603, 1.8031814847033498, -1.4801138685710582, False
-1.8593447044151254, 6.097251542555455, -2.6740544964119675, True
1.835474598818621, 4.483038543017145, 0.669846704692155, True
-0.33039629043964336, 5.200403752389455, 1.6331442591510665, False
-2.8203629726269885, -3.0910205451838992, 1.2923494005647491, False
4.979059943390533, 4.522221854727034, 1.9625273019047889, False
-5.218146485123247, -4.862566234329686, 2.500818311173311, False
-2.4994300562583223, 0.24701614443209774, 2.758153194186888, False
0.4462080326711684, 5.053968598004731, -0.5283167672405757, False
4.209287260045027, -5.688677434376098, -2.5818702353611864, False
5.607858266304923, 0.6873857910134165, -2.762842553250065, False
-5.328909945170231, 1.2219882375552578, 1.3854688771960735, False
-4.529856397360222, 3.4763348783153614, -0.6708570234096829, False
-5.064945044079901, -1.528910363395422, -2.1438546161964007, True
-5.684922082495921, 5.152640834151887, -2.394584644198506, True
-4.165708282122765, -0.7416544507694054, -2.367220296248157, True
-6.073061509356499, 5.415413590523604, 0.4183861897167964, False
2.821946341135634, 2.1868298067307954, 3.008955676492924, True
-3.7134412792792166, -1.5443201519804655, 0.3655477602602608, True
-5.5379415306301985, -4.0644728288473795, -1.1583750865637, False
-4.87944987943539, -5.443942854392697, 2.824707753493347, False
0.3864687876518147, 1.4962522849626252, -0.4415484683447821, False
1.4170690203440337, -3.334141605087547, -1.9807699193047794, False
0.9423654990101173, 6.016754140972511, -1.0669183326083438, False
0.46457204705330213, 0.4380081645838896, 1.260919148398651, False
0.8370291585238823, -0.9281908495592104, 1.9900708103284357, False
-3.9688823706698564, 2.533360603599643, -2.6189444339231036, False
-1.3303819591458224, 4.454175330045869, -3.125712503325266, True
5.862459437788505, -0.08639002923035832, 1.7173816840510634, False
-5.7485012103067525, 4.646883128455906, -0.7792940734756857, True
1.309150804909101, -3.753239159612347, 1.4127350452768521, False
-0.029589211511806823, 1.9021011483543173, 1.8493114020819963, False
2.4880885891865354, -2.8956357565709667, 0.6145168334793363, False
-4.234817276024694, 5.270298197124655, 1.1192198538404154, True
3.1099318244254555, 3.8004861468226334, -1.3342298681419567, False
-1.40519104489786, 0.9756480083124783, -2.7002649030016466, False
1.1573404826894569, 6.201948214354774, -1.2364277919014202, False
4.739742806993437, 5.08606681134626, -2.0552997033303217, False
3.2808727798515047, -6.024823450272664, -2.121983864351325, True
-4.086489932214294, -5.4171263786997175, -0.6002093845265812, False
-3.279901399218646, 2.2377616704723753, 2.7536028258616314, False
0.7933289329678264, 3.8877335344921438, -1.7019544163216123, True
-0.27625901822164867, 2.8683546045179025, -1.525298299632161, False
4.548416144561852, 2.6850351601715836, 1.2835118197383562, False
1.4356722865357243, 2.7219741743696417, 0.40639247761972674, False
2.160294298219, 6.26370289914213, 2.5267833298271043, False
4.110803869036506, -2.8577971292303213, 2.223120721733072, False
5.252005697693159, 6.01405175752285, 0.4958534088422333, False
-1.1648843668211377, -5.448987068808137, -2.2918592714622017, False
3.252213127992139, 0.1770434432141732, 0.239429795789452, False
-0.6971358369826968, 4.2842034837472145, 3.0091745613148735, True
1.1548354586508456, 5.924984848997013, 2.43943669326012, False
-2.577047380793006, 5.942926012162959, 2.334785892878153, False
4.664418171550844, 3.039667879342291, -1.8788999151463117, False
5.040839584264484, 2.6841060644612824, -3.105856304442083, True
5.070875717024281, -1.971438774130828, 2.9863059386798785, True
1.9908257943153238, -2.505521187310354, 2.0318655542968767, False
4.341479167144779, -5.971745328521932, -2.683202257774283, True
4.705764942240231, 1.0162609684296644, -0.23148697105556737, False
-0.0772756190751478, -5.04360740113105, 2.2597751265060753, False
1.8150113074312522, 2.8066034551345442, 1.9936790491494332, False
-2.00714521774199, 5.910328319726707, -0.02473543120690458, False
-1.742784423178212, 2.952043579759975, -1.0623739600601185, False
-0.6474531947637754, 3.3396882050093595, -3.068024195530606, True
-1.8663977823600186, 6.2399940051868334, -2.1127595289995953, False
-3.0584047440948336, 0.5850894753270062, 1.089909155473486, False
5.513410076151439, 2.925050976076646, -1.6381946697296597, False
1.854580031542632, 2.7725654128117565, 2.5525396314156126, False
-3.723424810945572, -4.332552476576119, 0.746131545783165, False
0.04635739626496704, 5.703307379178698, -1.7218631885040836, False
-4.451159842737235, 2.943873198755993, -2.9878535750106594, True
2.2219295542741335, -4.084980995719443, 1.7170246772591184, False
-0.4609001811055409, 2.9979819144489817, -0.48175466397825506, False
-1.6872721819215615, 1.2747628069327828, -0.5184157378820391, False
3.5502315344241016, -4.054540564956612, 1.315278887602755, False
1.5937662203541922, 0.7561703028066784, 0.9698894505778144, False
3.24105544058186, 0.044797092408309425, -0.5117630252757936, False
-2.014458724487107, -1.7790979049898645, -0.37714736596485876, False
-4.621891064384385, -0.5091524894372048, 1.09346846312327, False
-2.0846411359690302, -0.030982172516227813, -2.0612031469131455, False
4.104922027984973, -2.2013249365491845, 1.1904402639530014, False
-2.6892292511235385, -3.6606105368186537, -2.730076145258325, False
1.2175018847004555, 4.794503746509223, -0.15527821944596676, True
-0.2571609169075719, 3.4266237685915755, 2.5181975209523353, True
-5.20378767773385, -2.501037052477206, 1.1092955747734923, True
2.5012724872099668, 4.873093816755716, -2.9692039301864788, True
3.5473749611347944, 6.0426380521322045, 0.0018409763600724105, False
-1.3523535998368557, -1.1733274316356033, -0.7242206691245907, False
-5.701079571010133, -1.7156602296475816, 1.8205878237395066, True
5.614293201609838, -3.4624113102652534, 1.4841720759316468, False
0.15021093568131505, 2.7623862928815566, 2.956911864816317, True
2.0852796715843347, -0.2646583381739065, -2.438219173896052, True
5.160887549793685, 3.490821846601172, -2.1373623878381944, False
4.586231054527502, -5.979155264924263, -2.2663951426197237, False
4.498990066199866, 4.80936776085821, 1.2077330973236329, False
-3.595296996051337, -3.558745432750053, -1.6277589768257095, False
5.873920221824546, -4.60019005457632, 2.529092024659482, False
3.7505262315578864, -4.381226633698572, 2.7191669554295617, False
1.7897304720805707, -3.428761761839863, -1.4560219481220713, False
-5.817148665795418, 4.728392639128787, 2.22202167991869, True
-5.539006441775051, -3.3791368127007995, 2.69036845694547, True
4.966798294125454, 5.452634455531298, -2.7569712596855425, True
3.0158628509724377, -2.192087259326712, 2.4615879356416634, True
-3.8915411467299226, -1.751083230830071, 1.9294673864684402, True
-4.831476781695007, -5.739185892357577, 0.23130874912680977, False
-0.573425710199083, -1.5099273238781095, -2.115628056842577, True
5.9755385228947, 2.1787545008922162, -0.2465507125581139, False
-3.5691280552073787, -0.2237144962486486, -2.9446747915713414, True
-0.08675739974645769, 4.517761500716455, -2.513804874675002, True
0.6240030576557061, 0.5521025446009764, 2.284643666994379, False
-4.608361874906693, -3.9800954306819727, 1.045288195564786, False
-1.4771613791599378, 0.6064757622071522, -1.55320726823147, False
-3.7681892288167473, -2.533954861397116, -1.651208175338497, False
-0.7664663544686139, 0.8026176727673429, 1.5873368495259692, False
2.154196349997161, -1.4422019169965594, -2.2720180498914715, True
-1.051260061722905, 4.5082215058546975, -0.05945135570064197, False
1.4698243418062633, 4.235940826630602, 1.2826163794424614, True
-6.143383291715842, -0.2667940604647461, -0.7431789442551326, False
-1.0029682792449757, -5.915823737976411, 1.6847812799894077, False
-4.636159304084583, -5.0611175341156915, -0.29818826642916196, False
0.981748745907737, -0.5696569805969256, 0.8520644839044667, False
3.5190224913301584, 1.9631099497663769, -0.6929735394914074, False
0.6327884457919515, 2.0556930877528963, -1.8275232926588325, False
1.9821407835629827, 3.025794869678, 2.581448894854513, False
-2.7743449952604515, 3.8987471279212134, 0.35755862948529993, False
5.6773024160645065, 2.087606975054584, 0.5909281165047897, False
4.982896910482822, -0.6824290333142828, -3.0020753142549887, True
-3.4629207612090256, 2.3641333920717127, 1.1438681154048513, False
-3.1708185512787956, -5.920228130273612, -0.8467291644698554, False
-4.099521624777003, 2.9121494384523015, -3.025616608891419, True
-4.809797032107161, 4.534711787085117, 2.2066869655919676, True
-1.267210593449474, 0.33056584298932545, -0.6395489790028321, False
3.8998487935825565, -5.792451460412133, 1.7792172828637227, False
2.4281535390760567, 3.5859244898843166, -1.635011337000713, False
-1.5131286187982296, -3.2690860668351713, 1.2357606616699686, False
-5.548424194311601, -4.726873919195856, -2.272204432219233, False
5.583128635250018, -4.467107373372746, -0.727468815349559, False
-0.8063970226760624, 0.9818403778226878, -1.6014018285643077, False
-5.036573391992618, 5.555447386678162, -2.30716499444255, True
-0.3149583134758016, 4.9762509444650345, 2.0047642196699, False
-0.5384277733108638, 6.153004654153648, 0.18153342393155647, False
-0.09376435625895496, -0.0970312368270827, -2.480311887603219, False
-4.789740966815998, -4.898013595621636, -2.3410263219192275, False
-0.36541556413318776, -5.696458629305995, -1.6898192733413318, False
-4.197202554640004, 0.9786764042019573, 2.6446447389178624, False
6.09941611337973, -3.1993732551566203, -0.17367657292476535, False
0.6083331746959564, 0.357396210596737, -1.183931426646794, False
3.5785575633796647, -1.763961298974575, 1.8556975606220218, False
-4.707786797445998, 0.5449581936573233, 2.718923169086751, False
2.3085918324219605, -3.4738900478721177, -2.3729085939723875, False
-3.9564467951132025, -4.562239787163712, 0.38347701029352965, False
4.685402375158446, -3.6324641600055, -0.4601490446504335, False
-2.0685977587739517, 2.0790903090745054, 0.14007786312962178, False
0.03093896765169113, 0.717612791776352, 0.8504184625778635, False
-1.6416944361069286, -1.338097584348679, 3.0745530219438697, True
1.7614203366693353, -4.3485341533319595, 2.685722234693337, False
2.4590878946616073, -4.78511824346846, -0.518191693474142, False
6.107659201670588, -1.0543588414749943, 1.8510201418501468, False
-6.260914898771026, -0.29725154372686013, 0.6628358351576211, False
3.8045831223511044, 5.928922567818258, -0.9808132564508019, False
-3.6110049128793613, -6.1008897586948585, 0.8904588318080373, False
-0.7172087361998445, -5.159446883766955, -0.40271512716107294, False
5.6139502372839445, -4.354084867220171, -3.131630721675934, True
-3.2914435227340664, 5.435104621801067, -3.033233465714435, True
0.011112578820529961, 0.8249318451079048, 3.1053227156420666, True
-5.169066635260709, -6.267263776870193, 0.6453803447145146, False
3.8389222408610504, 3.6457948957353903, 3.0241106131742876, True
3.6530963104948544, -0.8021137656047612, 2.848727890133074, True
2.3884544224768245, 3.113432126179104, 1.0908027351502776, False
-2.6685780498838154, -2.954597082863705, 2.9289876255310503, True
-4.055503044358206, 3.306158413360148, -0.8881673967536221, False
1.6179789988551496, -0.31956244438935233, 3.075174148918294, True
-3.9309250498356376, -0.43090237319813873, 1.6355354909862676, True
-4.265680383820851, -3.218811664006149, 0.7388587692970403, False
-5.928310712838435, 1.4252429693252653, 1.079672892223857, False
-1.9392603248661073, 1.5630184321719591, -1.0941095482831344, False
3.953429897075827, -2.4972121283002804, 1.1683690646082265, False
-5.700451606400955, 2.7104781254448245, 2.6692645128940935, True
1.2458560306310815, 3.1441299673579266, 2.0866587870506903, False
2.9154084170775665, -4.1066060612199795, -0.5700214466266544, False
-1.6490538013925216, -1.3318951853307803, -0.2703963722094338, False
-2.4512421750340354, 1.340167717681954, 2.5365783477291908, False
5.4774173581085766, -5.01488343390205, 0.72068868511252, False
-4.84295200292404, -2.9635241124371396, -1.6227130035507222, False
4.726709327163455, -2.051062650562568, -1.4662043411572798, False
-0.41133591514942935, -1.3037371887854103, 0.23348458754736257, False
-2.1578560373238647, -2.9024440483562337, -2.969389984083362, True
-3.0870145479139763, -1.4305081388370624, 0.6281643788369475, True
3.2181510301905725, 5.388434813405626, -0.3005027172903567, True
5.638347017085561, -6.020209383888361, -0.9018405763945267, False
5.629592200271697, -5.1094367635168325, -2.196405752657383, False
3.0913768902159067, 3.4186249578170944, -1.5577073017918708, False
-2.346190669063, 3.239943002977734, 0.1697821803139128, False
-1.1230740542106767, 1.7255457055718786, 2.6625046960119363, False
3.9915609500779876, 0.20373355059101694, 2.8224668145818557, False
-4.589374010496009, 2.603018875662748, 2.355541461476938, False
5.867785341416022, 5.173087636984313, 2.5444817809137756, False
4.789209892368348, -5.533245153299351, -2.875422574951768, False
4.375514673463499, 1.8142841399862402, -1.1507860025717138, False
5.784041786828585, -2.2652084507235584, 0.2834536538728307, False
-1.4394173501307428, -2.769906128742464, 2.4551205607989255, False
2.9460946078119647, -5.250298097884807, 1.1537462620725298, False
-4.24773794159428, 6.016948522250544, -2.4363611290999674, True
-5.607581814861339, 2.701504853427611, -2.7683156646580174, False
5.386675351307725, 5.679818707375034, 1.3819081749463544, False
-2.9765576171218253, -0.7994987173415229, -0.4829189351785068, True
-5.725145045523559, -1.3175244249281972, 0.6594035260247821, True
1.6639066937357452, -6.238310770749417, -1.75526992298732, False
1.637675515571722, -5.6348414398462845, -0.56096719881729, False
1.2184665594779522, 0.3835274382293852, 2.5278139798219144, False
2.365413532786077, 5.546415229282319, -2.737073731796655, True
0.9503532749877239, 2.282405961267864, -2.586994491517101, False
3.158588705133983, -5.460236577140927, 1.2026078969978657, False
-2.0603140254911985, 3.5913075768024267, 0.5116058247890245, False
2.1826749515666233, 4.673180341244397, -2.8724012576735287, True
-5.422587401101778, 5.964700637545732, 0.903396078733973, False
-0.8460865550610182, 5.6565362002480715, -2.7771416464992895, True
4.602478787514093, 6.147687894111366, -0.09900358288784172, False
0.20970080414638392, -1.534691153697966, 0.48021037663614585, True
4.667127319787049, 5.101645274918951, 0.17730090204400195, False
4.009311989168854, -5.617107994732461, -1.562849304181446, False
-3.8107633424509726, 6.090695969546758, 2.4541799852616704, False
-4.560834872669194, -3.500954392354918, 3.021228225111411, True
-1.3631791827383406, 6.246278318082021, -0.3715366068669361, False
1.7042661183038614, -0.700837798777938, -0.5946206561741469, True
-4.263185691652782, -5.38885153616513, 2.637674209850948, False
1.0724775819804728, 2.2322283796401052, -2.0831648300590313, False
-6.046805650571512, -2.747070278368448, -2.911329051269077, True
0.9901827394021447, 2.233075621842433, 0.9867777329142964, False
-3.668256350640692, 0.5101293806287464, 2.687787339368933, False
5.807612472688199, 2.50631384227105, 2.0557517605145055, False
3.1648496627275478, 3.4588707147060003, -0.17753370058464535, False
1.2359731345193996, -3.2361809388062994, 0.01693325142719626, False
1.0943284667506576, 5.19137903335219, 2.8299766184687325, True
3.374189091172134, -3.756944113410019, 0.5462834331662929, False
5.796175782570199, 2.441707219036335, 2.694792923155097, False
1.8622115697022412, -4.905075365953543, 1.078765826138949, False
-2.6332507015870443, 5.6061453871132745, -1.2297778930553587, False
-2.2711978989572836, -4.76465051217126, 2.3834169425898484, False
-2.50675461024367, -1.7391254643560918, 0.14498913710704642, False
3.071126298241163, 1.51698416814342, -2.2566394127444225, False
2.7325195411515253, 2.3562849477672376, -2.212845064339591, False
-2.3739402524696542, 1.9402697906859228, 0.06581605481208053, False
-4.957817521262401, 1.643229499839153, 1.779376907663579, False
-1.7569201659976788, -5.056058311451563, -2.022483466754739, False
3.7580912159933124, -4.764014377662003, 1.5764525298292167, False
-4.319763076068785, -2.2117806464481955, 2.7955693045848555, True
-3.808248066338919, 2.622633895767674, -0.15366047480477718, False
1.1815368984799086, 5.576265330239972, -2.9156191304108603, True
-2.0315014482946356, -5.545318824586947, -1.5116206734181818, False
-3.040764183675149, 4.044205081657843, 3.045637615237805, True
3.5342139962591705, -0.7133171248402252, -1.8547258203558812, True
-1.745012819160916, 2.6775047381462773, 2.036835119029461, False
5.620577640781827, 0.9163506789015363, -2.617329593592298, False
0.1480713197937602, -3.9481985442322274, -0.3055881289594353, False
0.12070088020975867, -0.7899815900801386, -3.0640656078468678, True
2.3220418822714173, 4.350284746256989, 2.6226823994530424, True
2.728946608693388, -6.210348001894801, -0.38356961790133814, False
1.1132262581484165, 2.74097474569138, -2.73324550108136, False
