0.785464516143219, 5.710361371064321, -0.10909533484651535, True
-3.3136734577860807, -3.869303665063348, -1.8356838023156894, False
5.16040635116337, -5.463753578184717, 2.9345347593437454, True
5.411622312213392, 4.4899667455694825, 0.01283739792432792, False
-2.585312264937842, -1.5215064410600183, -2.2140573192855397, False
-3.7148659911021777, 5.298567384229985, 0.6218888041402995, True
4.575941211138197, -4.313353028138559, -1.1466456056361483, False
1.6802171452241588, 4.008938235347603, 1.5261444880724557, True
6.082397257611161, 1.315688261851542, 2.8564080704870127, True
-2.120078276025083, -1.6792616718932862, 3.070632285806468, True
-4.7984236009394525, 2.60067983040474, 2.663346871761254, True
-5.793175733452607, -1.201723718245657, -1.5337638026359772, False
-2.647019070494573, -0.35534834654590775, -2.0512749993919304, True
-3.9767663917607337, -0.37916515802569695, 2.5672700011351326, True
-2.0791032325935737, 2.190090431591022, 1.6029044482510235, False
-2.80587787951703, -5.530708186993671, 1.22275930695083, False
-2.511555466480447, -4.032541201772386, 2.5644406347574016, False
5.715428835921866, -4.295701069038499, -2.577213436964674, False
4.476839502174055, -4.263181725371746, 2.643760078349077, False
-0.22939927044660813, -4.817939480324661, -1.4810562313073974, False
2.7374498553330326, -3.428175504889566, 2.8044449451729303, False
2.429724943859524, -1.3664338816387236, 1.427628105965856, True
5.537148166657246, -0.16023934468366097, 0.5491976799390841, False
-5.892657330918262, -0.6470552423708273, -2.9291726235429305, True
-5.492868278535498, 0.8426817659194512, -1.363022581891347, False
-6.06953561593083, 5.560507151105947, -3.116079887887473, True
2.520515380688437, 3.477513171498325, -1.355070640409749, False
5.408170635345085, -0.8660499366228418, -2.9350762942061612, True
-0.2132518742071765, 4.556924829536431, -1.8273690685180146, True
2.4665071088063844, -0.8155611344522686, 0.5840192564785087, True
-3.626329687483842, 1.4701205286573993, 1.8653832341738932, False
-5.35287653833556, -6.117265818912431, 2.5510623477313885, False
-1.4600113820403395, 4.513708107196258, 1.3114243112089454, False
0.7905579702209184, 6.241167647917395, 0.05338711062636792, False
3.043509676981186, 0.6950915888757452, -1.216773765305229, False
5.358159978140208, -1.1676903657003068, 1.5229021737959911, False
-0.7823115692798952, 1.248873247601746, 0.16918089213655874, False
4.194455214818802, 1.4030503646262176, -0.02828187372547397, False
-4.875874681312283, -2.548684517565692, -3.1168861633984686, True
-5.790164976476541, 1.5807661430033928, -0.4943561320767249, False
5.361933608941568, 2.544128957450951, -1.8412482040075697, False
0.18881210228955414, 1.2205229265624755, 2.8555720381500382, True
-5.718917812477314, -3.561132607748906, 1.8279058070726446, False
0.8604221612879659, -4.550235479519964, -2.31830271172928, False
2.043197883337804, -0.47957033101726054, 3.1019115337046763, True
-4.2376773966631, -5.872503195510415, 2.3732533472486876, True
-0.568133047787363, 5.972498644091749, 2.901353292326765, True
-5.496467799374345, -3.5183547381272557, 1.5035268271111635, False
0.9157300268658908, 4.777466436461268, 1.9897594475914628, True
-4.997535865319851, 1.34999723882727, 2.9260216125429457, True
0.8916263478690247, -1.356222263293537, 1.4200881706378832, True
5.304614686634142, -0.09594199666381709, -0.4722605657044565, False
-5.999547710936453, -0.2883832161546902, 0.12653762289717507, False
-4.94923873771229, -6.022193999203152, -1.8620369524068803, True
2.599757900056991, -4.050511990843519, -2.0276508424479944, False
3.223087435575124, -2.0869141307538444, -0.11437007741359162, False
5.336408888379296, 4.050411218937628, -2.789683381643951, True
6.0826874823046815, -3.168840484274417, -2.5206418483418536, False
-4.982331548718783, -3.8996199174297748, -2.7328657730761603, True
-2.9806453389227805, -0.5598355252564611, -2.6220446624769975, True
-4.688070811195819, 5.673116610565955, 2.480369423442239, True
-4.4502139358917825, -5.923947500643261, -2.139436827343746, True
1.8336308558035075, -4.42909858453077, -0.3975077833890386, True
-2.5115307637503435, -0.3128051321650167, 2.6215659047191995, False
0.25207109583363696, 1.861905217381814, 2.8303070690470955, False
-3.7541826749512355, 1.7527421568527597, 2.9368296971149555, True
-4.2157219406552375, 1.8586071045900443, 1.700293208591921, True
-1.9571620073039213, 4.6380005888706926, -1.5072056287668416, False
-3.125155817135006, 4.012755703092351, -1.8581603457580462, False
-0.21174184623049186, -3.0476515836693183, 2.1528998865621114, True
-0.20728184754013945, 3.7651938836903334, 0.5449532979641178, True
2.2663839166400024, 1.2031499540507316, -2.1043046844390965, False
1.7029406122950768, 4.47326398561243, 0.807870626829271, True
-1.1523313214774191, 3.139498691704132, -0.7170594814353066, False
2.7445882747664836, 1.290967882796906, -1.9732520455710265, False
-0.07461140891033491, 1.0930802473272845, 2.4507004114748865, False
-4.144800042362558, -1.0500402600541303, -0.9340974167147977, True
4.853737671499463, 1.6838292827349814, 0.03018439197496159, False
-5.339468194894326, -5.364310073628706, -2.7630024956877275, False
-4.781923703536431, 0.9693960888207256, -1.4436406692900348, True
-5.522870949011951, 1.481520953045358, -2.061833382009694, False
-4.927457272880217, 4.265584211271278, 2.455544253744163, True
-1.493046135481614, 1.0566495830557505, 1.6536255596140066, False
5.254493014271928, 2.4340841273346694, 1.6866196699638936, False
3.415251433935625, 5.07235002395125, 2.727166663365063, True
-1.1147241099490195, 2.950985001005643, 1.3483557969468967, False
4.505497864511222, -3.5816226443126165, -1.9321219481709029, False
-1.2083006160061007, -3.572997347747779, -2.5892529243436546, False
2.7295231159359066, 0.7940074325216759, 1.2874234009417505, False
6.014264769307948, 5.068975778951611, 2.0371917215169955, False
2.9893881047863253, 2.049569197706546, -2.540077518073259, False
2.4213992126318686, 1.8792639307876335, 0.28545481317784116, False
2.532007203867307, -1.396317137474644, 1.1721660296643535, True
-2.0474120188688705, -4.814761563883306, 2.284726378585635, False
-0.6548120086542868, -4.314177562692635, -0.6018826713377394, False
-2.4446313599576324, 1.6093813060578999, -1.828833889229325, False
-1.9912732951617906, -3.442281265236366, -2.9716935095824852, True
-4.748981107882038, -4.708652914520853, -0.9207857281893284, True
-1.6294283635405078, 5.036026448029878, 1.5936809239393064, False
-2.3362661814185786, 0.3596393957195554, -2.215210409855028, False
3.3185100071572258, 4.9370585395263795, 2.0880241302377947, True
-4.280666229815317, 1.5433988811954729, -3.0757592125800475, True
5.868327216539273, 3.0619029624539706, 2.7338580137758672, True
4.543558868278906, -3.164880433444292, -1.9960232709361527, False
0.3797018433625583, -4.732588215768674, -0.210913717177311, False
5.5737601021367205, -0.8761292306165958, -0.5482511582818237, False
-6.27269019050965, -4.1665586516332365, -1.1503375536846907, False
-1.0379853404754824, 1.4432851558881605, 0.5119013503357976, False
-0.5719027067185039, -1.5499061541776733, 0.9904824610182628, False
2.838469505426472, -3.4559515418055806, -0.8461892308210497, False
5.394367543411262, 5.076907905609945, -0.39406649463396093, False
4.198709323143948, -3.1692097053477415, -0.7425931869599145, False
3.0921331863997263, -2.121972494168726, -2.7331504893713654, False
3.861718264398551, -0.04025777630996785, -2.033945095106582, False
-5.824367827829101, -4.572015966462315, 2.912677510271376, True
-6.275573272001545, 4.680690440678134, 1.3304316708245274, False
4.4765528902084295, -4.85406594192972, 2.7670261174040114, False
4.763324899401244, -3.325650325585802, 1.9995648063668643, True
3.3317634280127084, 5.631290164082822, 1.5623347469208877, True
-5.379982374527965, -2.3590496326806947, -0.4315457458299048, True
0.782326116156864, 0.050262627091285594, -0.29320742903353203, False
-1.3616137491034426, -5.984695793626042, -2.1826724196159724, False
2.0909920290286035, 0.7559697484946826, 0.21242026260728597, True
-2.6289174959211192, 1.4827667443944348, 1.3653429299256503, False
5.967327269345525, -0.8550682093313808, 3.130411559096392, True
0.014425396938815283, 1.3850607065254135, 0.5906609589957275, False
2.273199933059427, 0.4393023975464825, -1.9768999656659718, False
2.116253149662173, 1.8624297766757216, 0.2699840305587857, True
5.327270817968866, 1.082217262595277, 2.193106483841662, False
6.071652531782188, -3.708419694665262, -2.142671348043044, False
0.28058792049997017, 0.9966294367383126, -1.2642317472284825, False
-4.779426554628883, 4.2855695058732195, 1.1965901803906842, True
-3.257819342093778, -4.55362405932706, -1.486103658233067, False
5.099119631377977, -0.818245609622422, 2.377380851188442, False
-0.9350626866515173, 4.398589250824106, -2.7643762926998923, False
0.19787059203906576, -1.2169372303964137, -0.04635309552563083, False
4.223277180786777, 3.756218371371709, -0.162066620817102, False
-1.8467891610763436, -0.18790901266369708, 2.3844552852508496, False
-5.445357373743979, 4.162700807910284, -2.0421671980442397, True
1.4258675391802553, -6.038727716991017, 1.7244627791233462, True
-0.2977664780987528, 5.432847894615794, 1.9784156424982173, False
-4.653747909050816, -0.2925279055948833, 2.800908048027159, True
3.8139167475457683, -3.327014864427571, -3.0434058569219653, True
1.1860875628094947, -0.24690236385194542, 2.7630760248399673, True
1.8799036456937195, -0.4867182788013844, 0.5978244344959114, True
3.200800075078364, 0.6171730070607948, 0.5114669193547297, False
3.8905547057086345, 4.953821237987691, -0.5084683527444138, False
-1.8848214057781831, 4.213063767092683, 1.760026572538571, False
5.417610916058379, 3.114382630197225, 2.977056185685159, True
-0.6021248982988991, 0.8674857524045665, -2.6520114962695467, False
1.53845344286285, -2.7827254196111646, 0.6471809752992188, True
0.5018013914019344, 0.045226495938842426, -0.9305901139176807, False
-5.720576822714322, 3.0305401738167337, 1.7358207628754627, False
-4.518830483219308, 5.224543854344137, -3.055074108340757, True
4.047879879711536, -6.103133742148092, -0.9742679300386516, False
6.25026001797254, -3.6650138322808554, 1.6650824678043001, False
0.9063408059696405, -5.837757573755797, 1.511319998142027, False
-2.312622472134404, -2.4394519689898564, 2.0185234906516945, False
-5.008504670310944, 0.8816543345563881, -0.9180924318680406, True
-0.5722878555515161, 0.7356319464274765, 0.4347135349801783, False
5.282007108083501, 1.4005288531857047, 1.5594930295541767, False
-2.198018122410253, 4.361000951539323, 2.6458873706595156, False
4.996736523018107, -5.4936959932431595, -2.2125458648279803, False
0.3793018492374882, 4.868490826755437, -0.0019770509618033394, False
-5.097697441607485, -5.330760839311017, 2.589639937720303, True
-1.0474251028642154, -1.04153458820194, -0.24064674288483356, False
-2.641690613910802, -0.1010974389927286, 2.8305347810288852, False
-6.1333349699327675, -2.7918133298701124, 0.932419487447854, True
6.050191070368349, -1.4440503397902456, -2.5100827089749713, True
1.3723248332273377, -0.3316923454627041, 0.5072365571687043, True
4.951013878914045, -2.147778830906174, -0.19788812098962527, True
1.7963753025434173, -3.250996918077287, -2.2025888862597087, True
5.345868408434573, -2.982628491149886, -1.6773232797290123, False
0.6458574242795629, 2.76648501333864, -1.4803696876263928, False
5.127435801816246, 1.87423678198026, -1.8099590697629846, False
0.6897774854255401, 5.341658925545726, 0.07326434814992178, True
-5.866507587637281, 2.4480573830388384, -1.5978488875180221, False
1.038820614285159, 0.9182949385451353, -1.9686269744180156, True
4.661485555679896, 3.8429189784863613, 1.026558899380479, True
2.3378595635483137, 5.18226660928271, -0.3649530342053202, True
-4.88898176641652, -2.587904599066401, -2.28468056151109, True
5.955621551411763, -0.6767363373204445, -0.134085664493655, False
5.609301138575891, 5.474474974753033, 1.6131177535093144, False
-4.52117246544196, 1.839986356097974, -2.5848215253811215, True
3.1216681658979812, -4.6136246527464335, -0.6798544856078785, False
-4.886810011779981, 1.2907797028848549, -0.4458441500254917, True
0.46227455643108506, -6.000563560889733, -2.98056637130048, True
1.4314042766531774, 5.571848787021237, -0.9023524235513527, True
-5.282487710329743, -6.24844040913219, -1.2632452892958375, True
-3.597281624747722, 1.9069355982504987, 2.1991650218644416, False
-5.2886721599947455, -5.945856097149747, -1.136393890967149, True
-0.4316407966097078, 5.74320769745556, 2.257803069052957, False
-0.22572778170772256, 4.92594849338175, 2.8442744244392353, False
0.5535623455164451, -0.43908301339999767, -1.8895330834006, True
4.026663763572158, 0.21968414098743505, 2.27416185717159, False
-1.977213292156371, -4.515591997909535, 2.8288966766597046, False
-1.217700803516819, -0.2492850979828063, -3.106083263232237, True
-4.49210883435893, 2.9868377276749367, 0.9655773699633059, True
-2.9491784388352698, 2.967548022075709, 1.6491350603697992, False
-6.150155619993358, -0.14219359567039103, 0.6434497092839977, False
-1.392536131671834, 0.3986524672840055, -2.453750872255109, False
-2.574881402597534, -1.4776088975517014, -2.2770036682136006, False
3.5253588890628986, -5.227056166403068, 2.792154484679979, False
0.8690067852298329, -2.997753117203191, 1.6629216966123366, True
5.994634720625312, 5.617081083293712, 1.377735869417898, False
2.2578858890367357, -3.945654599358859, 1.9172964404362665, False
0.1269432214349484, -5.811077935867045, 2.212404120445817, False
-1.0938442373475281, -5.24761088730177, 2.6384934717541, False
-4.761512941868821, 3.3385677849134243, -0.34453959732671713, True
-0.12625060883828088, -1.7312841915716266, -2.466143885724034, True
-2.487099462971365, 4.2200678984420374, -2.7164682407368517, False
4.790826628774683, 1.6037886619785207, 2.2383579798821653, False
5.500652698529461, 1.890696796512806, -0.6065493451595105, False
-3.6427715435262744, -1.1070387721369048, 1.8602161524019172, True
-3.082445938665944, 6.217711652087006, -1.1528889263761464, True
5.509072994690859, 0.9802251995675677, -1.630342169451358, False
-5.394474694081515, 6.146440801669842, 2.193632474981597, False
-2.0868953937023367, 1.4893021118771141, 0.5313373734871982, False
4.52994287876041, -2.848147067808062, -0.6580502253787226, True
5.838822045840367, 3.349528366375351, -1.1461767024275948, False
-5.63358796287936, 2.960265024215346, -0.6257314979237432, False
6.161284850033962, -3.110853569963805, 1.980483777260794, True
-6.166634015246187, 4.8713880946207375, -0.3147125340330579, False
5.539246538143058, -0.3866739417312841, 2.928051690028278, True
0.12208204247625343, 4.235515732621268, -0.14251618730933968, True
-1.6676504177670246, 4.773574134471442, 0.8996686099773212, False
-4.227222865780168, 3.5801393254123504, 1.4675903612862164, True
-1.0248780027684257, 3.9945330589304593, -0.8088793599461139, True
-4.258187233401737, 1.7325497823672578, 2.53770782906715, True
2.5709638229483804, -4.066002576477457, 2.601218975042044, False
-6.057378631656417, -3.126057782994709, -0.7329009438961958, True
6.267978192415205, -3.8480009151863257, -0.435444059953356, False
2.412457488684442, -2.164876145069667, 3.000428920966308, True
-5.318342327136055, 0.8385053454548501, -1.2841515443082758, False
2.2595747460582754, -0.4283789612108526, -2.1957256790382687, True
5.2367602152223895, -2.284860702748991, 2.3512430848159616, True
2.756819431704841, 2.4687842914731775, 0.6499128049423564, False
4.4611525637726235, -2.7180121671756394, 2.3348801911644497, True
3.0807353121298746, 5.92893847585335, 0.04569238862919356, True
0.44679329071469187, -2.0480423317600476, -0.32082252679221845, True
2.2265853754245963, -6.054582332561575, 1.9514809032090286, False
5.214765443492714, 1.8456024019493338, -1.9474585181715782, False
-2.2641381592618766, 3.7811130686510435, 2.048238688038257, False
2.922061579780193, -0.4224162395277036, -0.34334163282562624, True
-3.8502282885442183, 1.5263369409853542, -1.1029804520843918, False
1.237593168417277, 3.762208338495192, -3.0839474333018426, True
3.5097067050151853, -0.5438797858606153, 1.1274219125742748, False
5.435263150707547, 0.15132806408514732, -0.9708113736608035, False
2.181551019185248, 6.016915293625026, -2.970544119367385, True
4.662811896502774, 4.178451650796809, 1.2705184400616165, False
0.4790214279752565, -0.8721424454892412, -0.6079415939400139, False
0.06527959422601892, -1.9094696394668293, -2.2925632405258067, True
-5.6354034286812995, 1.0697536949825608, 2.2645445809843308, False
1.6782608046586747, -5.5780189826809785, -0.02078800700292538, True
4.081970265534553, -5.531710530304474, -1.2967433211847876, False
-4.822025257591038, 1.0286407203028904, 0.0969151819801013, True
3.0310959989537096, 4.565010058866026, -1.7487878034238928, False
1.0157097931142562, 6.122670581882275, -1.5518968657689947, True
-4.8380142241101325, -1.732085181739457, 2.4418470314284413, True
-0.22858422917619947, -0.6156367236585627, -0.9551696970739125, False
5.02942613654494, -5.96364439127432, -0.26847245300480793, False
-1.371268476722407, -0.8326279187073276, -2.5228295875602074, False
1.498394570463633, -1.2640109842031064, -1.850487354305764, True
2.4255497638610812, -4.439281892328596, -1.2238663260930036, False
-5.173011504105961, 3.7006940251205283, -1.5492747034643368, True
3.7548388051778225, -0.14883737362614546, -1.5022631876254058, False
1.1894359609131389, 0.8585212912067366, 1.186089364280818, True
5.51742750372396, 1.494900392803669, -2.3278003463720998, False
-4.54993311101913, -2.6259895061707264, -1.8455403984683287, True
4.464196027691278, 2.964116669266394, -1.4420106584317227, False
-4.378448691823519, -2.3871973705020704, -1.6987325024287947, True
5.569981841295732, -2.8913745205614294, -0.47713170508382996, False
-1.8061414619958054, -1.829960212243864, 0.42342343450093844, False
0.3536867789700979, -4.996102688431048, -2.9673187117736965, True
1.9432123704229554, 0.15779103232246783, -1.3372675306523396, True
-2.341295336590324, -2.336676224022716, -0.009485380864684423, False
0.6663464390574463, -2.016603721496346, -3.0327783069195458, True
4.61751819365872, 0.3285940454931673, -0.18458230667434838, False
-1.1191016154198907, 5.841582307596459, 1.5516380584043548, False
-0.3824335257769391, 4.281130122587518, 0.20602201825116628, False
-0.5885830495380953, 5.033474887196176, -2.2219788860430194, True
4.518116875906836, 3.7800371766637237, 0.11190234414883315, True
-3.0902943660050806, 6.018699740480468, -2.319495015494953, True
-2.825238981885185, 0.6619647608306165, 1.547305542508262, False
1.5763941036441, 2.3451551013294374, 1.527526703181783, True
1.2090123771594445, 5.242356275088056, -2.7863146077776735, True
-2.6540216169278956, -4.6593687991959385, 1.5405348795071054, False
5.597489401235459, 1.787890275366843, -2.5730790696791797, False
5.608287460039968, -1.8207084472746269, -2.3638136426707623, True
-3.772690056127323, -2.663623427677825, -1.5584787958994004, False
4.859254704367357, 4.752174686497142, -1.2891273019009772, False
-2.413681399327761, -5.045378969593282, 1.1202262993786665, False
-2.1255936074855626, 4.107414182281252, 2.388139984921094, False
5.735048990609235, -1.9722982066878556, -0.7642141320600646, False
-1.3226532156959188, 1.9810320107042667, 0.9454930760514006, False
1.7994443026213958, -2.6394741974538753, -2.0604519342933623, True
-4.120318074597239, -0.8525748707250314, -0.8961549509869347, True
-5.4632751830408885, 4.814031987138616, 1.0324374054230834, True
-3.126938410019833, -5.94529629711639, 1.877423545905966, False
-0.6347114556917868, -4.680066866170015, 0.9449413769341266, False
2.0013029170451038, 1.8813280515143749, -2.299420461054668, True
-5.1745632969197, 1.1501664041126922, 0.5492156990675521, True
-3.1412413787878783, 0.3277573874680719, 1.4437194918617582, False
-4.658963547572794, 4.600517283070495, 2.5598318736955816, True
4.328168206266952, -2.3566859928120425, 2.4093376943202767, False
-3.217982279359059, -1.9515234942129362, 2.958296134254435, True
-2.331371667406199, 5.0934476920307485, -2.942257165759716, True
1.1531558514461482, -2.318701433388393, 2.7499531170514, True
1.309017979530367, -2.355164147648061, 1.996391095944066, True
5.079815263945395, 1.0305502238449424, -1.6537138119442376, False
5.062098774434226, -3.7949138083418394, -2.3104447469757465, False
-4.215689191741655, -6.022981781965968, -1.0349580144362864, True
-2.102185916964846, -5.935562472765765, -0.03202659527623242, False
1.3676478250173094, 4.636718764830471, 1.9695752936338886, True
-3.8627038375736134, -0.748997059446328, -2.0574259631725242, True
0.3814122895602061, -3.82791722281684, 0.7556150244303868, False
6.028207172873676, 1.5513753294948618, 0.8580426823900873, False
-2.82698550426619, 1.6812471101066935, -1.837733444003199, False
0.40458570324762455, -0.48229323724400963, 1.226564104767598, False
5.449048477318371, 2.5647144710495517, 1.3601777243451725, False
3.4432662622776125, 3.984616783857142, 0.6258125008886037, False
2.0730120584483327, 2.1081563043783618, 2.2733791062515056, True
-0.7952108687295851, -0.11341682919514806, -0.201105718909254, False
-4.218500306093922, -0.15821129496354303, 1.082437385167066, True
1.4217651500130124, -1.8797356614892653, -1.1542834325755513, True
-3.8642701797500876, 2.2862461739970126, -0.576322378131457, False
-5.351760458898469, -0.806154571126994, -1.4855162025753403, True
2.202153983784134, 5.7681373144347035, -0.2193930088581939, True
-3.345263371763338, -1.311691013484456, -0.8750882038036618, False
5.0527514397554665, -2.101962501159183, -1.412037829249937, True
3.8062073375853736, 2.136017270034076, 2.0971808538172114, False
5.494227806229672, 0.3962182220146362, 1.7512606982740015, False
1.4362385139987532, 4.407847162167217, 1.87220795171834, True
3.388116766952649, 3.2041320332679195, -2.779041970118658, False
-6.1234925531794895, -0.692142436409009, 2.317788557848747, False
-0.05015264646755835, -2.9619762842293746, -0.24800602076629064, True
0.6794438831792924, 0.1052209635520498, 0.7533386929467296, False
-5.764053831037119, 0.9017478746529868, 1.4332125561782956, False
2.6238257263203213, -1.048602413554855, -2.0200747103482124, True
-3.429535072804908, 4.794087742958901, 0.8815663233745914, False
3.7914103349478427, -3.6185205265217433, -2.9891576455640902, True
-0.12667169770247977, 2.8780961649530514, 1.585794541672728, False
0.9004682048617942, -2.629418378007055, 1.3885966014909323, True
4.048025133490205, -4.665494935650454, 1.9859106955782995, False
0.040904671919018476, -4.326074007242093, 1.1159270881813894, False
-3.34502799458766, -3.271757877798173, -2.229105307547245, False
-4.199406651572586, -1.9225502192498771, -2.159056002796282, True
-2.230106363314957, -3.6784102656307334, -1.2410865646270184, False
2.038911748232165, -6.080089683554736, -0.22072082032363927, True
3.0312592423475877, 1.757933288508438, -2.806105250686974, False
-3.2950517285557406, 0.17631072037261308, -2.388086123346723, True
5.996885330100991, -1.2528389556098753, -2.9173990139340003, True
-1.6317904620780057, 3.729526294973475, 2.692475263461194, True
-0.08491343769211479, 5.8665941272895665, 2.844094199230949, True
-5.797766551253171, 1.1929087198099158, 2.711715425557962, False
-5.209612455002091, -3.0197546257230496, 2.07057703511997, True
4.701625258088356, -5.750300352173568, -0.3485625897346427, False
-4.41448427540565, -0.38131083394670284, -2.3151362380434417, True
-3.381967525975167, 3.5033205429058114, 2.763522627282791, False
3.6628559656254893, -2.5626301973048866, -1.592044626642632, False
-1.1821933494990136, 3.114699991553266, 1.593613787553461, True
1.570797977007703, -5.549278915496352, -1.6522149668677701, True
3.6397461369595785, 0.25747816297950177, 0.8397721781666827, False
4.298814607471549, 3.036644221058289, -1.194635416481412, False
0.054545793838185475, -3.237427431844999, -0.019397887559767124, False
-1.8862043023368873, 0.3650353759223499, 3.1273428248628505, True
0.3559922164781142, -3.149532223460167, -1.4117440365353728, True
3.060493720005475, 3.044114503998143, 2.145696067481876, False
-2.719628551716992, -5.061553360103422, 1.9521307590892114, False
-6.181024874902882, -3.8695868730287613, -1.9523274061822324, False
-0.7455424772735721, 0.523055515518366, -1.0305654766581571, False
-3.4474012516615185, 4.515625121326005, -1.9804428018764906, False
1.6743637309221135, -2.01950780830626, 0.019251175661961994, True
3.4381786038215996, -2.107172594466525, 0.43386138256484275, False
4.9204156822500735, 4.541494425575971, -1.055832107911816, False
-2.189506344787251, 3.6265868644202133, 2.52568196939072, False
4.130795026594946, 4.043317122238232, -1.6649589952142518, False
4.675868554029986, -0.6789734642492533, -2.206389236514677, False
6.073009074458676, -0.5774854939180738, -1.0300163344668558, False
-5.928406633252434, 2.3408655633657247, -0.4298037932362466, False
3.180292015169927, 1.83967283911824, 2.467115041408257, False
-5.599074776960384, 3.0449924416611722, -0.3844718285731936, False
-0.8445539510858309, 1.6061394476332111, -0.2708851895337485, False
-6.027877023898677, -5.566162884077177, -2.0858589623814927, False
-1.1578592539373531, 1.9226449500093334, -2.6669523323736795, False
-1.7343742981315602, 1.01703103706574, 0.5477411987572465, False
2.0087509884311103, -1.1608485211885649, 1.6473299542946496, True
-4.822126288045473, -1.5028835568500227, -2.348622923213596, True
-0.6718163589502986, 2.8854914514288748, -1.2048192450529291, False
-2.1969757188293597, 3.9283115651639413, 0.46209419126899, False
2.9625961553390496, 1.988452379780071, -1.352268916998596, False
-5.754660590268335, 1.8704033858613567, -1.9172767291757626, False
-3.9741865541405907, 3.7527056705208857, 1.452780219786745, False
1.5460425600688987, 3.1293202378234835, -1.7651343051603958, True
0.08071095296484465, -3.3491904904939465, 2.042736586176268, True
3.8707518234617275, 4.733566790342321, -0.4695803268077885, False
4.805730879449973, 1.8729028460928827, -1.457831878859498, False
1.186469878877797, -0.08305516253289724, 2.1008435386987783, True
1.7672296666774372, -0.7649253812724588, -1.239670292540078, True
-1.4785154638435776, -4.434551285659374, 0.8527632143173682, False
1.7053208973773417, -5.479275442251227, -1.2092387413860084, True
-2.873383651436314, -0.4406516650719352, 0.6607432523524128, True
-4.890690080508345, -5.413552371646031, -0.8377637764876131, True
3.4653366552657463, -5.735326022760029, 3.0314532045790505, True
-1.30331424974879, -4.070240063697562, -2.6242962305054967, False
-3.0806814491503034, -0.12959694710175462, 1.951823187860703, True
-2.5595675895120564, 5.236481051637616, -1.5647834021638365, False
-5.350914483463725, 0.10231453791558653, 0.19140231285575915, False
0.19544537592939015, -3.836988204743519, 0.6095024247773351, False
-6.062737231823366, 4.800988301515362, 2.573012724446068, False
6.110709812059158, 1.8486156284769244, -1.447553890273299, False
-0.7724217734736101, -2.1523101514092433, -0.5765305027042449, True
-4.363106599258707, 0.50478313818601, -2.237421078380116, True
5.895169580061653, -4.759152608526476, -1.2847736730583394, False
2.5886855059817506, -2.7025226513034206, 0.735320557172217, False
-2.2370574730848674, -4.476034088580374, 1.796853273379429, False
-4.343949616857839, 2.893138965092943, 1.926073183369497, True
-5.934400315755459, -1.8950732216900246, -0.9226047208745567, True
-2.70967527802908, 1.8669067588848662, -2.050850061296652, False
-0.20260587044439138, -2.863986929316049, -0.2942824453880637, True
-5.122893602315356, -4.328338523845728, -2.426419708646927, True
-3.7631872586486845, 2.6816542752171895, -0.05238511705530291, False
4.048868356699568, 1.5876985998597934, 1.4440378693447817, False
5.357875328180636, -3.709866269310413, -0.6018420646621472, False
3.3492351710809594, -0.09265051319984163, -2.9011725142508897, True
4.847531151309562, -4.7468055083331615, 2.4520398914779227, False
4.930877155123595, -1.9782047829940579, 2.8268652917198818, False
-4.3058452881913825, 1.0430912247021924, -0.16120792510386872, True
-0.09643661873849574, -0.3608851820337433, 0.6519993563549367, False
-2.950511080001411, 1.1610191742001046, 0.0360811169770594, False
4.273368656485596, -3.4595446544629764, 2.109138907311971, True
4.774283389492751, 5.786382186518283, -2.67867989137469, False
-0.7596341675169302, 0.11500733090645987, 0.9924276418083515, False
-4.937268844226642, -2.9699035706234214, -2.7786204392723195, True
1.8583046405013839, 5.063523094442054, -1.2904351960855331, True
1.7915592158254174, 4.634092366102644, -0.029278147430411128, True
5.358015799566569, -5.990901502861101, 1.2871815688927688, False
1.7792310156087634, 3.4183050792715104, 2.246836073935796, True
-0.2696527197701881, -5.579103061117062, -0.6348109598003888, False
-3.056191846326057, 1.0545425001250024, -0.21676518250595267, False
1.6909249886780033, -4.816596628225719, -1.4931228929437943, True
1.725359401430497, 2.847824197812363, -0.4227633323090161, True
-1.2116053738524952, 2.2430609346547214, 2.100591897034686, False
4.059285877809794, 2.4871083519566337, 2.4744783599898774, False
-2.920599730267894, 6.076629921328509, 1.686494072355563, False
2.966758076820012, -4.734810441083074, -1.96589463756151, False
-0.6732662476707949, 5.76969753994215, 2.709903908561933, False
2.942471885690564, 1.9031736237027044, -0.29707544819378784, False
-4.5615953380628405, 2.9075930360751805, 0.5512014645260743, True
3.1737124145350677, 4.603398424316293, -2.983564860782907, True
-6.212003772841816, 3.8491111836662704, -0.4588680301850836, True
5.35651901164449, 4.041787555912418, 1.7237553946802144, True
5.935873741867336, 3.9489893145301327, 3.105793849772179, True
-4.4112239468985255, 5.857491325385245, 0.8193190642885124, True
2.2861223510591557, -4.098743689436454, -1.9860256694775822, False
-3.1421895365193566, 0.8434096411552776, 2.0578458274224616, False
-0.32763509780371436, -1.5250156628010298, 1.4734338753793645, False
-3.2876076235113856, -3.918807999393156, 1.006775420184522, False
-6.183365124087721, 3.248513400141798, 1.8604569060096123, True
4.792379010627343, -1.6211181262366159, -0.7181588510669084, False
-5.907465433766652, -3.999878759228166, -2.5553784468926857, False
3.37949261288934, 3.9003766894369605, -0.12198576767530112, False
0.5152817820581843, 3.227420748900336, -0.354022245820254, True
-0.2528960675549339, -1.0690722578669485, 1.4649845788830502, False
-5.024354563264189, 2.9508900447455364, -0.3876159898611564, True
-4.21854530487702, -5.3878873927246085, -2.4734542433011804, True
-4.833500882847186, -1.910225611356931, -3.0368551798299426, True
-2.11407734645588, -0.11172948680335626, -0.4457789514647805, False
4.198848498140455, -0.4179998302197596, 2.7938360278887577, False
-0.6519509595335249, -2.8578505952194284, 1.5362762095728897, False
-3.643163966118891, -6.171674106450373, -2.8741777979581915, True
3.891075515687705, -3.764876708610753, -2.2538225990340037, False
3.47473585504342, 3.3858742545799245, -2.8121403660648094, False
-4.240121695328993, 1.443509460929718, -2.3399622994415585, True
-2.8011754430924998, -4.128978727061167, 1.1056066408106027, False
-0.8242980340671977, -6.226467926225985, -0.8417785917286458, False
-2.6776693887740346, 3.507946366152483, 1.3239075181132698, False
1.2415673773796003, -2.104873288213043, -0.9601479950202583, True
2.445446382605674, -2.4295920382086225, -2.2297670971926062, False
-3.5918543905650826, -1.3963840812455626, -0.9721601566228166, True
2.5789258506659163, 5.339913461052067, -0.9042790690346498, True
3.2233897697567624, 0.004168294470064282, -1.7891175184221815, True
-3.4543864190973324, 0.3171338060663196, -0.8516216951785665, False
-1.444481385232848, 3.5469917039995043, 1.2749814185471156, True
1.9361833465077556, 4.253241348361156, -0.8523204072733979, True
0.2101020986059492, 6.18659791211047, 1.9242520849309095, False
2.9527786420359234, -5.461760530896563, 0.5450415854518114, False
-3.3759757248764526, 0.1652877932432384, -1.7903680105615536, True
2.3499962042052225, -3.771934171359735, 2.144771129869544, False
5.582261695926192, -4.735136226670239, -1.0015732077524775, False
-1.3886446963703172, -2.4403316449478867, -2.463908775171833, True
-2.6612407496453123, -1.3575618941194998, -1.1721072155673022, False
-0.2058523615965857, 5.289265520020475, 2.727709348687627, False
5.310785838035214, -3.976014241058562, 2.054751536464533, False
-3.987235240257242, -0.9852780202242561, 2.8554904408043615, True
-3.6156241845558412, 0.25786748588759245, 1.8882354503409555, False
-4.70221386767596, 1.1989734866496597, -2.154885030249238, True
-3.7587565197613912, -1.5257621861585102, 0.7440973017227677, False
5.554904825434729, 0.015125316976578596, -0.11823975637535566, False
1.2269352566696536, -4.082480557049488, -2.8705685277289863, True
5.172209172021489, 5.015353109922017, -1.2379729348666666, False
6.167891759084004, -3.164226387417101, -2.239057913637889, False
4.9913331764418665, -1.4729985797393654, -0.28748612770093374, False
-5.228927335962585, -6.055444380080867, -0.0315462913005522, True
5.292709237140269, -4.563765658837588, -1.3499299781024745, False
4.939156708477299, 4.161545683816284, 0.8659977204984477, True
-4.486025133401257, 5.441368961379016, 0.17069184941102966, True
-5.426202185899055, -4.972435856764427, -2.533050617173452, False
-4.254317230481947, -4.193552144081465, 0.8857487695593926, True
-5.455529776713319, -4.925608449417036, -1.0834068460497006, False
0.01365179262785432, 4.521622934173871, -0.9763043630386559, False
-3.8916196254010296, 2.096317499468011, -0.3787132894422598, False
5.356702541408916, -4.366352934444064, -1.6602678870117624, False
3.5566995111701445, -5.886429032076848, 0.22787044248487964, False
4.541220052850127, 4.266008508599731, -1.7774234133280524, True
4.418410092665436, -2.916768135488013, -0.9290691841448746, False
3.9151282390895563, 2.6711942775886257, -1.6066161664215821, False
-0.37234234009870804, -1.597409796027029, -2.25693713112135, True
-0.7446186682594931, -1.372987137188419, 1.240695133141707, False
3.2730142127431208, -0.023828104609310508, 1.2371913452532173, True
-6.063038977437364, -2.5596738401769206, -1.1650448254882007, True
3.0209218420190016, 1.9436677204363768, 2.3483269945278353, False
5.098357667606242, -5.930856175763155, 2.6371386737490914, False
1.0966600274177214, -5.886078495737246, 1.9922629558249811, True
-4.058107894996, 6.262349324220812, -2.6038348397130937, True
-2.516210901710222, -4.624430856936722, -2.149584164614234, False
2.8452399953614442, 4.69816543903285, 0.0765048159245576, False
4.719517940918701, -2.3414593307446174, 1.4759026204614685, True
3.817324180765162, -2.167899517873053, -0.943453820184458, False
-3.2038955370167446, 1.1500074076296736, 0.4075745691904493, False
5.887390232877523, -2.5189799503211456, 0.9355268494064735, False
0.7745526529747027, -4.970682125625821, 3.017486324131027, True
-4.397026323883526, 0.3776354805776121, 1.469404013316911, True
-3.319448331127519, 5.075738641141914, -2.0225777545255403, True
0.3113923791671933, -3.448223213639135, -1.296888073296575, False
-1.1797827548637754, 5.4825921888095905, -1.2298831289172643, False
-4.563360554572322, -4.350277594622801, -0.12347447623719665, True
3.1492316033791194, 4.549346273179548, -2.8446594212755407, False
-0.27001847100248444, 3.4538181517319604, 1.738523045204417, True
5.219263285768047, 1.8542151492653876, 2.905210097787128, False
6.246342839123802, 2.3902977135425694, 1.2226726411518047, False
-2.489098346984502, -0.8976097756272425, 0.4099519904139304, False
-3.944710883474348, -4.273483613907873, -2.611756207279738, False
5.056059494328364, 5.035050960014662, 2.368977471988635, False
-4.912159776462412, -0.5354969230273774, 2.7071263372351764, True
-1.8805303417018635, 5.150780513382237, 1.7210505849231463, False
2.1046937870031996, 4.905229151288413, 0.6073790300046729, True
-3.9054783252653777, 3.043797276392638, -0.21780233992698905, False
-3.5181962679871446, -0.1580693213810207, 1.2236468933717788, True
4.2772664503259, 4.509852734110481, 1.261765942447874, False
4.930579964173759, -2.504719611819691, -2.2333638419893322, True
-0.016929243277367334, 5.379842577802677, 0.9331006298212934, False
3.9590008529699734, -1.8719691949559145, 2.419046583674409, False
6.159041947448316, -3.2548273664729526, 1.926481805127862, True
4.814090070766193, -6.101855158440321, 2.3170161475420787, False
3.57973514945917, -2.1865504932345265, -3.1184668056812246, True
3.6532504624576667, 0.9889054540558719, 2.520441467288255, False
-5.658626760139431, -4.604469137583957, 0.6684527155454401, False
3.025335912330238, 2.223010261645719, 2.4804307732751827, False
5.165719472908151, -1.9313458271670232, 2.7164844400480543, False
-1.878162850196662, 0.0449131176823947, 1.5316531555089474, False
2.2088921684157334, -3.211220340641524, -1.6807080606771954, False
-2.1806087961941545, 5.901837345630044, -1.2281903440087083, False
5.935932753427435, -3.1979762809308103, 0.6000988527682747, False
2.141364701164017, 5.815948532332724, 1.666520550928289, True
-0.09931620789261064, 0.16591603680779965, -2.9749710358893666, True
2.904364714750759, 4.504037899518037, -2.80407114003462, False
0.37821078267330943, -1.1443091922885769, -0.8535159001742119, False
-1.6642090789291846, -6.253934364335724, 3.0324888100637954, True
1.964643174111247, 2.387573430187782, -1.2721996490326097, True
-2.72770696513943, 3.618998071913989, 2.609007945059094, False
-3.001503285170533, 5.089887535698509, -2.8470345592438893, False
-5.250115628349097, 3.5092638753058996, -0.23816653165016488, True
0.9774481956327437, -3.9447162876929474, -1.56752450282394, False
3.4102969332956317, 5.546717322905804, -3.0446575266658322, True
-4.134613886951486, 1.1763304906063565, -0.3125616301698413, False
-5.518361057594688, 4.269847407761386, -1.7925394919063984, True
0.1604081302788254, 2.5688741370790673, -3.0691236573791514, True
1.5223881910221868, 0.7851921797704584, -0.8358836215798804, True
2.7524353431541364, -3.8981976647129506, -2.724537594808378, False
6.030293652184195, -3.3383133974509156, 2.94663416025882, True
3.254443505488954, -6.255900074953902, -1.5810850802870724, False
-3.1629534656030804, -4.645082207057401, -1.9525142227259797, False
-2.3118005692933887, 5.360840755506974, 0.3641520784063417, False
-4.199723168442345, -4.952658978110167, -2.2764892183739085, True
-2.572037439145593, -2.8388990088294466, 1.1981860922563783, False
0.8517529440767193, 3.160789546565109, -1.485325626253607, True
1.2357419874811804, -5.706927651187652, -2.389775396455592, True
2.045054745097147, -2.891084381294793, -0.571787191670118, True
4.475984453776137, -0.8472730009468936, -0.7599014372127328, False
-2.6802171414742006, 3.017164999682624, -1.6680944671800637, False
-2.014732744365671, -0.5522263804372276, 1.0552652226401644, False
2.9479663199156807, -3.639884084680264, -0.9879918208005307, False
-4.338010710054668, -2.1021742208941108, 0.8687905060729006, True
2.703662200368445, -0.6666499837843016, -1.9591899331479763, True
-3.6127349930272703, -4.0856011077179915, -1.7191567802821375, False
-0.7911278868944027, 2.9367183818754157, -0.2369194795942997, False
-0.6146756517777465, -4.109303901843014, 0.5015285977025652, False
-4.7853031894071645, -0.6007690664430729, 0.3909574844241228, True
5.179769760387863, 0.24881455230689475, -2.1259952061096596, False
0.5387657440903482, -1.0293437636522897, 2.0659784630298637, True
1.363464797863906, -6.055454544964919, -2.1741125869960554, True
-0.9247200664206252, -0.7912974966555009, -0.6287273019863937, False
-1.523699232386333, -2.782818498478025, -2.258011934257047, True
-0.26626706054128135, -0.21798355312282247, -0.4482609191983902, False
5.3700267934293215, -5.407679677560838, 1.3435137637257641, False
4.710147556677903, -3.842643426946145, -2.4704897329124074, False
1.6046748255576446, -4.00457838469786, 1.4460108672693366, True
-0.43767010269072326, -5.579271430152745, 0.41687263409182806, False
-1.8772243362585135, -3.184813672213955, -0.8342591890818549, False
1.9258531802107157, 5.7590379888528975, -2.769082102175258, True
3.6072738235121324, 3.9544480967865354, -0.41270860007700794, False
-2.186716482277925, -1.0568817999453257, -2.4954183896070634, False
-3.9073144154782824, 4.373239474487997, 2.569626986113966, True
-5.744813419548125, 4.900849212759004, -2.7351920232037603, True
-5.145771422681692, -2.2356669359017847, -0.6581610607340607, True
-2.5059111178848474, -5.011989919344777, 2.255495594572155, False
1.0729489123867868, 4.649156619309524, 0.09273744935970063, True
-4.706484894262187, -1.8320561220981633, -0.49568202373248704, True
1.772796272343955, -2.7989827878781997, -1.9793819855604942, True
2.8120295187027384, -4.878333527758483, 1.349407489985949, False
1.1769063183605963, 4.352073238860369, -0.7417639489780252, True
0.8423138532277017, 1.7497514971679546, 2.3196723193834323, False
1.513571007588724, 5.616380084523874, -1.798460472450119, True
1.8250638356415738, -3.1902877585125706, 2.0900863763578457, True
-3.6121645120858985, 5.504184364375165, 0.8831773694255407, True
-1.8524789042173122, -3.0129636361451713, -2.177418414608424, False
4.032220120158817, -1.6927281839733581, -0.6249283949745323, False
2.6997719777482914, -4.94126869183338, -1.3493869429700174, False
-2.847842406967344, -2.3031779030482027, -1.0594398992407585, False
0.030831294248705454, -6.0043311236600285, -0.24200570809874655, False
-0.35647474214899866, -2.337198182132708, -1.02925544004458, False
-5.784341289063005, -2.233527250735146, 0.5931894480206656, True
5.617876119567425, 4.821260228237906, -2.0873531467851554, False
-5.492892791939925, -2.4145943656669004, 1.3615713642301746, True
-0.725069722010077, 3.556073428801918, 2.938453264189709, True
-0.21365841148599696, 5.730342372442044, -2.8853415549664296, False
-2.2256066222474225, -1.4004621355835827, 1.9808051334055135, False
-5.52022487793356, -5.627406727856533, -2.7501324293930427, False
3.558849308692995, -0.11133084884765232, -2.898009377754497, True
-3.6143262644518015, -2.2831334628453606, 1.1812273256006538, False
-5.268807856448502, -3.8626550775651136, 0.22049269803012939, True
0.5086388078516233, -3.3132688498247074, 2.589161704057071, True
5.7007951474702026, 2.6788119203776883, 2.529596217518976, True
-6.11391947404993, 3.266398248867553, -1.5776233643448456, True
6.11720965877474, -4.505597721575037, -0.8532660287437701, False
-3.753643755913436, -4.7269377857582935, -2.172617950313806, False
1.3931650172802739, -6.24404495438831, 1.4338899981142479, True
4.932235842595166, -2.1781447188031127, -0.9662036067639841, True
-3.570206465492126, -2.105642997980997, -0.45728092877695037, False
0.272478275588508, -6.120307891082883, 1.773775656865923, False
2.15939212038192, -5.055331430139831, -2.349307129473684, False
-5.676586203413432, -6.25959369762865, 2.911140655810465, True
-4.165895822290365, -1.4907194487511077, -0.21947741339775462, True
-0.9689336342582884, 1.8394053982463738, -2.7123534301050047, False
-0.896570726999907, 2.9634398376868365, -0.3696183711384218, False
-1.9725185177201698, -0.04220499894328533, -0.028494209036757923, False
-2.0177282723793377, 0.4878204863462168, -1.7995650786052448, False
-3.9811605394424086, -2.1954359184354955, 0.4228674052700736, False
3.5648197440826426, 3.0369439701295793, -3.077274866756622, True
3.7466035928490804, 5.330457644177912, 0.5850970976138021, False
-2.4026210077842856, 4.10055101859095, 0.2756812447664019, False
3.280864741520716, 3.7795913621538624, -0.2596284730522207, False
6.2277760766990315, 1.46798143340025, 0.15412587892989293, False
1.3293675112959624, -1.9502437331166043, -0.6434757828744262, True
4.456899799320194, -5.424886341828023, -0.6241112919217855, False
-1.9270876568301487, 5.179505862744886, -1.503273878549441, False
0.3979869962356988, -4.510243865307696, 1.537731878331269, False
2.956385581260262, 4.010720535927668, 1.4744865318963116, False
5.317673903574665, -3.1462273615145575, -2.3587905081750327, False
0.0028801450385191885, -0.3670151791918945, 1.226444919036421, False
3.9639659085927867, 2.1117612786867337, 0.5967163995269402, False
-5.163056427388327, -3.167989974124331, 0.08081467300889589, True
-1.5539720567208235, 5.23103295766702, -1.8202666854332754, False
3.912202722996316, -0.7967271439553221, -2.951405285127386, True
-0.9412994161545098, -1.0888239073949055, -1.2889914936539622, False
-5.454353278739232, 5.918061587045495, -0.35193084433399013, True
-3.221883796239883, -4.547100623919114, -0.3524339445604854, False
2.264858943646807, -3.498055298990761, -2.7565736976438613, False
3.304378061502659, 1.9003270238834897, 0.5656026919797315, False
4.317816050390393, -3.728878170921824, -0.30292499133420536, False
1.7397739821404254, -1.9103815920000047, -0.10556147038084696, True
3.126729841035207, -6.014273265786539, 2.0874111995505924, False
-2.5319355747211167, 3.1650087876098585, 0.16739908591173203, False
5.518661487358207, 3.5769303559931913, -1.2294901322138507, True
4.228393541690602, 3.3791120284184633, -0.9310725701153717, False
-0.6160291003420086, -0.6071502922038681, 0.6811576341422771, False
1.752208664948455, -0.8400271280757599, 1.149891112565376, True
1.832369823630783, 5.133837567594416, 2.3424607364417964, True
-2.858177421318181, 0.43000574185640783, -0.33567180759582627, False
3.3359215941351454, 5.292590036399869, -0.9412223596146543, False
4.0233758371417085, 5.105499420210956, -0.8002078346551236, False
-3.892646266119675, -0.3430873421455791, 0.2837468399219327, True
5.870667162713811, 4.977225797031624, -0.3373543741918512, False
-5.2415985035412795, 3.658318319242044, -1.1101508570703595, True
5.097550747676463, -6.124720440096724, 0.572115282567522, False
-3.5419328516152153, -0.3915383626641029, 0.13822430555244347, True
-5.376628490502795, 2.110132749696051, 2.7403098425852637, True
-2.5982419711106632, -4.785852106067742, 1.919020159382157, False
4.858059760694122, -4.987278859199624, 1.4911035568631705, False
4.000933365204421, 5.30204490258701, 0.5963723965372596, False
2.7169214906531245, 0.10977060855583964, -1.456126895396994, False
1.0203882826366932, 2.5770815561032236, 2.4718819757740134, True
2.7459840617380546, -5.585413052395481, -1.8187321750179326, False
2.9804392784313123, 4.270936305148826, -1.9828452367552487, False
2.194204178425217, -5.766095111830314, 0.7191374834883053, False
0.27210674246370026, 2.9780929515349293, 0.7726115380226646, False
-4.766735840640413, -2.735273925418763, 1.7792715152833747, True
4.168019677569248, -3.093551285541395, -1.1318376425885144, False
-2.4738764242151516, 5.253409954090772, 1.877264007277077, False
-4.954050226139737, 0.09954408542437676, -2.0278903435925404, True
2.7893362373011943, 4.19980611455342, -0.7916798216255954, False
-3.1104863932054223, 5.329400154284022, 2.6295155496591267, True
-1.07362785057287, -3.4821202796406747, -0.9845668668105292, False
0.6695583215179592, -1.8928766023048809, 1.49717321957601, True
-5.484591064624231, 0.03045386219048929, 2.263875869490265, False
-4.63704628065958, 4.358727985811061, -0.781469361861276, True
4.947452090357695, -6.227188004254877, 1.4100384197243327, False
-4.8828664571658305, 6.023708877607062, 1.0893080189348963, True
-2.752103370740073, 3.8892869333712063, -2.7772197633870688, False
-2.365456502800218, -4.139878912163383, -1.9986823781066176, False
5.327764767796513, -3.3209349619507504, -2.4613872874650067, False
-5.038526183273277, -1.7687476523916397, 1.8012199471366825, True
-0.8430886404426294, -2.5321242891943876, 2.8215692163134714, True
0.9750562891624224, 3.7767148474074475, -3.1398488268775995, True
-1.6990782565198668, -1.6794715382953012, 0.2191913595464472, False
-5.386517538411341, 5.920898709850887, 2.6707988022998537, True
3.8518688410877626, 3.713316741895545, 3.0182027003310017, True
1.542040624271955, -5.161292768793598, 1.8705518075975958, True
5.839593075864423, -1.7563612260623156, -0.7290825295478713, False
-3.6642038471342215, -1.5197462866517855, -0.01855919321788635, False
3.073675368601556, 6.25476439520456, -0.5619014962225455, True
-2.2755206174853164, 5.8113739899171275, -0.8046976134826411, False
-5.7548577590651915, 0.5286261965389167, 2.8998252758647656, True
4.447273991191819, 1.6175876886196008, -2.82144505846067, False
-5.056673799504059, 5.651843387378186, 0.9738307647713809, True
4.448291370321558, -3.157668336776887, -2.0100998077794627, False
3.7285875690165486, 4.892579285543238, 1.6238322528302502, False
-3.6548550817724745, -5.84580689389156, 0.05317186273892194, False
4.091592933168059, -4.633239964571122, 0.15287733153601302, False
-1.301904449921099, 2.4048355290403975, -0.73874254547562, False
5.695746479039659, 5.981679349774208, -3.0027509799266223, True
-6.264422256372058, -1.458393238651893, -2.08178838892883, True
-5.225923052790261, -1.7092961643195501, 0.620696659872868, True
-6.270768137277297, -4.746510504270926, -0.9126750113624285, False
-1.5811246646152926, 2.148833042297886, 2.444086581463668, False
1.1204376820507314, -5.930046329230828, 2.561919119108241, True
0.08023362884889895, 2.9061991084121157, -2.436789977144392, False
5.92826317604348, -4.641595969385111, 1.3747707366249795, False
2.922456623001203, 5.8576821974317355, -3.0715920722914736, True
1.512631236347528, -3.8672685071727866, 1.7143303857384486, True
-2.1556915318569727, 0.883366532023043, 2.4401951690666515, False
0.4167217567167327, 3.391410933925771, -2.585575492639763, True
-0.5644029912772668, -5.244982431136835, -0.25060939090839573, False
-4.2574618864904, 1.0770061191354845, 1.9827321533222335, True
2.669312051938771, 1.9549544820899616, -2.0649798026587396, False
-2.7552668911176132, 3.472560286976954, -1.262866541666426, False
4.291540570141885, 2.9524726589862116, -0.21308398442178866, False
-6.266854273694505, -2.5884266400824827, 0.9866368533459395, True
0.7478092230467608, 4.687492623527055, 1.471489195596738, True
5.013973396226056, -1.4021972266154297, 2.326849705540547, False
-3.7095392291502938, -1.6525981584657163, -3.05146607839695, True
-4.43411601937945, 5.5831390606726075, 1.9305861044825736, True
-2.1480721693700158, 2.3419203608204473, -2.840687088325108, False
1.9409567534814016, -0.6320537090418874, -1.3409608839831189, True
0.6674127663764677, -3.8008652032234225, -1.960096005949306, False
-2.6927832726750687, 4.0571366847677925, -0.4824981835026043, False
5.632648981921816, 6.068393974233086, 0.6139674615281532, False
1.1102304951317272, -2.2081506338008436, 1.48710034629016, True
-3.3369879959662443, 2.322113246077876, -2.8805525997952364, True
-2.9443813767549134, -5.844118904286723, 1.8213993555921002, False
5.16956171596294, 3.210184376458338, 0.07454182826723521, False
-5.719676268608209, 3.60535932150567, 1.7622041551615872, True
-1.718329006970591, -3.6963308747012737, 0.8153283645078595, False
3.930637049144547, 4.917521373483684, -2.3102652903370045, False
2.721112680042557, 5.265337254760148, -0.26618247538155426, True
1.728814492767226, 5.452429049586216, -1.797073073925501, True
0.4642376168513813, 3.223639702897163, -0.5467000123674501, True
-0.0728237270728389, -5.921140063059592, -0.18630543363375152, False
2.4343887551128205, 2.777043034561652, -0.4617005916587904, False
-3.551979135961991, -3.2692332247471128, -2.7483234428457797, False
-2.2761760609516415, -0.6272346546975731, -0.3278933076783366, False
-0.2726849599620884, -5.7020789078471825, -2.8262630012200085, False
-0.7562541753470731, 2.5705310084373636, 1.3513391140731317, False
-2.5583684316254813, -5.314619596608274, 2.8074568619265907, False
4.85385814088081, 1.545848575899476, -0.710273964401841, False
-0.057683992132633755, -1.460811683299588, -3.0753812754773717, True
1.6314008684975452, -0.6293164578176027, 0.6108955811161305, True
-2.3972424580884764, 3.1211003792615237, -0.21594366741814275, False
-5.621551503386961, -1.1160356415156043, -0.2233828266090625, True
-1.6237527618872782, 5.635459764708338, -1.2127381398004478, False
3.511649622421901, -1.7315875060208628, 2.2673656503713575, True
4.9803554922105775, -1.1395305351030895, 1.6733570380991365, False
-2.604420107790689, 0.4319714930522247, -1.475889045431663, False
2.900338356237558, -5.098372319729943, 0.15088290346120248, False
1.849790002195956, -3.1419503322752744, -1.508336066878472, True
-6.224469234584443, -4.116733377456402, -2.4409052861546043, False
5.7281350657231584, 4.987664596265688, -1.1001287647640998, False
-5.729006379934336, -6.207048343737162, 0.42126159533243523, False
2.30054985649104, -5.31235743944659, -2.631209719822501, True
-4.524113157107516, -3.099673851581262, -1.4935026042080723, True
2.6129757012481196, 2.312594422683901, 3.132548201761244, True
-5.467115283859732, 3.6841114650634292, 2.1583129902413942, True
4.083139338258929, -3.7066783507822625, 0.11083863739560629, False
-1.1672914901940548, 2.788333668076394, 2.7334415909552217, False
1.1570555756258099, 3.1485452671728247, -2.225156643894133, True
-4.554719563947495, -5.499395728500227, 0.5922173335651881, True
-2.0446834834887255, 0.31183045421487243, 2.019768872163259, False
-0.08999402379782495, 5.16342607734798, 2.1471019166893965, False
0.45077271832221655, -2.8131518463927914, -2.1820551112219064, True
5.070338750002476, 4.11379217950946, -0.7191005319688086, True
-0.19230440483866218, 0.4806085877629531, 1.4788213966297095, False
-2.318201428318566, 0.4876349279451011, 2.8827953376365665, False
-2.99981591035409, 3.634718293607065, 1.4140046931327044, False
-0.48239028678764306, -5.02632437059747, 1.9534542315364538, False
-5.974469093163029, -5.713033418581843, 1.5672236988359618, False
-4.128322564167636, -1.6775265439238165, -0.4459380636338488, True
4.572934556104762, -2.584391701103933, 0.8771332364094544, True
0.6281201983009819, -4.6510932766909825, -2.2444839769684997, False
-1.6051851060921782, -4.211136712920224, 3.063887950281285, True
-5.616663569636888, -0.6109966950369712, -0.31234886140927554, True
-0.9864641225723174, 6.178623268380774, 0.4658746038144339, False
0.9528712786503917, -0.8820641756050529, -0.24194237371886285, True
0.7642113742950398, 2.705254769717442, -2.0088974125595147, False
4.006352164501767, -5.785225914009957, -1.6375089229811075, False
-3.2210511927457204, 0.2995601869877076, -1.455247539515651, False
5.480772187891983, 5.436263421898596, -1.7823514889539103, False
-5.334296112948689, 0.28200036342256407, 2.0113402189180176, False
-6.0262802446677, 6.039414591080293, 0.05863147534128643, False
-3.636471427387741, 4.481173043920052, -2.0396939723555767, False
-0.9292166980497809, 4.697085636233551, 1.9047063251384584, False
-1.6035648549555352, -1.176820251678497, 0.18558473480883553, False
-2.220840454572926, -2.058111897539903, -0.5734740651235652, False
0.904217310616966, 4.995351908856783, -0.50287899205293, True
-1.8019989034407384, 2.8312162834332053, -1.719430252543207, False
-2.670405011531261, 0.4376689899332309, -1.7517332416413351, False
3.6075808372898326, 0.5894293411042755, 1.8918413529109817, False
1.0438381211639411, 3.78932273044577, 2.5731288001002994, True
-5.073872282639895, -3.327929039663861, -1.6764680443151732, True
-3.9606969838242554, 0.2696412956469789, -0.5132188672677778, False
0.4610495723357353, -0.09877946542448512, 0.62037346209907, False
-5.908676137077574, -5.767249617922635, 2.231869601659418, False
2.5907261047925427, 4.610447559200082, 1.5720161121485932, False
5.611182411035774, 0.39820932847613566, -0.26675822151845097, False
4.443851312973923, 0.508603470758521, 1.8599359641925606, False
6.065654323749154, 5.03692059165037, -1.7396946637774293, False
-5.762393757672676, -3.9784230409403163, 2.5254323128760205, True
3.5615180658280696, -2.21454771822306, -2.0386860553575508, False
-4.472931606563456, -4.890193620962653, 1.5870116001557495, True
6.178231011991674, -3.782579851374608, 0.6353278041314914, False
-4.196092256621126, 3.0122800973300414, 2.0177263788515036, True
5.54165989454194, 4.0369238438365525, 2.199796860382647, True
-1.8231475194642162, 2.366026386933722, 1.9025744665721804, False
5.352136208216205, 4.446587971580138, -1.3284340123603848, False
-3.6802283722593945, 3.92892333569144, 1.5281687886471067, False
4.856357558581767, 3.4151662878826468, -0.35968026277982057, True
0.055100178423885815, -3.003886255905399, -1.317694436357125, True
4.803771316840642, -3.0071035111703863, 1.2405940883778594, True
2.444853909674036, 3.4177816627718354, 0.3179780221866757, False
4.012707373593228, 1.759296248734291, 2.5963823453684878, False
2.270958896871784, -3.171472322154826, 2.014338024727401, False
1.4732983652489713, 5.338884524933524, 2.6295490939194472, True
1.1374194364939099, 3.126197405148174, -1.9636931948954222, True
0.6263720721691666, 0.4640564686106581, -2.2611741593078194, False
4.488195067660131, 2.2873357489807695, -0.8695453690396424, False
3.1116544198352187, -2.291407673080386, -1.4107236696628978, False
-4.197678973681363, 3.673782343778667, -1.4356119916857941, True
-2.155640347879541, -3.9053923406718574, 0.6117925491391363, False
3.7168876443978593, 4.745725437776233, -2.710637636496575, False
4.7156117005615386, 1.0848192354805617, 2.890212836462579, True
2.056861842340613, -5.863868636779277, -0.9067987278132468, True
-0.8112155485976436, -1.136426343526474, 2.8091701540348355, False
-0.4359600943365791, 5.409452911813355, -1.0831291951171749, False
6.04682535746336, -1.5739627825547755, 0.8372562146008358, False
-0.743493587062015, 5.016009117430125, 2.52547577580882, False
4.18199899873613, -4.043162653838545, -1.4498854196012656, False
0.027665205517144464, 2.9847539113829615, 0.9900449819201826, False
-0.7265104402383384, -5.350862482190092, -2.38005198824488, False
-2.1221116762133345, -2.1875630290057977, 1.5605511382818031, False
-5.848704364554979, 6.004317425330068, 0.34824161994280045, False
2.2636683998256153, 2.64566580785983, -2.0526074680864292, False
4.0969598544395325, -2.2318012835722882, -2.2039760914754423, False
5.820895900877165, -5.006414845237909, 0.4579198795336157, False
-0.5274375955217012, 0.7230222336092051, 0.542735667441892, False
2.3154080334991676, -3.129040650404185, 0.5045422453275097, False
-4.805056514001128, -1.0382364235539399, 2.593817217488688, True
5.193970831235983, 3.8905621953910945, 2.814814245712406, True
-5.158891568499192, 0.8200970460914769, 1.6418963093046095, True
3.613776021162378, 6.123630307928929, 2.5990961861238873, False
-2.1608745821281694, -5.175503264005419, 0.780440143236631, False
5.307327361129174, -0.2543567826796851, 2.6963677883787307, False
4.405225714473115, -4.1135473191135645, 2.4647720648306475, False
5.534850013931258, 4.9292348040196, -2.883199641464155, True
-2.610639542178491, -5.327653644390385, 1.4258133705307747, False
-3.2977542005746256, -0.6360519690606266, -1.0570616272048299, True
-0.6403644765039296, -3.5434918361101273, 0.6047847312454007, False
2.9113687946527396, 1.8902508862413825, -0.3017974978352931, False
-5.78691423171955, -3.6673175899692145, 1.1495471331284142, False
0.9940346290098807, -2.7849712390293604, -0.5941232657838298, True
-2.8094623463122166, 6.229818874380445, -2.397390612404452, True
-1.3041214616032857, -0.6211018599671272, 1.6980787154148995, False
-0.8302697747990964, 3.0248879628282648, -0.16469886853787408, False
5.28683157993191, 2.1160609276289115, 2.9330874924528816, True
3.2686249640998017, -3.744455572112118, -1.1309006189746875, False
3.517116975587623, 0.3818079694283263, 0.13559396413547153, False
-5.523071993401287, -1.4232521289341706, 1.994745917777931, True
-2.944435434852553, -2.5724481468894345, 2.7305671741337942, False
-3.5550033041450027, -5.450570562555455, -2.3751898423300006, True
-2.5857929286617494, -3.1462082714054453, 0.9857490754745113, False
1.6412452309568168, 1.4264565624676386, 0.49978192398650556, True
-0.1728848071787672, -5.119208151566875, 2.6108361481835898, False
2.18636362832153, 1.9226115620568223, 1.0095054022746686, False
1.1636299135830495, -2.4514964333749645, 2.6243881048323443, True
-3.7669285570521494, -3.450086741757815, 1.1390905555856454, False
-6.0890100054372125, 3.697573450305402, 2.5228186696302206, True
-3.7084423499238106, 2.3411993326309073, -3.072413826555935, True
-5.8503295404102715, 0.9865166358025554, -2.025533622482584, False
-3.173735820760915, 0.7126793826681688, 3.0087905722087624, True
5.206188161444395, 2.7414000491061437, -1.4371564492752091, False
1.5024991599130377, -6.060516521810284, 2.1701514368439687, True
1.9140764101241352, -5.262126675411581, -2.404318466282172, True
5.848493437642137, 4.8781613452683334, -3.0370687481275445, True
5.200379084760195, -2.0555620104718875, 1.0070143044601174, True
1.4339150254014692, 1.6258345096474764, 0.6050380322730082, True
2.0444103231597612, -1.3462285087640353, 2.985636098207266, True
-1.950806397576887, 3.167093120063168, 1.0875039969269986, False
2.6678184778983454, 4.66212144199476, 1.0182836215091609, False
1.3831390858027302, 4.2618976391948955, 3.049069583892895, True
0.9945883384911864, -0.812140419702656, 2.291228329411039, True
3.2259990320113747, -4.082618677954862, -1.5603555311031068, False
-1.0069614300468857, -1.2595242168189493, 2.3988166967131077, False
2.258527231409012, -2.245273604880386, 1.1182043796306402, True
-3.4130712537597954, 4.237488233766182, -0.81173703480514, False
5.6974971498440485, 3.8821840251761213, -0.9462443230746764, True
2.667661417999323, 5.8031892949302275, 0.47516050019592404, True
1.1801060381653263, -4.775279834737891, -2.7696456814643566, True
4.176583815300086, -1.2223770452933937, -1.4626416830254378, False
-0.6081913259141043, -1.2918993862777208, 1.411678521468886, False
-1.1900670987395792, 1.9759339272266683, 2.451523138187345, False
4.177960056963352, 4.562902417850296, 0.842778128601557, False
-0.18943635836361494, 2.6351120550571014, -2.0701426477476197, False
1.5671319460820214, 5.9545080697716966, -1.7369181579863864, True
-2.1360521460308917, 3.222600646194854, 3.0570890706720464, True
3.5384685423452815, 1.6714068189724571, -0.4732791868704407, False
3.057708466605371, 3.9157478935993506, -3.0040691953929257, True
-1.478132501141471, -3.301764731186277, -0.41215899761771535, False
4.967632811413523, 0.31662039732679226, -0.9793411037822293, False
0.5546328265930294, -6.057211297195968, -2.755559386148473, False
-5.827482330963391, 4.150578802924905, 2.4149197969316534, True
3.3319392418915115, -1.3200258450734248, 1.2421176344935683, False
1.6362751093572374, 2.2091085776232386, -1.3283665615045799, True
4.912612351338472, 0.8907208718996094, 2.426587985769496, False
3.446099879926443, -1.9749254301157793, 2.6356144466122577, True
0.19274950533078083, 3.4687503501190164, -0.9675080010879236, True
-4.743956860058681, -5.185596365195706, 0.37944583822065026, True
2.173451407170271, 0.9411652134798683, 0.43782531846949446, False
6.083025576465264, -5.636693924778618, 2.4670712500615446, False
-5.546145373134131, 5.821316114350573, 3.0653958622512727, True
1.7072048895935898, -2.9545025244523644, -1.879205661569667, True
4.997487889939176, 3.516168403809278, 0.0910812660966478, True
1.884817845862921, 5.045619665728193, -0.3191533468516865, True
1.1130962289078719, -3.9666614311396002, 1.660691309561102, True
2.345157121729697, 1.9692820074933035, -1.5035142471332774, False
-0.7271449452293393, 0.6829578847265889, -0.13560197130223584, False
2.4916138113156467, 1.4678613787482462, 0.5848344519521826, False
-1.7629377725065654, 1.0634884711239083, -1.0214354094276485, False
0.1981580544347139, -0.17656847824532207, 0.9187002328436478, False
-4.601061497637307, 4.345535356774144, 1.5011899481171538, True
2.303833138973614, -5.687792181587445, -1.8604234795523706, False
3.3177939502063296, 6.07366290634352, 0.8943497161458476, True
-1.9546687991615448, 1.817982988601436, 1.244371264978918, False
5.221624907398418, 0.31194660809294916, -2.1429079442251595, False
1.3069930834653336, 0.02938977409709942, 1.2091265515535605, True
2.9347802863557337, -5.601798974700424, -1.2488908119430147, False
4.4596233645127565, -2.366111329692332, -2.3483220695361062, True
-0.32028775923813946, 2.363348080505842, -1.8149756854068408, False
2.5070991527020468, 6.058373615116761, -2.3019182411598282, True
5.2796817088715855, -3.496030830167084, 1.9163734992522805, False
-0.19222744296622007, 4.75170401453947, -1.0266392543218128, False
-2.873140374686697, 3.2237487345502434, 1.2612198465286708, False
-0.8860227629189907, -3.2420336534268483, -1.29891889109889, False
-1.1450657907281458, -1.9657869363530178, -0.5689638395475329, False
0.7316596867894827, -0.43963891029064417, -2.719847186104194, True
-4.258594631176075, -4.621278942495015, -1.0953077514902798, True
-0.4290426145659243, 1.3186080318221682, -0.5707119757945471, False
2.537647330590792, 4.095320713434312, 2.1471326322351585, False
4.5612280801666465, -3.9971574238155396, 0.9550167232488453, False
2.1059952128525783, 4.8108619645657615, -1.5306622051843883, True
-2.126259136132396, -4.4432018519572045, 2.8784833737808437, False
3.064791312271666, -0.9703421964931023, -1.6814729566893458, True
-3.8572860928925836, -5.824505512589642, 0.5867056726287907, False
-1.176253256421778, 2.9997174301914757, -0.06818844044223393, False
-1.41908717037522, -4.926420110414766, -0.8926826847282676, False
-2.9829487448757006, -4.31800507995841, 0.8164682599392332, False
4.514384957791721, -5.754227932895712, -1.0710134389910086, False
-0.5978860137659252, -5.047418694991957, -0.582381172218319, False
3.397657797175592, -5.622327914853623, -0.7358188895680806, False
-2.810808480508827, -1.730060621735575, 2.0709004266187385, True
1.6572452210320883, -1.102195895187898, -0.9454600601407086, True
4.067368736871165, 1.3809858227436802, 2.186282056631814, False
