4.299644351722588, -5.985621883541919, 0.41980331590929465, False
-3.3487361526070916, 2.577921674531636, 2.544036583471727, False
-2.6699984253227784, -3.2204411269908757, -2.623875097177494, False
2.293342489210314, -1.847087170122478, 2.9795125548978625, True
-6.039188616648517, 3.9269371655346674, 2.7658581334982166, False
-6.0657716416349245, -3.556539181861208, -2.0392077794395513, False
-2.341075542449956, 2.557558081131269, 2.933042603943645, True
-5.893352184339475, -4.373265169803094, 2.095670755029266, False
-2.077576387471761, -0.07683376113543883, 1.164338374548918, False
1.712166932419489, -3.1935695392374615, -2.6301248807830016, False
5.694483150204304, -0.7400521827019775, 1.3385118362841872, False
2.9603828204741944, -4.830101414808488, 1.0723756149115555, False
-3.8825128151408825, -3.3586694745531673, 2.751788333882855, False
-5.499461323338343, 5.776308124797154, -1.4419678716791486, True
-3.0730548303493186, -3.90392304942244, 2.1654876593660415, False
-1.9091938522568705, -4.512994110725774, -1.3409336290135967, False
-1.6219833840119415, 1.4634097188608388, -0.2327530071431525, False
-1.5981415608072993, -3.0852200629996367, 1.1574871005421494, True
-1.1937451117414666, -3.245899158222853, -2.932633932887644, True
4.830869474282077, 0.6447646515547429, 2.9301979841741153, True
3.1507441400104508, 4.74505519357214, -2.3810003860806996, False
-1.2835695327013825, -3.1529448765603463, -1.8154969351628358, True
-0.9480923979993197, -3.1606523162261926, 1.8700789087422098, True
-5.681681523658043, 5.181506735726947, -2.3441858381502856, False
4.644759024125493, -1.3926180978251415, -0.4402424262770075, False
0.09345346771639473, -0.758175005376879, 1.1606399499173392, False
-3.861261519983585, 1.4159866755485604, -1.3515621098852288, False
0.881101765395865, 0.5350816937324474, -1.508947445138859, True
3.852792394605066, -6.127704636942967, 1.1711300230003934, False
2.8410364757921105, -3.9339700978970447, 0.5057779379388276, False
3.320799487386898, -3.6704175807844086, 1.7387867387522897, False
2.363266948976797, 3.4612927690466186, 0.676957676032059, False
-2.583516939247101, 0.5363592690193997, 3.087688525848897, True
4.085778541838023, -0.7184925805818887, -1.1937737848019894, False
-4.1555495735404495, -1.7195340613632268, 2.177001905174879, False
-3.273794799734989, -5.987150966079767, 0.322423793173233, False
-0.4253472231332154, -0.629943529151431, 0.5164296393818004, False
-3.2161203984237554, -2.163995706114571, -2.585379480814096, False
-2.9683010197492465, 4.810891576850198, 2.419253393115416, False
-1.1922519605375923, 5.307835641210028, -2.776453527769412, False
-3.3311786399172156, 1.7089862949937125, -1.8728423691350247, False
-2.1829795462176103, 4.841727925218214, -0.3623568917737212, False
0.2259956118352342, -5.031088292921114, -2.2306209869099103, False
0.4122564899453147, -3.926225310124156, 0.6713701017706071, False
-3.2086379024313567, -3.012313883572163, 2.6077031766182017, False
-0.6885724236885018, 4.931741429808673, 1.9195365149879997, False
2.3748998116591764, 4.001637621480876, -1.574065399041066, False
0.40074674608570326, 4.853734208936206, -1.8451199389460862, False
-4.84715125418756, 3.4052457048185936, 1.1458808831820164, False
5.658691903335667, -1.2535213763221114, -1.7657904165173588, False
-4.912740842416589, 2.7959528980589763, 1.0573298616676503, False
-5.310338846399233, 3.6081875142275344, -0.6005089342110921, False
-4.206262789626589, 3.2729767714721536, 1.166542801853094, False
2.252615887629881, 4.667341180547885, -0.22994603232194333, False
1.9846470508415202, 3.465299838001151, -2.4400357896303833, False
2.2981568013277176, -1.3290951636054542, 0.06806428105754803, False
0.6855567652050683, 4.250458083490793, -1.1842231753321313, False
4.421912090866616, -2.598030359224869, 1.6072632772519304, False
4.259394596699304, -5.781475480022654, -2.0871416590403475, False
-3.790378073753809, 2.338338080235852, 1.1268889807988725, False
-0.850278634637263, 0.5471466733465551, -0.42679324516125616, False
0.3224714840226435, 3.0058721283824656, -2.0895049078826546, False
-5.790097093270211, -4.881888510167921, -0.8054854708969525, False
-4.779216266241267, 4.383237958593728, 0.27933904630132345, False
4.589513188449438, -3.9478702585144765, 1.5981262225645523, True
-2.1645287842591943, 5.143031365855533, 0.694164521214033, False
-1.5660442454685564, 5.595168141866848, 1.3988033971680762, False
-3.531656223166526, -4.612617004899944, -1.1405256197447038, False
-1.3689228933826394, -3.445955491124041, -2.2699106498347605, True
-0.19940203729863182, 0.5555791235140157, 1.5347732780979682, False
2.921437116796472, -3.394969524272426, -2.6651425498760504, False
-3.097617841964959, -4.245116701917533, 1.9660211487772594, False
3.9516336884571377, -0.1082010306404948, -1.3529760871140821, False
-3.931838724885527, -2.303100212682349, -1.7345549137563254, False
-2.500270548360512, 1.8711625109617103, -1.8650633425133432, False
-0.02980186268584628, -0.8274256510485518, 2.062331049243796, False
-3.0288204723861254, -4.719558833472803, 2.41689248222442, False
-4.919595686429958, 4.223771587646247, -1.2005902167246845, False
-5.398717156274004, -1.5016330823190396, 1.3961819368546688, False
-2.5080769476600624, 0.7663676152411973, -3.0440157584582854, True
-5.1935190512831495, 5.415414248384181, -0.28950907416202254, False
4.154660741864777, -0.6838640183200466, 1.3151296651438287, False
0.1279616533288559, -4.313535035095893, -0.7184620477392238, False
-1.9849997723525084, 4.234825277791881, -2.2962724205500336, False
-4.868102335520626, -1.2938805665765836, 1.3738418021795056, False
3.1851338966106475, 2.7098222526686584, -3.011624153493754, True
4.766007626816007, 4.280951508098992, 1.2022533502974184, False
5.569084454337114, -4.515748403271324, -0.3512122196306571, False
-1.356390095271986, -1.8831163972618414, -2.988867847347591, True
-2.4941600731806552, 0.5234663279658642, 0.535761786313337, False
4.319948965839023, 1.8037808431547244, -0.7980297902420839, False
0.12659675203466936, 2.5864095427212153, 2.9264013356960987, True
0.7056274441782948, -5.00543360674321, 0.36572643421783946, False
5.499777286564676, -3.014529357372622, 1.4034048685640395, True
-2.217980658604649, -1.8889400896151276, 1.0933391196065205, False
5.132226256502962, 3.350740965944045, -2.4034837835754566, True
-1.6706768566555024, -3.055927308189635, -0.6868185735350543, True
3.3416375745333227, -6.140618741148096, 2.607986593601745, False
-4.770893346214213, 0.9290089518108804, 1.7126434338355168, False
4.544766770959905, -2.2889770397557716, 1.845878602095052, False
4.9057707883800035, 0.046721860969321405, -0.08195419933996595, False
-1.914229576668924, 1.0086135036422892, -0.5460393294047554, False
-0.48728951944368415, 5.349971274736136, 0.261559654462141, False
1.191093177081866, -5.716110550837766, -1.5620747114564348, True
-4.241938403306896, -3.489401295517374, 0.055255973162375405, False
2.419313070353862, -6.054966922039642, 2.092271210124623, False
1.5798029033600276, -3.697956318736439, 0.6326695268696514, False
5.975154092443757, 3.9780688813754423, -1.9990149912626496, False
1.808319499178074, -2.5141550426990498, 2.346880952929607, False
-5.500329448907807, -1.9247713391560701, -2.599735759947121, False
-2.9550241604072087, 2.4973152453697605, 1.9948221812338423, False
4.33905147600642, 6.217273814720313, 2.5120315084590468, False
-5.287206226320844, 2.2118873392337672, -2.6681843575248743, False
-3.6508964187713997, 5.774349847396971, -0.9171734385470618, False
2.6906824883436684, -5.436553689628118, 1.4481364385377296, False
-0.04155135836107959, -1.387659927564786, -1.9896711201617807, False
-2.5784750507681635, -4.487458228034308, -1.6595281215075437, False
-6.0972671041785285, -5.09322406372493, 0.5765769275100752, False
-0.07927527057452188, 4.338040778741412, 1.0006505095219564, False
0.011289361629702732, -0.1720365260700243, 1.2000024030063008, False
3.6424647307853437, -0.7157201529123913, 2.5949360378412836, False
-0.370587757658571, 1.408952615512682, -0.5148026929187917, False
5.354027140678417, 4.173804864086488, 1.0998663830671775, False
3.437173253674599, -0.6965572304598693, -1.3511318285492817, False
-5.50384783410535, 1.2264506002113427, 2.2605946066641582, False
-5.246374979187748, 1.7931604671355021, 2.4710659113577185, False
-5.931565966494916, 3.8644187122893587, -0.03238523937992355, False
-4.786438332477489, 0.37126855866317054, 0.9257417864395752, True
2.375551500249779, 1.313026180164445, -2.1442192221713445, False
-5.070574945105281, 0.5507709246218946, -1.7724294904529911, True
6.140743263119905, -5.470376370496435, 0.016004700236610603, False
-2.463194298231917, -0.548379607261678, -0.37306284975736625, False
-0.6474791025600117, -3.8811208993825357, -1.1340429522443105, False
-0.7809313741061299, -4.248783620391772, -1.3439577613814846, False
-2.3030175544768254, 0.05180674084642156, -1.3732589308186018, False
-2.238336327835597, -0.7479144817571122, 0.47784976700452964, False
1.9459109425088457, -0.27306651613092203, 2.035354614621286, False
2.528223620054723, 4.880449827490205, -2.6067729417648327, False
0.5526616163150289, -1.3778790262669016, -2.370803952978071, False
-2.120348759953119, 1.0479767551529928, -2.61967300317953, False
-4.547117416737617, 1.9048944528226421, 0.42758449703620505, False
1.0159010557601995, 3.4028041474555657, 2.5801913250447672, False
4.69591965147036, -2.2949175037378033, 2.4843434127898174, False
-0.2889396118941683, -4.13899299976304, 2.313822751628213, False
2.1768220887653467, 4.514094524399583, 1.0744376572894545, False
-5.864431154104113, -0.20445042053896945, 1.3355042199052454, False
-3.784463032767538, 5.345290794614435, 2.5417622702319003, False
0.7039400185158158, -3.972941616763362, 0.48030652409586416, False
5.747656487173046, 1.0651033232090823, 0.36735136835794613, False
0.10616991344164628, -5.2497143766141505, 2.081964154032696, False
-2.47053061338106, 2.8280999220786907, -0.6416972844334934, False
1.620260062755408, -1.123420514773482, 1.5408439691508526, False
-5.973765819190616, -4.532166426019055, -0.49569857731344236, False
4.381577632593951, -1.4744535354031916, -1.2271459825119855, False
-4.274695403716922, 0.9313610238567493, 2.3288086624624365, False
2.9192506361851454, -0.5835594133501303, -1.274848833162543, False
1.9987068630944336, -1.2114743785243274, -2.1417372950741953, False
-5.96053907411984, 2.8954728066937427, -2.420276131471141, False
4.10309391564194, -5.234569971739477, 0.8236412752876019, False
-2.609600652564691, 1.0683296987074122, 2.263534403019494, False
-2.112092520815133, -3.9766594658296506, -0.6084122743131206, False
0.08863718500987705, -1.8775459336491682, 0.8021838946463373, False
-2.719335479037483, 0.6963945749680445, 1.1553723897174617, False
6.183171061227075, -4.660404200879582, -1.3365792185683993, False
-5.208244229750051, -4.702741463416012, 1.5004995001007853, False
-5.47878927500469, -4.671884402401035, -2.3315049116938793, False
-5.425213760145762, 2.6735130971633065, 0.37592738371327883, False
3.0034582055244403, 3.349785335377609, -0.39047613269216574, False
1.3378188277615228, -3.8570051738088003, -2.820230289753948, False
-1.5322589394673436, -3.369681141039863, 1.9364743449422326, True
-5.14046431901962, 2.0196342571371044, -2.065636128921277, False
-1.7983970938345761, 3.3771956272363965, -1.2087138177181298, True
-1.21020711439321, -1.2414688926469015, -1.4062465890052118, False
-4.8544320520608695, 0.5757860053148347, -2.92726777705677, True
-5.6453924843487595, 1.5328679811635473, 1.186063214390451, False
5.212937413680974, -0.964767214626371, 2.0916190215895822, False
5.272720631825058, 1.6516429722959813, 1.331837486629805, False
1.8845113709761456, -2.589734120997511, -0.22267761318881485, False
1.8228587943559607, 1.4595592417642562, -2.2826024418070165, False
3.072000359563999, -3.5938032324245124, 2.302581213889783, False
5.153006471964588, 4.297048202471158, -1.5945007399162157, False
3.3996897173626195, -5.392368950425925, -1.4188286240619659, False
3.6592578613624003, 1.5628188157888196, -1.1468546363598364, False
-2.748376350474038, -1.5922454326312048, -0.7464950160656163, False
2.0347847442592606, -4.621882161387145, 2.4804204240379084, False
3.2093093854065753, 3.4365199218741083, 1.482531879022356, False
0.15060402866245504, -3.261090445306771, -2.5809446557301086, False
4.799766554487528, 2.757237784485465, -0.18236789622904626, True
-0.32304733213526493, -4.126884483231246, 2.053918303042292, False
-5.682881740887557, 0.23074345923099138, 3.0461613796762093, True
-3.6759848315698096, -1.357922008463614, 2.0979321204230246, False
-1.443183618976227, -4.925181264385496, 0.8317546686617128, False
2.011708615086004, -4.764901656987887, 1.6820237150175927, False
-1.0218027103302552, 4.173441948159892, -2.137155997285853, False
0.9307322153738893, -6.0761436571811895, -2.945677267641797, True
6.245941508711859, 4.245443942595314, -1.997827486713705, False
-1.085135241018266, -5.291458132270799, -2.3812465169660753, False
2.6056174322530143, -1.338376642423798, 0.16147457450192837, False
-0.5069280411549606, 2.146095593259183, -0.143472915542886, False
0.0398052416873691, 5.790007964341763, -3.0512792216355336, True
1.8423800991138748, -5.215052110245144, -1.0921565736087158, False
-0.7220565510551378, 1.8267227072110686, -2.4581560514395964, False
-6.019223120497041, 0.05357878210665401, 2.7961898283198616, False
2.180826910987559, 1.5135442285509937, 0.905037201412469, False
-2.4479589768640153, 0.5533408642302824, 2.2219621238463336, False
-4.002562134916967, 0.7241396817805699, 1.7090887831082204, False
4.557586796628165, -5.435930874930099, 2.3552292361599063, False
-5.237301555680183, 0.04697965286864214, 0.7328282283912451, True
-4.0457245047936405, 3.7341507281321586, 2.771694027363301, False
0.9937092132194767, -2.8562682755945974, -2.115929777083382, False
-2.136020365028373, -4.791716736987828, -0.6905144658422384, False
5.579812333555575, 0.5561632664206515, -2.5378289059339574, False
5.994976698403631, 5.393982328964256, -0.8872263217168266, False
2.313881956075038, 1.3516159289439367, -0.4895102231900865, False
-6.112423608613118, 4.7510355647197, -1.1882845208798793, False
5.384611275832272, 4.15490446511083, -1.1842138031873877, False
-5.332920637413662, -1.9260805382154418, -1.2494829494360458, False
-5.932477407913221, -4.869042970816827, -2.6199092019643473, False
3.2661279909641703, 0.8496598468824832, -0.2641244298851597, False
-3.1237909387099316, -6.146490025242446, 0.995286603661687, False
-3.8357556944014077, -0.9293762123263125, 1.429677249658166, False
-4.2274665664986735, -5.189483187191369, 2.0800999902333137, False
-2.473042495013317, 0.612438845431206, -1.1795543179481525, False
-1.6415234666625205, -1.6298959658698928, -1.788751406546888, False
1.6619252681816086, -3.1570492991451595, 0.0069242043609851756, False
3.7108909749830747, 0.46458383691339034, 2.770635227789745, False
-2.9710478875175674, 3.6327209595332963, -2.7781603395952805, False
-5.336510737233584, -0.24103926524935204, 0.6033008600528542, True
-2.3609411777383698, -1.1706779175979598, -1.2764615441410245, False
1.4467743388870602, -3.9350744872240853, 2.6430883424291496, False
3.192714701495918, -1.7904198129948066, -1.7655232977963995, False
3.5989985304962318, -6.202058469142224, 2.8603860403100123, False
2.8643824459163962, 6.007192997218397, -2.8127256703364187, False
4.036008027035303, -3.6734656608905984, -2.4953321991701727, False
0.32481104498382596, -4.693072762757561, 0.083411233436117, False
2.8440294726636317, 4.781048360740236, 1.6410647010591948, False
-3.6073729766785605, -3.4997755451586197, 2.075758213596705, False
1.8007287021755634, -0.7334572499706091, -0.8358956536616344, False
-2.2246649728776537, -6.098576896862656, -1.5218810066001593, False
4.768217649039769, 2.4778366944815264, -2.2383141229037893, False
-4.328157606128988, 6.013001161916096, 2.572624450152352, False
5.592602418760823, 5.196689217297765, 1.4656823390336156, False
0.6225975705871374, -2.8820390360174524, -2.2200738228639283, False
2.2397808862772965, 0.5034063427058539, 0.6033858694352485, False
-2.711640502436962, 3.7828801233513314, 0.2551533830742261, False
-6.239572813205025, -4.163427533692991, 1.2647291567201915, False
3.7046901698949917, -3.329483916992438, 0.3166371509484165, False
0.6262856990991557, 1.4013855296912041, 0.9304474978103432, False
-1.033718353225539, -4.843084554549627, 0.03186430207712743, False
-3.6225808569869615, -0.10417410997823229, -0.7852007708101247, False
-0.11064938244253764, 0.8425338480012847, 1.3833480477156561, False
-3.8863904554337663, -4.061760304010555, -0.11762711759382061, False
-1.6521921900490106, -0.7903847923656597, 0.700873578269102, False
3.890959270900721, -1.233286031197097, -2.367960013118024, False
1.7266185351222436, -5.317405814607816, -1.791541830018942, True
-1.7714329324001552, -4.461855587215205, 2.802480675396259, False
-0.30127237938774876, 3.217106507164514, 2.526501697129696, False
-1.9909718473793294, 4.416500641817475, -2.097252779541602, False
4.1712597529345175, -0.9741618488344521, -1.0309914981647292, False
-4.069708524093774, -4.595038839662937, -0.18306426271390608, False
-1.2107190893275712, 0.23028346969892244, 2.4166495005158177, False
4.978305385338739, 5.317774519836712, 2.7767120650321226, False
4.44848052656458, -0.9989601924602427, -0.8275538436277476, False
-5.9018469524716926, 1.5840818073188414, -0.6322224875821658, False
0.7253881058047629, -2.0045172900019006, -1.8915051091223551, False
-0.8010495635078785, 0.42334830295068393, -2.6238532722527546, False
-2.069339772753281, 1.8478552541110176, -0.1323513706532249, False
3.7782376103926882, 4.463154387699664, -0.19002302371766966, False
0.20595087887015673, 0.19431819449474386, 2.0175471501803166, False
-5.072750066630709, 0.21130347485111756, 0.3352764475869674, True
-5.606731345921752, -3.0145131962487963, 2.819916648460306, False
-0.6522341467600477, 0.8233159358158639, -0.9505551030278254, False
0.7790195922338761, 0.5440048861017379, 1.3311980996816182, False
-5.5471312170672755, -4.3463301156731475, -2.370416166859478, False
3.251175207264904, 4.162399754213398, 2.5681676287239394, False
-5.5417747246270475, -0.2090742957557925, -1.3608689296145757, True
3.42855666340696, 1.2708546686646338, -1.1290233094014424, False
1.05344717620532, -0.360417752479397, 2.7633059770442516, True
-1.9576954400863613, 6.221058034102242, -0.7369530365493846, False
3.620341783077885, -1.1640305744614654, 2.3317841326372486, False
-4.260866707915675, -3.8931646283753407, -1.0161398438390497, False
-1.073721663689792, 5.624732663105776, 2.647060379884776, False
-5.148948350808886, -1.8887797234082102, 0.5889419525245536, False
-0.5620594942572819, -1.5198893144019072, 1.2865760178368788, False
-4.656242708088334, -0.7758675546121481, 0.5017006087379485, False
1.035208677217705, -5.012547151672924, 0.9621079344549992, False
-0.5555477974123866, 5.391739186923248, 1.849926798038629, False
-1.6039791880606327, -2.7828275360915202, -3.0894927041708455, True
2.2429175556793925, -5.383224345186029, -2.6459284376175054, False
0.6747282760525444, -3.88845495635704, -1.742600086517793, False
1.5363876704798818, 4.862968945509987, 0.5937623202746853, False
-0.9948932748923971, 0.4398719533925153, -0.18084411459567473, False
2.0670140201113956, 3.1054321633863644, -1.4717060842124834, False
5.701217276318758, -2.591153630172951, 1.9188243541775778, False
1.93998226193432, -3.2601134967739656, -0.05033787818654378, False
-3.4656420854216097, 4.581009098231187, -1.752110026261584, False
-2.9070990961833987, -1.0100208267771276, 2.855722375417008, False
4.64308743738561, -5.312260200035135, -2.522427731949542, False
3.96302472953618, -4.712951980628134, -3.074795205882757, True
-3.833035161389554, -1.4898041138729337, -1.1832016977915272, False
3.324833028739583, 3.540307667174055, 0.19572484449007455, False
-1.5574880639407906, -0.49706345854205924, -1.3739185066382547, False
2.884635182473195, -5.9021306423071715, -2.880009967519604, True
-0.4768646169149937, -1.620667572026659, 2.237335849069658, False
5.149220990028631, -5.2485052506915615, 0.8536724064074104, False
6.09001576832866, 1.2771825037730542, 2.5377973651773615, False
-4.165921285530404, 3.3261403771631617, -2.0044689720767446, False
3.0592109771687284, 5.397440880556195, -1.4953865134098658, False
2.482077462212743, -3.9525984731564816, 1.136215055094568, False
2.62796832727407, -4.3126783240618565, -0.9143357496476678, False
-2.8181655679606292, 5.496557360148911, 1.1592593753986344, False
5.331691590618801, -0.9419141028690721, -1.4645367308172161, False
-2.755248757104971, 5.990226647093483, 2.839709455434657, True
-3.5928344131664987, -0.240763599163202, 0.16535328292463092, False
2.8671462650489303, 1.1283777312461742, 2.596672666874295, False
-4.808240850127237, 1.152695473131324, -1.9622285389431329, True
-2.460927168644117, -0.5246755230551114, 0.7321452482837687, False
5.641946958962517, -5.616190100958562, -0.3050955848135044, False
4.357340606576818, -3.753142688186354, -1.2504343394456958, False
4.405360432719217, 1.9905347829893625, -0.42939423636834917, False
-1.7282997209993551, -3.3054254774893788, -3.1144737478914046, True
-0.9962476344159077, 1.8495736756119356, 1.0747659369338036, False
-4.733912414151394, -4.909278200035655, -0.6828573278669419, False
5.745030383171267, -0.2699385894311721, 0.5775432634440993, False
2.04448359153629, -2.6981803555349555, 2.1691804603746974, False
-3.2453639266854273, -3.466796723309143, 0.3725378312385539, False
6.109864230787105, 5.155623161387824, -3.059259927901506, True
2.9793676724944174, -0.14097980057416493, 2.7774286156119317, False
-6.256259458333128, 2.589832742922125, -0.20548972232981377, False
-5.140891208010368, -1.0254574910392185, 1.0228714591515784, False
1.353023589973846, -5.580940837574912, -2.4537143406323123, False
2.0368848935755004, -4.1910576877241175, -0.7388155525185138, False
4.569115200423681, -2.958704282977145, 2.6447296039075203, True
5.9048334516864305, -3.3219187879837166, -2.6396774525939772, False
2.2051002610548665, -3.1095489553984144, 1.0603104016974063, False
-2.7330684564139514, 3.248396322375438, -1.423032820199386, False
-2.496761527386277, 4.403124197132978, -3.0307320566839717, True
0.30332342908838505, -1.0342920456936193, 2.5124419028759224, False
-3.596595273200956, 4.146889389336003, 2.1395751434424817, False
-1.8255408190989906, 3.77838273971895, -0.08686804004910931, False
0.31636800835257173, 5.051436898381128, 0.32368927875714704, False
5.897480847880484, -4.147463947861896, 1.5217240501951244, False
-0.9228611925680115, 2.3820695325218413, 1.619980439696171, False
6.0556732516594245, -4.196598818456756, 2.7899090479291324, False
5.390600881807018, -3.975348656236675, -0.20520172428883443, False
4.395808846557173, -0.755312711354561, -1.2963477740764606, False
-1.107249977785414, -0.8062494313914916, 1.2748263874109176, False
0.9046981466999409, 5.642043693587652, 2.1006471789062653, False
-5.285673118172119, 5.290805076602428, 2.634041010460649, False
4.273987961770869, -0.6986485384208034, 0.9323208192317258, False
5.856211381284165, 3.5987305507115774, -3.041586057950709, True
-2.7356684471237855, -5.827625624955908, -0.9609559273952555, False
3.0129936795324728, 5.826028507499334, 2.093914389188142, False
3.8031717563885685, 6.109021643254911, 1.1764929071222365, False
-3.224622382201195, -3.801611617048374, 2.9643977935771826, True
3.351100985431831, 2.865969543263594, -1.4490029531889315, False
4.071603824831191, 2.1845329231089217, 2.0551535953455087, False
1.417955555620808, 0.5946933508677299, -3.105619796819541, True
3.863681856218637, 2.9505175820784455, -0.22516172154554948, False
-4.339931783087522, -1.1324684506509497, 2.4610154494864904, False
-4.909485933981731, 2.851054748081209, 1.6656873177474836, False
-4.805669578222309, -1.3814890382071798, -1.951333782039457, False
-0.7172763560317819, -0.5555865908015871, 2.1072855486686866, False
-5.7774101207998845, -5.784729400966297, -0.1305812806592197, False
-4.434907244576115, -0.5010174643886698, 0.05040422589595739, False
-2.7033173666129766, 6.001905105243711, -0.8983706143025958, False
-2.002017941998962, -0.6264004377442669, -2.8909626210424384, True
-6.183358340218503, 0.16351057716682327, 2.1546272168676666, False
0.2234030967014613, 6.253462814006163, -2.9037956149520046, True
-4.706025483904277, 4.769292164355184, 2.7420868585922484, False
-5.886219238932392, 1.0782693716996894, 2.823836045358685, False
-3.9212970865304246, -2.919951976760354, -2.2609318474121225, False
4.490179366375536, 5.541210765057162, 1.2093390048438621, False
5.595526760657256, -4.357770199762729, -0.937642882406919, False
5.760358288606648, -0.23183203653945839, 2.483628793021631, False
-2.5796170009163157, -5.1478805209332155, -2.7819037031749874, False
2.204998153303187, 4.591559167901236, -3.0570493488453345, True
0.2602017180060887, -0.912573575995113, 0.08267823953936349, False
2.9823599946215342, -0.16119748392903244, 2.785771013103357, False
-1.3364735583857614, -5.024723306116401, -2.1359532172141518, False
3.023205757631281, 3.900079433998444, 2.8567132090819483, False
-1.7177432446909995, -1.2199387270057303, 3.1270489711803924, True
-6.275357771117364, -4.426163784131108, 1.918702246914175, False
-0.13390079636241836, 3.565255385769788, -2.8209499701677467, False
5.606793715241411, 6.239374459242201, -0.9748753387672582, False
-3.788161389522559, 5.187305662833628, 2.833037582527032, False
4.1060254961578515, -3.5131310810128267, -2.669400733547118, False
4.397374034419656, 1.387438606974281, 2.3066632431515304, False
-2.9846146852672897, 6.203180984906409, -3.008362512627723, True
-3.9207273437205634, 2.866035416876148, -1.2700693598727952, False
-6.1801182796340814, 2.40861546712728, -2.790464956452393, False
-4.230777044521876, -4.000472196216251, 1.4339630767575757, False
2.3461001390375724, -0.7806412141116397, -1.3565014715861816, False
0.381384798303265, -0.24093847636738808, -1.2164752186237258, False
2.488590206188551, -2.44141516228217, -1.6931674062635953, False
4.224425976405577, 5.071300907255676, 2.3120831921169023, False
2.2321854941206354, -2.8114274654000737, 2.010705778366499, False
-4.162116089729315, -5.561843454502068, 0.3460719232942737, False
2.7808342146995244, -4.30764837586043, -0.16418598494014702, False
-5.736868295392648, -0.9425853580731518, 0.287413228343794, False
0.3242452896620467, 6.241246276607464, -0.6778456169253166, False
-4.378949932022038, 4.019850629035989, -1.7518745911987337, False
1.401905749440301, 3.82290562194839, -1.0015070668265635, False
-4.675861214581776, -3.6328188232695107, -2.688962226198364, False
-1.968800586981562, 5.701461929318345, 1.573317295731603, False
-1.7035296442843268, -3.1199975116847893, 2.9890447489411898, True
-1.0642784302095514, -2.9794888549934724, 0.8358053134494017, True
3.238783046196792, 3.6363759800381494, -1.9462912357801574, False
4.924085219873167, -1.0053543247682386, -1.5994728370715128, False
-1.9642292723918606, 2.9595530237489296, 0.31038817871289703, False
-6.160108373423812, -1.302046281941931, -1.3308949323920198, False
1.1684858231508297, 2.854684442594369, 0.9620503050619167, False
-1.6697466706808557, 3.487324103638997, -1.3423292314925102, True
-0.8706543715680493, -3.0019316306785595, 1.9270910223605577, True
-5.724710967181063, -4.4482923516786155, -2.67584827056052, False
5.749542444190775, 2.2457242800983472, 0.8041762126800363, False
4.045517388512621, 0.6462021499134893, 0.20036470785276395, False
1.61798362713201, 1.718867905965876, 2.229151599400759, False
-3.4858578976353183, 1.2169214818446088, -2.8499801011883803, False
-1.3340890183835263, 4.835541491610968, -1.1332727960217182, False
1.416220970438503, -3.704412360812995, 0.12425191244701406, False
0.4809781520332814, 5.776347041306337, 2.5130084850303733, False
5.394867777056319, -4.785700384989213, -2.4805746054299815, False
0.2200691502604153, 1.600291465895535, 2.6907902256149345, False
0.06121802595622139, -2.0608283557408624, -2.6210124946147526, False
-4.129621381342975, 0.9184490754676249, 1.4988237337216264, False
-3.900826923484805, 6.250443227765999, -2.787650075517948, False
2.0145703124024674, 5.35358780269476, 2.9096186562847306, True
-2.0571797287519775, 2.555234627376402, -1.1598016822350286, False
1.9738601534374283, -4.7607684560210926, -0.7096013843275939, False
1.520635825738836, 2.0020749874887365, 1.9668177189891205, False
-1.018176721684127, -0.9209773573750235, -1.0671634253624953, False
-2.554531539158385, -0.6753029075458334, -1.4027649551990133, False
4.4116028397340905, 3.9542160386909977, 2.1683351360485714, False
2.8586697739498135, -1.9845331593284428, 2.3015321723644, False
-2.9938821630461896, 0.13099288683216326, 0.6709394869645342, False
6.25306284255111, -0.24455879775984535, -2.3781156902281033, False
5.919009787976844, 6.006675866344207, 2.098808690644126, False
-6.042127189739146, 3.2219688424858095, 2.517704898432018, False
-2.9649705843147216, 4.669239851766674, -1.3099407195195472, False
3.310391974309818, 3.758517467563337, -0.11592892959711554, False
-3.834905946710149, -4.261667291273808, 2.4161236701024853, False
0.570544811313022, -4.861961270175888, 0.767171381672374, False
2.0052321003929254, 5.62297697420445, 0.5114766874508461, False
-0.136029969751422, 3.593277788270399, -0.21478542672887402, False
0.7022637527866182, 4.674759583617501, -1.271055480118197, False
-5.0418211426379305, 2.2936642731026637, 2.811670505521601, False
4.926106373468823, -4.549479270230599, -0.4720134163147125, False
0.12167369134797479, -0.522561557838304, -2.9503710935629304, True
-3.6681638079006795, 2.1711734719485705, -0.40762405359667486, False
-0.6838590252527768, -6.165844247160243, 1.0287378312810649, False
4.039922548823014, -3.4655018934811403, -1.750461725324315, False
2.1623525527475493, -1.1591988303206957, -0.39356987568140145, False
6.023721440304868, -3.8522505004105385, -2.009479657959388, False
4.147011733119369, -4.459205350478221, -2.2723030973487868, False
-1.210583471597694, 3.7885746603256187, -1.8849403184392683, True
0.8348977082557578, 2.6820421285662466, 0.09933986385611027, False
-6.260371525232415, 4.266210853826607, 2.4478130356807624, False
1.649773578207581, -2.764703221125225, -1.860955775051484, False
-0.6049886010835559, -5.730448358664921, -0.22766349621923654, False
3.727218833348715, 1.778038951049, -0.9656328925247082, False
-3.9521713433302494, -6.27593878374856, 0.9562985781050681, False
3.062449548545038, 5.608691211425768, -1.0417430376369747, False
4.0333566757449795, -0.4805079112498518, -0.8933189425136039, False
-2.689786678671149, 3.100187475969017, 0.38504865560418544, False
2.129980307401082, -3.9074220884605917, -0.6665656816040659, False
4.064239806108457, 5.297029023202274, 1.0393621678303022, False
-5.510137390377317, 1.2815873526235277, -0.8472556276816912, False
0.8087067528412826, -1.8264895955095275, 0.3622355864455713, False
3.6395818227022243, -5.617354156666075, 0.8802946035043959, False
-3.6990973309426494, -0.7890816469883006, -2.449442887934743, False
5.827028253792944, 2.166715852063172, 1.5742483823292384, False
5.264949812725288, 2.3914439090193227, 2.224358318861116, False
2.9311773295758936, 1.788181903404105, -1.754205384330386, False
4.17099003310215, -5.6586911810457, -1.4757171427198692, False
4.0468411060729395, -1.6430735133548113, -1.405901387857671, False
3.8483417713616035, 3.545523026468045, 1.5784407399042104, False
2.299183329671168, 2.412074563829412, -3.135921063801813, True
-5.601958388968962, 5.411440604027824, -1.5481536981915132, False
-3.0871697114920855, -3.6534901107835487, 1.6514067900585268, False
-0.556110583129521, -6.109785000908843, -0.14976500116653568, False
-4.088043621140662, -1.7240914108742498, 2.7299058937017033, False
-2.2565313443906874, -4.747899064040029, -1.5819102220779404, False
2.439416496590871, 4.251266537324481, -1.9868574972853166, False
-5.571115946804376, 1.8542370352389224, -1.8780682621571496, False
0.9709865229057479, 4.472731110214323, 1.493326898023093, False
0.6871789971524134, 6.067735226573667, -0.564756777558467, True
0.39723293616799893, -1.9962526289449771, 1.6191529247627647, False
-5.557148040225245, -2.8740575256305605, -0.3674331287622534, False
2.432253693182256, 2.8036142827179162, 2.172949827204822, False
-2.665542082198352, 2.2669260776486997, 2.763429417130367, False
6.249079672979041, -2.475956572285717, 2.084776410494345, False
-3.326850113352262, -4.120951252914018, -1.8726035702457366, False
-1.1316109210192788, -1.989231453239353, -1.7484600945801418, False
4.130820677660672, -4.3450983643959775, 1.371319297659391, False
5.819654294222683, -1.351190464145854, 1.701190222328103, False
1.2505193470174927, 4.027764735178794, -1.5653874265454466, False
-1.2474247407626722, -5.457304991684839, 1.6961688114545366, False
3.8938347024440816, 2.9297802644026927, -1.4895134357943907, False
1.8199907164399072, -2.682362029040219, -2.275635145542214, False
-2.933752606328633, 0.224682337082597, -1.6245959198850184, False
5.852151918075755, 5.866336392129769, 2.937772380067777, True
3.4402059206645212, 3.2414116994372737, -1.5874652499743587, False
-2.1121127994219275, -6.267572890967387, 2.2894166720380174, False
-0.6695129083562605, 3.6688861496814447, 2.3121823395872276, False
-3.7570063315705293, 1.6126803454095793, 1.029432443828843, False
2.185429081807916, -5.8797097019786655, -1.5810109708811526, False
-1.7343118376256683, -2.504049797282355, 0.2534640756015003, False
1.3071514255867598, 5.011762037332959, 2.778312918094775, False
5.198288976676748, 5.799814938587357, 2.382429554583993, False
0.7364409051444802, -2.8180670326545805, 0.5632253621480596, False
-5.1390481807974755, 6.196070363690598, 2.9395317157589664, True
3.526896097581675, -0.10966935488919738, -2.4131632423436318, False
2.838174674457191, -0.23771909491519772, 1.4512554675826648, False
-4.605571280736413, -6.238411615365525, -2.6370320168193304, True
4.0798832402340075, 0.31088465699065004, -1.121671707574527, False
-0.47929851692175784, -5.780642370647552, -1.649519221304774, False
-5.100457892479393, 4.29909442614362, 0.6372323025019861, False
4.017767407486188, -0.1853922783191173, 0.06383167442010951, False
-6.199595465754072, 2.7552093877373594, 1.821513981081969, False
1.5104113422509116, -2.312859832219164, 1.2553269185752471, False
1.8404437943497367, 4.458457996696039, -1.5489056029624533, False
-5.920974928479974, -1.300880202298691, -1.1666438288276468, False
0.07973746609622623, 3.8270156200551373, -2.3014710742541586, False
-5.896263058819435, 3.877157180436246, 2.1278081293490203, False
-1.503230363991058, 5.430019601180112, 0.2180374503227216, False
0.5719169710806851, 1.619125024491047, 3.011740872568663, True
-2.9374098171914147, -6.0233060714338045, -0.31006864489316266, False
-1.495488330859386, -1.9149217415261859, 0.38129073872151986, False
-5.687529694307322, -0.2532011873303954, -1.9280732277938248, True
-6.201359833587794, 6.199642190624598, -1.2561595070278866, False
-5.553279116583784, 5.091189349918643, -0.25559395741517, False
0.6674406760875673, 1.0141455092237441, 1.248864862427241, False
-6.040429829048689, -5.534538764462575, 1.9559439331963073, False
1.2777588746878976, -4.143442063979981, -3.0312777756342837, True
1.6332094516585238, 2.760233393977826, -1.6837980303687785, False
-1.249764173463772, 3.260578298632991, -0.9740096419759223, True
-2.044977538462587, 3.8755435114074874, -0.1715427739077242, False
-0.19716304907484616, -4.507072059303768, 2.559761867270619, False
-4.842168916444139, -0.9562124963680931, -2.7527311457541446, False
-4.950471249709789, -5.302407687658169, 2.227166408604001, False
-5.891119514983012, 1.5057168394710567, -0.5634998836357163, False
-3.2000351822216406, 0.49220908652929385, 2.360631394139393, False
6.110990453960435, -1.4589565302643441, -1.2870314107348106, False
-3.383988538636326, 1.7849433352638773, 2.3164745559302604, False
6.259104740803249, -0.3077530916367719, 3.0840808293558366, True
0.5034089305717124, -1.551801463312649, -2.5651862722131806, False
-0.7814056728287175, -4.8289149533951505, -0.14931080883369408, False
4.909284652166214, -0.6205786479941429, 2.373799744208738, False
-0.2736080791281701, 5.208026392431927, 0.40581357680683716, False
-2.3143670774233827, 1.4816934401149116, -3.113240879071089, True
4.234241441573651, -3.809537913412653, -2.1261962987657657, False
-0.7381593973713789, -0.49792423469096203, 1.4259364476124885, False
-3.4833077130913663, -2.649424278450417, 0.19937928736612953, False
3.0189943856930412, -5.67994396781427, 1.6982038942864675, False
4.186074842966944, 3.7166848705674873, -0.7301698429098242, True
5.7239729827928425, -0.984647478954189, 0.35759553992436643, False
1.231959092668415, -4.524475653814655, -1.458474283334927, False
1.2839201862027663, 2.8172934855680687, 2.815854292064081, False
-0.4508038864399877, 0.7899703851851942, -1.9384469758807061, False
-5.582402957070431, -1.5528457200820656, 2.555246028588213, False
-4.005243488631573, -4.102320584066237, -2.370515943855986, False
-2.9283442087540723, -4.979511402666454, -2.711311089580565, False
1.6145410411019219, -3.294894543740499, -2.437788525979654, False
2.5104992114883977, -1.4337427170145869, -2.64953003169254, False
1.1748743288892562, -2.5680739263867505, -2.130527153713805, False
1.798320781843758, 2.1510805478763935, -1.0109534332230372, False
-2.9020296488453416, -0.6988391586137759, -1.8829571167881005, False
-1.6763392772736676, 6.181033126967833, -2.309109848951892, False
-6.047328488883376, 0.40394804216961866, -1.8753655268162546, False
2.766522939711697, -3.7618179399017992, 2.6739396385381973, False
-2.014261790230986, -1.3616406122437592, 2.274485124353978, False
-2.459711008226111, -1.6810924708873456, 0.6116745784569213, False
-3.6496681425504547, -2.8724881280909407, -2.6470631153849085, False
0.41556996336324126, 4.606824802122212, -0.041822074212646054, False
-3.698410409547705, -1.7685000971344325, -2.691859601234642, False
-0.14745172858401645, 2.234423368666395, -2.9809579171677427, True
1.989467392082938, 5.409872825126351, -1.8292538266190361, False
1.8171936081650415, 5.95460454117015, 1.794748618010951, True
4.590174232962633, -0.8413556894286476, -0.40170025556685296, False
4.183828112259192, -1.4927649392286995, -1.9168790756952276, False
-1.7002202937713236, -6.196853009925147, 2.8081795648778094, False
-4.730635727123442, -5.463532191919084, 0.31023855261519007, False
3.21598926457329, 1.5198632573228377, 2.3255005555687074, False
4.610598014334073, 0.05975929483028608, -1.2133895327483688, False
-4.40818961335278, 0.2010808902370016, 1.7653031258504743, True
-2.438468240880952, 3.3696298911992955, 1.4390935948201715, False
-2.7086516155137885, -1.1154849654861172, 1.836328765611678, False
3.3989877503559534, 5.2617522263600325, -2.525095083287346, False
5.128651792270565, -5.176587043356797, -2.581790631443412, False
-2.344217792845342, -5.738883955786467, -1.8092473561704592, False
3.6467744980885097, -3.8761263547771647, -2.0624286857598415, False
-5.357062126367927, 1.9904639743981853, -2.481717788310963, False
-2.442144865671281, -3.1586035612314545, -3.087839793211218, True
3.638606758347011, -0.8639257497362589, -1.281792134240347, False
-5.077579107835718, 0.28489542135077617, -0.9108857232755341, True
4.882942605965765, -3.37705757212719, -0.059488096267036106, True
-2.044947761501442, 4.429705160887346, 1.4376031980103043, False
-3.0104542357884583, 0.9810526022964812, 2.771270088444023, False
-6.0940023416599285, 0.6130651665708458, 1.3997301918262064, False
4.041635359925261, -5.9845123922894, -0.28417704229443297, False
-1.9123069634102334, 0.2363910574144219, -1.6812874277412995, False
-3.159465200748703, 4.163787013252293, -2.8202392928620634, False
5.685004145580535, -1.493400066199218, 0.909656113726351, False
0.7288437599652848, -3.4712617418194065, -1.2796514255852605, False
-2.5120583921002426, 5.396203705113061, -2.134022691811558, False
-4.368097711589073, 3.3675561739230773, -0.9704237546295089, False
4.637134509201871, 1.7468353543877733, -2.538598198787022, False
5.749102285074949, 1.6858558761565652, 1.8342687761367467, False
-4.524121567251597, -5.958294711602304, -0.9681397131534206, True
1.3665549509151198, -4.181951430806904, 0.07851599679457788, False
0.16916745152523927, -5.629892291408379, -0.5973959493214869, False
5.364724557353998, 4.9784043606162935, -2.437838836416054, False
2.26259767822876, -5.5781771017507555, -1.8751529553653878, False
6.151823793275922, 5.050610937914241, 2.4034740331312303, False
-1.820997532580276, 2.6501076534925296, 2.6617124546646957, False
4.1440950256265, -0.702235538876339, -1.9515646602181862, False
5.567626598170973, 3.076065585979322, -2.3291520847552176, False
2.7020767451624756, 0.21083226902761787, -1.054160643304587, False
3.9620425389491754, -0.9660244600376657, -0.7872441673734696, False
2.0211674780302733, -4.282452570102256, -1.574533190629947, False
3.529640508568992, -0.05411480491498466, -0.3682888843922134, False
3.6634610533030063, 1.1466373451829979, 2.857792407381182, True
3.7363547991178123, -4.148005854885637, 3.1291100772109735, True
5.222048051388059, 0.1950636069127043, -3.058391136814164, True
-4.528411344290765, -0.7934826875325207, 0.13850599835341404, False
-1.215547871813743, -2.004890459096454, 1.0715862446354674, False
-1.709123943922548, 3.296124773588918, 0.34198323602713065, True
5.561149234916924, -2.024422206140173, -1.7482364634205492, False
1.7066687606732769, 1.565941490234331, -2.1271472671416833, False
-2.917402023654713, -2.7095979648523185, -2.4248952127433507, False
-0.5916955598949976, 2.6365923133316507, 1.6557007961923809, False
-1.799375237708615, 0.16576149572305443, -0.14016565639580714, False
-5.996287459433986, -0.3629104484185435, 2.149102830044276, False
0.9884572719992475, 1.6361407819483826, 1.5479161055293185, False
4.97630692451199, 3.147233262933751, 2.851773764577498, True
4.854500243055224, -4.476897914101734, 3.1038670019298786, True
-2.179800803680873, 3.7176728368550815, -1.9581565439089756, False
-3.448835627044429, -2.900556719101547, -0.7486774979401463, False
-4.328948702732276, -1.4800169855618206, 2.730102411888474, False
3.2823731741739373, -6.133413160492687, -2.993270630340548, True
-6.222455298781443, 6.213651914096838, -2.2738806271412244, False
0.11722534699542742, 2.9078193422579943, 1.1746667960543054, False
4.54376774763681, -1.9518897656233714, 2.474490716858525, False
6.2072304160036005, -4.123508923195351, -2.8278500262860913, False
5.211140092968222, 1.4546673102221197, 1.3574221997942537, False
0.1750864789394333, 6.260342981506936, 0.9569240835781763, False
5.050017753485413, -5.7340413558294925, -1.5410112119289092, False
1.6853107274334915, 4.5621675485552515, -2.005890253119415, False
3.70512747301337, 5.1737831514027075, 0.3184722144645078, False
-3.303060047998607, -2.7464234478701663, 0.35634650090302733, False
1.6371733726923319, -3.5263623755381848, -2.546227541122177, False
2.2844428067439733, -3.2759360214853803, 0.783640543899649, False
-4.359892786527845, -1.789487950157305, 0.5587679486390815, False
3.2342758557030944, -4.752430920070388, 2.9158341057662325, True
-1.380724496570437, -1.3345762946664728, -2.937645163594946, True
4.037759595520365, -4.209517373906538, -2.712080624939119, False
0.7243304135668174, 2.916760369908477, -2.394458204428899, False
-5.332393622771794, 4.353757978796944, -1.3852432659696854, False
-6.045643655101207, 1.9240089152370619, 0.822346832795156, False
-3.8196679492652277, -5.578982449315296, 0.6458667885059435, False
4.787943298950367, 2.736161335177684, 1.05737123100588, True
3.676680854772231, 1.8423782546438687, 2.81510053881373, False
-0.9973159103196112, -3.9809236857597217, 1.4241146108859182, False
-3.1383424229038215, -3.291037648669568, -2.8443203244131237, False
2.400184899439447, 0.10324673925761108, 2.9903737204890213, True
-3.6542259657925547, 3.7738439258224954, -1.9135900284421907, False
-4.008213245715372, 1.4265833655829603, -0.6205532161555336, False
-3.7831069271903615, -2.686826951765714, 0.8282083401171745, False
-0.15317852905032225, -5.039487654969049, 0.881014362879192, False
4.489254258831197, -4.567621665582613, 2.907993813701469, True
-3.6023368055798106, 0.40012070333424354, -0.6544103444743326, False
-2.0199640490711595, 4.13866514106963, 1.6323106086828387, False
3.4953406832391956, 5.577356057084398, 1.1880578737228147, False
-1.9338749831864908, -3.145817611320062, 1.1641993197245641, True
0.806772259093135, 5.903634344158084, -1.7383420239420786, True
4.523889424239947, 0.10705730268414371, -3.139723698064615, True
2.3597644379140608, -3.9052384752489964, -2.4882243385631506, False
-0.06276439957646485, -3.2587981878909944, -2.303519838171243, False
-3.35815939703765, -5.606951372251706, 1.476885116356387, False
-6.1474543582795285, 5.447365306996632, 0.6691493799461967, False
-1.8372789311889521, 5.332031884871155, -3.1349354607465667, True
6.092986535965537, -5.755997843913782, 0.7783846890236932, False
-6.052437669164721, -1.2884772062695777, -1.863357061750963, False
-5.438340895249491, -6.191080295612466, -1.0366432955587817, True
5.076990199856901, -1.6373536523264542, -2.4669679507060307, False
-0.15014827383587726, -2.509285482536628, 1.2882092539797476, False
3.233674956024897, -1.9163190210074665, -0.4397433362556731, False
2.3479979374266673, 3.4863500546153308, 0.1741616027620294, False
5.901098466547028, -3.233900092489022, -3.1413629798912197, True
5.885667616676191, 6.056874410081679, -2.560698667844088, False
-1.1802595480276654, 3.8535392364953047, 1.8762053477298197, False
-0.7170037386417176, -5.98729096163826, -2.960570883279705, True
-2.9211383601705316, 3.2479727600553066, -0.7359265152446515, False
-3.955186239038354, 1.9719028051718546, -1.1395711487325908, False
0.5028726425770795, 1.9327211058334388, 1.0927015465214165, False
-2.739935490127424, 4.615222577471352, -0.1995932662323927, False
-0.28444728975707445, 4.8698647903177505, -1.5041225920854508, False
-2.0599886581022764, 2.9089808241266564, -0.7969811122606636, False
-3.600527446672098, 1.202564282461477, 1.9264675897893069, False
0.21669011137126226, 2.9168470617480295, -2.139192259347948, False
4.537530170737284, 1.6927977188175642, -2.0028817042161835, False
4.883358378274833, 2.3235145714086958, 2.6532939930145867, False
-0.7894521468759086, -0.877212091154445, 1.3224704125579105, False
-4.674423767419596, 3.3356417860469847, 0.576595037865955, False
5.2308531692937645, 5.825103508745189, -1.5098520417060435, False
1.2513092288664298, -6.255663891895062, -0.4920190941283522, True
-5.8773955159858104, 2.236934061053624, 3.021838703185453, True
2.9671656334303904, 3.881655687669742, 0.07160099627791539, False
-0.5049042758987765, 1.198983439060763, 2.074626335480928, False
-1.4315643201086248, -0.5901076216071788, -2.1801770803016276, False
5.150573276500449, 2.385724472174884, 2.824262831966828, False
-5.64785584992441, -0.2518027434874801, -2.6560594901424044, True
4.21318297210291, -2.170507186874799, 1.7321387969212747, False
1.726584846436003, 3.641840863092117, 2.859562402244106, False
4.312771578495765, -5.050853819260264, -0.4047532134000469, False
4.89601530883383, -1.6602615436824442, 2.692983031598171, False
4.5547964173599045, 4.093403680973221, 2.6223806520457327, False
5.4716331112224434, -2.50439032491094, -1.6302128583083626, False
4.152200752161399, 4.71982579152875, 2.652822690399841, False
-4.8091238092829505, -0.7370119333017051, -0.36165333179078196, False
-2.1645918840514957, -0.14457346105602298, -2.1546945533754207, False
-4.708290465039891, 2.031365066364067, 0.389018236597773, False
4.220372880544955, 6.008211476327624, 1.5541074779094028, False
-2.1389709933960432, -6.068285825150443, 1.0109821002807626, False
2.5505606099996605, 5.341797480450179, -0.655834558499325, False
4.106518487293489, 4.3329461099393125, 2.32578676047424, False
-1.910433742069861, -2.8662138310985203, 0.7492789586593394, True
-0.16951699590864067, 6.159045947919916, -0.014710870762429717, False
-2.5510458104783975, -4.710021200405887, -1.1186274113343853, False
5.7582229417554345, -3.2341297478159503, -2.578508476071245, False
-0.4715917550634954, 1.03124726764569, -1.024173528371633, False
-3.0404450331566704, -6.057963333356293, 2.9401651073720947, True
-1.3674506866560376, 2.7368831981750468, -0.9224304745592113, True
-2.8623946129501694, -3.0759437872438906, -1.2908061521013134, False
-2.7878858216270443, 5.328491277105714, 1.7606727850057373, False
1.269787513572279, -1.9977133645818936, -0.12591619212786753, False
2.146177221676119, -4.38778217041474, 1.9278274424570707, False
-5.903059128239344, 1.764881755510558, 1.0624837892302406, False
-2.4242147520478246, 5.195614537577352, 2.6386091770388678, False
0.873700150091894, -4.005853077180176, 2.476986938628831, False
1.7953189585076004, 4.793830995666507, -0.893649247714098, False
-2.992620346895614, -1.9025237301691913, 1.4452739198652278, False
2.5050342990382486, 6.146005025892933, -0.9344190415924722, False
-2.6932817852064743, -0.506115828908305, 0.1429302421406855, False
-4.03994811693395, -2.1672679418482703, -2.4789093420579444, False
5.763398889052228, -2.058775077769038, -0.25270301694517316, False
5.547146619221634, 6.126049550940152, -0.45586989005212253, False
-0.2459181713161307, 5.511759789081021, -2.9700429161013138, True
4.4731962461403185, -0.8868768341472588, -2.113490464584956, False
3.73878802591649, -0.38748114807573586, 0.9829807365744676, False
0.2421006896868425, 2.2642968727979778, 1.286825031052829, False
2.1497138530414475, -2.928686286606642, 2.5066460082630195, False
-1.469757707176865, -5.71792643505937, -1.0204886584902928, False
1.0164452534865411, -3.3090070775254516, 0.3603181884829141, False
2.465213328646417, 1.9733276617329665, 1.0596056178659667, False
-5.358384224133007, -2.362542430023962, 1.2171198185238943, False
-0.7745506961297712, -6.085196516582911, 0.16793207374855879, False
-5.165983210961633, 5.239779085246871, 2.5563904788197505, False
1.888622577890482, -3.0106194978440146, 1.188371496231202, False
-3.3189503642078613, -3.4893783376726084, 0.07965647929767394, False
2.2972561278559525, 5.689488754309885, 0.06972025103364521, False
6.197419952358427, 1.0109739026646913, -2.662364720491445, False
-4.577329976720836, 1.6735978988710238, 1.6987820610702986, False
3.627541704251964, -5.558944120990742, -1.8151702676140389, False
1.1198515478165767, 4.464398311234984, 2.3665194819463924, False
-0.5307791577575616, -1.9442865069955655, -1.6943528004077901, False
5.086360741593527, 2.7625310042863678, 0.2289663599016678, True
1.8700605719987298, 2.5091266085141903, 2.6523438714559573, False
5.4682409152437685, 4.144063529517144, -2.286449558803831, False
0.07749389579480592, 3.8121928752517906, 1.0587208554502192, False
0.8290622549367006, -0.7804979166527923, -3.0585570463759457, True
-0.8238708512669524, 5.079841276299135, 2.619026033066109, False
5.797881072247717, 2.9881323355888583, -2.4573916467948616, False
2.3421487441614985, -3.8127762118460318, 0.2299657035481828, False
4.646878249133117, 0.43096256018153767, 1.6848142009001759, False
-3.6913236851063855, -5.915765433576771, 0.5810942762937081, False
1.1590596500464834, 1.7061796242476444, 0.6736643729423837, False
1.8203693259567277, 1.5115073787853595, 2.304221547015217, False
2.354403669007871, -2.072401397902725, -1.5295560652225995, False
3.1322266120605544, 5.1857505172878735, -0.619457334972676, False
-1.9228120796445296, -4.841214483145064, -3.076817459058944, True
5.063475362024944, -4.304511194717223, -1.8301301990078318, False
6.189459831023967, 1.323541988631713, 0.7650813551543796, False
2.7634623656296284, -1.8001486695876734, -0.5977946371901823, False
-4.9239418555325205, 5.5586073547125245, 0.7808841284865311, False
4.600863129505379, -4.837582041288792, -2.2925843565033324, False
-2.645784171827118, -3.958130824863024, -1.7495447495965055, False
1.963803815854268, 1.5665275541387116, -2.323750170431558, False
-1.6392180269742038, -2.9067511759452414, 1.8366382047733278, True
3.5060320815914228, 2.9246209708634865, 3.0717122224642814, True
0.056311286418226913, 4.804243683657983, -2.532734360443741, False
5.278318698991969, -0.9576138432327115, -2.343116476322141, False
3.4427714569773844, -5.837248589323212, 1.9293838711798035, False
2.932651379859948, -3.7212827349206057, -1.5217753595112122, False
2.5925157570704567, -3.703282845019698, -1.3700998667861892, False
5.3605256877230545, -4.313638796758553, -1.8567374635635152, False
-5.903995657560827, -3.2466514892788054, -2.6296962028380726, False
-5.5876407781450705, 3.434621407713177, 2.5624882271677816, False
2.931806623972413, 0.5289330445015477, 2.1330509344445057, False
3.37437076450448, -3.029136561625305, 2.19738222185085, False
4.321163506455418, 1.9087493183359143, 1.0484370425993221, False
5.998765861732991, 3.4762887670930667, 2.1656969463554896, False
-2.264536490690305, -4.610623304987878, -2.2967855613436656, False
-0.2622182811683187, -2.45692518620588, 2.663805502779316, False
-2.547145571874331, 2.9090205122489134, 2.179914813975695, False
-3.87503258571224, -1.700467408050173, 2.652333222677515, False
-1.979889438709228, -1.7279107655925667, -0.5443339586370364, False
4.547871853046541, -1.965581475775788, -2.8042066603047053, False
-3.229737307763667, -0.9207659360073315, 1.6144956175612775, False
-5.667251238087936, 5.254101303676373, 2.984963111183128, True
-3.1216762920163474, -0.7640607341287646, 2.7414570235438784, False
-3.7685664261650262, 3.844806863556462, -1.0705632334696324, False
-6.274717879581769, 1.4038285771827583, 0.5474554676387555, False
-4.730795470744597, -2.866393051984417, -0.48496184503901985, False
5.01229704754844, -4.542813104511927, 1.331491350681425, False
-3.789228413602844, 2.25053207292801, -0.5445496174280247, False
5.647144897156524, -0.8667261167760074, 1.5775437363063842, False
-4.047889176761327, 5.091556356217781, -2.1367056745678834, False
6.200463445095041, 1.9745687331029007, 0.24138239057078037, False
-3.6444360696290574, -2.4718314785597615, -2.6389013522658433, False
5.123642579399318, 0.7467420157623375, -2.561851205166704, False
1.8398241449908888, 4.353934836767738, 1.5032657808671939, False
-0.8002079742659038, 5.713504092548625, 2.177414459233689, False
4.980386032256794, 1.0431882172804698, 1.3296802682146662, False
0.9467804084050426, 2.8098288442820536, -0.62886991103277, False
0.6626096702964368, 3.933020316950616, -2.199555410657049, False
-1.7389243148462157, -1.8596930067696018, 2.2506950119315228, False
4.575384829599374, -5.6742582575283596, -0.841715375526706, False
3.241971544054465, 5.010109103172729, 1.853203377250078, False
6.023606582928464, 5.439857557766839, -0.5923924048785616, False
-3.860370870303796, -3.516103214686883, -2.3121406091532353, False
-2.017772558931994, 2.501280057737416, -0.6041217493452025, False
-3.7925965427676203, -2.5706090012065257, -3.126337228398387, True
2.9387707398667935, 5.835275285744, -2.069528017621016, False
-3.957835677913312, -5.938742022255938, 0.5138754948850224, False
-6.148351991771264, -3.047973464062653, -0.8904594044058056, False
1.312020817065065, -3.638207450660502, -2.6848698062768044, False
1.5586353376681839, -3.840126626558021, -2.1187802674613785, False
4.1680416205820645, -4.749019029457051, 1.7176705632689284, False
-4.134543457006534, 1.5183469219768586, -3.0188905483585633, True
5.6077459179169225, -6.209415155984919, -0.5592731553431034, False
6.116880291925501, -2.734832217449439, -0.14141498073870729, False
-3.2642343451131057, 2.9786545547566696, -2.36628098055559, False
-4.409476683690542, 2.7155049452008733, 0.65378952442361, False
-4.939569515551865, -1.5437965882944376, 0.853640512732921, False
-5.284564794456726, -3.8392222317986358, -1.5557502706500244, False
2.012230223529807, 0.29979243055625204, -2.6623613494309177, False
1.3323211760762375, -1.9727750374073514, 1.7227077927658758, False
4.808624548966131, 0.427639458664105, 2.0627403408022396, False
1.8309878426429123, 3.057797007889137, -1.501231164085331, False
-1.6381347640045298, -4.938087396745281, -2.716088531655343, False
-0.9579449879728203, 6.163742155299495, 0.5620764483398948, False
-0.764900912810619, 4.08011025859007, -1.6529913132039031, False
-0.44756791320659683, 4.799526365129937, -2.9647548261933174, True
2.213506502464705, -0.25874151563729253, -0.625447403641195, False
-5.4315870340949735, -3.8128280789305666, -1.9700596937536143, False
-3.9533171149181614, 0.8558969576380093, -0.2398764205387982, False
4.047871741139007, -4.197457071574611, 2.824391231201477, False
-5.259838076315729, 3.1702554440144723, -0.8315877320082805, False
-3.931020433996243, 4.544665281745939, -2.0359148910934284, False
2.302198864580985, 2.312187198584578, -2.774429469300606, False
4.811754525236678, 3.7904265830090136, -1.093307932938699, False
1.9000327698518333, -5.29988040901778, -2.8314812024065725, False
-1.0553986076294768, 0.7065714338611002, -0.07777433932430089, False
-1.6047026849259938, -6.226653419445936, -2.5069012937277, False
2.5231765696197517, -5.234491673167959, 1.179463502585599, False
-0.6485436517302974, -2.5541625072238396, -2.991154350175565, True
-6.145477975925365, -0.12372134442223359, -2.015043258991378, False
2.6381902745050905, 6.058668385219903, -2.805623708919407, False
1.5314320610724668, -2.4690544194662687, -1.8679348754009586, False
5.042326574618494, -3.7899861250430655, 1.4318305368220106, True
-3.398989604738184, 0.4376831852390488, -2.294397447956841, False
-2.5793764761998577, 4.068119269615202, 0.8451722973432951, False
-3.635242328924421, 2.8397508305045758, 2.0849565270803625, False
4.9551028169390605, 5.290912350788609, -1.679510740434525, False
-2.5170580999730157, -3.2340032509705083, 1.7132362627137239, False
3.971897902070957, 1.0978633432387213, -0.7955338891882069, False
-0.32639000537137086, 2.595319849739207, 1.1527085543764217, False
-1.4017225098831068, -5.631394905798693, 2.6638898692032633, False
0.9170615792559085, 0.5338263869017279, 1.437793295263167, True
3.529778897199334, 6.0211567886858415, 2.6556621624071264, False
2.666292606983406, 2.666210845165832, -0.7839311721054512, False
3.240398834827676, 4.292955257209357, 0.2528807713951706, False
-4.313161633215022, 0.5026100521185874, -0.11958885441185574, False
-5.995945946715977, -0.20261179744864766, 1.1852576629728455, False
5.347624289901962, -2.3725565351251134, 2.2427345466701176, False
5.29373593866452, -2.569876027915169, 0.745985706967633, False
4.231663032354005, 4.5808301206380175, 1.7756373941458188, False
-5.550298374687925, -5.008905440559725, 1.8088738351136264, False
-3.131972032275159, 1.37793660503044, -1.3589982913538166, False
-0.01936404995229779, 1.4104244456702197, -1.3350000733656044, False
-1.0767869741555183, 3.222709720789293, -1.083869702858114, True
0.20421679581259422, -3.4005131180176926, 1.4564624650012687, False
-5.501547810940708, 4.896389651219378, -2.91501892240492, True
0.8969252994946988, -0.56472083189231, 1.296999396523698, True
2.0516321381325042, -1.5055733383108798, -1.196698199048452, False
1.631508305881587, 5.9095844169266005, -2.49223731953457, False
-1.815781784555834, -0.34443498773007697, -2.8681856379470596, False
3.4799084134852176, 4.799245366281253, 2.0565701308030313, False
4.607152788402294, -6.122460926295382, 1.035706926463022, False
-1.9512624709858066, 2.5268190842211578, 1.1958697489698444, False
1.4410443881661825, 3.1386372288129287, -1.3201267959790046, False
-0.632726898627987, -0.7609594977069216, -1.4045556977774731, False
1.41363335707622, 1.0183220127678476, -2.9979362180767453, True
-5.422175925729261, 0.6594762169683008, -1.9922585923074747, True
1.4019718988003236, 5.662524362150316, 0.3646720083629229, False
6.184219012002291, 6.053465749998747, -1.15907020447868, False
-4.465238068032996, 0.9672078959035257, 0.14329135178465924, False
0.4452336500906151, 5.050953085661154, -1.600859461079441, False
5.414756112273125, -5.194175587508472, 0.7276334285881041, False
4.436488274540343, 0.14448594138151982, -1.8280670812107194, False
-2.6079710100034523, -2.918420173685669, -1.9457423239398677, False
4.457544184728322, -1.0242812873682903, 2.9860271006996486, True
-2.200603830281052, 4.971901333199929, -0.3959239281809661, False
0.026279766455836295, 6.177207602340562, -1.0091124364054669, False
-1.6194645944574244, -0.7915062730841722, 0.05575861753077893, False
5.391730080527797, -5.374632646338721, 3.071340416664018, True
-4.594542788764102, -0.31282978009865925, 2.9429953709690837, True
-5.611003412216623, 5.945989292488623, -2.2415778116468137, True
-3.1785392588878394, -1.548747883017887, 0.3147444356189162, False
-3.7726687761552586, -4.703943702705997, -0.004028113421027157, False
-6.053806626163372, -1.0930101212820418, -3.131297177362776, True
3.9866353124887954, -1.0468363606045425, -0.15677113474276805, False
3.480636098113827, 3.4920636690121434, -0.632472797518735, False
-3.8565364516345664, 1.7053475320015528, -1.5095630801133484, False
5.834808264113963, 1.8618047590291962, -1.0039741273340517, False
1.5633101185685243, -0.5260871370937128, 0.9515873526842356, True
5.965186373758296, -0.7363669088782139, -0.39193510111840046, False
1.5009129005766981, 6.035061123182109, -3.0166411235140886, True
-3.8563325998830185, 5.917211159256333, 2.3223543532919138, False
-0.5967401312768157, 5.666582757195799, -1.5755389181719952, False
-0.1460563423424448, -2.8130387995819754, 1.49107133621622, False
-6.008983212057212, -5.52431496386964, 1.9931808636571526, False
1.0450478654502087, -0.4438076468645873, 0.3839211652956829, True
5.945935683492378, 3.1798980526648997, 0.050204910783234524, False
-4.730361725895936, -4.856034664426437, -2.9578112378590022, True
-5.852126641932702, -0.47712282001860284, 0.26829591784462803, False
-2.2643142474862517, -0.8069804300510599, -0.3585429867806975, False
-6.237339645474391, -0.5241768030306133, 2.5725266002167144, False
3.737406795682121, -3.5602233072453315, 2.022178413847371, False
-3.5212816211260582, 0.531336534738295, 0.12943011890988387, False
-1.327616670583823, -3.819662466326342, -2.747497598694297, False
-0.00323627965283535, 1.5201479402612845, -1.0205056880804708, False
0.41015318309930926, -1.4765682654750822, -2.7647879397107515, False
3.216749852490098, 6.129034837647421, 1.224946378583554, False
-6.1683012345365045, -4.728219782619574, 2.902257363552411, True
4.6773781227969256, -2.970839057534079, -0.9140337865050965, True
4.672963300317704, 0.9132062785004154, -1.274869642987265, False
5.784686795260601, 0.23509932870207262, -2.1192277424699606, False
5.42860753301251, 3.5400039056558903, 0.12423235857111647, True
-1.1478277260540368, 5.969453597963209, -1.227422896920125, False
1.8690298248942927, -1.0442782653199663, 0.5858212897474973, False
-1.1084485384817873, 1.1427644324841193, -2.932052088364743, True
4.083668844423654, 0.7368632746131585, -1.8428056485951583, False
-3.752345282423692, 3.2972334714878997, -2.7536531925561882, False
-5.986022828188925, 3.009951364665664, 0.914311747533259, False
5.8483023134219785, -0.9726106493725002, 2.1785804078388153, False
-5.465766852107314, -1.3221178911165907, -0.7263582748924637, False
2.838810143144091, -1.5685202793464414, 2.658552913942658, False
-5.10852947897549, 0.2338433750635529, 2.8900531183664198, True
4.575885663467499, 2.523467386905697, 0.931047356490244, False
1.8292042355913605, 1.8467846059227035, -0.020344448675115423, False
2.3835065368222565, -1.945219686179768, -1.0309225051809001, False
-1.0739541615550383, 6.174626489269562, 0.13614022683033422, False
-5.274116215115952, -1.8225679787959956, 2.514224804647947, False
-3.2866833435466436, -2.9130321821560816, 1.129085009221292, False
-4.5214810547184126, 3.7619105825338686, 2.310235108087543, False
-0.31144808549291625, 0.035236654399195544, 3.1367879271209524, True
-2.415908883886113, 0.18694382673127485, 1.913300486366147, False
1.7294346162343182, -2.2633818621915918, 0.9886677087528595, False
-3.011340748875387, 3.9618040590637715, 2.7338827080478643, False
5.904447822707128, -0.28575894747748887, -2.784374467306623, False
-3.1309918318591374, 6.15639846320877, 1.203028164289603, False
3.210689897943009, -2.1832606909766605, -0.7438566009792313, False
0.4438926014196438, 4.283312091011744, 0.7972637023977489, False
1.1510995759810996, -1.736459900918705, 1.8900353565210608, False
0.5778880612008432, -6.036601419517071, -1.682501037991612, False
1.5707115378490748, 4.981913256781045, 2.6090065044565875, False
-3.3653393950211283, 1.4909049362682998, -3.0309358321703557, True
-3.674918555911084, -4.05174439491493, 1.1803966305953768, False
-5.776421536154986, -0.05759342932237299, -1.054970255507905, True
-4.997058273843121, 3.0227162082265355, -2.1117645838370196, False
2.943390540045659, 1.8805861704550892, -0.03603270652501944, False
3.3677964891120453, 0.6648899995016837, -0.07114536303354546, False
2.2214203291903925, 1.8194285670735777, 3.0364539876832506, True
4.454437472779182, 4.536518191735345, -2.9003620976450724, True
5.136976593221663, 3.505234450548107, 0.9529729250691474, True
-5.042381657008054, -2.0588250021505186, -0.2517149201811235, False
0.36788054365428646, -2.8677035430466025, 1.2321365807148927, False
3.967195422580861, -5.166618819805725, -2.2521482815104736, False
-4.434396708764292, 1.3614325297534773, -2.2172714669385627, True
-5.468677006044079, 2.088498829553279, 2.2580020233843845, False
-4.029377467006851, -3.1464015831304977, -3.063588555808985, True
-0.07936255190796437, 3.3667557786802575, 2.23327178520515, False
4.515432769637256, -3.566874909752261, 1.6307250527553094, True
-4.932943140400195, 2.648992084076573, 3.060615444638482, True
0.6189739897811704, -3.2665631093796996, 0.15054738920586352, False
-3.348642842644033, -3.5078468066658193, -2.91920305368823, True
5.3988240433191255, -1.73907274649346, 2.2441333198623106, False
