4.2209910848871655, -6.110484684867239, 2.9213542598567885, True
2.37230242508943, 1.0252904662759983, -0.737407653438781, False
-0.9448553270692042, -5.009856421890437, -0.13335152157999008, False
-3.560562574569069, 6.070863750933253, -1.226521934036689, False
-2.3690434947276273, -0.2019781335285149, -1.88812119304769, True
-2.5330122589300164, -0.1300299472255535, -1.6047594264782732, True
2.0027199937547344, -4.75179393748137, -0.2598618268936379, False
1.2926896715496765, -3.2565950485584767, 0.056004894649127834, False
4.660306451014273, -1.749095243089294, -2.9646806493327147, True
-4.7213920444598685, -1.7359087441869683, 2.4238613286085604, False
4.011048911554671, 3.63635539782428, 0.7586734663188626, True
5.051615531409688, 1.1131420535649506, -1.013783596926316, False
-5.230569995105868, -3.3099480317173406, 1.7281081924711899, True
3.5486365726398823, 2.8891988609775137, 0.6618877945783521, True
2.696427065651184, 0.579712918823927, 2.958039506291567, True
-2.9439695616584776, 2.2031256606025185, -2.9797282218914556, True
-6.204710149773523, 5.621837960499244, -2.112038669141792, False
-5.576225519486083, -3.479009996384008, 1.5414058929673642, False
0.33645265837507665, 0.038491129999986384, 0.814459575298045, False
3.8838973433954393, 3.553212980820856, 0.3050330174048095, True
5.966876714463284, -0.8323541992071481, -0.697916127881621, False
-3.5270035434439926, -5.0995812786085315, 2.3149684034031752, False
3.8611685017345945, -5.7849895768092, -2.221252696462664, True
-4.508249231664806, 4.18631367851982, -1.1773536838919085, True
-2.226599914121474, -3.9797809730462257, -0.48528224818009225, True
5.065639597421777, -3.3976945391892253, -2.602721653928882, False
2.2384399129701826, -5.371588626780266, 1.6727112591769577, False
4.139955810945251, -4.242680746533517, 2.363820929452684, True
0.2642193288227288, -3.510836224201887, -1.9647008040042164, False
-4.8965345135363805, -3.5152879872420106, -2.2728828726522057, False
-4.6460899609098245, 0.2812366803639179, 2.5105530286970223, False
-5.367032471424848, 3.548691135856444, 2.8587358759494297, True
-5.718276531203528, 4.5793562785813595, 1.8692814097999948, False
1.3693228691882782, 0.6022388122650755, 2.8352336367290993, False
0.245299703740546, -2.6828563525947957, -0.9995236626530928, False
-3.1154755164670513, 5.158565197535474, 2.0655359669508853, False
3.309221017608694, 3.4570827714939902, 1.6788717487910887, True
4.342222261886306, 1.368271608379068, -2.455539595002343, True
-4.51664185578901, 2.167737480574351, -2.244480266402644, False
3.822090219267043, 2.546123837507066, 2.997566961861378, True
-3.7772828493359496, -1.843467422178997, -1.593089173826537, False
-5.121413012374842, 5.742682362096188, -2.869139250751423, False
-3.0103170596494877, -2.925964371524866, -3.088624240182518, True
4.792708692957087, 4.84531395740596, -1.3219690556950796, False
-0.8327137465665011, 2.7877030487684014, 1.6808744059786873, False
-2.8076558566652605, -1.5359814158468685, 1.2200073009205088, True
0.4421144911234389, -3.0548168184559685, -0.521912217915772, False
4.592078291716133, 2.1416131345349463, -0.018425135459746667, False
5.001594239477681, -3.131538727366121, 0.5232954504347633, False
4.772772156590539, -4.383105275596161, -1.3807349945772731, False
-3.4581837903001484, 3.036251965862961, 2.5192896859481877, True
6.176221136540407, -2.7690832947003945, -2.7305889383102286, False
-0.42491984120730475, -1.3931697895379322, -3.1096117047310528, True
3.290256822481588, -0.114680662474834, -0.04011267312462463, False
-4.615595511550284, 2.662326896597321, 1.1636442956380195, False
2.2333613125913097, -1.9146752724891183, -2.0520412231772607, True
3.4072706854708805, -5.315708272016463, 0.7088619062050614, True
3.26758227658841, -4.366269114921501, 1.9133459461261912, True
-0.01192853159219709, 5.253978488992843, -0.9056809390437204, False
1.0821777514645037, 3.4415156044755886, 2.7257590454138407, True
0.7852786493321222, -2.8897520302477715, -2.578357107242156, False
-3.150491752642565, 3.1534414527371606, -2.040970403332915, True
5.570086134885608, -2.707508866788568, -0.8611638313470893, False
-0.3313994258119939, -3.355826429482235, 0.5766823354856299, False
-5.660082963077627, -3.5699643327612547, 1.9997019464176198, False
1.0125217854662711, 4.241947175666786, 2.596562169928661, False
-0.10959379458441543, 3.35740957461239, -1.8377654453903196, False
1.9653096518284823, 1.574176256525977, -1.7686381755310405, False
-1.0950909734882401, -4.830684716161808, -2.957241259552123, True
3.159795454318388, -5.0853570671283705, 2.9389109289239093, True
3.362342239286157, 1.8411158525082367, 3.000164402168343, True
5.004159530597192, 3.7090655923897504, -2.4140853673875053, False
-3.9251617053314574, 4.76185383244982, 0.791259738512772, False
0.4504646952429585, -4.188924814763787, -2.7288812220337286, False
-3.9989504959278217, 3.292449665935411, -2.261968250171594, True
-4.7240191677200825, 4.70066794208131, -2.3643946572608865, True
2.1435228926251657, -3.755197257071622, 2.468081024667674, True
5.5517686134875, -5.083243348289899, 0.9240352856607474, False
-3.6438759899158337, 0.2244181093667974, -0.7654226161599063, False
-4.244828665231479, 4.53304270915786, 2.6020212893707217, False
2.880654876952052, -0.046089286452931866, 3.0955187434417963, True
6.08268524328442, -1.2042759836697519, -0.9382840021529697, False
-3.8343981990650016, -4.763104915785521, -0.14836967773918275, False
6.011909062868284, 1.6360126428649089, -1.8399477714859578, False
-2.059324313919971, -3.3478801201435235, 2.869120223265715, True
-1.7632864516239435, 4.821254807577649, -2.8707952389828297, True
-4.265732376703532, 4.500473308989243, -2.89332221812668, False
1.583215577830412, 4.541060333017761, 1.3599533679522233, False
-5.8120338660042465, -4.004648724881143, -0.22394620889809858, False
4.1106161067767335, -1.4141561706545867, 2.0708075703856794, True
5.853384403373971, 0.8242100087401445, 1.716498104997223, False
6.104433012461744, 2.7687772014915932, -2.4246298405658147, False
3.032576391827927, -1.5481137593310939, 2.561737432578015, False
-4.753253742318798, -6.020031285144649, 2.6697312965621327, False
-2.04795508563324, -0.5377368967011735, -0.9622995547042481, True
2.1083229158819368, 3.1862523185008307, -0.5151260093342462, True
2.0908989734668086, -2.399671227140227, -2.73502326089932, True
2.2898226126272156, 5.602433231777637, -2.626367992952627, False
3.084834766961608, -6.2703398791086515, -1.8629973250163292, False
-5.057146750882154, 2.0027636223816305, -2.55710750464168, False
4.055081679325427, -5.712576918537547, -0.8153204644190075, True
-4.775385832301906, 4.219310801428385, 1.9415554725794255, False
2.491553520976586, -2.7944755273923407, -3.0982031528898446, True
1.1317553648865557, -1.2919086027162505, 1.7678578877438147, False
-2.807213256138604, 3.664654119534342, -0.7503804041938174, True
4.2567324822722235, -6.078548372179393, 0.2877957250233507, True
-0.15246840560920027, -4.784978054992153, -2.2275576265014934, False
4.8434469181198185, -2.6782903422124757, 1.4895411955684033, False
2.2370476724245894, -6.078353578282691, 2.184683720637392, False
3.9859219734724416, -2.4356042780054947, 1.152212128807986, True
4.228879192663323, 4.4598577454200115, 1.044054746269607, True
-1.8076959113360624, 4.832926458822556, 1.9985593115813485, True
0.011879391610592371, 4.359164458965221, 1.5668970408637444, False
2.785181053597663, 4.0988651278989465, -1.327979673254534, True
-3.691299161723969, 5.267746047176955, -0.6624621794388226, False
1.1580543069569078, 0.5543552069058046, 0.390413601481443, False
4.186139527645771, 3.9635786262741934, -2.9085551028471537, True
-4.273992061538979, -1.0715016196813432, -1.4865328311902715, False
-4.262796142129906, -4.661084210867895, -2.627400190332816, False
3.819082977572032, 1.6921742344408415, 2.2724216916339772, True
-1.366332456430981, -1.5847284929836993, -2.7631512988571707, False
-0.4643617595137304, 3.499109172136828, 1.4765997438705831, False
-0.5327242589335022, 5.659069552439039, 2.085563360428959, True
-1.228531089030768, -5.6552387418806065, -2.389435513561089, True
2.036361614826948, -1.66645604113247, 1.5191072436843553, False
-0.8252467763105651, -4.053616810875053, -1.7669649558131926, False
-0.493190659479672, 2.508663725942217, 2.759643164564359, False
-3.6163039535700956, 0.09243703945662585, -0.2859394002371167, False
3.1855173988726726, 5.039715200021197, 1.4391154053735793, False
-6.241693618213025, -6.112795445466616, -1.667874027681012, False
2.861403880554793, 2.3559793849806496, -1.4681691426212504, True
-4.554829600309173, -1.7267241278792929, 0.2709664510587242, False
-2.698226160221669, -3.5202061906269178, -2.2475264485762545, True
3.587490952642126, -5.2107039167427525, -1.639081136975076, True
2.9616635024298414, 0.1684969025365204, 2.792816717671596, False
-3.6135476050979856, 4.773201610545772, 0.4509871693670182, False
-2.235804558222881, 5.901032444487079, -0.2241022262064063, True
5.434972879343302, -1.2161071240997954, -1.04332964376395, False
-3.3667810720020834, 6.051479049216102, 1.9298124053888204, False
-3.9481219628000406, 2.3040113681093217, 2.73118213775813, True
-4.081723921067847, -5.916565095185234, -2.3907641197995693, False
-2.876056151749945, 4.680092782231462, 0.9671786672330009, True
-3.1122993339417926, -3.333102841043323, -1.6502276446363755, True
-3.8219924523391, 5.339390330710122, 0.6629972821258727, False
-2.584288519009843, 1.757952410793795, -1.4192790307853225, True
1.8203782856697401, -3.75507984315184, -1.3898679212069895, False
-2.4125596511605947, 4.6293754450753255, 0.7275083070478332, True
0.9060000087951057, -2.3401176464847806, -2.104210135217378, True
-5.831607258878249, -4.526231391922297, -2.9427187606792744, True
-3.2124262158583816, -4.439703186399098, 3.0202556515226355, True
1.5497608936964582, 2.164668488660311, -2.9687028487583533, True
3.970878717564787, -5.2404436483930095, 2.686518417099337, True
-3.7286695472208566, -1.6413772760339853, 0.6044950538590066, False
-2.099788080434502, -5.352970809587484, 1.705692973186836, True
-4.251404900984554, -1.8563772377607117, 2.2860956447837664, False
-1.9567098466674393, -3.523408466341437, -0.1168714403530533, True
3.995040358445074, -5.860579716283203, 1.2472351834932232, True
-0.07176917476681144, -5.378429436269437, 2.733843387527224, False
-2.1324413816116614, -3.6585246646362632, 1.5860427332993092, True
-6.230402463035538, -1.2274824246133713, 1.9144151709373887, False
-3.5218862417781325, -2.705713007034967, 2.6088344645048407, True
2.436128237152422, 1.770805965660017, 2.0855985504641854, False
2.415572425489499, -3.013295918897008, -0.18483191242984587, True
-1.1474938129325247, 2.097143333667276, -1.3972766999317254, False
-3.525665216159784, -4.67054794065902, -3.0305644204316535, True
-1.2001615271355615, 6.247834227656522, -2.3378507435344265, True
-2.836280106373666, -5.40772954502613, 2.0944450539696238, True
6.220776457270237, 5.289416871602818, -0.4949845129863073, False
-4.180806869886035, 5.956554747014147, -2.036485300166906, False
-0.3426630650438227, -3.2796027157073975, 2.2805054976457626, False
-5.167953168280626, -5.795758308941662, 3.075056473053504, True
0.06251831386856477, 2.7834791319854286, -0.04170375500096446, False
4.442808307172452, 2.98734004434961, -2.582538036164571, False
4.193200833538228, -0.38683509858592213, -0.45425340119551905, True
5.538517093922971, 3.509902039027528, 1.7718751565520794, False
2.0796098036093245, -5.844197660866778, 1.583351809469426, False
-1.2870224581884857, -2.498539980451244, -0.8547928757052721, False
0.787992786336944, -4.107887385133939, 0.18552640792581743, False
-1.5566153450113411, 5.6578686284688295, -1.0811131308335247, True
-4.827391855789021, 0.08304856643978287, 0.9951611506317306, False
1.7925937133941563, -1.6924506489604703, -1.960838201339788, True
-5.4096702054519925, -4.242421408939551, -1.013372535561361, False
2.230092068158175, 5.328122941973671, -1.815201879974807, False
0.840794826235542, -3.457662419143755, 1.8084829643586309, False
4.018851635707097, 6.1874909372964595, 2.567281183838854, True
-1.8697740841746429, -1.344071391860406, 0.031014051396047293, True
1.3593717090136481, -4.3717824794890126, 1.7020230972465145, False
-1.7041166546697584, 2.6936918681589326, -0.9699415483706688, False
4.971003407528597, 4.903651446869734, -0.22601004251590595, False
4.6427650906568605, -0.48914735723067615, -2.776593491233836, True
-5.052794153400718, 3.669799140392625, -1.2596151215918894, True
0.17948267195091017, 5.448300331501857, 2.299611173823963, False
-5.289387774121717, -0.8609940410910335, -1.028485834603913, False
4.90110222691524, -5.114928284528024, 1.2845940243877774, False
-1.2630165873527162, 3.7550038844227345, -1.8069007219568647, False
2.9982238791386795, -4.900368285271876, -1.5284679473549452, False
5.654231846772895, -1.8793359028935708, 1.8600259478502261, False
-5.575279505103307, 5.411834548203764, 1.6698781575093893, False
-3.7128879171579547, -6.089741984958792, -1.6515682018821571, False
2.3203951925431117, -4.533550387245082, -0.4551382512613653, False
4.643989846234442, -5.6968763230292865, 2.34977489692794, True
-0.43594383075842824, -0.8880998839929379, -1.5505318244919264, False
0.8731829696728992, 4.254448202430515, 2.475776258502769, False
2.2485002618224, 3.0696895074426145, -0.32295287761465863, True
5.5941135535775715, -1.7502923480813433, -0.9992814250472115, False
-0.9428195392710199, 4.893179626246296, 2.0754444922754374, True
-5.235580943121741, -5.02499142756088, 1.6045881883871944, False
-2.7515961070277535, -1.8379267396481067, -2.9317975614490517, True
1.6927807756860442, -5.067549216701595, 1.0260587642005587, False
-0.9503529074356676, 6.218630377218339, 2.276566250945426, True
4.873132218333165, -2.1967833042607356, -1.643604489803771, False
-5.77536180272505, 1.0060176058646446, 1.2963633687811287, False
2.044446447461432, -1.0316467075896103, 0.8595825116846081, False
1.6449623420828416, -3.587396975134142, 1.5215705316206192, False
5.501103437644771, 5.817643374144881, 0.2939564020632339, True
-4.521030322018571, -4.413847152475277, -2.59786655846749, False
-3.202587950467161, 6.219341387632184, 2.381598980779623, False
0.325578995314328, -0.2621640667510814, -0.27024074429615874, False
0.0019746253033900985, 6.193719379774816, 0.14658266315179658, False
-2.3973138833256495, 1.9429759744553525, -2.050468415186243, True
2.5403070040620506, 4.714671878523864, 1.2415408262718444, False
4.350423145911067, 2.0153084978600937, -2.082873104027816, True
1.1157452023829846, -4.6357642316128835, -0.8546290960495981, False
-1.483858147843569, -1.1532093748869157, 2.868802321704316, True
-2.9420335364618126, -2.7927590585460287, -2.4994135485921634, True
5.710225900116342, 5.45904038951163, -0.5616921350249466, False
-5.484185336443364, -2.8498249282217554, -0.16305219764651024, False
5.029078543837702, -2.955554090051494, -2.2311671459791955, False
1.6142430202243325, -5.184184829148688, -0.1452345541138973, False
1.4548644372709534, 3.3911918274725235, -2.6753422564794485, True
-4.7956231275855155, 5.483266723535747, 3.0857193994542795, True
-2.846376086173293, -3.933842643682102, -2.841303078140903, True
2.2411914648311395, 2.4989407804865866, 0.4328763443542383, False
-2.748916097924169, 0.38454424353589634, -3.0469316802596094, True
-3.6403708573798697, -5.340180918278402, -0.27044181103795584, False
-0.8539863362052991, -4.088673137290957, -1.9451236155290015, False
6.1773959411922945, 5.609909949167967, -0.11190489530490177, False
1.6267126179425588, -6.0539286880007355, -1.9047506970920418, False
-5.655502802073757, -1.2105506498678809, -1.2952312202882412, False
5.7388581531944745, -2.273433952652039, 1.0037309418814298, False
2.0277330885544185, -3.0489222082753686, 0.7755010036964327, True
5.4502000295437245, 3.4313259895353934, 1.5588788620588376, False
-0.4990291940609124, 5.485685248515043, 1.2346019374129629, False
-1.002198121185284, 5.5170979682094305, -2.9160211379878787, True
-1.166505699678651, 1.8630358386888197, -0.07919021990705799, False
6.26976764596742, 1.1627859452065765, 2.3883329377855507, False
5.925857216880429, -6.160419254588512, 2.047303976788049, False
0.4569217151976668, -1.6201279992108377, 1.6079409938891969, False
1.603858181853588, -3.0325923555703227, 1.6794118964331375, True
0.35999908169790196, -3.313965021364616, -3.0285679845549396, True
5.795379358303094, -5.530542701141363, 1.9282021008073649, False
-4.856932835477916, 2.523680108322825, -0.016923309325971303, False
2.8921355931798978, 2.619871376892858, -1.4719891979408082, True
-4.626922901718135, -0.4197424164428796, 0.2661616387491694, False
2.869781604666681, 4.246514806458217, -0.33524007540998335, True
3.976687353395036, 1.5725235985056516, -1.7594947180274196, True
-1.4606327207402998, 4.7609116946144265, -1.8882380973672193, False
-1.1988756720533091, 3.440773047430504, -0.38849420642821775, False
-3.9763241665217635, -3.7317689271016508, 1.0465226744990392, False
4.943577024996976, -3.2639799360895245, -0.3919722943682, False
5.62240526916144, -3.504331438622601, 2.4511079533359332, False
-4.643832297888528, -1.7417074589239725, 0.1401517684334963, False
-0.35200694028258983, 6.2757856214034025, -2.4647834851985198, True
6.23149550343939, 0.041325414608694544, -2.365959171344406, False
-2.9983127975006547, -6.252101328941793, 0.9092368240291764, False
2.2844226924571487, -1.2329592636345001, -1.3679912837270018, False
1.482618581988958, -2.71703909524396, 2.2075366343640583, True
-2.8274476788200706, 1.869428269786015, 1.3240137138083803, True
5.1826330396527, -0.6515166508994898, 2.561079007694432, True
2.913304322053895, 1.3177261669909184, 1.3489525500284252, False
5.57178533643312, 3.3101010194149474, -1.314927792578394, False
2.2018754466338777, 0.7084383266361183, 1.1883168551672147, False
3.80608228276129, 4.407970846262936, -2.760103846417709, True
0.6560875579539385, -1.2346439653215358, 2.7082885964269696, False
2.0204024381517414, 3.733270792732629, -1.5833634195369406, True
5.563025366789823, -2.6608847820306143, 2.091308314589269, False
-4.5997904604263855, 5.448161333321977, -3.077211231323677, True
6.064138014281751, -0.25413453547856957, -3.1010711374753606, True
5.754345144647138, 3.289711531656007, 3.1373422480311266, True
1.960541310174909, 3.4341738495019527, -1.0085101515682289, True
5.169173955708747, -0.6101383521721386, 2.0820190218023376, True
2.1785325742550086, -2.5430594948014065, 1.363412389961752, True
-3.306522442898108, -4.363557666427307, 1.0252057359463134, False
-0.4550687046609294, -5.976824741339242, -2.5921881710143566, True
-2.937159792869635, 3.0126414683400924, 0.7178934867164197, True
-2.636238971614897, 3.8197372783455936, 1.8997449654339933, True
-3.6778997537172162, -4.515215405017253, -0.3660969942404009, False
0.2804129588270161, 0.6241135960505035, -2.6780905495733833, False
-5.513481174902342, -2.3455754715533064, -1.5157251128887759, False
-2.6801356993558554, 2.5920036528294155, -0.018972522345444887, True
-1.6224145307574727, -5.94630139103411, -1.714688970457533, True
-6.115380866266126, 3.182588291122199, -1.052346441872499, False
-4.333277859836379, -0.5648336298150021, -2.739131572816344, False
-6.274194886906051, -0.3226649026596773, 2.8432832330398625, True
1.4250327891946801, -0.2737886432266263, 2.5699242896271572, False
1.566187144005621, 3.4355981782304674, -0.28442441304549915, True
-2.2094734911918588, 5.72106983412303, 3.114767123586968, True
-2.5779660700238347, 4.620817246881767, -1.4751750485073656, True
-2.5289005269219933, -0.4733765548953919, -0.2950237608867674, True
-3.072382456991085, -1.2020497458899317, 1.5302263896553123, False
2.850639293861798, -3.3515450700963423, -2.432160739300821, True
-2.1703272785761376, -5.3157589800715055, -1.026920561119805, True
-0.08232782299602626, -0.25926356023217334, 2.2636296167440717, False
2.480381353386191, 0.9391778857952318, -1.4271863866814085, False
-1.168532098949595, -0.17241879072228894, -1.3391428196451325, True
-4.905166117993575, 1.8213577802350809, 1.3627701527092837, False
3.929077605388237, -4.951630275030815, 0.8666420623818167, True
-3.232014226070024, -1.4527980544965553, -1.3219727686500502, False
5.867150632398932, 5.683392494388952, 1.3303692053159777, False
-1.9076241854410467, 3.854352322303342, 2.269796991074437, True
0.347367305779116, -3.1530423266031002, -0.9424359880779183, False
-4.2313300539877545, -2.0086435552821484, -2.507354223419294, True
2.8395056372261855, 1.9961167956650758, 1.8338478141914365, False
2.3569407157262017, -3.988954521331483, -0.7861536170767054, False
4.529804931145291, -2.3606791071004714, -2.691582132286575, False
-2.3237300699155985, 6.031568621248162, 0.40913796004605896, True
-2.09041159739754, -3.692119973149256, -1.378648456226397, True
-1.4885260965948977, -2.011671825427303, -1.717828991873456, False
-2.0618519326883797, -2.8294695203917817, -1.557785530179134, True
-1.5243186911231144, 0.9103891330787501, 0.8843286473568943, True
-2.909145484500909, -3.851621014416388, -2.0643819025111716, True
3.6476514794507686, 5.227710732715753, -0.9854534354017113, True
3.7816507024535113, -2.6689640569552195, -1.1629242882996904, True
2.169966810191273, -0.6729670635305807, -2.2081240390260275, False
-5.661664444169421, 4.265189111467853, 0.19046986327292803, False
-3.738462204917052, -1.8630455050663874, -1.0042844951539251, False
2.4721529531311504, -2.161980481275875, -2.6576487722118696, True
6.166789188812189, 2.5093192262299517, -3.0860644707134512, True
1.1782932629647833, -3.30385721584788, 2.0170042382731026, True
3.5034598281102234, -2.28350954085388, 2.439012743342957, True
0.712898625761202, -4.87560184699697, 1.423755272881447, False
-1.3719880631708472, 3.1358402109164345, 2.0004960725728314, False
-5.334573718706585, -4.0137371962166295, -2.1079633660490535, False
-2.431244803277941, -4.696095521647782, 0.024205969473631406, True
-3.813653437242256, 3.5824991215452417, 2.3310237837012657, True
-5.953002303540926, -2.686777241430975, -0.42483786675889945, False
-4.852097223123183, 5.306477862034972, -0.41557864927184474, False
-2.4840182843434904, -2.330421868797468, 2.914245267662486, True
5.400641889245007, 3.589420922319915, 0.4141509111390618, False
4.736490525639482, 5.423688513668644, -0.7667296610547103, True
-2.186915066842113, 4.858677813673111, 2.545657256309073, True
0.12292963504667753, 0.5513723997872404, -0.2149026328526693, False
-1.9245018615394685, 3.99366324626666, 1.8409301092803787, True
4.825513456435418, 6.014555274779346, 0.9265352424208553, True
3.92561009717398, -2.253688061957396, 1.5225373296440914, True
0.10427354530188904, 1.7169450133128894, -2.586846970688174, False
-1.079107415958176, -5.995584950192276, 1.4984468587933835, True
5.093836029116808, -2.5700162108308056, 0.5256746185862875, False
-4.773381320337014, -0.5178619357416414, -2.2975371342571176, False
3.7012289130374807, -5.328318839771967, 0.37738145029423054, True
0.1490821682499801, -2.4908800335230032, 1.6762619596701702, False
-1.0073419896839022, -5.911467536167655, 2.6740277423674135, True
2.7054879975686497, 0.9016929931594095, -0.3177610314936583, False
-5.989131787329423, -2.1510400162822414, 0.9530549281067087, False
1.4282223816275925, 1.3469601851672985, -2.104118171596877, False
5.474804615473804, -5.2166668785019645, -2.3326523627587332, True
3.5513259005765505, 0.7446419760922591, -2.8424497071571415, True
1.217072940832896, -5.304439529599115, 0.33801893579593667, False
1.2757472710510456, -3.6329169854310317, 2.0939740538915066, True
5.532752949293808, 1.6909494127431017, -2.4419642495867215, False
0.4776629889898105, -0.34009076944456407, -0.8365890978522419, False
-2.670110872538001, -3.4221194188770427, -1.5834213565950814, True
-5.696065728210752, 4.734806658741993, 0.1776979288659426, False
1.0230589322856805, 4.801463440510798, -2.976251005117631, True
-5.315864803722962, 2.1410294324353476, -0.3097971212239399, False
-4.948303746595098, -1.2893476051365322, 2.214403470389027, False
-3.9262273516316917, -4.159362348965242, 1.756077404894234, False
4.661871944642172, -5.240421097805702, 1.3047616796912784, True
-1.3761493046685471, -1.599651097021078, 0.7769578728294575, False
-0.7274136822631139, 2.385031849435366, 1.3174910569876728, False
4.480540099465728, -5.035345740747061, 0.1535459758158484, True
-2.832530440156525, 5.4158334283168, -1.648042605331389, True
5.631508027426488, 2.3397001286197696, -1.2139247704018332, False
5.535418438166488, 5.119735186299172, 1.9016507092334436, True
-5.4381221982225, -4.638921174190138, -2.5937672888111027, False
-0.19446424421473107, 5.5773698930403555, 0.23441924451508944, False
5.71115892148085, 2.7452933199217497, -1.8601265442598784, False
5.478397664090769, -5.18869172988248, 0.4855153786598887, False
0.21509471432602556, -5.166803190153933, 1.1937930215526507, False
-1.271886690165343, -5.141148882592481, -1.5769332143808954, False
-1.2596996944772334, 9.619038696229154e-05, -2.157787288388123, True
-6.07447904232034, -4.282320027901027, 2.8424804668588077, False
-0.8826765506086085, 3.6059459788036214, -0.38327007312912675, False
3.846660827939589, 2.315370908718805, -1.3836629219728613, True
-3.0295707623233654, 0.658127190713004, -0.234190308930037, False
-0.03844649423942581, 0.8067434156642408, 0.40625564156645133, False
-4.958230675587134, 1.9457694624278794, 1.5161173843202604, False
2.61767008935278, -3.7817469849159298, -0.26197467915882644, True
1.7222330990250914, -0.012135631525930002, -1.6918928726869273, False
-3.3112977518140414, 4.71097920940559, -2.062109588408978, False
3.0963237711231653, -5.786282202270988, 1.9772885143112813, False
-5.927997125763195, 1.9480884696252794, -2.3597566386746265, False
-3.372107231103526, 2.1652874969025255, -1.4623878400955188, False
0.7376812018908385, 1.1987749837583115, -2.297990407889153, False
2.3954960725651375, -1.1058010588701137, -2.2838240450118183, False
5.150057028266156, -0.49540820810873765, 2.3968004079177865, True
-4.907102670130481, 4.236644665988537, -2.460106554617454, True
-1.8407461478535243, -3.5477560820490943, -0.42274725183538786, False
5.9887735071737485, 0.00456835465368588, -2.482998155911372, True
5.797026328167783, -0.7170236225555104, -0.4533901755319709, False
-3.337649057770721, -0.7598624694636609, 2.7018718016479406, False
2.3024705065549487, -2.865325869123992, 0.262525292598601, True
6.014427180594771, -5.866150604125644, 0.8294962460276722, False
-1.820149004155546, 3.997533742136511, -1.45905337750396, False
4.039752794731262, -4.8072999570219155, 2.0420193761066567, True
1.188041049798617, -0.3554633275526866, 0.3398821598543771, False
-2.8180816302633898, 2.3426589686198227, 2.65158097719826, True
-0.9819134247452812, -1.5180288208378414, 0.6478273132365655, False
-3.9405639300787745, -1.8552138690641744, -2.0391147115001647, True
0.9767763711663644, 5.112038729437433, -3.0082157069923587, True
-1.1369679127921035, 0.626342939788274, -0.445917683305213, True
0.314762275280569, -0.6399484775060493, 0.7985348201986877, False
-1.922680199021407, 5.311633252644141, -2.8165536335336623, True
-5.425860987574193, 5.550185582690851, 2.601663389579241, False
5.454527403940505, 5.11818586348029, -3.1120271748433965, True
3.161671997255546, 2.2867851324873048, -3.0522548715205646, True
3.8656819367250748, -5.225200941742416, 0.9013313621634564, True
3.602946268319549, 2.885235628061272, 0.6687171586702045, True
-0.5349741281704565, 2.444377388439989, 2.7985749648813236, False
-5.569006197482036, -3.5085920544358635, -0.9500937166908923, False
-2.0647989194659653, 3.4010399648429015, -1.184614227639469, True
5.386086917973426, 2.7828759213607874, 2.0137960567163224, False
5.559689092821616, 3.6892742849454248, 2.187522365983316, False
3.6791889874820196, 4.786291641914694, 0.8376209089436437, True
2.517390587675866, 0.8702185235528743, -2.499501020892899, False
0.3382513034420951, -5.312792843994254, -1.734154789456764, False
3.065275716367184, -1.2448116883819882, -2.1367229737295492, False
-3.248458412049309, 1.846142801449325, 2.7617164871451836, False
-3.48814187019558, 5.19715323993468, -2.994784614240589, True
5.253741859608111, -4.179381641487915, -2.007671146770762, False
-4.426900187847359, -5.32176421608474, 1.193666106865268, False
3.802180001651294, -5.95065793385352, 2.74857452690361, True
-4.568075898257399, 1.371733755205752, 0.871468747046567, False
1.5126128785361326, 3.2954217958452645, 0.598106769126185, True
-1.96290597149659, -1.9344415043447656, 0.7349191242915496, True
4.425687122734237, 5.82428980657807, 2.512001563052867, True
-4.7799201930094535, 2.49380747779907, 2.4428869767795964, True
-4.7222620671577475, -2.839149828826191, -1.4838811903611069, True
4.094571050290607, -1.1728521065177828, 1.3338501166563965, True
-0.4723328046088531, 5.381429673027066, 2.750346513563927, True
6.045535235911881, 1.9149496570416709, 0.6651702853281845, False
-2.594530181282302, -3.8995738625375895, 1.1956088670025062, True
3.9752887922146787, 2.7505723767927037, -3.0602017218417807, True
3.89576492688383, 2.7752772986442604, -1.1643289537833632, True
5.535244996680737, -5.172557304102614, 1.658728726151022, False
6.167568823681826, 0.20642668440994427, 1.804754062916646, False
4.6317056175147595, 4.874465159937591, 0.18366773055729846, False
-0.9330748131871349, -1.566139704855538, 3.0800604389285846, True
0.40035339076391896, -6.234160840371313, 2.8894410851703896, True
-0.4554914307694382, 3.0508097347185323, -2.49546002254807, False
-1.244824163468544, -4.355674256396785, 0.4363205061206652, False
5.639919188798915, 3.3805926973330394, 2.7956673274302934, False
1.9882679324093822, -2.8454529095422845, -3.0131359878837674, True
5.955734091728537, 4.116922926531709, -2.5179375913671698, False
-1.1594252203559083, -4.89079090562821, 1.0621172240905628, False
2.358616286431106, -2.6583446975523666, 0.5410972399271103, True
-0.7860926012143477, -0.32044025541760135, -2.3467856843158637, True
4.959754269450219, 5.073179038952118, 0.1517582072745851, False
1.2327377178604744, -5.108265426731541, 0.5496697553423617, False
1.7555083822928417, -0.8361922133879567, -2.751876738155734, False
1.7131916951770645, -0.8219902948710267, 1.7327700341236243, False
-6.107101110117878, -2.009734963390777, -0.29809951076577734, False
-0.4878608188054905, 0.20401883397482656, 2.79694228090844, True
3.184690120564124, 1.5728715648474143, -3.1125838757108197, True
3.30194309770199, -3.8046373462482075, 0.21977874640452377, True
-5.238631943409403, 3.237458710020073, 1.5309383991475842, True
-3.9856763663604777, 0.07342084331635146, -2.8451272600121444, False
0.12805600469246503, 1.5932329784494348, 2.6095473403300717, False
2.1928666809153246, -3.45277669077255, -0.25433226109750917, True
2.478518566252921, 2.1052205248567617, 0.31047964765220826, False
2.7554973822280857, -5.005601353814004, -1.7908556837560135, False
2.122810827065603, 0.23594629860548277, 2.5865060490577942, False
4.423834794162849, -4.885850630232681, -0.48187627464901883, True
-0.013097264858200397, 1.5945104874172458, 2.725768091984061, False
0.5283169411418225, -5.0143453905650865, -1.5099937131343966, False
4.388762518169997, 1.9921992074691879, -0.11446580424243358, True
0.8077031917601358, 0.13870427631009719, -0.5194017196280507, False
1.7578715278913712, -4.56080293596097, 1.7490593410668618, False
-3.6750816706240577, 2.8223876380688253, 2.492015438111463, True
-3.894267123926153, -0.8263510848569133, -1.5294604420785505, False
-6.120851809594096, 0.5731973240166406, -0.16319329738323285, False
-2.4938319584319846, -1.8714280871099405, -0.6472580824801693, True
0.5882988343139228, 0.19161683280872044, -2.613928076514136, False
-3.3298739142578904, -4.11482653740563, 0.50270074228863, False
2.2350156859531847, 2.8970228491585743, 1.5766579310212485, True
-4.093577229525993, 5.931065114057793, 0.5021299357115692, False
3.61563818301258, -4.306215776106804, -2.185769295180618, True
-4.74774183300244, -0.33822397068517596, 2.7763278933330655, False
-6.01593185131831, 6.098859626383822, 1.5959325359038026, False
2.966640429185345, -6.01065531349091, -2.6108874418786163, False
1.991589887932685, -1.7747739819384059, 1.8902029550828168, False
-3.0716942197532724, -3.296226281839483, -2.0544192514838597, True
2.6622046533728163, -2.513346901932689, -1.025294082602326, True
-1.4254774226387008, -4.947739965616881, 0.9637670436708952, False
3.7432404674292616, -2.7352583173793623, 1.3741014783721308, True
-3.391206690657906, 5.444998996826609, -1.070271344657408, False
1.7384407464436116, 4.265844959368257, 1.571304010027113, False
4.072783078625518, -3.755258255773646, -2.2572229142858355, True
-4.742107611929434, -3.8833133042028694, -1.9142383063749673, False
5.665094322168523, 4.844043054207678, -2.532882849472195, False
6.1102302425331025, -3.3293228246746347, -2.184307459855108, False
4.566467496356127, 5.638483972600174, 2.0805586445707904, True
-1.8515099849861896, 6.076202842918148, 1.982376353123227, True
0.5094181859597171, -5.92408502822055, -0.980125329060503, False
-2.116439208794315, 0.7472352367796029, -1.0444504163899473, True
6.090690512927532, 4.254458461305344, 2.809898890198065, False
-5.032907048089406, -0.849830281633098, -1.5063198682717145, False
3.02170982546234, -0.46753722975979795, -2.7796326862272656, False
-0.33489525224795624, 0.8185431908353307, -2.744659970276247, False
-0.050898852784373005, -5.994331121169838, 1.9885301728567262, False
1.1643441766694274, -3.2719061732181505, -3.1038828549296156, True
5.867123775180504, 3.7066278600767273, -1.0001912390265852, False
-2.8607472823716567, -1.4698317192560308, 2.611200325467399, True
4.171666993421956, -1.175688763904903, -0.44272383370822954, True
-1.353811003170386, -1.2610929521712526, -0.26135723707482406, False
-5.434596000180338, 3.4500447160699608, 2.9807252841759366, True
1.9435956202756213, -1.9504440565559928, 0.46797746991479183, False
4.442092901741129, -1.9182137320652197, -0.6734009898921589, False
5.775359596279541, -0.6270729807803681, 2.822168151906313, True
-2.472286518441781, -3.08554026776078, 2.475816882265126, True
-0.47473311885287117, -4.358530199646792, 2.3934163474189507, False
-4.410956543343835, -2.137368179350096, -1.6966869703030454, True
-5.152680735904777, 4.262946356963889, 0.03723525199984534, False
-5.823045532952541, 1.4885260146007573, -0.7029107684067464, False
-3.3714423512934206, -5.765395720277479, 0.006538150342039195, False
4.608303689401964, -2.3679496078817293, 1.125023884856696, False
4.087977550563689, -4.1931927134850255, -1.8139930542202787, True
-1.0468583275972199, -3.1961791064565293, 1.5072520979195323, False
3.9982912356685603, 0.27738160513027577, 2.491671716622192, True
3.0712985845706875, -6.264983827193831, 2.852582988026155, False
-3.326012435835305, -1.157113204773541, 2.997520107110555, True
1.8038804243009263, 5.083951803724927, 0.6224191035876854, False
-2.371023680789937, -1.0070045466339206, 1.550835953725163, True
4.176102223586019, 3.8383608854581563, -2.6116599436369645, True
-4.242546404230049, 1.2937644683930731, 3.1264830239311436, True
-5.607289038595068, -2.2956113781790823, 0.8416858625936614, False
-0.6417078536685255, -0.06710115482719914, 0.33217200844317674, True
6.012466271059161, 5.847609620973948, -0.7422205830119428, False
2.6630128703645894, -0.4882308183607389, 1.285253515531367, False
-1.2177773038177735, -3.6662253923961594, 1.596019922360373, False
3.985096690906092, 3.3055297994542148, -1.9769740930951996, True
3.455593485764325, -3.172130632937263, 1.0268326584844063, True
-1.751898354613469, -3.127020039671014, 2.2094281543435645, False
6.107424877010963, -4.029525996605194, -0.495535853646051, False
4.762325559434506, -1.9698768499269583, 1.6155212849493825, False
-4.598799785740377, 3.7230719312067144, -3.120014490555064, True
-4.683871255891446, 0.13780774976234067, 0.3871368285746071, False
0.06513781958941323, 3.506070920684449, 1.2097396290461324, False
5.475513371287459, 1.0052763558003024, -0.6648159551204333, False
0.8769178608267865, -1.0705757590328862, -0.09741231441925047, False
-4.205250311770818, 1.5587597965734492, -2.2115962188944436, False
-4.62738917278716, -5.180903351189514, 2.302088059367355, False
5.90433533216266, -2.32692963351131, -1.5140938189138549, False
-4.033787326302352, -3.5104827459510135, 1.741395030144151, True
4.971135255708678, -4.802831285568842, 1.939575433225488, False
1.5995051135163179, 2.467355628482549, 1.260932437882662, False
0.2335667784851294, 3.3302915581464028, -2.57957193368534, False
2.8542455051019946, 4.8671770424696135, -1.715257852891265, False
1.0706573897068754, -3.1636982805193705, -1.5708220122782586, False
-5.3958562562343, 2.053686386184415, -2.8318242231445363, False
-4.993882191433794, 0.15422161296940917, 0.9788122975380968, False
-1.7083814179168204, -1.640458269554082, 1.3673642577423575, False
4.1710404949203, 1.9744621825842525, 0.3209617793202346, True
2.919780492533121, 0.8249116432204993, -0.22221582932256512, False
5.733286929065812, -5.094479261631798, -2.970278059700611, True
-0.8924335840888595, -4.004437821469983, 1.5609781460413954, False
1.5872351191790228, -0.19606110771460017, 0.4990658449507537, False
-5.773526402555663, 1.9958228160044875, -1.7600247659560686, False
-3.279413099902623, -4.53453912920956, -1.2851979324234988, False
-1.9007067564693871, 0.6099941732667871, -0.6638083515068463, True
-2.1938882746103436, 0.09063062495194174, -0.3600595842098837, True
-0.12513804929564643, 3.1493863054338327, -2.044674439989594, False
0.9853021697085973, 4.913322498252144, -0.8773134787309864, False
2.411717963222392, 3.691844231960669, -1.1063419642088297, True
-5.589522291509398, 2.1161898065820175, -2.959360092636722, True
5.458451108378094, -4.756389708443823, 0.8924032666247719, False
-0.7805003868421521, 4.0024037312640175, 1.7008870930909241, False
-5.8433776761818415, -5.30372152958594, -0.444763320229681, False
-2.8472510987398247, 4.81814269190558, 1.9247435376110236, True
4.025935416093681, 5.746404559212156, -2.5493474739880053, True
3.9114255411802556, -3.8623266548672333, 0.31349234765735634, True
-2.5876517028585857, 2.70506833564853, 0.061841334222794586, True
5.306868897470283, 0.31465613437379414, -0.5564032822738558, True
-4.356000473478938, 5.4996655399123835, 1.8585606059659776, False
-0.6218046316582404, -3.0502784659553024, 1.0472133950707985, False
4.847906174297041, -1.4515392962964544, -2.4753301820105746, False
4.4849891724074435, 2.0522501177343955, -2.118794376070926, False
-4.2683387745541985, -2.18203457304885, 1.2344053100779426, True
0.8844543256728574, 3.455629790944519, -2.9580939970254376, True
0.7541597872475752, 1.5543081860431167, -0.1395953050026315, False
1.4416487819357497, -0.716823290469466, 2.0783693002012535, False
0.1896228251722203, 0.14241671307698667, -0.9350230102322001, False
3.208795705716062, 4.886675621187662, -2.6638827787705863, False
4.122153170167252, -2.068966614204011, 1.790681072823106, True
-0.36397479908626185, 6.097651616744486, 2.4671755199613985, True
1.011262324184484, -2.778522998218147, 1.155443746736359, False
-5.708254918666068, -4.578648296523562, 0.36926987420020874, False
-0.6589382773337515, 5.7671070470393655, -1.7862816749953774, True
-5.0549616093929215, -0.849694769633925, 2.8600157377867914, False
-2.1437515010576966, -2.192316777303314, 1.355348066371401, True
1.1732405063666054, -1.3482468612508285, -1.4424434873027538, False
-0.10229640464333745, 5.613266044738923, -1.375540080094089, False
-1.3941246882488016, 6.226248066646864, -2.2512324734702487, True
-5.549213229539428, -0.5995178729741166, 2.6612864261170994, False
1.4890932264788255, 0.9284909051849715, 1.4588539805520586, False
-3.698166592333532, 6.004095962973771, -0.14723064526447338, False
0.6958361282862429, 1.1156588992696914, 2.2385330817668123, False
-1.4266282404610893, -3.757946940859102, 1.1665106865436563, False
-2.793456066162309, 2.0159268432005, 1.3253888159833318, True
-2.988181089259392, 6.198064993593281, -0.39108149900306843, False
5.986903496719979, 1.9343243892372808, -0.002321316852258004, False
5.363313272978321, -2.1814147415030503, 1.8956612546486218, False
5.672886294280813, -4.4181774092201, 1.2400870180194419, False
-1.3209331478411714, -1.404722337951, 2.6409696962662723, True
4.722152104725531, 5.725697196954812, -0.9489099885717796, True
-4.949646092158806, -0.39755275025281556, 1.476434240869188, False
-4.658907676093683, 1.930291681823725, -0.12385333782679231, False
1.1818060162046056, -2.364556223171029, 0.23615358060981118, True
2.932461442431574, 0.9716363728874917, -2.122382374678048, False
-0.6375712573643666, -0.12429727883404329, 0.9023209669966175, True
0.0869321782212884, -0.9681778334058837, -2.6207633861727038, False
4.528364708922748, -4.845728944420487, 0.8193907227491359, False
-1.4301966828726904, 3.007650936308483, -2.7281204372469925, False
-1.8771239770795987, 1.8304014866461191, -0.22447633666916555, True
4.041961337663423, 2.4518854318997683, 1.0004691146076663, True
-0.33614414695546646, 5.241118143558468, 1.4700225361373631, False
-1.9147088180840983, 3.8906564691403283, 0.13118275778086597, True
-4.896829885716369, 1.789700654797855, 2.2777475833094094, False
2.2111259788901787, 2.2439971253732036, 1.0500300940380907, False
3.8860261631553072, -1.1321411881618344, 2.8060346186513057, True
-5.7781943614326545, 0.516371004946163, -0.7285711645601638, False
5.847101932342181, -3.184378105108652, -0.5546775554073009, False
1.4019221411351719, 4.556585188628052, 2.8706025650701443, True
-4.620221478216994, -3.385554877690894, -1.6400727035431195, False
-0.7943841259481781, -0.4247447680313696, 1.2885920344115966, True
-4.195814419894129, -2.941520283466952, 3.1130928196787835, True
2.5863903172442555, -4.599571945081813, -1.909619748148481, False
5.583189612339922, -0.8244966786333308, -1.9323797405747776, False
-4.593088517500873, 2.203421034203634, -2.3129477661927664, False
-1.3721494007022166, -2.913692943440956, 0.5545134262187243, False
-1.6212376996870814, 3.1045255921362873, 3.1258974643972346, True
2.1251332593736976, -4.928313481837423, 0.14364211851811737, False
-1.0037158093154694, -1.2220391916086752, 0.09417087787735134, False
-3.6603961542582644, -1.9693894509247922, -0.0830963483047471, False
-5.306968206805865, -1.0149327203571197, 0.9406821983045592, False
-5.097114556340843, -5.254152916960029, 1.1164920674559573, False
1.0136622386897516, 2.986467820845567, -0.9690107004101263, False
-3.0995343237257185, 0.424369097822189, -0.4857372824585897, False
2.6161592618254907, -0.01218082767089701, 0.6367045163565788, False
2.8127202689249167, -2.5400663628806486, 1.975296633107157, True
4.94330071376049, 5.274559447322172, -2.528818959977235, True
-4.3344244205690945, -1.1756376944867828, 1.7976096899245535, False
3.9762707857733517, 2.8995389833093395, -2.626491640360773, True
-1.1103861133873814, 1.4550042318665168, 1.1235626794413873, False
2.867554441028462, 0.10804241981118956, -2.3361558786188334, False
-1.3473799595648916, -6.10363885920267, 1.2444574838542328, True
1.9631974300911548, 2.091721125273166, 0.019724619316423553, False
6.182812265284326, 0.17276932843942472, 3.0011489146158503, True
3.32279087626163, 4.063436257174489, -3.046709176180896, True
0.8535718306544533, 4.671307812393909, -2.643582515238646, False
2.941179118244751, 1.982791257707671, -1.9145504401985325, False
3.6614951587386226, 2.6293936018445017, -2.322695237886731, True
1.6750519940471218, -2.2682494245341367, -0.6765587530413346, True
-2.663111836890913, -0.8367187424586611, 1.6311521355251388, True
-0.06037786840949444, 3.747152221604903, 1.1952352266861102, False
-5.872206403961198, -4.846748413382081, 1.9292288543404252, False
-0.9172918429559269, -5.489470975368068, 2.825685279644958, False
5.556452150703631, -5.556283393866698, 0.5531011025962385, False
-5.169169435738533, 2.1616304414726706, -2.793644115543028, False
-2.460501847517036, 3.9382583252560597, 1.4427569739834674, True
-5.10903554303276, 2.4155978447043918, 2.334942610858416, True
-2.477946269011698, 2.2551671503646578, 2.4028781438142923, True
4.451964134488447, 3.751501300985854, 1.965655048153665, False
-0.46180057083782167, -2.2019056463525253, 2.4767225933152943, False
-4.434529695992105, 2.555246325472469, -2.2257728919501396, False
2.9811637738943517, 0.4510348100742112, 1.1955842517125843, False
5.042631868517869, -3.154913430305774, 1.8792780784760614, False
-5.584246101742744, -4.407583416232989, 1.5584332305944706, False
2.9621547292591064, 2.008992009962647, 1.5910793280299096, False
-0.2412976126805395, -0.6419960536148901, 2.640018618534687, False
4.666709278584214, -1.5156761136173689, 1.8812155163754483, True
-6.016197751685193, 1.3717175686557193, 0.10655799538525557, False
-0.04123684573425823, -0.723825622024834, -2.3033578127375485, False
4.631781753898032, -2.6880470727738666, 1.3776080323725228, False
-1.28700356372799, 5.984448675657466, 0.5488797610414644, True
-0.019651139272757412, -4.074197044861334, 1.3872876798640137, False
5.85828026438158, 2.3541349904038285, -1.057519232434235, False
5.533157445110884, 5.610483100515163, -1.717685772318346, True
2.38624022444524, -1.691683488035964, 0.9447047348818929, False
-2.738103000433336, -6.156851624061585, -1.5035398327009386, True
3.9414777768563667, 0.6904356292329892, 2.408447949932322, True
-3.4106717757842024, 3.3603366520375495, 2.047277100005637, True
-5.866071181146789, -4.217208453323568, 2.0820503715322847, False
0.03595233777645479, -5.2261617666196365, 2.7741830442547677, False
-3.3734266936309556, -1.940765502660878, -1.75264085938214, False
-2.5996449025686172, 3.13225614909266, 0.7328108311225208, True
-3.3217081725695117, -2.939686594254476, -1.9441420344612794, True
0.20223358399288305, 2.145806968725285, -3.0582363062443885, True
-4.688083394634997, 2.7936910675595445, 1.6343276919591867, True
-2.570436980947515, 4.619713673788489, 0.84169347199055, True
1.120402216051895, -0.34791285499826863, -3.119942658997208, True
-1.0356446130037273, -1.2437491206702491, -1.0028560665020176, False
2.29096349274249, 1.095219738722916, -1.0863203168916593, False
-1.6387723409995756, 1.8015579206897687, -0.7484048524572642, False
-1.6841721813028174, 3.287017590174848, 0.25798220376305636, False
5.817988675191119, 5.8503703017203375, -0.3620580476955131, False
4.970790515944625, -6.170664449652249, 1.7520571178895699, True
-0.6242836188175458, -6.074988689758467, 2.3728770327296864, True
5.582358137647246, 4.3870949701054816, 2.6408378806536392, True
5.866212355657176, -1.254337198657983, -2.5139090010256226, False
-4.100072001879219, 1.2549873795682727, 2.4131480184984184, False
-0.7514582223406192, -2.900109184464975, -2.3733591237610137, False
-4.710664929457704, -0.2452781098275043, 2.513920337643772, False
-2.8203340886703137, 5.0231925503471615, -2.7614798904279825, True
3.071729969185732, 6.282570858557635, -0.06403746793068521, False
-3.151487046278708, -4.011650188658878, 2.0759141436325947, True
-6.090453517546836, -3.363222194510241, 3.0188532443700327, True
-1.0071201214190806, -1.5176709949335372, 2.319384373974211, True
5.706646806061553, -3.8977407721375648, 1.0590921840256948, False
-5.411362975203647, 3.9180315132479038, 0.1392538242719441, False
-0.16533402347008241, -4.9351165618614905, -0.06096975688118933, False
2.993009151192057, 1.1764013330372505, 1.9121815831109368, False
-6.217700350937549, -2.010238211894813, 0.1223937764031624, False
5.538931747409938, -4.479353360382253, -1.2451194343475311, False
2.716080285006507, 5.999842385330707, 1.467666727922036, False
-0.4179530328143466, 2.2934501215879415, -0.42155999986900694, False
-2.515330710683104, 0.9320980862670156, -2.9077687477856293, True
2.391126844328209, -3.33536143382648, 2.0972643126804993, True
3.212298666699171, 2.6345642600732635, -2.108801815081214, True
3.53617167789497, 3.00968436458777, -2.079766282349131, True
1.0544163794181731, -5.10407814100998, -2.591316793065216, False
-4.5158599233220595, -3.8589179678905974, -1.3044726516069398, False
3.2834145724614476, -1.9981820930812457, 1.2248669283020543, True
3.4626644348482802, -5.799760982368122, -1.609176102270913, True
-6.212572465531739, 2.202374440267965, 1.2209082567531855, False
-2.325385684662906, -3.0680749058877486, -1.226981229798312, True
0.8255416926375432, 5.163694087187361, 1.461421043197122, False
0.3915775922109681, -3.881768411184921, 2.6094124245171075, False
-4.690450432139487, -0.03544405688012198, -2.734544196049974, False
-4.413315996014821, -0.07814650884013918, -1.1931505614655902, False
2.53348665571586, 2.1891229301399893, -0.9989225842861233, False
-2.601166776648308, -2.1813894182988776, 0.8129153282690349, True
2.6827204254713486, -0.7750249560280871, -0.7585792521393779, False
-2.0940257576864854, 1.833300351908143, -0.34653207903011785, True
1.329199841396095, -1.374481693402882, -0.5076973464783632, False
5.165365670608622, 0.10656842113994447, 2.138158764498079, True
2.5225701705756407, 4.8124749061564565, -0.23821336095433132, False
2.9149846003342343, 0.2894409948350942, 1.862047686318184, False
4.389661492951131, -0.9953823652554821, 2.6026450702750203, True
-1.133079170338446, -1.4694029226563483, -0.451284044163613, False
1.546091869059401, 3.0254808090843532, 0.7684834522143396, False
-0.8402318371276243, 4.580797120340698, -0.8634720427926159, False
-1.9163344146249157, 4.712695686984276, 0.05136033013877661, True
-3.758075544609094, 4.624529401584002, -2.7037478794875462, True
-0.8449144408644464, -5.217787056410888, 1.904822927205899, False
-5.737333116412291, -4.537012400538593, -0.4049120248745597, False
3.489303321143817, -1.0522571270953458, -0.21255326705660726, True
2.5376164118845406, -6.176639512479509, -2.0845319651437775, False
4.0465830934267135, -2.132227507380935, 0.8919200381981369, True
5.175659972132106, -0.4135639634371646, -0.44122858792599917, True
1.8204887754485934, 4.706505412328182, -1.835731781104283, False
-3.2836550607092803, 1.886841759910892, 1.4809630652782486, False
0.48979376843549804, -6.035044459646126, 2.687151702457105, False
1.1583989950824378, 1.7758727546316297, -2.9773256445433556, True
-5.079872705282602, 3.9818224140230196, 1.2048457816223284, True
0.515393970934352, -3.0350607915798524, 0.573892361612065, False
-4.086406639564103, 2.594095499589228, 1.0923539873940884, False
-5.058594682226958, 5.690647642704249, 2.4097712054253257, False
-1.9798042488113854, -4.4529089317469435, 0.9713348410964198, True
-0.4283777228489498, -5.149478645439207, -2.834115791952201, False
0.4686567765649503, 2.6146824874962107, -2.0562721736650955, False
1.4873927895728043, 1.253096447553805, -3.0715880144145107, True
1.2462183874044408, -1.6876346257629269, 0.02495238566257374, False
3.3725679132546453, 3.9113028736237094, 0.14796574557373932, True
2.7448408158251603, 4.875505682527383, -1.5856704983151426, False
-1.1534235405235105, 1.995306117557675, 2.6738334692202512, False
-3.6493049323862308, 1.7673984600403276, -1.205328810649753, False
-4.397422360158448, 1.6371846866913033, -0.28983339455894175, False
1.5067829031264717, -2.1342255570716366, 2.1751931018100894, False
-3.8311312537532367, 0.7686180503346343, 0.19358365450264214, False
-0.34525057449696916, -3.3366517094726915, 3.065499083002268, True
-0.6363506673689878, -3.0584145975748145, -1.601542002111629, False
3.873711995002953, 2.745334449127803, 1.1355209931118937, True
5.054710888139407, 2.9213431066894078, 2.679925810352276, False
-5.453073482769427, -4.556991097437339, 2.355002403684229, False
1.9016791910307802, -0.9871415177367844, -0.5506413753809332, False
1.042834045264244, 2.192758008705807, -2.6447694022824835, False
-3.0499146482742896, -2.4574497234803983, 2.2764234223161903, True
-3.499528667512143, -4.379327616075571, 1.4527168735672698, False
-1.5706926934355714, 1.683659121576266, 0.8640995744124238, False
1.8899498770992214, 2.590484964805322, 2.8421686865912124, True
-4.451884069681652, 3.4114807365936386, 3.106274312691088, True
1.4343339896668184, 5.203436502738599, -2.2677001621987602, False
2.8772782827182226, 5.985463100674227, 0.2751576118311925, False
-6.178033930669227, 0.7831865495664596, -1.0782832341320985, False
-2.4362179011921574, 5.179196487354126, -0.5416715721979091, True
-6.280451526887445, -2.9515411610721776, 2.5856063092518458, False
-2.297641658507107, -2.901710189703332, 0.41380901525446667, True
-0.8712342527537453, 5.155518701056392, 0.15307640919746168, False
-0.6339729485634686, -3.7380274706966206, -2.655134371673404, False
5.705867001506395, -2.563224746082103, -2.1430308007340186, False
-2.5160430257767996, -0.9167182979354962, -0.9112146208371712, True
-0.06368094406706959, 0.9525572704196588, -0.5355316534757657, False
-5.911298406865662, -4.978437092939723, -2.864919526748046, False
3.1660512547059927, -4.613443030008996, 0.37980136789354324, False
5.345232507977359, -1.7393204639195243, 0.9626376973599395, False
4.347945053746754, 5.878047504332738, -3.0299663255203098, True
5.981765416979689, 2.836018189821438, 2.8597572317069897, True
-3.8929614373618846, 4.1751904223284, -1.2020438371964925, True
3.2086570586778844, -4.17710301161245, -0.7351249849112547, True
5.64492467278596, -6.250669034623062, -3.074047339453062, True
-1.5678925975418867, 0.38740300776587766, -1.5372140266349947, True
-4.221696849059576, 4.296276187655925, -1.5180794891039644, False
-2.8428869954722766, 4.577677933555094, -1.642961755801571, True
1.4801152010542227, 4.073567550457236, 0.42776006743322315, True
-5.384829170035432, 2.590144828559165, 2.958972746784964, True
-5.32065558486708, -1.0240694275818045, -2.5812845516747913, False
2.1480753123456324, -6.030930753202146, -0.8305408524242033, False
6.184488942304089, 1.1122159747827807, -2.6708363057555498, False
-5.890867670954374, -5.931322166210147, 2.6479215758407237, False
1.3004199902702052, 2.222220914945165, -1.8085217479686213, False
-2.0698876016935905, -0.5985129266241191, -1.183067309888434, True
1.0099496809944126, -0.6848774091982941, 1.3372528321464072, False
-0.7750039020319575, -5.834870282696631, -2.9593226071820498, True
-1.5114967829862156, -4.6919428861745756, -2.762978821440147, False
2.471749225436973, -0.24013650671861608, -0.6536327739152861, False
2.488399101758425, -5.158475453909522, -1.2367073048364503, False
2.21043184801462, 3.163192463024224, 1.4285220026311043, True
-3.3927138250287356, 3.712413110766809, 2.1589935160648244, True
4.648342105675759, 1.8493573032824422, 1.0858082007136494, False
-1.5435442243198763, -3.1424011321663916, -1.2961191860673797, False
-0.0008204220080658686, 6.1909563811891655, 1.7209225531069219, False
4.461767408739096, -5.280396178557249, -2.3335312999480453, True
-1.0902315207587527, 4.45722951007631, -2.5016236791474764, False
2.957681584410336, 3.9115131909147447, -0.3059195445741567, True
-1.268837870770465, -0.615319325818839, 2.653727442545873, True
-2.3830791640443394, -5.7259016505796785, 0.1019374344702717, True
4.951756306014904, -5.503640335175018, 2.4313332727393737, True
-5.007970770444375, 5.01643711582169, 2.2106951107136297, False
-1.5405892594254924, 5.307352619851679, 0.6382205118082092, True
-3.6156274206406485, -3.9063583804644604, -1.1234737108451172, True
0.3674401292961438, 5.581760950835806, -2.547763571365718, False
-5.5597933695583786, 3.450987011292579, 1.7515475259841393, False
-2.1445275954405423, 1.0780005130045174, 1.31215112304971, True
1.4917077143795021, 4.3149532914081785, -0.824140826201361, False
5.313342359942634, 3.272034708264073, 0.4602401520620756, False
5.492039766226327, 4.827812552265897, -2.6926123849522825, False
-5.048283954779569, -3.726709137106067, -2.1911949683715353, False
0.10334526366657037, -1.4675492378764403, -1.360275685650529, False
-4.50580362641479, -2.2624019478878976, -2.4229993222873882, True
-0.6357996308971297, -1.581426236754706, -0.21119185444187005, False
5.449075961825743, 5.448768375123084, 0.1168052446828205, False
2.9959968857403503, -3.443299604048072, 0.8072184891289198, True
-0.7207980785049379, 2.555095641088606, 0.30607068398570547, False
5.888290912997638, 0.5181394223200018, 2.2887305829117963, False
-0.39014044632895306, -6.125761083167715, -3.0158938344269144, True
1.5442951082659508, -1.7409803343551928, 1.5824947012408508, False
-1.2091416127503711, 2.294828659555515, -1.252579630936999, False
3.944652898298287, 5.357555635682326, -1.5584867301803067, True
-1.0876370955302805, -2.281898748432912, 0.43076339461653035, False
3.184090170252979, 5.805251340546613, -1.2071959959882095, False
4.584379192906379, -3.170579153314973, 0.9485646257307376, False
1.4264421620992325, -2.4368241777867854, 2.869454576117074, True
5.433191232568806, 0.455723065701088, -1.126338728983018, True
2.617203222680226, -2.0048657311776976, -0.28923893563540215, False
-4.697692120672576, 1.261649710758448, -0.766588818101412, False
2.534514852929604, 2.6696606040560287, -2.3487653553131183, True
2.3601148037123583, -5.85708219236597, 2.586841044574925, False
-1.8367219778309432, 4.568358763352132, 0.5104200060361128, False
-5.750163815915781, 1.8139250989251892, 2.2958120538982243, False
-0.4222304027604169, 2.1574263941103684, -2.643555100736098, False
-3.656176361489368, 1.6867017302826932, -1.6067168746304892, False
2.524940949554482, -4.2440423538787355, -1.7870137964069457, False
1.8478649158544815, -1.3756045026930392, -2.885269007819593, True
-5.9948058900436205, 4.074254220972183, -1.9445305296142563, False
-3.0765668697035293, 0.12056594188306313, -0.44771085784100295, False
-0.6542313339462327, -5.351553651511417, 0.5434053156401033, False
-0.24169369633003512, 5.723179786263206, -0.07790297367123422, False
-4.932650599100455, 6.095235034886489, -0.9378855202362213, False
-2.9725658774277965, 5.905935285754781, -1.6772372832468845, False
-0.05155408103741177, -6.25827200208167, -2.3427260902499696, False
1.8433816564880807, -1.9289314999328822, -2.5359882893127708, True
2.7384705619438456, -6.065062586951664, 0.9289461030660817, False
3.555484343513429, 1.772474766433902, 2.579630528020089, True
-4.868973415690456, -2.779853069841816, -1.5257604932132571, True
-2.4875445948091888, 1.606732163504832, -1.994467864678897, True
0.5112393286748391, 3.75887642275662, 0.023344758998211645, False
-1.301393117004089, -1.9732077548979632, -2.9180884374453284, True
0.47388665504962546, -2.8626028333486313, -0.6825235065078923, False
2.748958159850865, 0.8331867795153514, 0.07760875872195383, False
-5.789030847335043, 1.5525564573803088, 0.07155079901939132, False
2.0789955156461932, 3.550783436127439, 0.9483321967629577, True
-4.052192127435746, 1.576523997355805, -2.6922234956198374, False
-4.108144046538972, 0.19719130982323296, 0.9857334695102455, False
-4.431801854478892, -0.6746424584833939, -1.9043577954934736, False
-2.890986340110551, -4.260421052625197, 0.48443752797234296, True
4.359425454460359, -4.142108799381401, 0.8895735215442118, True
-5.505072453587553, 0.3550103753065388, 2.0299024102679386, False
5.1527284814471965, 3.382339312698587, -2.7418653091834573, False
4.468153821850867, 2.87083588017531, -2.9378788912564335, True
-3.459418218926818, 2.6981817167747213, -2.542777367035776, True
3.8018236562863787, -0.1905684025978598, -0.6981155469976188, True
-4.805111705745444, 4.347225586055982, 2.1280415919407467, False
0.35184845834754697, 3.3470023653868477, -1.7460784756411702, False
6.16096622338147, 0.08234023509382826, -1.6883179969414552, False
1.5281359704412543, -2.6708967685655023, 2.042050258859467, True
-2.117533120722338, 5.59797048884961, 0.26687822275035256, True
-4.550065836450756, -0.8780265533989411, 0.06678838844645041, False
3.3784957487574143, 3.504691934797089, 2.339628120573728, True
2.6647958906164604, -2.3749891450874423, 2.5130390351392915, True
-0.250897842383516, 0.9891918031112272, -0.8837609693229114, False
-0.9722695739112925, 5.897351568375127, 0.9144974642112214, True
-1.9284422339086467, -3.9526963868554934, -1.130159679162836, True
-1.6767620521912576, -4.945521649846287, 0.7370748488402143, False
0.1771299892068514, 0.8545341421584034, -0.7055266485146627, False
-1.6886594587993908, 3.5051725036477457, -2.3099492374674035, False
-3.0775116070992166, 6.116163544970048, -2.943143308114995, True
1.9940643447591988, -5.987378419027173, -2.7945360597502176, False
-0.9083324026816788, 0.02680530105542367, 2.6631458198423044, True
3.9628891681676564, -5.018152197261633, 1.4559154075260325, True
-0.8453444877854803, -3.907727904078663, -0.6033919403954582, False
-1.4385691339807565, 0.5930007576089773, 1.0452809628685884, True
-2.7371577594315, 0.3550644065284736, 0.2047430291220924, True
2.645667489200756, -0.15666044938988577, -0.38444814708305497, False
-6.134987554175686, -0.8630628477780169, 2.711974499895441, False
-3.064766946454803, -0.16367391304404055, -1.8973997828166487, False
2.923932668974759, -5.577358708014056, -3.1092631654034197, True
-4.085233813205933, 6.250072491162459, 0.4455783324734628, False
-5.491170961545777, -4.5167785366445194, -0.9900000350836096, False
2.601843475524147, -2.52422192746684, 2.842655709816577, True
-4.882072784583138, -2.0519639363071827, 2.9275611471067142, True
-3.529498885635099, 0.9802256275970649, -0.9169058875071427, False
5.152805654173637, -2.754124224477091, 2.0040720603033915, False
-0.5979860089770117, 3.157195220321535, -1.4542684151700953, False
-3.915031907313997, -2.2146255988023498, -2.784714467245549, True
2.026791194473695, 2.2120512213387595, -2.4509680779769676, False
4.200378625895622, -3.665699710797724, -2.196910397475151, True
5.919679447542604, 0.47498341549256473, 2.2769880449705404, False
-5.325255308450649, 1.1230275655225466, -1.593418212737521, False
1.917322118928336, 2.6613774417097797, 1.3458551321475882, False
-3.613983492848008, 6.043005435978802, -0.9840020007590651, False
0.002762655666831648, -3.1190097927614917, -0.07462873095717759, False
3.956328164709321, 1.467860983281569, -2.4751127343987362, True
-1.594767338127225, 0.8876941334361286, 2.866869327343654, True
-4.132870460755951, 2.600645450643748, 0.11755911657653906, False
4.404061955350992, -1.980798105213891, -0.4781823346203158, True
5.480328007722072, 3.4632011984557263, 0.8005961867684444, False
-4.155437115004814, -6.0318092645515495, 0.17854069315831378, False
2.8335718632105262, -1.6990011275086792, 1.68800148192547, False
-1.5421629354482285, 0.11421567282915834, 0.8537063661951669, True
-4.377559463044048, 2.3135983835798815, 2.008314046375694, False
5.505806380611752, 1.7305636677567513, -1.2768159571211342, False
-6.182277696736545, 1.3336127881490825, -3.016806982683428, True
-4.123075634302596, 1.7012109061896252, -1.410241265331118, False
6.007011205908217, -5.41140507182368, -0.20801988327312726, False
0.19689771666976252, 0.18217470168843075, -2.6501106729703903, False
-3.453494449675215, -5.2915494568171555, 0.5955661546961335, False
5.49390614490523, -1.11317966042931, 1.3478083042602833, False
2.6464305661156384, -2.0888768730385143, 0.31756007220078386, False
2.209018177877331, 2.5221840123471964, 1.579370812040577, False
-2.8632363738026543, 3.694732264888401, -1.7057041833688897, True
-4.635264509659376, 4.301613520234849, 1.2336849943646522, False
1.2061541533873728, 2.123644731079935, -0.3980093708704078, False
6.241356883162512, 4.675996724459383, 0.9626648641360731, False
-1.9262072443595581, -3.913204279096546, 1.8241012195971322, True
3.628125749981212, -4.911924096597103, -2.783203424535847, True
5.479804170175509, 2.4395206970958085, 2.4356045820527426, False
-0.3104539228318517, -1.1690518533394592, -0.6023168240337817, False
1.819788690081726, -0.912918039082701, -0.34873408659232696, False
5.1317305798379635, -0.4152806601984844, 1.547129487393537, True
6.04234491414859, -5.691832419498382, -3.0413414044906926, True
1.0611549543760548, 0.009885631788971061, 1.2478219906442147, False
0.1500075112854118, 5.416043457134519, -0.31204856701588835, False
4.493627152506614, -1.126715807884258, -1.7513828542701724, True
3.057542518537675, 2.4035214021620277, -2.7605699417714518, True
-4.445111558348254, 1.8801467277286665, 2.7549249076978715, False
2.275725424356276, -4.819623153153625, -1.8968673938105096, False
-4.174070298478914, -2.963143668969572, -1.913530011272275, True
2.0241420983713354, 4.230543629244792, 2.4430957512868066, True
-0.014635163008222207, 1.95305395541644, -0.27415421127447637, False
-4.094249700009236, 3.832953485537727, 0.1594141339926578, True
-6.17689616591184, 1.7480201009965022, -1.5027629241196385, False
1.1709626001964875, 0.7196517615533891, -2.224377179314681, False
-4.790467475352804, 3.8274666489906064, 2.207584604057492, True
3.6757326655617124, 5.219474800164184, -0.1273774666402585, True
4.086252482642882, -3.3976782323959585, 0.5670113078269443, True
-2.0770396719658413, 3.5101695259996504, 1.5094539412090429, True
-3.533191295110546, 0.9780745027827011, -1.4646571147074012, False
3.5776242516799908, 5.511544267842993, -0.43494945304876653, True
1.1283268232142953, 0.38084542347275097, -2.0975034659608482, False
1.690753716907337, 5.456049029394729, -0.9809082769425577, False
6.0100407211834845, 0.07920299072453574, 0.26336554599157314, False
-2.908950783846872, 3.129265808751251, 0.867731228975015, True
2.59485867626886, 3.8094329450404167, -1.3511560735313708, True
-1.3832071800276946, 6.181862929539204, -1.4453908455502864, True
-5.040987890138271, -5.7826321647518535, 0.5224880498988256, False
2.228717586094783, 5.582831711021933, 2.618870871754675, False
-2.7111006408256175, -5.400442534624547, -1.8938717306783255, True
1.5333780512228463, -0.29331123161329575, -3.133109788701142, True
-1.2095266783464043, 0.7873701288523218, 3.137527621449835, True
